1,-0.494,-0.969,
2,-0.405,-0.777,
3,0.031,-1.334,
4,-0.805,-0.081,
5,-0.003,-0.016,
6,-0.544,-0.045,
7,0.054,-0.341,
8,-0.154,-1.356,
9,0.367,0.025,
10,-0.947,0.02,
11,0.051,-0.721,
12,0.34,-0.781,
13,0.303,0.127,
14,-0.541,-0.249,
15,-0.992,-0.235,
16,0.057,-0.311,
17,-0.655,-1.208,
18,-0.051,-0.586,
19,0.618,-0.334,
20,-0.084,-0.37,
21,-0.075,-0.702,
22,-0.222,-0.29,
23,-0.449,-0.989,
24,0.362,-1.329,
25,-0.053,-0.701,
26,-0.825,-1.039,
27,-0.357,-0.662,
28,0.717,-0.628,
29,0.099,-0.03,
30,1.352,-0.345,
31,-0.37,-0.624,
32,0.763,-0.868,
33,-1.114,-1.208,
34,-0.332,-1.321,
35,-0.191,-0.511,
36,0.025,-0.177,
37,0.368,0.094,
38,0.497,-0.844,
39,-0.489,-0.467,
40,0.267,-1.159,
41,0.464,-0.028,
42,0.141,0.511,
43,0.037,0.078,
44,-0.382,-0.545,
45,-0.27,-0.392,
46,-0.815,-0.284,
47,-0.474,-0.404,
48,-0.042,-0.386,
49,-0.004,-1.06,
50,-0.154,-0.646,
51,-0.317,-0.958,
52,-0.555,-0.219,
53,-0.284,0.175,
54,-0.74,-0.275,
55,-1.018,-1.043,
56,-0.416,-0.214,
57,-0.543,-0.498,
58,-0.81,-0.25,
59,-0.154,-1.033,
60,-0.087,-0.489,
61,-0.708,-0.303,
62,0.394,-0.595,
63,0.386,0.046,
64,-0.786,-0.857,
65,0.336,-0.445,
66,0.6,-0.264,
67,-0.613,0.068,
68,-0.026,-0.56,
69,-0.053,-0.262,
70,0.418,-0.585,
71,0.137,-0.818,
72,0.143,-0.776,
73,0.252,-0.233,
74,0.731,-0.324,
75,0.698,-0.236,
76,-0.21,-0.883,
77,-0.101,0.382,
78,-0.149,0.526,
79,-0.17,-0.223,
80,0.73,-0.424,
81,-1.315,-0.768,
82,-0.283,0.157,
83,0.011,-0.338,
84,-0.239,-0.501,
85,0.382,-0.629,
86,0.302,-0.176,
87,-0.229,-0.831,
88,0.34,-0.017,
89,-0.811,-0.986,
90,-0.3,-0.145,
91,-0.943,-0.717,
92,-0.603,-0.301,
93,0.362,0.474,
94,-0.802,1.063,
95,0.525,-0.795,
96,-0.202,-0.752,
97,-0.796,-0.537,
98,-0.783,-1.477,
99,0.118,-0.984,
100,0.08,-1.553,
101,-0.036,-0.414,
102,-0.443,-1.029,
103,-0.006,-1.311,
104,-0.331,-0.697,
105,-1.43,-0.586,
106,0.317,-0.399,
107,-0.129,-0.018,
108,-0.196,-0.62,
109,0.193,-1.414,
110,-0.25,-1.161,
111,-0.197,0.084,
112,-0.131,-0.626,
113,0.098,-0.694,
114,-0.114,-0.663,
115,-0.478,-1.716,
116,0.141,-0.891,
117,0.719,-0.621,
118,0.39,-0.464,
119,0.461,-0.892,
120,-0.034,-0.236,
121,-0.232,-0.382,
122,0.148,-0.304,
123,-0.393,-1.162,
124,-0.666,-1.018,
125,-0.349,-0.582,
126,0.231,-0.398,
127,0.491,-1.204,
128,0.022,-0.212,
129,-0.197,-0.448,
130,-0.415,-0.134,
131,0.219,0.175,
132,-0.301,0.66,
133,-0.385,-0.791,
134,0.214,-0.177,
135,-1.156,-0.942,
136,-0.179,-0.586,
137,0.842,-0.007,
138,-0.447,-0.46,
139,-0.519,-0.854,
140,-0.73,-0.884,
141,-0.679,-0.512,
142,0.562,-1.182,
143,-0.168,-0.003,
144,-0.22,-0.813,
145,-0.581,-0.54,
146,0.307,0.043,
147,-0.222,-0.441,
148,-0.936,-0.254,
149,-0.442,-1.633,
150,-0.807,-2.144,
151,-0.073,-0.083,
152,-1.237,-0.597,
153,0.126,-0.545,
154,-0.708,-0.12,
155,-0.701,-0.883,
156,0.194,-0.012,
157,-0.175,-0.518,
158,0.013,-0.325,
159,-0.277,-0.284,
160,-1.048,-0.391,
161,-0.181,-0.25,
162,0.143,-0.138,
163,0.487,-1.047,
