1,-0.704,-0.603,
2,-0.452,-0.211,
3,0.49,-0.739,
4,-0.537,0.378,
5,-0.039,-0.179,
6,-0.053,0.207,
7,0.324,-0.278,
8,-0.182,-0.849,
9,1.597,0.31,
10,-0.394,-0.006,
11,-0.158,-0.594,
12,0.453,-0.173,
13,0.156,0.306,
14,-0.133,-0.062,
15,-0.703,0.184,
16,0.492,-0.006,
17,-0.214,-0.636,
18,0.079,0.096,
19,0,0.262,
20,-0.096,0.012,
21,0.043,-0.134,
22,0.031,0.136,
23,-0.105,-0.931,
24,-0.058,-0.693,
25,0.281,-0.673,
26,-1.102,-1.088,
27,-0.733,-0.377,
28,0.748,-0.296,
29,0.073,0.52,
30,0.995,-0.018,
31,-0.295,-0.658,
32,0.61,-0.445,
33,-0.935,-0.575,
34,0.113,-1.088,
35,-0.228,-0.144,
36,0.412,0.192,
37,0.744,0.509,
38,0.61,-0.45,
39,0.016,-0.272,
40,0.593,-0.499,
41,0.51,0.5,
42,0.164,0.517,
43,0.337,0.459,
44,-0.149,-0.559,
45,-0.283,-0.052,
46,-0.562,-0.002,
47,-0.07,0.381,
48,-0.38,-0.415,
49,0.171,-0.619,
50,0.454,0.108,
51,-0.488,-0.843,
52,-0.555,0.363,
53,-0.397,0.981,
54,-0.792,-0.124,
55,-0.587,-0.219,
56,-0.501,0.206,
57,-0.278,-0.062,
58,-0.962,0.026,
59,0.075,-0.588,
60,0.013,-0.065,
61,-0.751,-0.102,
62,0.393,-0.324,
63,0.723,0.75,
64,-0.212,0.195,
65,0.246,0.056,
66,0.737,0.018,
67,0.496,0.727,
68,0.209,-0.314,
69,0.201,-0.141,
70,0.75,-0.495,
71,0.622,-0.564,
72,0.152,-0.741,
73,1.008,0.194,
74,1.093,-0.037,
75,0.435,0.453,
76,0.213,-0.968,
77,0.123,1.462,
78,0.244,0.564,
79,0.491,0.464,
80,0.337,0.46,
81,-1.084,-0.736,
82,-0.158,0.586,
83,0.116,0.03,
84,0.109,-0.086,
85,0.238,-0.225,
86,0.691,-0.387,
87,-0.035,-0.414,
88,0.314,0.273,
89,-1.242,-0.276,
90,-0.447,0.578,
91,-0.334,-0.222,
92,-0.299,0.061,
93,0.969,1.051,
94,-0.67,1.538,
95,0.862,-0.417,
96,0.036,-0.533,
97,-0.65,-0.297,
98,-0.245,-1.187,
99,0.523,-0.393,
100,0.388,-1.103,
101,-0.07,-0.313,
102,-0.372,-0.636,
103,0.276,-1.419,
104,0.34,-0.594,
105,-1.265,0.531,
106,0.327,-0.778,
107,-0.254,-0.282,
108,0.396,-0.458,
109,0.28,-1.225,
110,-0.752,-1.79,
111,0.041,0.062,
112,0.885,-0.076,
113,0.241,-0.203,
114,-0.015,-0.105,
115,-0.267,-0.447,
116,0.029,-0.359,
117,1.321,-0.448,
118,0.267,-0.074,
119,0.366,-0.317,
120,-0.049,0.096,
121,-0.082,-0.105,
122,0.195,-0.029,
123,-0.043,-0.486,
124,-0.818,-0.652,
125,0.099,0.049,
126,0.223,-0.298,
127,0.639,-0.478,
128,-0.241,0.326,
129,0.144,-0.036,
130,-0.344,0.07,
131,0.511,0.065,
132,-0.165,0.743,
133,-0.047,-0.802,
134,-0.152,0.355,
135,-0.76,-0.372,
136,0.029,-0.325,
137,0.915,0.328,
138,-0.184,-0.1,
139,-0.196,0.014,
140,-0.754,-0.396,
141,-0.51,0.3,
142,0.816,-0.771,
143,0.057,-0.104,
144,0.472,-0.829,
145,-0.442,0.271,
146,-0.106,0.062,
147,-0.139,0.044,
148,-1.123,-0.212,
149,-0.089,-0.737,
150,0.326,-1.557,
151,-0.229,0.167,
152,-0.069,-0.582,
153,0.181,-0.074,
154,-0.792,0.277,
155,-0.374,-0.527,
156,0.342,0.444,
157,0.351,-0.03,
158,0.046,-0.069,
159,-0.014,0.311,
160,-0.748,-0.09,
161,-0.038,-0.118,
162,0.566,0.348,
163,0.312,-0.667,
