1,-0.695,-0.721,
2,-0.486,-0.316,
3,0.44,-0.942,
4,-0.662,0.368,
5,-0.034,-0.127,
6,-0.116,0.226,
7,0.307,-0.288,
8,-0.228,-0.99,
9,1.495,0.414,
10,-0.519,0.027,
11,-0.127,-0.693,
12,0.449,-0.292,
13,0.207,0.363,
14,-0.236,-0.017,
15,-0.852,0.166,
16,0.428,0.037,
17,-0.279,-0.836,
18,0.083,-0.044,
19,0.225,0.156,
20,-0.085,-0.039,
21,0.033,-0.247,
22,-0.018,0.11,
23,-0.218,-0.956,
24,0.043,-0.877,
25,0.233,-0.715,
26,-1.208,-1.21,
27,-0.729,-0.454,
28,0.878,-0.4,
29,0.112,0.477,
30,1.127,-0.135,
31,-0.346,-0.722,
32,0.725,-0.539,
33,-1.09,-0.766,
34,0.065,-1.205,
35,-0.236,-0.249,
36,0.384,0.125,
37,0.759,0.552,
38,0.718,-0.548,
39,-0.145,-0.26,
40,0.619,-0.638,
41,0.581,0.428,
42,0.169,0.631,
43,0.291,0.432,
44,-0.253,-0.585,
45,-0.318,-0.104,
46,-0.719,-0.017,
47,-0.135,0.291,
48,-0.372,-0.398,
49,0.183,-0.745,
50,0.394,-0.006,
51,-0.466,-0.923,
52,-0.627,0.293,
53,-0.412,0.971,
54,-0.917,-0.14,
55,-0.734,-0.374,
56,-0.51,0.135,
57,-0.407,-0.119,
58,-1.009,-0.037,
59,0.054,-0.706,
60,0.018,-0.145,
61,-0.819,-0.118,
62,0.432,-0.393,
63,0.746,0.689,
64,-0.344,0,
65,0.289,-0.012,
66,0.825,-0.049,
67,0.341,0.685,
68,0.178,-0.371,
69,0.147,-0.184,
70,0.82,-0.526,
71,0.586,-0.631,
72,0.178,-0.798,
73,0.945,0.146,
74,1.128,-0.073,
75,0.528,0.361,
76,0.165,-1.014,
77,0.1,1.419,
78,0.195,0.594,
79,0.454,0.359,
80,0.508,0.392,
81,-1.326,-0.786,
82,-0.201,0.557,
83,0.105,-0.03,
84,0.016,-0.151,
85,0.371,-0.323,
86,0.712,-0.366,
87,-0.073,-0.49,
88,0.372,0.256,
89,-1.279,-0.491,
90,-0.432,0.542,
91,-0.498,-0.393,
92,-0.408,0.053,
93,1.015,1.039,
94,-0.758,1.659,
95,0.915,-0.511,
96,-0.017,-0.58,
97,-0.761,-0.337,
98,-0.352,-1.312,
99,0.519,-0.558,
100,0.404,-1.258,
101,-0.022,-0.357,
102,-0.425,-0.786,
103,0.278,-1.549,
104,0.249,-0.678,
105,-1.512,0.358,
106,0.437,-0.686,
107,-0.24,-0.231,
108,0.309,-0.456,
109,0.341,-1.351,
110,-0.722,-1.809,
111,0.014,0.135,
112,0.782,-0.158,
113,0.25,-0.335,
114,-0.02,-0.21,
115,-0.318,-0.786,
116,0.109,-0.472,
117,1.314,-0.482,
118,0.361,-0.121,
119,0.424,-0.472,
120,-0.017,0.102,
121,-0.096,-0.099,
122,0.192,-0.078,
123,-0.094,-0.64,
124,-0.914,-0.809,
125,0.014,-0.025,
126,0.245,-0.31,
127,0.714,-0.662,
128,-0.177,0.243,
129,0.062,-0.107,
130,-0.408,0.05,
131,0.53,0.079,
132,-0.179,0.828,
133,-0.087,-0.839,
134,-0.028,0.288,
135,-0.921,-0.511,
136,0.011,-0.375,
137,1.069,0.306,
138,-0.253,-0.172,
139,-0.24,-0.136,
140,-0.822,-0.506,
141,-0.545,0.196,
142,0.91,-0.907,
143,0.015,-0.056,
144,0.34,-0.854,
145,-0.497,0.165,
146,-0.003,0.075,
147,-0.156,-0.041,
148,-1.16,-0.184,
149,-0.147,-0.958,
150,0.193,-1.795,
151,-0.251,0.141,
152,-0.33,-0.64,
153,0.214,-0.134,
154,-0.829,0.261,
155,-0.499,-0.62,
156,0.383,0.379,
157,0.308,-0.127,
158,0.074,-0.144,
159,-0.063,0.229,
160,-0.895,-0.169,
161,-0.064,-0.125,
162,0.546,0.269,
163,0.35,-0.782,
