1,-0.433,-0.321,
2,-0.311,-0.028,
3,0.532,-0.252,
4,-0.211,0.233,
5,-0.05,-0.279,
6,0.031,0.087,
7,0.289,-0.253,
8,-0.011,-0.536,
9,1.473,-0.048,
10,-0.141,-0.119,
11,-0.198,-0.289,
12,0.434,0.026,
13,0.017,0.074,
14,0.091,-0.321,
15,-0.308,0.129,
16,0.553,-0.215,
17,-0.232,-0.13,
18,0.005,0.354,
19,-0.469,0.429,
20,-0.12,0.072,
21,0.049,0.052,
22,0.116,0.071,
23,0.148,-0.786,
24,-0.261,-0.253,
25,0.36,-0.353,
26,-0.612,-0.684,
27,-0.595,-0.179,
28,0.325,-0.037,
29,-0.062,0.479,
30,0.697,0.256,
31,-0.137,-0.391,
32,0.286,-0.244,
33,-0.466,-0.151,
34,0.144,-0.718,
35,-0.19,0.089,
36,0.395,0.319,
37,0.516,0.226,
38,0.235,-0.235,
39,0.406,-0.347,
40,0.334,-0.235,
41,0.236,0.557,
42,0.148,0.145,
43,0.393,0.389,
44,0.09,-0.434,
45,-0.156,0.025,
46,-0.13,-0.018,
47,0.027,0.432,
48,-0.285,-0.415,
49,0.071,-0.295,
50,0.444,0.253,
51,-0.502,-0.578,
52,-0.281,0.397,
53,-0.301,0.645,
54,-0.29,-0.102,
55,-0.229,0.051,
56,-0.432,0.348,
57,0.068,0.004,
58,-0.709,0.143,
59,0.095,-0.304,
60,-0.034,0.084,
61,-0.5,-0.103,
62,0.281,-0.158,
63,0.509,0.698,
64,0.055,0.481,
65,0.124,0.129,
66,0.384,0.131,
67,0.618,0.64,
68,0.241,-0.189,
69,0.313,-0.039,
70,0.36,-0.403,
71,0.505,-0.286,
72,0.058,-0.522,
73,0.831,0.193,
74,0.866,-0.003,
75,0.215,0.536,
76,0.238,-0.728,
77,0.042,0.916,
78,0.286,0.463,
79,0.372,0.555,
80,-0.1,0.425,
81,-0.382,-0.535,
82,-0.056,0.534,
83,0.138,0.12,
84,0.318,0.111,
85,-0.17,-0.031,
86,0.502,-0.406,
87,0.029,-0.277,
88,0.106,0.23,
89,-0.803,0.175,
90,-0.514,0.477,
91,0.028,0.158,
92,-0.066,0.02,
93,0.632,0.912,
94,-0.399,0.766,
95,0.56,-0.191,
96,0.158,-0.423,
97,-0.359,-0.246,
98,-0.046,-0.8,
99,0.35,-0.052,
100,0.266,-0.694,
101,-0.198,-0.191,
102,-0.214,-0.209,
103,0.169,-0.812,
104,0.419,-0.28,
105,-0.431,0.708,
106,-0.056,-0.97,
107,-0.256,-0.37,
108,0.464,-0.467,
109,0.059,-0.845,
110,-0.647,-1.286,
111,0.051,-0.215,
112,0.845,0.037,
113,0.168,0.087,
114,-0.012,0.067,
115,-0.173,0.295,
116,-0.172,-0.124,
117,1.092,-0.362,
118,0.037,-0.029,
119,0.207,0.017,
120,-0.133,0.006,
121,-0.075,-0.215,
122,0.19,0.054,
123,0.024,-0.143,
124,-0.448,-0.127,
125,0.219,0.066,
126,0.154,-0.272,
127,0.254,-0.1,
128,-0.351,0.415,
129,0.334,0.09,
130,-0.072,0.09,
131,0.35,-0.181,
132,-0.128,0.422,
133,-0.023,-0.641,
134,-0.411,0.39,
135,-0.341,-0.069,
136,0.031,-0.224,
137,0.434,0.181,
138,-0.024,0.048,
139,-0.12,0.229,
140,-0.514,-0.167,
141,-0.444,0.417,
142,0.452,-0.403,
143,0.142,-0.238,
144,0.739,-0.737,
145,-0.277,0.361,
146,-0.31,0.02,
147,-0.106,0.184,
148,-0.842,-0.326,
149,-0.009,-0.255,
150,0.385,-0.909,
151,-0.128,0.191,
152,0.377,-0.385,
153,0.046,-0.038,
154,-0.601,0.215,
155,0.018,-0.311,
156,0.156,0.535,
157,0.292,0.125,
158,-0.07,0.122,
159,0.045,0.396,
160,-0.368,0.097,
161,-0.021,-0.134,
162,0.454,0.446,
163,0.242,-0.376,
