1,-0.16,-0.854,
2,-0.13,-1.122,
3,-0.498,-0.91,
4,-0.273,-0.731,
5,0.034,-0.583,
6,-1.362,-0.823,
7,-0.264,-0.438,
8,0.086,-0.715,
9,-0.603,-1.398,
10,-0.768,-0.118,
11,0.234,-0.449,
12,0.159,-0.838,
13,0.351,-0.531,
14,-0.625,-0.746,
15,-0.363,-0.975,
16,-0.217,-1.113,
17,-0.988,-0.999,
18,-0.231,-0.932,
19,-0.277,-0.647,
20,-0.176,-0.735,
21,-0.259,-1.012,
22,-0.399,-0.829,
23,-0.334,-1.178,
24,0.035,-0.826,
25,-0.558,-0.562,
26,-0.169,-0.223,
27,0.072,-0.803,
28,-0.076,-0.674,
29,-0.086,-0.625,
30,-0.103,-0.208,
31,-0.285,-0.3,
32,-0.119,-1.053,
33,-0.585,-0.944,
34,-0.862,-1.245,
35,-0.063,-0.061,
36,-0.481,-0.469,
37,-0.172,-0.762,
38,-0.305,-0.783,
39,-0.428,-0.891,
40,-0.265,-1.028,
41,0.084,-0.4,
42,0.04,-0.28,
43,-0.159,-0.244,
44,-0.039,-0.474,
45,-0.108,-0.741,
46,-0.367,-0.719,
47,-0.779,-1.132,
48,0.4,-0.621,
49,-0.42,-1.054,
50,-0.657,-1.199,
51,-0.18,-0.869,
52,-0.297,-0.709,
53,0.012,-0.981,
54,-0.156,-0.478,
55,-0.666,-1.471,
56,-0.327,-0.659,
57,-0.259,-0.906,
58,-0.507,-0.333,
59,-0.575,-1.056,
60,-0.287,-0.764,
61,-0.316,-0.569,
62,-0.123,-0.764,
63,-0.194,-0.766,
64,-0.831,-1.164,
65,0.029,-0.957,
66,0.02,-0.172,
67,-1.13,-0.879,
68,-0.214,-0.698,
69,-0.193,-0.215,
70,-0.334,-0.648,
71,-0.353,-0.895,
72,0.022,-0.718,
73,-0.511,-0.672,
74,-0.047,-0.615,
75,-0.006,-0.807,
76,-0.619,-0.668,
77,-0.352,-1.004,
78,-0.536,-0.415,
79,-1.161,-0.691,
80,-0.226,-1.477,
81,-0.077,-0.863,
82,-0.087,-0.473,
83,-0.101,-0.629,
84,-0.331,-0.754,
85,-0.07,-0.716,
86,-0.46,0.045,
87,-0.29,-1.142,
88,0.124,-0.558,
89,-0.295,-0.832,
90,-0.295,-1.025,
91,-0.468,-0.317,
92,-0.306,-1.005,
93,-0.707,-0.332,
94,-0.504,-0.12,
95,-0.207,-1.008,
96,-0.349,-0.94,
97,0.166,-0.636,
98,-0.975,-1.5,
99,-0.377,-0.729,
100,-0.611,-0.775,
101,-0.313,-0.369,
102,-0.233,-1.042,
103,-0.47,-0.606,
104,-0.587,-0.64,
105,-0.543,-1.1,
106,-0.221,-0.478,
107,-0.053,0.089,
108,-0.512,-1.053,
109,-0.304,-0.902,
110,0.158,-0.463,
111,-0.408,-0.312,
112,-1.12,-1.261,
113,-0.243,-0.788,
114,-0.418,-1.061,
115,-0.312,-1.983,
116,-0.196,-1.196,
117,0.043,-0.817,
118,-0.334,-0.883,
119,-0.309,-0.822,
120,-0.261,-0.946,
121,-0.435,-0.815,
122,0.08,-0.501,
123,-0.699,-1.563,
124,0.018,-0.952,
125,-0.458,-1.165,
126,-0.008,-0.86,
127,-0.037,-1.191,
128,-0.384,-0.619,
129,-0.351,-0.8,
130,-0.23,-0.654,
131,-0.204,0.13,
132,-0.572,-0.575,
133,-0.691,-0.731,
134,-0.466,-0.574,
135,-0.701,-1.178,
136,-0.405,-0.834,
137,-0.593,-0.446,
138,-0.582,-0.689,
139,-0.905,-1.269,
140,-0.272,-0.914,
141,-0.734,-1.335,
142,-0.594,-1.187,
143,-0.374,-0.3,
144,-0.669,-0.662,
145,-0.643,-1.183,
146,0.305,-0.143,
147,-0.277,-0.763,
148,-0.85,-0.553,
149,-0.492,-2.039,
150,-1.793,-0.922,
151,0.477,-0.388,
152,-0.863,-0.235,
153,-0.117,-1.001,
154,-0.547,-0.793,
155,-0.665,-0.896,
156,-0.562,-0.465,
157,-0.666,-0.79,
158,-0.182,-0.454,
159,-0.338,-0.819,
160,-0.659,-0.532,
161,-0.332,-0.856,
162,-0.252,-0.448,
163,0.529,-1.113,
