1,-0.327,-0.919,
2,-0.222,-0.997,
3,-0.275,-1.165,
4,-0.567,-0.443,
5,0.013,-0.16,
6,-0.966,-0.434,
7,-0.148,-0.374,
8,-0.033,-1.189,
9,-0.466,-0.694,
10,-1.029,-0.018,
11,0.169,-0.576,
12,0.247,-0.909,
13,0.307,-0.189,
14,-0.62,-0.498,
15,-0.698,-0.645,
16,-0.189,-0.698,
17,-0.874,-1.138,
18,-0.188,-0.841,
19,0.299,-0.568,
20,-0.113,-0.592,
21,-0.16,-0.917,
22,-0.33,-0.576,
23,-0.487,-1.004,
24,0.343,-1.206,
25,-0.321,-0.629,
26,-0.338,-0.556,
27,-0.033,-0.723,
28,0.321,-0.679,
29,0.004,-0.407,
30,0.948,-0.318,
31,-0.304,-0.457,
32,0.351,-0.982,
33,-0.839,-1.155,
34,-0.647,-1.227,
35,-0.112,-0.412,
36,-0.271,-0.348,
37,0.019,-0.354,
38,0.087,-0.861,
39,-0.552,-0.681,
40,-0.069,-1.363,
41,0.275,-0.328,
42,0.083,0.082,
43,-0.106,-0.164,
44,-0.28,-0.453,
45,-0.178,-0.605,
46,-0.607,-0.519,
47,-0.665,-0.897,
48,0.239,-0.432,
49,-0.24,-1.064,
50,-0.53,-1.015,
51,-0.221,-0.86,
52,-0.389,-0.566,
53,-0.106,-0.46,
54,-0.428,-0.364,
55,-0.878,-1.352,
56,-0.321,-0.44,
57,-0.492,-0.735,
58,-0.556,-0.334,
59,-0.363,-1.07,
60,-0.197,-0.662,
61,-0.475,-0.448,
62,0.174,-0.668,
63,-0.033,-0.519,
64,-0.877,-1.174,
65,0.241,-0.758,
66,0.271,-0.274,
67,-1.18,-0.543,
68,-0.153,-0.641,
69,-0.145,-0.249,
70,-0.019,-0.59,
71,-0.196,-0.883,
72,0.07,-0.671,
73,-0.274,-0.459,
74,0.257,-0.473,
75,0.431,-0.62,
76,-0.462,-0.68,
77,-0.236,-0.425,
78,-0.4,0.313,
79,-0.782,-0.569,
80,0.347,-1.047,
81,-0.736,-0.718,
82,-0.209,-0.216,
83,-0.06,-0.521,
84,-0.318,-0.705,
85,0.124,-0.736,
86,-0.156,-0.041,
87,-0.277,-1.015,
88,0.245,-0.307,
89,-0.404,-1.05,
90,-0.205,-0.684,
91,-0.862,-0.577,
92,-0.515,-0.646,
93,-0.303,-0.065,
94,-0.616,0.418,
95,0.058,-0.888,
96,-0.289,-0.831,
97,-0.36,-0.629,
98,-0.942,-1.406,
99,-0.206,-0.941,
100,-0.285,-1.432,
101,-0.147,-0.383,
102,-0.347,-1.002,
103,-0.257,-0.946,
104,-0.621,-0.619,
105,-1.018,-1.106,
106,0.022,-0.385,
107,-0.061,0.085,
108,-0.5,-0.748,
109,-0.076,-1.135,
110,0.115,-0.588,
111,-0.343,-0.052,
112,-0.858,-1.006,
113,-0.089,-0.786,
114,-0.247,-0.901,
115,-0.464,-1.99,
116,0.032,-1.083,
117,0.191,-0.688,
118,0.076,-0.708,
119,0.261,-0.912,
120,-0.11,-0.601,
121,-0.341,-0.636,
122,0.112,-0.427,
123,-0.579,-1.371,
124,-0.288,-1.001,
125,-0.487,-0.95,
126,0.126,-0.51,
127,0.236,-1.284,
128,-0.059,-0.471,
129,-0.305,-0.646,
130,-0.34,-0.337,
131,-0.084,0.228,
132,-0.42,0.063,
133,-0.598,-0.681,
134,-0.034,-0.488,
135,-0.944,-1.091,
136,-0.321,-0.707,
137,0.131,-0.248,
138,-0.504,-0.602,
139,-0.716,-1.236,
140,-0.455,-1.003,
141,-0.74,-0.976,
142,-0.041,-1.219,
143,-0.282,-0.122,
144,-0.507,-0.748,
145,-0.571,-0.998,
146,0.368,-0.026,
147,-0.253,-0.662,
148,-0.724,-0.326,
149,-0.537,-1.886,
150,-1.507,-1.714,
151,0.218,-0.244,
152,-1.308,-0.372,
153,0.002,-0.81,
154,-0.54,-0.506,
155,-0.714,-0.924,
156,-0.21,-0.292,
157,-0.507,-0.712,
158,-0.067,-0.395,
159,-0.386,-0.639,
160,-0.888,-0.463,
161,-0.222,-0.39,
162,-0.183,-0.366,
163,0.536,-1.103,
