1,-0.621,-0.896,
2,-0.491,-0.542,
3,0.275,-1.236,
4,-0.814,0.201,
5,-0.019,-0.046,
6,-0.291,0.166,
7,0.214,-0.312,
8,-0.226,-1.219,
9,1.058,0.398,
10,-0.751,0.034,
11,-0.048,-0.771,
12,0.41,-0.537,
13,0.274,0.324,
14,-0.413,-0.079,
15,-1.024,0.036,
16,0.274,-0.051,
17,-0.451,-1.112,
18,0.045,-0.319,
19,0.556,-0.08,
20,-0.074,-0.18,
21,-0.01,-0.475,
22,-0.117,-0.054,
23,-0.362,-0.979,
24,0.224,-1.165,
25,0.112,-0.733,
26,-1.151,-1.266,
27,-0.604,-0.576,
28,0.923,-0.54,
29,0.139,0.277,
30,1.311,-0.29,
31,-0.39,-0.72,
32,0.839,-0.712,
33,-1.214,-1.067,
34,-0.093,-1.327,
35,-0.232,-0.415,
36,0.252,-0.017,
37,0.631,0.413,
38,0.728,-0.717,
39,-0.359,-0.318,
40,0.51,-0.909,
41,0.576,0.232,
42,0.168,0.691,
43,0.175,0.297,
44,-0.377,-0.595,
45,-0.323,-0.231,
46,-0.868,-0.111,
47,-0.293,0,
48,-0.259,-0.378,
49,0.135,-0.939,
50,0.168,-0.3,
51,-0.402,-0.991,
52,-0.646,0.079,
53,-0.383,0.669,
54,-0.921,-0.199,
55,-0.945,-0.708,
56,-0.485,-0.023,
57,-0.52,-0.289,
58,-0.978,-0.151,
59,-0.022,-0.899,
60,-0.011,-0.314,
61,-0.835,-0.19,
62,0.456,-0.506,
63,0.656,0.444,
64,-0.588,-0.429,
65,0.339,-0.2,
66,0.804,-0.175,
67,-0.085,0.463,
68,0.088,-0.471,
69,0.045,-0.242,
70,0.717,-0.566,
71,0.412,-0.735,
72,0.183,-0.832,
73,0.683,-0.03,
74,1.034,-0.188,
75,0.661,0.102,
76,0.007,-1.004,
77,0.013,1.019,
78,0.05,0.602,
79,0.249,0.101,
80,0.712,0.074,
81,-1.511,-0.813,
82,-0.261,0.412,
83,0.068,-0.172,
84,-0.13,-0.31,
85,0.478,-0.492,
86,0.606,-0.29,
87,-0.155,-0.654,
88,0.387,0.16,
89,-1.133,-0.797,
90,-0.39,0.288,
91,-0.769,-0.644,
92,-0.562,-0.061,
93,0.834,0.854,
94,-0.844,1.498,
95,0.833,-0.671,
96,-0.11,-0.67,
97,-0.876,-0.434,
98,-0.569,-1.458,
99,0.371,-0.832,
100,0.32,-1.474,
101,0.011,-0.409,
102,-0.473,-0.968,
103,0.181,-1.529,
104,-0.013,-0.729,
105,-1.62,-0.066,
106,0.472,-0.523,
107,-0.194,-0.124,
108,0.09,-0.528,
109,0.344,-1.481,
110,-0.545,-1.594,
111,-0.073,0.149,
112,0.425,-0.362,
113,0.212,-0.547,
114,-0.05,-0.431,
115,-0.411,-1.323,
116,0.173,-0.688,
117,1.123,-0.556,
118,0.46,-0.264,
119,0.485,-0.732,
120,-0.002,0.007,
121,-0.148,-0.191,
122,0.176,-0.186,
123,-0.228,-0.919,
124,-0.895,-0.963,
125,-0.172,-0.265,
126,0.258,-0.343,
127,0.66,-0.982,
128,-0.06,0.03,
129,-0.074,-0.267,
130,-0.442,-0.021,
131,0.439,0.122,
132,-0.215,0.843,
133,-0.21,-0.852,
134,0.157,0.089,
135,-1.131,-0.751,
136,-0.064,-0.477,
137,1.146,0.184,
138,-0.367,-0.316,
139,-0.357,-0.475,
140,-0.856,-0.709,
141,-0.613,-0.111,
142,0.883,-1.07,
143,-0.07,0,
144,0.066,-0.852,
145,-0.563,-0.137,
146,0.18,0.077,
147,-0.19,-0.23,
148,-1.113,-0.212,
149,-0.286,-1.33,
150,-0.212,-2.097,
151,-0.222,0.049,
152,-0.837,-0.678,
153,0.203,-0.315,
154,-0.814,0.135,
155,-0.635,-0.773,
156,0.36,0.212,
157,0.105,-0.323,
158,0.063,-0.256,
159,-0.165,0.006,
160,-1.061,-0.296,
161,-0.13,-0.167,
162,0.404,0.082,
163,0.423,-0.944,
