1,-0.268,-0.181,
2,-0.185,0.012,
3,0.507,-0.047,
4,-0.062,0.124,
5,-0.072,-0.265,
6,0.021,0.025,
7,0.214,-0.218,
8,0.068,-0.402,
9,1.036,-0.2,
10,-0.074,-0.126,
11,-0.186,-0.135,
12,0.415,0.026,
13,-0.069,-0.025,
14,0.16,-0.429,
15,-0.137,0.059,
16,0.438,-0.275,
17,-0.29,0.101,
18,-0.104,0.379,
19,-0.51,0.404,
20,-0.114,0.05,
21,0.062,0.079,
22,0.124,0.026,
23,0.151,-0.576,
24,-0.3,-0.046,
25,0.368,-0.174,
26,-0.21,-0.427,
27,-0.383,-0.066,
28,0.136,0.047,
29,-0.159,0.355,
30,0.623,0.325,
31,-0.03,-0.249,
32,0.122,-0.159,
33,-0.218,-0.03,
34,0.096,-0.44,
35,-0.152,0.161,
36,0.33,0.344,
37,0.303,0.089,
38,0.054,-0.158,
39,0.471,-0.364,
40,0.12,-0.176,
41,0.116,0.418,
42,0.141,-0.095,
43,0.364,0.21,
44,0.118,-0.285,
45,-0.091,0.025,
46,0.042,-0.042,
47,0.028,0.284,
48,-0.165,-0.318,
49,-0.023,-0.093,
50,0.29,0.213,
51,-0.473,-0.377,
52,-0.106,0.285,
53,-0.194,0.409,
54,-0.029,-0.073,
55,-0.075,0.062,
56,-0.341,0.422,
57,0.074,0.009,
58,-0.451,0.142,
59,0.104,-0.159,
60,-0.067,0.118,
61,-0.332,-0.121,
62,0.262,-0.065,
63,0.248,0.469,
64,0.109,0.403,
65,0.059,0.081,
66,0.176,0.114,
67,0.362,0.409,
68,0.218,-0.141,
69,0.349,-0.011,
70,0.102,-0.329,
71,0.323,-0.175,
72,0.001,-0.305,
73,0.552,0.206,
74,0.658,0.026,
75,0.115,0.449,
76,0.212,-0.477,
77,-0.029,0.504,
78,0.233,0.409,
79,0.181,0.469,
80,-0.271,0.312,
81,-0.094,-0.333,
82,-0.015,0.389,
83,0.136,0.117,
84,0.371,0.151,
85,-0.408,-0.02,
86,0.309,-0.41,
87,0.048,-0.248,
88,0.02,0.145,
89,-0.415,0.203,
90,-0.424,0.317,
91,0.14,0.255,
92,-0.034,0.023,
93,0.345,0.704,
94,-0.225,0.327,
95,0.282,-0.056,
96,0.201,-0.342,
97,-0.242,-0.274,
98,-0.002,-0.498,
99,0.182,0.012,
100,0.206,-0.453,
101,-0.216,-0.123,
102,-0.147,0.043,
103,0.107,-0.508,
104,0.268,-0.077,
105,-0.088,0.484,
106,-0.271,-1.03,
107,-0.222,-0.353,
108,0.336,-0.348,
109,-0.067,-0.613,
110,-0.415,-0.784,
111,0.005,-0.277,
112,0.547,0.02,
113,0.106,0.167,
114,0.008,0.108,
115,-0.19,0.449,
116,-0.178,-0.05,
117,0.742,-0.266,
118,-0.021,-0.046,
119,0.129,0.115,
120,-0.116,-0.032,
121,-0.087,-0.295,
122,0.184,0.064,
123,0.014,0.019,
124,-0.244,0.097,
125,0.168,-0.016,
126,0.118,-0.241,
127,0.092,-0.009,
128,-0.328,0.403,
129,0.384,0.124,
130,0.039,0.098,
131,0.176,-0.232,
132,-0.086,0.208,
133,-0.081,-0.466,
134,-0.457,0.276,
135,-0.139,0.042,
136,0.005,-0.169,
137,0.211,0.074,
138,0.066,0.085,
139,-0.072,0.193,
140,-0.349,-0.085,
141,-0.439,0.424,
142,0.247,-0.242,
143,0.178,-0.303,
144,0.808,-0.71,
145,-0.139,0.248,
146,-0.329,0.023,
147,-0.099,0.186,
148,-0.509,-0.282,
149,-0.009,-0.108,
150,0.196,-0.565,
151,-0.064,0.205,
152,0.335,-0.231,
153,-0.02,-0.059,
154,-0.388,0.122,
155,0.168,-0.206,
156,-0.013,0.519,
157,0.171,0.083,
158,-0.094,0.202,
159,-0.033,0.301,
160,-0.236,0.188,
161,0.043,-0.176,
162,0.237,0.395,
163,0.231,-0.278,
