1,-0.665,-0.819,
2,-0.5,-0.426,
3,0.368,-1.109,
4,-0.755,0.301,
5,-0.026,-0.082,
6,-0.195,0.213,
7,0.269,-0.3,
8,-0.239,-1.114,
9,1.313,0.446,
10,-0.639,0.035,
11,-0.09,-0.752,
12,0.434,-0.413,
13,0.246,0.368,
14,-0.33,-0.033,
15,-0.961,0.118,
16,0.358,0.021,
17,-0.36,-0.996,
18,0.071,-0.183,
19,0.415,0.041,
20,-0.077,-0.103,
21,0.015,-0.361,
22,-0.067,0.039,
23,-0.301,-0.97,
24,0.138,-1.036,
25,0.177,-0.731,
26,-1.222,-1.272,
27,-0.683,-0.52,
28,0.938,-0.479,
29,0.134,0.392,
30,1.235,-0.227,
31,-0.377,-0.736,
32,0.803,-0.628,
33,-1.184,-0.932,
34,-0.004,-1.284,
35,-0.238,-0.34,
36,0.332,0.057,
37,0.713,0.512,
38,0.759,-0.638,
39,-0.266,-0.275,
40,0.583,-0.775,
41,0.596,0.338,
42,0.171,0.69,
43,0.237,0.377,
44,-0.331,-0.597,
45,-0.33,-0.163,
46,-0.822,-0.053,
47,-0.21,0.161,
48,-0.33,-0.384,
49,0.17,-0.851,
50,0.295,-0.145,
51,-0.437,-0.971,
52,-0.654,0.198,
53,-0.406,0.846,
54,-0.947,-0.167,
55,-0.854,-0.539,
56,-0.504,0.059,
57,-0.481,-0.197,
58,-1.013,-0.097,
59,0.022,-0.81,
60,0.01,-0.229,
61,-0.846,-0.148,
62,0.454,-0.453,
63,0.724,0.587,
64,-0.47,-0.21,
65,0.321,-0.098,
66,0.844,-0.113,
67,0.147,0.598,
68,0.137,-0.423,
69,0.095,-0.218,
70,0.798,-0.55,
71,0.514,-0.686,
72,0.188,-0.827,
73,0.836,0.063,
74,1.109,-0.127,
75,0.605,0.244,
76,0.095,-1.025,
77,0.06,1.251,
78,0.129,0.607,
79,0.373,0.236,
80,0.632,0.261,
81,-1.47,-0.81,
82,-0.235,0.5,
83,0.089,-0.098,
84,-0.063,-0.225,
85,0.451,-0.413,
86,0.683,-0.334,
87,-0.114,-0.57,
88,0.39,0.218,
89,-1.228,-0.665,
90,-0.42,0.445,
91,-0.644,-0.536,
92,-0.497,0.014,
93,0.969,0.973,
94,-0.816,1.616,
95,0.904,-0.595,
96,-0.064,-0.626,
97,-0.838,-0.383,
98,-0.46,-1.402,
99,0.46,-0.706,
100,0.383,-1.383,
101,0.006,-0.389,
102,-0.459,-0.894,
103,0.243,-1.567,
104,0.128,-0.715,
105,-1.613,0.163,
106,0.485,-0.601,
107,-0.22,-0.177,
108,0.209,-0.486,
109,0.362,-1.437,
110,-0.65,-1.731,
111,-0.024,0.153,
112,0.63,-0.253,
113,0.24,-0.45,
114,-0.031,-0.319,
115,-0.367,-1.078,
116,0.156,-0.581,
117,1.247,-0.519,
118,0.427,-0.184,
119,0.465,-0.612,
120,-0.001,0.074,
121,-0.118,-0.128,
122,0.185,-0.13,
123,-0.156,-0.784,
124,-0.938,-0.899,
125,-0.079,-0.135,
126,0.257,-0.324,
127,0.703,-0.831,
128,-0.116,0.141,
129,-0.008,-0.185,
130,-0.433,0.02,
131,0.506,0.097,
132,-0.192,0.858,
133,-0.141,-0.856,
134,0.076,0.199,
135,-1.047,-0.638,
136,-0.02,-0.425,
137,1.149,0.254,
138,-0.315,-0.244,
139,-0.293,-0.299,
140,-0.857,-0.611,
141,-0.579,0.057,
142,0.932,-1.001,
143,-0.027,-0.021,
144,0.204,-0.859,
145,-0.536,0.028,
146,0.094,0.081,
147,-0.173,-0.132,
148,-1.155,-0.195,
149,-0.213,-1.155,
150,0.014,-1.976,
151,-0.249,0.102,
152,-0.59,-0.672,
153,0.219,-0.218,
154,-0.834,0.213,
155,-0.577,-0.701,
156,0.389,0.302,
157,0.217,-0.225,
158,0.075,-0.207,
159,-0.114,0.126,
160,-1.001,-0.237,
161,-0.099,-0.141,
162,0.491,0.181,
163,0.387,-0.872,
