1,-0.414,-0.957,
2,-0.322,-0.89,
3,-0.117,-1.279,
4,-0.711,-0.255,
5,0.005,-0.036,
6,-0.732,-0.221,
7,-0.044,-0.357,
8,-0.098,-1.349,
9,-0.051,-0.3,
10,-1.027,0.005,
11,0.108,-0.657,
12,0.296,-0.873,
13,0.306,-0.019,
14,-0.586,-0.365,
15,-0.873,-0.428,
16,-0.067,-0.491,
17,-0.765,-1.19,
18,-0.118,-0.718,
19,0.503,-0.457,
20,-0.096,-0.479,
21,-0.115,-0.813,
22,-0.276,-0.428,
23,-0.479,-0.988,
24,0.397,-1.337,
25,-0.174,-0.669,
26,-0.583,-0.816,
27,-0.199,-0.694,
28,0.538,-0.658,
29,0.057,-0.214,
30,1.284,-0.342,
31,-0.341,-0.547,
32,0.598,-0.932,
33,-0.993,-1.204,
34,-0.483,-1.28,
35,-0.155,-0.513,
36,-0.117,-0.262,
37,0.199,-0.118,
38,0.31,-0.873,
39,-0.531,-0.567,
40,0.106,-1.271,
41,0.377,-0.18,
42,0.115,0.321,
43,-0.036,-0.045,
44,-0.346,-0.499,
45,-0.227,-0.493,
46,-0.726,-0.397,
47,-0.569,-0.644,
48,0.095,-0.401,
49,-0.113,-1.086,
50,-0.345,-0.833,
51,-0.269,-0.912,
52,-0.478,-0.391,
53,-0.204,-0.13,
54,-0.596,-0.317,
55,-0.972,-1.203,
56,-0.37,-0.323,
57,-0.529,-0.614,
58,-0.687,-0.295,
59,-0.25,-1.068,
60,-0.138,-0.576,
61,-0.6,-0.373,
62,0.306,-0.632,
63,0.181,-0.224,
64,-0.846,-1.036,
65,0.314,-0.592,
66,0.447,-0.279,
67,-0.911,-0.222,
68,-0.089,-0.601,
69,-0.1,-0.259,
70,0.211,-0.587,
71,-0.025,-0.852,
72,0.11,-0.726,
73,-0.011,-0.342,
74,0.51,-0.397,
75,0.614,-0.428,
76,-0.334,-0.787,
77,-0.167,-0.008,
78,-0.27,0.453,
79,-0.464,-0.401,
80,0.588,-0.725,
81,-1.067,-0.734,
82,-0.26,-0.011,
83,-0.024,-0.429,
84,-0.282,-0.604,
85,0.268,-0.688,
86,0.086,-0.11,
87,-0.256,-0.923,
88,0.298,-0.145,
89,-0.605,-1.04,
90,-0.247,-0.409,
91,-0.964,-0.671,
92,-0.574,-0.462,
93,0.039,0.21,
94,-0.722,0.759,
95,0.302,-0.843,
96,-0.246,-0.791,
97,-0.62,-0.585,
98,-0.874,-1.446,
99,-0.04,-0.987,
100,-0.09,-1.54,
101,-0.083,-0.401,
102,-0.401,-1.021,
103,-0.126,-1.143,
104,-0.489,-0.659,
105,-1.248,-0.861,
106,0.182,-0.374,
107,-0.092,0.036,
108,-0.359,-0.67,
109,0.07,-1.296,
110,-0.066,-0.875,
111,-0.27,0.026,
112,-0.486,-0.803,
113,0.011,-0.747,
114,-0.171,-0.782,
115,-0.489,-1.868,
116,0.097,-0.989,
117,0.455,-0.651,
118,0.26,-0.583,
119,0.415,-0.918,
120,-0.065,-0.406,
121,-0.285,-0.504,
122,0.131,-0.367,
123,-0.485,-1.268,
124,-0.49,-1.017,
125,-0.425,-0.763,
126,0.192,-0.435,
127,0.373,-1.261,
128,0.022,-0.341,
129,-0.253,-0.545,
130,-0.383,-0.209,
131,0.072,0.205,
132,-0.356,0.41,
133,-0.49,-0.737,
134,0.131,-0.333,
135,-1.075,-1.021,
136,-0.248,-0.644,
137,0.528,-0.123,
138,-0.477,-0.532,
139,-0.614,-1.054,
140,-0.606,-0.959,
141,-0.711,-0.739,
142,0.289,-1.209,
143,-0.223,-0.044,
144,-0.365,-0.783,
145,-0.576,-0.769,
146,0.346,0.013,
147,-0.238,-0.553,
148,-0.819,-0.28,
149,-0.51,-1.765,
150,-1.163,-2.036,
151,0.058,-0.16,
152,-1.328,-0.495,
153,0.068,-0.675,
154,-0.626,-0.301,
155,-0.713,-0.919,
156,0.022,-0.147,
157,-0.339,-0.617,
158,-0.023,-0.356,
159,-0.336,-0.455,
160,-0.984,-0.429,
161,-0.2,-0.311,
162,-0.021,-0.255,
163,0.514,-1.08,
