1,-0.617,-0.47,
2,-0.396,-0.114,
3,0.521,-0.507,
4,-0.385,0.329,
5,-0.043,-0.234,
6,-0.004,0.159,
7,0.32,-0.267,
8,-0.107,-0.697,
9,1.618,0.15,
10,-0.266,-0.06,
11,-0.182,-0.458,
12,0.448,-0.063,
13,0.093,0.206,
14,-0.023,-0.17,
15,-0.52,0.171,
16,0.541,-0.097,
17,-0.199,-0.399,
18,0.056,0.232,
19,-0.243,0.358,
20,-0.109,0.05,
21,0.047,-0.03,
22,0.077,0.119,
23,0.027,-0.885,
24,-0.162,-0.485,
25,0.324,-0.55,
26,-0.913,-0.916,
27,-0.693,-0.287,
28,0.558,-0.172,
29,0.016,0.523,
30,0.847,0.117,
31,-0.227,-0.545,
32,0.462,-0.347,
33,-0.725,-0.365,
34,0.142,-0.932,
35,-0.213,-0.029,
36,0.416,0.258,
37,0.664,0.394,
38,0.445,-0.344,
39,0.209,-0.304,
40,0.499,-0.362,
41,0.391,0.553,
42,0.156,0.356,
43,0.373,0.452,
44,-0.028,-0.513,
45,-0.227,-0.008,
46,-0.361,-0.003,
47,-0.014,0.435,
48,-0.353,-0.427,
49,0.136,-0.473,
50,0.475,0.197,
51,-0.502,-0.732,
52,-0.44,0.403,
53,-0.362,0.865,
54,-0.578,-0.113,
55,-0.417,-0.072,
56,-0.477,0.275,
57,-0.106,-0.022,
58,-0.867,0.089,
59,0.088,-0.455,
60,-0.005,0.012,
61,-0.646,-0.097,
62,0.34,-0.246,
63,0.66,0.772,
64,-0.075,0.366,
65,0.19,0.106,
66,0.589,0.083,
67,0.612,0.725,
68,0.231,-0.254,
69,0.257,-0.092,
70,0.594,-0.456,
71,0.6,-0.446,
72,0.111,-0.655,
73,0.978,0.204,
74,1.009,-0.017,
75,0.33,0.516,
76,0.237,-0.878,
77,0.102,1.286,
78,0.277,0.52,
79,0.465,0.533,
80,0.131,0.47,
81,-0.761,-0.657,
82,-0.109,0.584,
83,0.128,0.081,
84,0.213,-0.013,
85,0.058,-0.124,
86,0.623,-0.399,
87,-0.001,-0.341,
88,0.222,0.266,
89,-1.093,-0.033,
90,-0.483,0.557,
91,-0.155,-0.033,
92,-0.18,0.046,
93,0.844,1.015,
94,-0.551,1.229,
95,0.746,-0.312,
96,0.095,-0.483,
97,-0.513,-0.264,
98,-0.141,-1.023,
99,0.467,-0.219,
100,0.339,-0.918,
101,-0.133,-0.258,
102,-0.3,-0.444,
103,0.237,-1.164,
104,0.406,-0.461,
105,-0.89,0.679,
106,0.161,-0.874,
107,-0.26,-0.331,
108,0.459,-0.476,
109,0.185,-1.057,
110,-0.738,-1.626,
111,0.055,-0.063,
112,0.928,-0.007,
113,0.214,-0.059,
114,-0.013,-0.011,
115,-0.215,-0.074,
116,-0.072,-0.242,
117,1.272,-0.418,
118,0.154,-0.043,
119,0.293,-0.151,
120,-0.092,0.06,
121,-0.075,-0.145,
122,0.194,0.016,
123,-0.003,-0.321,
124,-0.66,-0.418,
125,0.173,0.08,
126,0.193,-0.288,
127,0.476,-0.287,
128,-0.303,0.383,
129,0.237,0.03,
130,-0.227,0.083,
131,0.454,-0.024,
132,-0.149,0.607,
133,-0.022,-0.742,
134,-0.284,0.394,
135,-0.565,-0.224,
136,0.036,-0.275,
137,0.699,0.284,
138,-0.11,-0.027,
139,-0.158,0.14,
140,-0.652,-0.282,
141,-0.475,0.372,
142,0.659,-0.601,
143,0.099,-0.165,
144,0.605,-0.787,
145,-0.373,0.342,
146,-0.213,0.042,
147,-0.122,0.122,
148,-1.037,-0.275,
149,-0.042,-0.498,
150,0.403,-1.265,
151,-0.187,0.182,
152,0.187,-0.502,
153,0.123,-0.043,
154,-0.721,0.262,
155,-0.196,-0.425,
156,0.269,0.497,
157,0.346,0.063,
158,-0.006,0.02,
159,0.028,0.372,
160,-0.568,-0.002,
161,-0.03,-0.12,
162,0.545,0.412,
163,0.275,-0.529,
