1,-0.563,-0.949,
2,-0.461,-0.66,
3,0.162,-1.319,
4,-0.836,0.072,
5,-0.011,-0.024,
6,-0.406,0.083,
7,0.141,-0.326,
8,-0.197,-1.3,
9,0.737,0.261,
10,-0.855,0.029,
11,-0.001,-0.76,
12,0.379,-0.661,
13,0.292,0.242,
14,-0.484,-0.152,
15,-1.042,-0.08,
16,0.172,-0.162,
17,-0.55,-1.183,
18,0.004,-0.453,
19,0.636,-0.207,
20,-0.076,-0.27,
21,-0.04,-0.589,
22,-0.169,-0.164,
23,-0.413,-0.983,
24,0.299,-1.263,
25,0.037,-0.723,
26,-1.015,-1.191,
27,-0.494,-0.623,
28,0.847,-0.589,
29,0.127,0.135,
30,1.352,-0.329,
31,-0.387,-0.682,
32,0.832,-0.793,
33,-1.189,-1.164,
34,-0.201,-1.339,
35,-0.217,-0.473,
36,0.149,-0.095,
37,0.514,0.272,
38,0.639,-0.786,
39,-0.432,-0.383,
40,0.403,-1.038,
41,0.531,0.11,
42,0.159,0.636,
43,0.108,0.195,
44,-0.394,-0.577,
45,-0.303,-0.307,
46,-0.864,-0.188,
47,-0.382,-0.189,
48,-0.162,-0.378,
49,0.077,-1.008,
50,0.019,-0.467,
51,-0.361,-0.985,
52,-0.612,-0.062,
53,-0.343,0.443,
54,-0.851,-0.235,
55,-1.005,-0.877,
56,-0.455,-0.113,
57,-0.541,-0.389,
58,-0.909,-0.202,
59,-0.079,-0.973,
60,-0.044,-0.401,
61,-0.788,-0.242,
62,0.437,-0.553,
63,0.545,0.263,
64,-0.695,-0.652,
65,0.345,-0.317,
66,0.721,-0.229,
67,-0.337,0.289,
68,0.033,-0.517,
69,-0.005,-0.257,
70,0.589,-0.578,
71,0.284,-0.78,
72,0.168,-0.814,
73,0.487,-0.128,
74,0.907,-0.254,
75,0.694,-0.058,
76,-0.095,-0.955,
77,-0.041,0.727,
78,-0.043,0.575,
79,0.07,-0.054,
80,0.757,-0.156,
81,-1.46,-0.797,
82,-0.278,0.297,
83,0.042,-0.252,
84,-0.188,-0.402,
85,0.454,-0.565,
86,0.479,-0.237,
87,-0.195,-0.741,
88,0.37,0.081,
89,-0.99,-0.905,
90,-0.35,0.09,
91,-0.868,-0.709,
92,-0.599,-0.166,
93,0.63,0.69,
94,-0.842,1.311,
95,0.705,-0.738,
96,-0.156,-0.712,
97,-0.871,-0.486,
98,-0.677,-1.482,
99,0.256,-0.932,
100,0.218,-1.53,
101,-0.004,-0.416,
102,-0.468,-1.014,
103,0.097,-1.442,
104,-0.17,-0.721,
105,-1.557,-0.318,
106,0.415,-0.456,
107,-0.164,-0.071,
108,-0.047,-0.572,
109,0.286,-1.476,
110,-0.412,-1.403,
111,-0.131,0.126,
112,0.17,-0.486,
113,0.165,-0.628,
114,-0.076,-0.546,
115,-0.448,-1.535,
116,0.167,-0.791,
117,0.945,-0.59,
118,0.455,-0.358,
119,0.484,-0.83,
120,-0.013,-0.097,
121,-0.186,-0.276,
122,0.163,-0.244,
123,-0.307,-1.046,
124,-0.803,-1.002,
125,-0.264,-0.415,
126,0.25,-0.367,
127,0.589,-1.111,
128,-0.013,-0.088,
129,-0.137,-0.355,
130,-0.435,-0.072,
131,0.343,0.148,
132,-0.252,0.788,
133,-0.292,-0.828,
134,0.21,-0.037,
135,-1.174,-0.853,
136,-0.117,-0.53,
137,1.051,0.096,
138,-0.411,-0.388,
139,-0.433,-0.661,
140,-0.815,-0.8,
141,-0.646,-0.301,
142,0.761,-1.131,
143,-0.117,0.006,
144,-0.076,-0.836,
145,-0.578,-0.326,
146,0.252,0.065,
147,-0.206,-0.333,
148,-1.037,-0.231,
149,-0.363,-1.489,
150,-0.485,-2.154,
151,-0.167,-0.013,
152,-1.063,-0.656,
153,0.171,-0.425,
154,-0.771,0.026,
155,-0.675,-0.833,
156,0.298,0.108,
157,-0.025,-0.42,
158,0.043,-0.296,
159,-0.22,-0.132,
160,-1.076,-0.347,
161,-0.158,-0.203,
162,0.285,-0.026,
163,0.456,-1.002,
