1,0.699,0.908,
2,-0.182,0.459,
3,-0.059,0.406,
4,0.285,0.279,
5,-0.271,0.805,
6,0.013,0.077,
7,0.352,1.287,
8,0.676,0.332,
9,-0.305,-0.092,
10,-0.321,0.998,
11,0.403,0.945,
12,-0.14,-0.631,
13,0.75,0.696,
14,-0.386,0.874,
15,-0.354,-0.194,
16,0.046,0.646,
17,-0.51,0.695,
18,-0.194,0.541,
19,0.365,0.168,
20,0.074,-0.326,
21,-0.136,0.167,
22,0.126,-0.186,
23,0.238,0.281,
24,0.082,0.68,
25,0.095,0.023,
26,0.279,1.666,
27,0.478,0.61,
28,0.502,0.989,
29,0.464,0.618,
30,0.248,0.942,
31,0.362,1.429,
32,0.297,0.307,
33,-0.266,0.208,
34,-0.5,-0.073,
35,0.33,1.093,
36,-0.319,0.656,
37,0.171,0.165,
38,-0.046,0.295,
39,0.136,0.331,
40,0.121,0.582,
41,0.786,0.304,
42,0.657,1.073,
43,0.19,0.52,
44,0.161,1.205,
45,-0.413,0.995,
46,-0.085,0.443,
47,-1.038,0.576,
48,0.589,0.629,
49,0.276,0.268,
50,-0.246,0.192,
51,0.084,0.635,
52,0.224,0.477,
53,0.353,-0.15,
54,0.453,0.507,
55,0.046,-0.33,
56,0.177,0.647,
57,0.34,0.5,
58,0.316,0.767,
59,-0.13,0.509,
60,-0.176,0.668,
61,-0.13,0.6,
62,0.623,0.277,
63,-0.399,0.843,
64,-0.279,0.108,
65,0.359,0.328,
66,0.562,1.201,
67,-0.143,0.471,
68,0.309,0.772,
69,0.054,1.334,
70,-0.234,0.445,
71,-0.166,0.503,
72,0.656,0.828,
73,-0.331,0.02,
74,0.035,0.628,
75,-0.78,0.153,
76,-0.111,0.731,
77,0.219,0.938,
78,-0.302,0.727,
79,-1.328,0.006,
80,0.362,0.27,
81,0.255,0.484,
82,0.125,0.457,
83,0.534,0.64,
84,-0.158,0.16,
85,0.393,0.967,
86,-0.135,0.871,
87,0.475,0.035,
88,-0.057,-0.088,
89,0.88,0.384,
90,0.272,0.47,
91,0.038,0.998,
92,-0.143,0.249,
93,-0.372,0.986,
94,-0.28,1.011,
95,0.3,-0.036,
96,-0.239,0.356,
97,-0.017,0.298,
98,-0.465,-0.261,
99,0.276,-0.589,
100,-0.003,0.553,
101,-0.045,1.019,
102,-0.162,-0.017,
103,-0.365,1.1,
104,0.145,0.385,
105,-0.484,-0.502,
106,-0.013,0.94,
107,0.113,1.496,
108,0.024,-0.075,
109,-0.061,0.464,
110,0.645,0.75,
111,0.255,0.459,
112,-0.273,0.155,
113,0.597,-0.056,
114,0.159,-0.008,
115,0.036,-1.142,
116,1.262,0.152,
117,0.562,0.516,
118,0.377,0.316,
119,0.356,0.172,
120,0.189,0.26,
121,-0.186,0.233,
122,0.959,0.732,
123,-0.269,-0.759,
124,0.46,0.114,
125,-0.038,-0.009,
126,0.611,0.419,
127,-0.134,0.112,
128,0.053,0.477,
129,-0.134,0.262,
130,0.403,-0.357,
131,1.057,1.309,
132,-0.304,0.42,
133,-0.191,0.85,
134,0.03,0.165,
135,0.675,-0.206,
136,0.513,0.223,
137,0.168,0.75,
138,0.112,0.221,
139,-0.275,-0.238,
140,-0.1,0.668,
141,-0.016,-0.232,
142,-0.618,-0.023,
143,-0.046,0.482,
144,-0.526,1.435,
145,-0.279,0.125,
146,0.461,1.118,
147,-0.286,0.919,
148,-0.985,0.249,
149,-0.504,-0.976,
150,-1.153,0.379,
151,0.992,0.784,
152,-0.765,1.12,
153,0.064,0.284,
154,-0.233,-0.048,
155,0.122,0.526,
156,-0.642,0.932,
157,-0.042,-0.086,
158,0.783,0.521,
159,0.444,0.327,
160,0.038,0.579,
161,0.177,0.158,
162,-0.265,0.483,
163,0.838,0.432,
