1,-0.254,-1.266,
2,1.39,-1.516,
3,1.766,0.938,
4,1.212,1.237,
5,0.403,1.456,
6,-0.627,-0.415,
7,1.103,0.831,
8,-0.332,0.832,
9,-1.56,0.794,
10,2.147,-0.486,
11,0.021,1.917,
12,0.123,0.166,
13,0.048,1.154,
14,1.306,1.757,
15,-0.45,-0.359,
16,0.484,1.761,
17,-1.643,-0.041,
18,1.143,-0.097,
19,0.609,0.178,
20,-0.496,-0.833,
21,0.932,-1.065,
22,-0.373,-1.537,
23,0.224,0.395,
24,-0.771,0.929,
25,-0.197,0.496,
26,0.399,0.173,
27,0.451,-0.587,
28,-1.428,0.641,
29,2.172,1.645,
30,1.297,-1.031,
31,0.259,-2.044,
32,-0.233,-1.558,
33,-0.359,0.628,
34,-0.973,-1.337,
35,-2.523,-0.515,
36,-0.417,2.908,
37,-0.065,1.102,
38,1.797,0.314,
39,-0.108,0.036,
40,0.317,-1.881,
41,0.379,0.53,
42,-1.32,-0.438,
43,-1.739,1.012,
44,-0.915,0.478,
45,-1.98,0.746,
46,0.684,-0.318,
47,-1.405,0.065,
48,0.26,0.058,
49,-0.084,-1.365,
50,-0.409,0.332,
51,0.623,-0.3,
52,-1.351,-1.705,
53,0.357,-1.937,
54,0.341,-1.893,
55,0.258,0.952,
56,-0.207,0.235,
57,-0.661,0.367,
58,0.888,-0.372,
59,-0.083,1.688,
60,-0.712,0.489,
61,-0.512,-1.861,
62,1.393,1.128,
63,0.203,0.755,
64,-0.193,1.507,
65,-1.64,-1.303,
66,-0.085,0.386,
67,0.037,0.081,
68,1.598,0.271,
69,0.061,0.553,
70,-0.548,-2.022,
71,0.012,1.926,
72,0.051,-0.668,
73,-0.036,-0.789,
74,-0.495,0.116,
75,1.602,-0.93,
76,-0.063,-0.415,
77,-0.211,0.847,
78,-0.264,0.98,
79,-0.375,0.365,
80,0.671,-0.06,
81,0.561,0.406,
82,0.148,-0.253,
83,-1.98,-0.006,
84,0.839,0.019,
85,0.097,-0.315,
86,0.462,3.128,
87,0.173,-0.247,
88,0.809,-0.18,
89,0.51,-1.292,
90,1.414,1.507,
91,2.206,-0.048,
92,0.174,-1.515,
93,0.081,-1.243,
94,0.349,0.27,
95,-0.783,0.529,
96,-0.135,0.394,
97,-0.039,0.435,
98,0.783,-2.359,
99,0.973,1.031,
100,-1.092,2.327,
101,0.765,-0.651,
102,-1.365,0.84,
103,2.388,-0.384,
104,0.642,2.108,
105,0.13,-0.439,
106,0.502,0.435,
107,-1.431,1.739,
108,-0.969,-0.176,
109,0.212,0.663,
110,2.192,-0.73,
111,0.072,1.765,
112,-0.085,-0.253,
113,0.494,0.79,
114,1.269,0.363,
115,-0.063,0.966,
116,1.095,-0.08,
117,1.849,0.886,
118,0.839,-0.144,
119,1.414,1.374,
120,-0.715,-0.772,
121,1.508,0.767,
122,0.856,-1.368,
123,-1.176,-1.24,
124,1.117,0.072,
125,0.842,-1.464,
126,-1.116,-0.731,
127,-1.376,-0.138,
128,-0.027,0.824,
129,0.107,-0.56,
130,-0.379,0.181,
131,1.503,0.106,
132,0.6,0.943,
133,-1.124,1.084,
134,0.154,0.113,
135,-0.921,1.094,
136,-0.12,-0.703,
137,-2.002,1.384,
138,-1.325,-0.712,
139,0.122,-0.011,
140,0.503,-0.611,
141,-0.024,0.399,
142,-0.222,0.025,
143,-0.541,1.537,
144,0.396,0.157,
145,0.437,-0.43,
146,-0.539,0.063,
147,-0.899,-0.43,
148,-0.324,0.093,
149,-0.251,-1.134,
150,-1.523,-0.199,
151,-0.986,0.505,
152,0.33,-0.41,
153,-1.673,-0.208,
154,-1.689,0.991,
155,0.245,1.139,
156,-0.318,-2.251,
157,0.015,-1.8,
158,0.628,0.616,
159,3.523,-1.021,
160,1.66,1.668,
161,1.555,0.409,
162,0.009,-1.003,
163,0.106,-0.845,
