1,-2.351,-2.078,
2,0.516,-0.36,
3,-0.787,-0.745,
4,0.2,-0.404,
5,-0.244,-1.841,
6,-0.3,1.458,
7,1.179,0.132,
8,0.374,-0.532,
9,-0.924,-0.081,
10,-0.018,-0.408,
11,0.351,2.056,
12,-1.196,-1.882,
13,1.446,0.974,
14,0.105,-0.896,
15,-1.789,-0.41,
16,0.561,-1.935,
17,0.145,0.109,
18,0.103,-0.128,
19,0.613,0.808,
20,1.954,0.723,
21,0.486,0.247,
22,0.983,0.524,
23,0.098,-0.395,
24,-0.018,0.334,
25,-0.207,2.194,
26,0.358,-0.474,
27,0.1,-0.143,
28,0.587,0.146,
29,-0.226,-1.603,
30,0.701,0.394,
31,0.576,0.276,
32,-0.136,-0.87,
33,-0.057,-0.563,
34,-1.857,1.299,
35,-1.833,-1.061,
36,-0.164,0.634,
37,0.6,0.26,
38,-0.037,-0.89,
39,0.712,0.165,
40,-0.988,1.298,
41,0.242,0.479,
42,0.252,0.076,
43,0.127,1.165,
44,-0.123,-0.176,
45,-0.018,0.242,
46,-1.757,-0.751,
47,0.378,0.766,
48,-1.397,-0.635,
49,-0.326,-1.143,
50,-0.845,-0.477,
51,-0.782,0.029,
52,0.463,0.857,
53,-0.326,-0.199,
54,1.303,-0.695,
55,-0.155,0.606,
56,0.085,0.682,
57,-0.543,-0.317,
58,0.527,0.331,
59,1.223,0.903,
60,-0.089,-0.082,
61,0.004,-0.482,
62,-1.031,0.821,
63,-0.789,0.859,
64,-0.033,0.308,
65,-0.18,0.108,
66,0.347,0.188,
67,-0.447,-0.611,
68,0.096,0.684,
69,-0.991,0.156,
70,-0.287,-0.416,
71,0.15,-0.645,
72,0.442,-0.656,
73,-0.268,-0.043,
74,-0.035,-0.136,
75,-1.928,-0.056,
76,0.189,-0.065,
77,0.165,0.081,
78,0.003,0.513,
79,-0.983,-0.018,
80,-1.02,-0.096,
81,-0.517,0.997,
82,-0.582,-1.27,
83,-1.946,-0.252,
84,1.477,0.329,
85,-0.647,-0.119,
86,-0.117,-0.433,
87,0.608,0.306,
88,0.038,0.971,
89,0.221,0.175,
90,-0.447,0.275,
91,0.269,0.921,
92,0.705,-1.376,
93,2.144,0.077,
94,0.231,0.867,
95,0.123,1.65,
96,-0.627,0.891,
97,1.065,0.956,
98,0.124,0.163,
99,0.517,0.334,
100,-0.617,0.38,
101,0.067,0.21,
102,-0.429,-0.907,
103,-0.334,-1.265,
104,-0.811,-0.149,
105,1.263,0.548,
106,-0.604,-1.196,
107,-0.401,-0.094,
108,0.522,0.205,
109,0.138,-0.173,
110,-1.436,0.574,
111,-1.194,0.817,
112,-0.873,1.579,
113,0.414,-0.163,
114,0.156,0.807,
115,-0.813,0.555,
116,0.118,-0.457,
117,1.015,0.484,
118,0.536,-0.711,
119,-0.335,0.047,
120,-0.118,-0.45,
121,-0.056,1.449,
122,-0.489,-0.312,
123,-0.637,-0.558,
124,-0.332,0.645,
125,-0.517,-0.593,
126,0.128,-0.354,
127,-0.431,0.521,
128,-0.236,-0.208,
129,0.504,1.038,
130,-0.952,-1.455,
131,0.521,1.758,
132,-0.458,1.501,
133,-0.281,0.385,
134,-0.889,-0.638,
135,-0.903,0.549,
136,-1.871,-0.909,
137,-0.786,0.634,
138,-0.482,-0.097,
139,0.613,-0.981,
140,-0.135,-0.043,
141,-0.123,-0.6,
142,-0.173,0.19,
143,-0.317,-0.46,
144,0.45,-0.471,
145,-0.131,-0.999,
146,-1.055,-0.392,
147,-1.512,-0.764,
148,-0.493,-0.33,
149,0.974,-0.411,
150,-0.656,0.153,
151,-0.819,0.567,
152,-0.848,-0.285,
153,0.12,0.096,
154,1.415,0.368,
155,-0.227,0.137,
156,-0.265,0.105,
157,-0.644,-0.036,
158,-0.853,-0.863,
159,0.083,0.032,
160,0.438,-0.7,
161,-1.287,-0.384,
162,-1.146,-0.26,
163,0.548,-0.707,
