1,-0.093,-1.428,
2,1.502,-1.932,
3,1.882,1.092,
4,1.34,1.396,
5,0.567,1.649,
6,-0.654,-0.167,
7,1.217,1.095,
8,-0.203,1.086,
9,-1.617,0.727,
10,2.416,-0.418,
11,0.294,1.942,
12,0.054,0.195,
13,0.174,1.13,
14,1.489,1.865,
15,-0.518,-0.034,
16,0.667,1.792,
17,-1.462,0.181,
18,1.307,-0.044,
19,0.763,0.308,
20,-0.491,-0.959,
21,1.245,-1.039,
22,-0.459,-1.702,
23,0.054,0.413,
24,-0.798,0.931,
25,-0.398,0.608,
26,0.477,0.326,
27,0.473,-0.419,
28,-1.65,0.728,
29,2.599,1.595,
30,1.6,-1.2,
31,0.246,-2.1,
32,0.061,-1.581,
33,-0.351,0.656,
34,-0.936,-1.475,
35,-2.603,-0.489,
36,-0.639,3.028,
37,0.179,1.267,
38,2.063,0.659,
39,-0.071,0.004,
40,0.523,-1.974,
41,0.627,0.497,
42,-1.38,-0.39,
43,-1.836,1.169,
44,-0.81,0.653,
45,-2.182,0.986,
46,0.758,-0.408,
47,-1.372,0.15,
48,0.277,0.072,
49,-0.362,-1.505,
50,-0.455,0.414,
51,0.756,-0.557,
52,-1.376,-1.706,
53,0.233,-1.983,
54,0.293,-1.774,
55,0.347,1.097,
56,-0.451,0.277,
57,-0.397,0.463,
58,1.017,-0.241,
59,-0.059,1.806,
60,-0.618,0.55,
61,-0.426,-1.656,
62,1.271,1.063,
63,0.235,0.879,
64,-0.224,1.59,
65,-1.878,-1.498,
66,-0.187,0.274,
67,0.117,-0.156,
68,1.925,0.301,
69,-0.003,0.808,
70,-0.688,-2.046,
71,0.212,2.197,
72,-0.059,-0.573,
73,0.041,-0.714,
74,-0.668,0.169,
75,1.406,-0.767,
76,-0.099,-0.435,
77,-0.238,0.87,
78,-0.128,1.034,
79,-0.401,0.371,
80,0.808,0.107,
81,0.707,0.592,
82,0.008,-0.138,
83,-2.128,0.012,
84,0.679,0.088,
85,0.422,-0.387,
86,0.748,3.737,
87,0.111,-0.321,
88,1.052,-0.025,
89,0.923,-1.327,
90,1.716,1.726,
91,2.459,0.068,
92,0.327,-1.671,
93,-0.091,-1.087,
94,0.25,0.265,
95,-0.815,0.544,
96,-0.197,0.436,
97,0.27,0.371,
98,1.064,-2.477,
99,1.019,1.432,
100,-0.842,2.4,
101,0.821,-0.753,
102,-1.312,0.85,
103,2.372,-0.358,
104,0.72,2.156,
105,0.063,-0.372,
106,0.515,0.91,
107,-1.618,1.973,
108,-1.113,-0.186,
109,0.451,0.883,
110,2.315,-0.835,
111,0.206,1.931,
112,-0.204,-0.254,
113,0.514,0.721,
114,1.719,0.356,
115,-0.01,0.647,
116,1.177,-0.043,
117,2.01,1.002,
118,0.894,-0.034,
119,1.568,1.575,
120,-0.563,-0.779,
121,1.791,1.138,
122,0.765,-1.549,
123,-1.175,-1.283,
124,1.149,0.036,
125,0.837,-1.554,
126,-0.868,-0.941,
127,-1.562,-0.02,
128,0.086,0.884,
129,0.228,-0.401,
130,-0.302,0.141,
131,1.837,0.253,
132,0.705,0.997,
133,-1.21,1.231,
134,0.329,0.025,
135,-0.841,1.324,
136,-0.027,-0.641,
137,-2.166,1.355,
138,-1.357,-0.666,
139,0.017,-0.137,
140,0.676,-0.687,
141,-0.073,0.463,
142,-0.189,0.105,
143,-0.568,1.523,
144,0.257,0.381,
145,0.519,-0.354,
146,-0.707,0.231,
147,-0.978,-0.423,
148,-0.385,0.046,
149,-0.347,-1.384,
150,-1.81,0.126,
151,-0.922,0.615,
152,0.166,-0.496,
153,-1.968,-0.128,
154,-1.627,0.983,
155,0.264,1.401,
156,-0.174,-2.311,
157,0.086,-1.562,
158,0.897,0.567,
159,3.748,-0.891,
160,1.724,1.655,
161,1.656,0.416,
162,-0.022,-1.105,
163,0.163,-0.805,
