1,-2.066,-1.549,
2,0.304,-0.17,
3,-0.469,-0.681,
4,0.21,-0.437,
5,-0.173,-1.572,
6,-0.216,1.022,
7,0.701,-0.146,
8,0.18,-0.525,
9,-0.643,-0.077,
10,-0.134,-0.294,
11,0.266,1.654,
12,-0.962,-1.586,
13,1.164,0.805,
14,0.2,-0.759,
15,-1.564,-0.324,
16,0.492,-1.488,
17,0.052,0.146,
18,0.05,0.051,
19,0.282,0.595,
20,1.425,0.535,
21,0.419,0.171,
22,0.746,0.348,
23,0.034,-0.287,
24,0.021,0.382,
25,0.051,1.782,
26,0.296,-0.54,
27,0.13,-0.076,
28,0.472,0.097,
29,-0.277,-1.131,
30,0.725,0.371,
31,0.49,0.153,
32,-0.134,-0.695,
33,-0.052,-0.422,
34,-1.433,0.99,
35,-1.516,-1.167,
36,0.015,0.522,
37,0.498,0.231,
38,-0.048,-0.728,
39,0.666,-0.008,
40,-0.886,0.947,
41,0.205,0.387,
42,0.183,-0.041,
43,0.147,0.824,
44,-0.077,-0.133,
45,0.061,0.22,
46,-1.176,-0.574,
47,0.424,0.578,
48,-1.083,-0.533,
49,-0.134,-0.679,
50,-0.618,-0.296,
51,-0.685,0.01,
52,0.395,0.698,
53,-0.297,0.003,
54,0.962,-0.654,
55,-0.069,0.449,
56,0.086,0.639,
57,-0.495,-0.232,
58,0.39,0.254,
59,0.935,0.767,
60,-0.119,0.032,
61,0.04,-0.379,
62,-0.692,0.743,
63,-0.56,0.596,
64,-0.072,0.249,
65,-0.22,0.11,
66,0.286,0.101,
67,-0.368,-0.392,
68,0.161,0.477,
69,-0.562,0.09,
70,-0.287,-0.379,
71,0.145,-0.629,
72,0.345,-0.492,
73,-0.055,0.142,
74,0.072,-0.111,
75,-1.448,0.009,
76,0.239,-0.264,
77,0.156,0.159,
78,0.136,0.671,
79,-0.847,0.071,
80,-0.864,-0.029,
81,-0.434,0.684,
82,-0.363,-1.114,
83,-1.499,-0.176,
84,1.384,0.327,
85,-0.687,-0.113,
86,-0.042,-0.464,
87,0.449,0.274,
88,-0.149,0.864,
89,-0.013,0.016,
90,-0.4,0.232,
91,0.28,0.63,
92,0.551,-1.153,
93,1.715,0.201,
94,0.215,0.704,
95,-0.106,1.383,
96,-0.394,0.691,
97,0.81,0.677,
98,0.056,0.228,
99,0.55,0.174,
100,-0.159,0.31,
101,-0.013,0.12,
102,-0.219,-0.644,
103,-0.219,-1.006,
104,-0.672,-0.087,
105,0.97,0.581,
106,-0.594,-1.206,
107,-0.373,-0.241,
108,0.425,0.183,
109,0.131,-0.215,
110,-1.02,0.386,
111,-1.004,0.58,
112,-0.673,1.189,
113,0.187,-0.064,
114,0.143,0.703,
115,-0.544,0.419,
116,0.027,-0.315,
117,0.713,0.555,
118,0.41,-0.585,
119,-0.231,0.047,
120,-0.136,-0.295,
121,-0.124,0.975,
122,-0.41,-0.488,
123,-0.572,-0.366,
124,-0.275,0.646,
125,-0.319,-0.421,
126,0.144,-0.285,
127,-0.376,0.37,
128,-0.263,-0.063,
129,0.532,0.777,
130,-0.796,-1.221,
131,0.374,1.325,
132,-0.397,1.172,
133,-0.239,0.343,
134,-0.714,-0.544,
135,-0.605,0.404,
136,-1.418,-0.854,
137,-0.628,0.542,
138,-0.272,-0.049,
139,0.43,-0.866,
140,-0.124,-0.045,
141,-0.154,-0.39,
142,-0.176,0.117,
143,-0.219,-0.375,
144,0.596,-0.597,
145,-0.09,-0.752,
146,-0.902,-0.316,
147,-1.223,-0.523,
148,-0.361,-0.204,
149,0.541,-0.26,
150,-0.524,0.191,
151,-0.719,0.527,
152,-0.69,-0.258,
153,0.161,-0.046,
154,1.214,0.31,
155,-0.138,0.114,
156,-0.277,0.219,
157,-0.472,0.111,
158,-0.522,-0.511,
159,-0.046,0.041,
160,0.338,-0.501,
161,-0.902,-0.322,
162,-1.032,-0.118,
163,0.574,-0.588,
