1,0.431,0.148,
2,0.119,0.849,
3,0.908,-0.062,
4,-1.166,-1.628,
5,-1.311,1.61,
6,0.776,-1.39,
7,2.316,0.218,
8,0.195,-1.829,
9,-0.477,-1.777,
10,0.328,-1.719,
11,-0.775,0.699,
12,-0.984,-0.129,
13,0.92,-0.409,
14,-1.004,-1.235,
15,-0.701,0.356,
16,0.139,1.602,
17,-0.971,0.268,
18,0.88,-0.063,
19,-0.91,-0.699,
20,-0.458,-0.448,
21,-0.276,-0.223,
22,-1.074,-0.342,
23,0.335,0.35,
24,-0.249,0.633,
25,2.478,-0.604,
26,-0.002,0.632,
27,-0.098,0.615,
28,-1.083,0.717,
29,0.38,0.473,
30,-1.572,-0.987,
31,0.24,0.562,
32,-0.005,1.097,
33,-1.23,-2.7,
34,-2.471,1.153,
35,0.259,0.777,
36,0.66,1.049,
37,-0.389,0.047,
38,0.665,-0.232,
39,0.485,0.471,
40,0.811,-1.431,
41,0.714,-0.68,
42,0.765,1.446,
43,-0.549,-0.528,
44,0.642,0.36,
45,-1.212,0.996,
46,0.271,-0.463,
47,-1.179,0.314,
48,0.115,0.058,
49,0.978,0.556,
50,0.013,0.72,
51,0.738,1.314,
52,-0.656,-0.093,
53,0.727,0.625,
54,0.527,-0.363,
55,1.367,-0.6,
56,0.333,0.367,
57,1.182,0.098,
58,1.303,2.346,
59,1.34,0.896,
60,-0.291,0.961,
61,-1.229,-0.655,
62,1.224,-0.137,
63,-0.42,0.108,
64,0.177,-1.454,
65,0.25,0.261,
66,-0.363,0.46,
67,-0.102,0.066,
68,0.585,0.606,
69,-0.855,1.448,
70,-0.046,-0.013,
71,1.205,0.582,
72,0.47,1.232,
73,0.47,-1.048,
74,-0.513,0.44,
75,-1.473,0.975,
76,2.24,0.285,
77,0.808,3.038,
78,0.89,0.989,
79,-1.024,-1.403,
80,0.398,0.054,
81,-0.605,1.484,
82,0.367,0.173,
83,0.1,0.688,
84,-0.928,-1.949,
85,0.491,0.875,
86,0.214,0.319,
87,0.371,0.761,
88,0.228,-0.337,
89,0.655,0.441,
90,-0.701,1.213,
91,1.203,0.447,
92,-0.01,-0.159,
93,-0.497,-0.275,
94,-0.68,0.658,
95,0.212,-1.433,
96,-0.274,-0.306,
97,-1.524,-0.82,
98,0.039,-0.883,
99,0.279,-1.451,
100,0.422,0.289,
101,-0.302,0.911,
102,-1.094,-0.635,
103,-0.574,2.03,
104,1.181,-0.553,
105,-0.791,0.985,
106,-0.805,-1.948,
107,-2.927,-0.625,
108,1.137,-1.139,
109,-0.982,-0.823,
110,0.982,-0.354,
111,0.258,0.266,
112,0.694,-0.063,
113,2.071,0.539,
114,-0.051,-0.959,
115,0.042,-0.237,
116,0.999,1.21,
117,0.656,1.236,
118,0.859,-0.748,
119,1.131,-0.283,
120,-0.033,-1.037,
121,-0.338,-0.662,
122,1.025,-0.407,
123,-0.833,-0.761,
124,0.696,0.711,
125,-1.068,-0.682,
126,-0.255,-0.211,
127,-1.947,0.883,
128,-0.419,0.181,
129,0.105,-0.742,
130,0.279,-1.74,
131,2.362,-0.356,
132,0.364,0.136,
133,0.456,0.001,
134,-0.426,-1.288,
135,3.166,-0.252,
136,2.24,0.993,
137,2.109,-0.697,
138,0.478,0.036,
139,0.229,-1.303,
140,-1.526,2.003,
141,-0.8,0.217,
142,-0.957,-0.575,
143,0.399,-1.505,
144,0.297,0.425,
145,-1.549,0.307,
146,-1.641,0.705,
147,-1.446,1.134,
148,-1.765,-0.908,
149,-1.147,1.051,
150,-0.76,-0.427,
151,0.734,-1.205,
152,-1.386,-0.741,
153,-1.758,1.01,
154,-0.121,-0.227,
155,0.325,0.731,
156,-0.962,0.643,
157,0.217,-1.844,
158,0.748,-0.111,
159,0.623,-0.664,
160,-0.429,-0.485,
161,-0.565,0.835,
162,0.256,1.951,
163,1.36,2.124,
