1,-0.614,-0.39,
2,0.562,-0.536,
3,1.121,0.226,
4,0.641,0.538,
5,0.046,0.597,
6,-0.568,-0.04,
7,0.7,0.313,
8,-0.423,-0.243,
9,-1.077,0.543,
10,1.064,-0.624,
11,-0.606,1.039,
12,0.317,-0.024,
13,-0.073,0.486,
14,0.713,0.348,
15,-0.307,-0.968,
16,-0.129,0.803,
17,-1.547,-0.235,
18,0.38,-0.188,
19,0.02,0.031,
20,-0.661,-0.582,
21,0.454,-0.61,
22,-0.208,-0.515,
23,0.26,0.053,
24,-0.544,0.537,
25,0.324,-0.006,
26,0.157,-0.278,
27,0.125,-0.593,
28,-0.471,0.3,
29,0.731,1.345,
30,0.704,-0.377,
31,0.189,-1.36,
32,-0.592,-1.036,
33,-0.307,0.319,
34,-0.668,-0.619,
35,-1.403,-0.226,
36,0.249,1.621,
37,-0.585,0.513,
38,0.492,-0.483,
39,0.184,-0.134,
40,-0.048,-1.1,
41,0.01,0.402,
42,-0.697,-0.371,
43,-1.044,0.367,
44,-0.799,0.098,
45,-1.262,0.204,
46,0.326,-0.141,
47,-0.749,-0.012,
48,0.504,0.271,
49,-0.474,-0.593,
50,-0.242,0.118,
51,-0.126,-0.063,
52,-0.7,-1.046,
53,0.291,-1.016,
54,0.202,-1.937,
55,0.051,0.437,
56,0.238,0.428,
57,-0.684,0.064,
58,0.408,-0.373,
59,-0.029,0.973,
60,-0.74,0.302,
61,-0.275,-1.386,
62,1.013,0.361,
63,-0.091,0.399,
64,-0.077,0.988,
65,-0.721,-0.443,
66,0.065,0.351,
67,-0.154,0.355,
68,0.394,0.227,
69,0.409,0.145,
70,-0.311,-1.686,
71,-0.321,0.624,
72,-0.006,-0.516,
73,-0.049,-0.505,
74,0.141,0.05,
75,0.358,-0.638,
76,-0.059,-0.159,
77,-0.134,0.606,
78,-0.406,0.545,
79,-0.211,0.242,
80,0.113,-0.257,
81,0.242,0.054,
82,0.397,-0.336,
83,-1.153,-0.464,
84,0.906,0.031,
85,-0.462,-0.177,
86,-0.098,0.756,
87,0.168,-0.144,
88,0.416,-0.229,
89,0.301,-0.97,
90,0.374,0.987,
91,0.942,-0.23,
92,0.167,-0.762,
93,0.238,-0.887,
94,0.277,0.251,
95,-0.44,0.331,
96,-0.132,0.146,
97,-0.484,0.198,
98,0.007,-1.401,
99,0.81,0.157,
100,-1.296,1.938,
101,0.374,-0.38,
102,-1.134,0.843,
103,1.107,-0.565,
104,0.076,1.715,
105,0.136,-0.387,
106,-0.012,-0.721,
107,-0.854,0.584,
108,-0.401,-0.183,
109,-0.245,0.028,
110,1.616,-0.16,
111,-0.324,0.911,
112,0.149,-0.238,
113,0.284,0.419,
114,0.227,0.313,
115,-0.117,0.985,
116,0.616,-0.301,
117,1.053,0.381,
118,0.531,-0.172,
119,0.726,0.729,
120,-0.623,-0.644,
121,0.554,-0.112,
122,0.617,-0.475,
123,-0.987,-1.07,
124,0.724,0.153,
125,0.682,-0.491,
126,-1.204,-0.195,
127,-0.341,-0.265,
128,-0.314,0.692,
129,-0.054,-0.599,
130,-0.324,0.26,
131,0.591,-0.137,
132,0.295,0.495,
133,-0.687,0.418,
134,-0.25,0.12,
135,-0.464,0.326,
136,-0.282,-0.529,
137,-1.184,1.23,
138,-0.675,-0.503,
139,0.14,0.61,
140,0.003,-0.193,
141,-0.138,0.385,
142,-0.167,-0.14,
143,-0.369,1.061,
144,0.767,-0.389,
145,0.187,-0.326,
146,-0.168,-0.19,
147,-0.474,-0.28,
148,-0.008,0.239,
149,0.067,-0.468,
150,-0.89,-0.145,
151,-0.805,0.282,
152,0.228,-0.172,
153,-0.596,-0.03,
154,-1.293,0.709,
155,0.425,0.334,
156,-0.487,-0.922,
157,-0.225,-1.326,
158,0.114,0.024,
159,1.525,-0.772,
160,1.031,1.421,
161,1.072,0.441,
162,0.202,-0.188,
163,0.083,-0.669,
