1,-2.904,-3.09,
2,0.628,-1.062,
3,-1.454,-1.323,
4,0.578,-0.912,
5,-0.226,-2.2,
6,0.036,1.732,
7,2.011,0.712,
8,0.768,-0.398,
9,-1.286,-0.024,
10,0.766,-0.709,
11,0.404,2.385,
12,-1.725,-2.035,
13,1.987,1.28,
14,-0.141,-0.615,
15,-2.235,-0.109,
16,0.384,-2.682,
17,0.648,0.173,
18,0.2,-0.425,
19,1.684,0.83,
20,3.07,1.472,
21,1.011,0.32,
22,1.529,0.607,
23,0.168,-0.121,
24,-0.38,0.605,
25,-0.524,2.955,
26,0.456,-0.634,
27,0.105,-0.286,
28,0.575,-0.029,
29,-0.144,-2.682,
30,0.473,0.209,
31,0.884,0.712,
32,-0.018,-1.198,
33,-0.3,-0.793,
34,-2.427,1.408,
35,-2.483,-0.632,
36,-0.948,0.996,
37,0.625,0.334,
38,-0.403,-1.335,
39,0.497,0.336,
40,-1.26,1.941,
41,0.387,0.59,
42,0.508,0.68,
43,-0.083,1.809,
44,-0.277,-0.594,
45,-0.516,0.141,
46,-2.639,-0.925,
47,-0.034,0.91,
48,-1.95,-0.878,
49,-0.96,-2.102,
50,-1.105,-0.874,
51,-1.186,-0.159,
52,0.706,1.244,
53,-0.156,-0.682,
54,1.861,-0.645,
55,-0.256,1.259,
56,-0.354,0.556,
57,-0.765,-0.662,
58,1.012,0.5,
59,1.903,0.874,
60,-0.139,-0.293,
61,0.496,-0.651,
62,-1.521,0.944,
63,-0.959,1.836,
64,-0.244,-0.084,
65,-0.28,0.258,
66,0.441,0.457,
67,-0.427,-1.083,
68,-0.149,0.625,
69,-1.922,0.408,
70,-0.319,-0.264,
71,0.161,-1.342,
72,0.765,-0.869,
73,-0.37,-0.266,
74,-0.776,-0.236,
75,-2.82,-0.052,
76,-0.019,-0.058,
77,0.379,-0.301,
78,-0.2,0.202,
79,-1.06,-0.319,
80,-1.33,-0.242,
81,-0.817,1.652,
82,-0.928,-1.376,
83,-2.733,-0.276,
84,1.307,0.185,
85,-0.82,-0.25,
86,-0.079,-0.517,
87,0.828,0.106,
88,0.506,0.529,
89,0.421,0.036,
90,-0.298,0.384,
91,0.003,1.626,
92,0.975,-1.596,
93,2.697,-0.214,
94,0.586,0.992,
95,0.398,2.064,
96,-1.456,1.348,
97,1.424,1.42,
98,0.288,-0.321,
99,0.283,0.9,
100,-1.729,0.275,
101,0.269,0.398,
102,-0.434,-1.287,
103,-0.783,-1.721,
104,-0.791,-0.451,
105,1.169,0.793,
106,-0.53,-1.242,
107,-0.56,0.182,
108,0.783,0.185,
109,-0.14,0.025,
110,-2.267,0.946,
111,-1.379,1.234,
112,-1.435,2.273,
113,0.846,-0.345,
114,-0.026,0.792,
115,-1.175,0.782,
116,-0.251,-0.687,
117,1.977,0.127,
118,0.539,-1.081,
119,-0.741,0.31,
120,0.044,-1.001,
121,-0.128,2.352,
122,-0.981,-0.113,
123,-0.875,-0.875,
124,-0.303,0.64,
125,-1.018,-0.419,
126,0.021,-0.637,
127,-0.1,1.034,
128,-0.259,-0.244,
129,0.672,1.434,
130,-1.459,-1.759,
131,1.058,2.117,
132,-0.809,2.078,
133,-0.435,0.383,
134,-1.054,-0.833,
135,-1.432,0.656,
136,-2.46,-0.559,
137,-1.421,0.454,
138,-0.848,0.181,
139,0.641,-1.04,
140,0.007,0.238,
141,-0.159,-1.038,
142,-0.195,0.539,
143,-0.443,-0.586,
144,-0.038,0.268,
145,-0.255,-1.121,
146,-1.472,-0.924,
147,-2.346,-1.715,
148,-0.791,-0.056,
149,1.767,-0.697,
150,-0.361,-0.182,
151,-1.177,0.51,
152,-1.042,-0.614,
153,0.323,0.49,
154,1.708,0.371,
155,-0.42,-0.002,
156,-0.283,-0.188,
157,-0.653,-0.51,
158,-1.807,-1.505,
159,-0.164,0.261,
160,0.526,-1.07,
161,-1.598,-0.372,
162,-1.184,-0.416,
163,0.714,-1.002,
