1,0.75,0.804,
2,0.69,0.186,
3,0.282,0.483,
4,0.707,0.59,
5,0.847,0.93,
6,-0.73,0.528,
7,0.646,1.125,
8,0.874,0.862,
9,0.085,0.036,
10,0.244,1.302,
11,0.905,1.285,
12,0.748,0.175,
13,1.121,0.523,
14,0.1,0.265,
15,0.196,0.707,
16,0.743,0.272,
17,-0.127,0.601,
18,0.567,0.408,
19,0.579,0.924,
20,0.548,0.691,
21,0.528,0.369,
22,0.305,0.596,
23,0.514,0.563,
24,0.549,0.482,
25,0.156,0.825,
26,0.728,1.069,
27,0.842,0.612,
28,0.346,0.769,
29,0.48,0.696,
30,0.93,0.93,
31,0.43,1.127,
32,1.007,0.3,
33,0.332,0.487,
34,-0.209,-0.207,
35,0.759,1.253,
36,0.162,0.849,
37,0.699,1.021,
38,0.887,0.915,
39,0.506,0.597,
40,0.719,0.48,
41,1.121,0.774,
42,0.966,1.167,
43,0.715,0.957,
44,1.005,1.166,
45,0.48,0.877,
46,0.572,0.398,
47,-0.066,0.126,
48,1.103,0.371,
49,-0.062,0.067,
50,0.116,0.248,
51,1.28,0.301,
52,0.134,0.417,
53,0.882,0.082,
54,0.77,0.74,
55,0.347,-0.094,
56,0.18,1.191,
57,0.405,0.757,
58,0.355,1.109,
59,0.381,0.627,
60,0.46,0.604,
61,0.538,0.869,
62,0.575,0.657,
63,0.515,0.851,
64,0.269,0.123,
65,0.428,0.139,
66,0.823,1.212,
67,0.18,0.042,
68,0.89,0.483,
69,0.481,1.264,
70,0.127,0.497,
71,0.433,0.52,
72,0.577,0.684,
73,0.193,0.794,
74,0.756,0.782,
75,0.548,0.272,
76,0.405,0.64,
77,0.312,0.393,
78,0.401,0.699,
79,-0.37,0.637,
80,0.508,0.236,
81,0.801,0.812,
82,0.674,0.855,
83,0.664,0.797,
84,0.247,0.578,
85,0.739,0.694,
86,0.293,1.36,
87,0.428,0.075,
88,0.764,0.576,
89,0.642,0.446,
90,0.725,0.489,
91,0.88,0.81,
92,0.516,0.227,
93,-0.047,1.246,
94,0.004,0.997,
95,0.564,0.283,
96,0.464,0.454,
97,1.164,0.538,
98,-0.03,-0.377,
99,0.686,0.589,
100,0.222,0.578,
101,0.644,0.722,
102,0.346,0.211,
103,0.371,0.97,
104,0.459,0.61,
105,0.208,0.457,
106,0.684,1.169,
107,0.81,1.509,
108,0.395,0.127,
109,0.752,0.63,
110,1.136,0.845,
111,0.204,0.884,
112,-0.442,0.255,
113,0.632,0.472,
114,0.859,0.322,
115,0.576,-0.608,
116,0.589,0.231,
117,1.027,0.704,
118,0.556,0.557,
119,0.703,0.73,
120,0.581,0.35,
121,0.348,0.745,
122,1.012,0.666,
123,0.108,-0.511,
124,0.814,0.248,
125,0.537,0.131,
126,1.347,-0.039,
127,0.756,0.312,
128,0.461,0.895,
129,0.549,0.638,
130,0.784,0.534,
131,1.164,1.47,
132,0.199,0.487,
133,0.099,0.591,
134,0.555,0.683,
135,0.348,0.447,
136,0.433,0.559,
137,0.103,0.812,
138,0.266,0.6,
139,0.122,-0.133,
140,0.462,0.583,
141,0.139,0.223,
142,0.324,0.248,
143,0.467,1.078,
144,0.233,0.879,
145,0.417,0.253,
146,1.03,1.061,
147,0.478,0.624,
148,-0.055,0.645,
149,0.443,-1.008,
150,-0.845,0.858,
151,1.236,1.078,
152,0.167,1.097,
153,0.425,0.357,
154,0.357,0.53,
155,0.25,0.9,
156,0.379,0.752,
157,0.178,0.283,
158,0.916,0.882,
159,0.671,0.239,
160,0.338,0.856,
161,0.886,0.401,
162,0.581,0.462,
163,1.147,0.097,
