1,1.115,0.653,
2,-0.662,0.947,
3,0.492,0.201,
4,-0.383,-1.075,
5,-1.32,1.491,
6,2.151,-1.274,
7,1.809,0.808,
8,0.699,-1.659,
9,-0.667,-0.792,
10,0.079,-0.859,
11,-0.549,0.851,
12,-0.778,-0.697,
13,0.944,0.266,
14,-0.893,0.159,
15,-0.615,-0.072,
16,-0.239,1.681,
17,-0.823,0.643,
18,0.546,0.189,
19,-0.171,-1.174,
20,-0.173,-1.419,
21,-0.396,-0.491,
22,-0.326,-0.881,
23,0.402,0.379,
24,-0.033,0.874,
25,1.697,-1.24,
26,0.008,1.597,
27,0.232,0.73,
28,-0.094,1.212,
29,0.752,0.592,
30,-0.948,-0.268,
31,0.472,1.45,
32,0.204,0.829,
33,-1.023,-1.575,
34,-1.925,0.451,
35,0.534,0.977,
36,0.075,0.9,
37,-0.212,-0.033,
38,0.297,-0.407,
39,0.399,0.313,
40,0.526,-0.34,
41,1.046,-1.196,
42,1.266,2,
43,-0.452,-0.403,
44,0.155,1.013,
45,-0.995,1.208,
46,0.159,-0.074,
47,-1.377,0.883,
48,0.298,0.495,
49,0.744,0.392,
50,-0.113,0.562,
51,0.465,1.23,
52,-0.254,0.059,
53,0.73,0.054,
54,0.892,0.029,
55,1.226,-0.465,
56,0.248,0.849,
57,2.03,0.487,
58,1.352,1.852,
59,0.95,0.899,
60,-0.379,0.914,
61,-0.674,0.082,
62,0.995,-0.274,
63,-0.705,0.606,
64,0.013,-0.883,
65,0.205,0.044,
66,0.145,0.765,
67,-0.046,0.417,
68,0.67,1.196,
69,-0.639,1.805,
70,-0.303,0.256,
71,0.226,0.769,
72,0.945,1.595,
73,0.13,-0.93,
74,-0.499,0.579,
75,-1.576,0.526,
76,0.888,0.437,
77,0.776,2.602,
78,0.448,1.051,
79,-1.702,-1.342,
80,0.732,0.518,
81,-0.437,1.273,
82,0.095,0.28,
83,0.613,0.911,
84,-0.712,-1.11,
85,0.57,0.724,
86,0.079,0.439,
87,0.995,0.936,
88,-0.037,-0.375,
89,1.067,-0.174,
90,-0.164,1.038,
91,0.491,1.013,
92,-0.225,0.006,
93,-0.751,0.383,
94,-0.595,0.969,
95,0.452,-1.234,
96,-0.454,0.057,
97,-1.163,-0.45,
98,-0.295,-0.903,
99,0.578,-1.751,
100,0.331,0.549,
101,-0.179,1.302,
102,-0.853,-0.564,
103,-0.944,2.09,
104,0.805,-0.203,
105,-1.016,-0.199,
106,-0.495,0.003,
107,-1.713,0.344,
108,0.876,-0.913,
109,-0.657,-0.202,
110,1.115,0.22,
111,0.461,0.213,
112,0.662,0.013,
113,1.906,-0.178,
114,0.182,-0.651,
115,0.219,-0.944,
116,2.219,0.677,
117,0.978,0.934,
118,1.441,-0.401,
119,0.587,-0.342,
120,-0.166,-0.434,
121,-0.153,-0.189,
122,1.386,0.15,
123,-0.61,-1.265,
124,0.766,0.304,
125,-1.017,-0.845,
126,0.191,0.112,
127,-1.4,0.461,
128,-0.107,0.144,
129,-0.224,-0.352,
130,0.522,-2.13,
131,2.158,0.057,
132,0.185,0.344,
133,0.209,0.579,
134,-0.384,-1.139,
135,3.024,-0.613,
136,2.687,0.793,
137,1.358,-0.195,
138,0.5,-0.029,
139,-0.015,-0.843,
140,-1.109,1.682,
141,-0.335,-0.16,
142,-1.736,-0.191,
143,0.007,-0.775,
144,-0.468,1.534,
145,-0.719,0.416,
146,-0.749,1.275,
147,-1.176,1.175,
148,-2.27,-0.523,
149,-1.494,0.41,
150,-1.423,-0.256,
151,0.701,-0.351,
152,-1.481,0.43,
153,-1.18,0.61,
154,-0.329,-0.43,
155,0.341,0.785,
156,-1.004,1.059,
157,0.102,-1.483,
158,1.626,-0.151,
159,0.856,-0.497,
160,-0.132,-0.036,
161,-0.269,0.386,
162,-0.016,1.541,
163,1.767,2.46,
