1,0.923,0.226,
2,1.414,-0.55,
3,0.797,0.971,
4,0.925,0.995,
5,0.916,1.399,
6,-0.811,0.609,
7,1.095,1.299,
8,0.888,1.487,
9,-0.32,0.371,
10,1.218,1.335,
11,0.857,1.881,
12,0.416,0.224,
13,0.852,0.781,
14,0.119,0.442,
15,0.11,0.958,
16,1.319,0.794,
17,-0.649,0.382,
18,1.039,0.083,
19,0.639,1.117,
20,0.379,0.153,
21,1.292,-0.147,
22,0.208,0.095,
23,0.206,0.946,
24,0.202,0.714,
25,-0.393,0.955,
26,0.837,1.068,
27,0.811,0.681,
28,-0.548,0.771,
29,1.146,0.695,
30,1.633,0.215,
31,0.331,0.666,
32,1.572,0.067,
33,0.116,0.481,
34,-0.336,-1.089,
35,-0.064,0.76,
36,-0.442,1.699,
37,0.959,1.759,
38,1.702,1.413,
39,0.408,0.515,
40,1.067,-0.253,
41,1.49,0.767,
42,0.463,1.256,
43,0.403,1.174,
44,0.938,1.28,
45,-0.015,1.155,
46,0.944,-0.009,
47,-0.343,0.128,
48,0.575,0.144,
49,-0.827,-0.453,
50,-0.009,0.427,
51,1.727,-0.195,
52,-0.445,-0.192,
53,0.65,-0.261,
54,0.392,0.107,
55,0.536,0.339,
56,-0.219,1.685,
57,0.389,1.126,
58,0.562,1.164,
59,0.522,1.423,
60,0.407,0.636,
61,0.333,0.71,
62,0.23,0.708,
63,0.484,0.963,
64,0.344,0.33,
65,-0.463,-0.7,
66,0.665,1.077,
67,0.179,-0.886,
68,1.654,0.135,
69,0.045,1.548,
70,-0.608,-0.251,
71,0.65,1.132,
72,0.189,0.64,
73,0.166,0.689,
74,0.149,0.71,
75,0.456,-0.325,
76,0.453,0.232,
77,0.126,0.434,
78,0.535,0.872,
79,-0.43,0.632,
80,0.31,0.699,
81,0.92,1.071,
82,0.289,0.926,
83,-0.165,0.597,
84,0.059,0.574,
85,0.853,0.421,
86,0.683,2.238,
87,0.167,-0.221,
88,0.545,0.557,
89,1.012,-0.103,
90,1.185,1.219,
91,1.992,0.533,
92,0.035,-0.234,
93,-0.294,1.266,
94,-0.202,0.664,
95,0.354,0.21,
96,0.214,0.439,
97,1.259,0.427,
98,0.215,-1.859,
99,1.175,0.984,
100,-0.185,1.07,
101,0.877,0.209,
102,-0.104,0.436,
103,1.049,0.741,
104,0.464,0.803,
105,-0.005,0.44,
106,0.981,1.802,
107,0.499,1.669,
108,-0.138,0.071,
109,1.121,0.895,
110,1.456,0.576,
111,-0.026,1.366,
112,-0.652,0.212,
113,0.7,0.271,
114,1.805,0.29,
115,0.127,-0.333,
116,0.833,0.094,
117,1.359,0.954,
118,0.835,0.57,
119,1.163,1.098,
120,0.54,0.166,
121,0.719,1.146,
122,0.829,-0.138,
123,-0.206,-0.94,
124,0.648,0.195,
125,0.843,-0.147,
126,1.808,-0.672,
127,-0.36,0.456,
128,0.617,0.814,
129,0.752,0.683,
130,0.756,0.315,
131,1.752,1.222,
132,0.374,0.571,
133,-0.272,0.765,
134,0.769,0.263,
135,0.379,1.008,
136,0.398,0.546,
137,-0.474,0.671,
138,-0.33,0.179,
139,0.227,-0.671,
140,0.717,0.148,
141,-0.18,0.447,
142,0.364,0.369,
143,-0.402,1.526,
144,0.055,0.941,
145,0.713,0.073,
146,-0.068,1.073,
147,0.18,0.203,
148,-0.347,0.256,
149,0.426,-1.42,
150,-1.188,0.593,
151,0.873,1.057,
152,0.069,0.805,
153,-0.237,0.17,
154,0.275,0.519,
155,0.258,1.585,
156,0.396,-0.184,
157,0.236,-0.194,
158,1.078,0.87,
159,1.709,-0.432,
160,0.473,0.711,
161,1.135,-0.022,
162,0.354,-0.461,
163,0.735,0.163,
