1,0.996,0.731,
2,1.093,-0.008,
3,0.484,0.505,
4,0.794,0.555,
5,0.787,1.199,
6,-0.792,0.729,
7,0.945,1.233,
8,0.897,1.19,
9,-0.183,0.032,
10,0.586,1.038,
11,0.746,1.579,
12,0.718,0.048,
13,1.06,0.462,
14,0.119,0.34,
15,-0.1,1.013,
16,0.843,0.628,
17,-0.417,0.487,
18,0.657,0.137,
19,0.535,0.98,
20,0.409,0.563,
21,0.732,0.035,
22,0.338,0.474,
23,0.535,0.61,
24,0.49,0.468,
25,-0.195,1.096,
26,0.686,0.956,
27,0.719,0.465,
28,0.112,0.898,
29,0.583,0.847,
30,1.077,0.744,
31,0.402,0.861,
32,0.959,0.184,
33,0.233,0.519,
34,-0.385,-0.504,
35,0.445,0.891,
36,0.062,1.071,
37,0.542,1.159,
38,1.077,0.991,
39,0.507,0.541,
40,0.786,0.197,
41,1.136,0.857,
42,0.899,1.291,
43,0.574,0.94,
44,0.853,1.096,
45,0.228,0.918,
46,0.704,0.261,
47,-0.241,0.089,
48,1.014,0.275,
49,-0.216,-0.123,
50,-0.082,0.258,
51,1.451,0.181,
52,-0.143,0.173,
53,0.818,0.073,
54,0.637,0.554,
55,0.363,0.072,
56,0.091,1.304,
57,0.254,0.831,
58,0.376,1.018,
59,0.348,0.859,
60,0.529,0.564,
61,0.076,0.767,
62,0.693,0.618,
63,0.308,0.805,
64,0.31,0.19,
65,0.142,-0.071,
66,0.78,1.161,
67,0.174,-0.281,
68,1.059,0.401,
69,0.312,1.258,
70,-0.006,0.115,
71,0.476,0.749,
72,0.437,0.582,
73,0.104,0.727,
74,0.729,0.688,
75,0.301,0.187,
76,0.813,0.545,
77,0.156,0.426,
78,0.403,0.68,
79,-0.378,0.639,
80,0.385,0.41,
81,0.808,0.881,
82,0.614,0.801,
83,0.309,0.703,
84,0.22,0.56,
85,0.679,0.607,
86,0.427,1.566,
87,0.456,0.014,
88,0.591,0.482,
89,0.88,0.257,
90,0.636,0.774,
91,1.461,0.589,
92,0.326,0.045,
93,-0.088,1.064,
94,-0.036,0.9,
95,0.468,0.297,
96,0.425,0.532,
97,1.085,0.547,
98,0.012,-1.059,
99,0.818,0.653,
100,-0.037,0.745,
101,0.815,0.539,
102,-0.061,0.007,
103,0.92,0.967,
104,0.311,0.793,
105,0.13,0.431,
106,0.819,1.146,
107,0.634,1.489,
108,0.335,-0.03,
109,0.746,0.642,
110,1.262,0.614,
111,0.07,0.96,
112,-0.516,0.174,
113,0.698,0.48,
114,1.14,0.296,
115,0.202,-0.302,
116,0.536,0.211,
117,1.192,0.753,
118,0.602,0.533,
119,0.861,0.786,
120,0.451,0.195,
121,0.437,0.761,
122,0.992,0.313,
123,-0.084,-0.673,
124,0.74,0.191,
125,0.587,0.086,
126,1.343,-0.176,
127,0.325,0.357,
128,0.317,0.973,
129,0.401,0.617,
130,0.766,0.408,
131,1.366,1.232,
132,0.277,0.47,
133,-0.047,0.555,
134,0.517,0.544,
135,0.389,0.591,
136,0.409,0.401,
137,-0.009,0.938,
138,0.102,0.468,
139,0.24,-0.28,
140,0.417,0.553,
141,0.011,0.333,
142,0.384,0.267,
143,0.112,1.385,
144,0.189,0.735,
145,0.505,0.021,
146,0.611,1.117,
147,0.401,0.589,
148,-0.289,0.291,
149,0.55,-1.353,
150,-0.856,0.783,
151,0.921,1.164,
152,0.236,0.948,
153,0.248,0.364,
154,0.239,0.663,
155,0.319,1.205,
156,0.293,0.476,
157,-0.048,-0.221,
158,1.074,0.571,
159,1.184,-0.262,
160,0.378,0.93,
161,0.918,0.359,
162,0.517,-0.031,
163,0.803,-0.053,
