1,-2.384,-2.862,
2,0.736,-1.418,
3,-1.198,-0.43,
4,0.36,0.443,
5,-0.149,-2.109,
6,-0.442,1.414,
7,1.882,0.608,
8,0.669,-0.445,
9,-0.838,0.1,
10,0.11,0.168,
11,-0.552,1.064,
12,-0.822,-1.355,
13,0.906,1.11,
14,-0.228,-1.232,
15,-1.427,-0.924,
16,0.504,-2.563,
17,0.147,0.429,
18,0.079,0.122,
19,1.097,0.77,
20,2.026,0.058,
21,0.083,-0.078,
22,1.053,0.758,
23,-0.118,-0.451,
24,0.035,1.136,
25,-1.199,1.814,
26,0.507,-0.067,
27,0.422,0.245,
28,0.295,-0.017,
29,-0.193,-2.246,
30,0.403,0.241,
31,0.358,0.285,
32,0.26,-0.856,
33,0.519,-0.963,
34,-1.662,1.255,
35,-1.827,-0.277,
36,-0.38,0.645,
37,0.44,0.197,
38,-0.325,-0.166,
39,0.244,-0.758,
40,-0.466,0.945,
41,0.247,0.322,
42,0.304,0.183,
43,0.245,1.175,
44,0.032,-0.109,
45,-0.202,-0.301,
46,-2.279,-0.932,
47,-0.532,0.294,
48,-1.318,-0.499,
49,-1.592,-1.606,
50,-0.603,-0.604,
51,-1.084,0.063,
52,0.3,0.527,
53,0.096,-0.355,
54,1.466,-0.569,
55,-0.259,0.68,
56,-0.111,0.606,
57,-1.272,-0.059,
58,0.469,0.469,
59,0.437,0.321,
60,-0.556,0.004,
61,0.088,-0.663,
62,-1.973,0.839,
63,-0.604,1.145,
64,-0.446,0.458,
65,0.141,-0.133,
66,0.231,0.218,
67,-0.332,-0.85,
68,0.197,0.784,
69,-0.76,0.078,
70,-0.435,-0.207,
71,-0.303,-1.923,
72,0.554,-0.401,
73,-0.28,-0.158,
74,-0.052,0.066,
75,-2.078,0.026,
76,-0.145,0.543,
77,0.332,-0.259,
78,-1.115,-0.755,
79,-0.998,0.258,
80,-0.908,0.235,
81,-1.065,0.2,
82,-0.489,-0.926,
83,-1.398,-0.247,
84,0.952,0.019,
85,-0.886,-0.115,
86,-0.012,-0.414,
87,0.068,-0.071,
88,-0.107,1.193,
89,0.384,0.289,
90,-0.008,0.172,
91,0.401,0.585,
92,0.374,-1.133,
93,0.86,0.166,
94,0.125,0.571,
95,0.546,1.468,
96,-1.39,0.511,
97,0.618,0.863,
98,-0.006,-0.659,
99,0.128,0.584,
100,-1.576,0.103,
101,-0.184,0.26,
102,-0.368,-1.124,
103,-0.375,-1.721,
104,-0.201,-0.174,
105,0.559,1.375,
106,-0.444,-0.708,
107,-0.688,-0.503,
108,0.227,0.183,
109,0.216,-0.376,
110,-1.293,0.221,
111,-0.588,0.597,
112,-0.764,1.76,
113,1.364,0.083,
114,-0.278,0.379,
115,-0.109,0.765,
116,0.367,-0.824,
117,0.835,-0.173,
118,-0.178,-0.649,
119,-0.242,0.278,
120,-0.118,-0.416,
121,-0.011,1.086,
122,-0.891,-0.809,
123,-0.116,-0.473,
124,-0.204,0.616,
125,-1.536,0.186,
126,0.798,-0.909,
127,-0.392,0.549,
128,-0.098,-0.225,
129,0.398,0.984,
130,-0.648,-0.559,
131,0.656,1.682,
132,-0.212,1.414,
133,-0.27,0.266,
134,-0.901,-0.222,
135,-1.254,0.905,
136,-1.752,-0.928,
137,-0.686,0.211,
138,-0.7,-0.169,
139,0.872,-0.231,
140,-0.177,-0.149,
141,0.052,-0.903,
142,0.529,0.493,
143,0.007,-0.578,
144,-0.76,0.48,
145,0.433,-0.465,
146,-1.037,-0.506,
147,-1.548,-1.258,
148,-0.059,-0.043,
149,1.354,-0.457,
150,-0.785,0.09,
151,-0.222,0.169,
152,-0.525,-0.485,
153,0.202,0.818,
154,0.764,0.054,
155,-0.341,-0.298,
156,-0.083,0.002,
157,-0.828,-0.367,
158,-1.873,-0.572,
159,0.081,0.589,
160,0.371,-0.673,
161,-1.555,-0.423,
162,-0.53,-0.215,
163,0.757,-0.386,
