1,0.364,-0.789,
2,1.407,-1.338,
3,1.41,0.694,
4,1.006,0.751,
5,0.375,1.558,
6,-0.693,0.516,
7,1.26,1.025,
8,0.014,1.003,
9,-1.48,0.393,
10,1.643,-0.82,
11,-0.246,1.839,
12,0.573,-0.467,
13,0.454,0.464,
14,1.137,1.426,
15,-0.994,0.356,
16,0.58,1.556,
17,-1.553,0.172,
18,0.778,-0.748,
19,0.469,0.442,
20,-0.251,-0.624,
21,0.724,-0.776,
22,-0.059,-0.826,
23,0.625,0.237,
24,-0.238,0.622,
25,-0.378,0.922,
26,0.46,0.325,
27,0.198,-0.664,
28,-0.794,0.831,
29,1.547,1.728,
30,1.07,-0.295,
31,0.286,-1.135,
32,-0.325,-0.92,
33,-0.298,0.684,
34,-1.103,-1.164,
35,-1.516,-0.725,
36,-0.255,2.21,
37,-0.249,1.019,
38,1.283,0.376,
39,0.23,0.216,
40,0.556,-1.177,
41,0.567,0.98,
42,-0.78,0.191,
43,-1.262,0.82,
44,-0.654,0.475,
45,-1.56,0.732,
46,0.748,-0.13,
47,-1.214,0.018,
48,0.455,0.067,
49,0.011,-1.295,
50,-0.832,0.168,
51,0.973,0.007,
52,-0.994,-1.048,
53,0.449,-1.238,
54,0.399,-1.311,
55,0.191,0.727,
56,-0.024,0.559,
57,-0.533,0.39,
58,0.469,-0.011,
59,-0.02,1.417,
60,0.059,0.374,
61,-1.054,-1.429,
62,1.85,0.868,
63,-0.249,0.596,
64,-0.037,1.072,
65,-0.968,-0.693,
66,0.05,0.431,
67,0.085,0.043,
68,1.335,0.452,
69,0.104,0.593,
70,-0.197,-1.79,
71,0.08,1.636,
72,-0.034,-0.379,
73,-0.165,-0.325,
74,0.373,0.15,
75,0.488,-0.183,
76,0.584,-0.151,
77,-0.461,0.76,
78,-0.134,0.909,
79,-0.296,0.431,
80,0.575,0.052,
81,0.582,0.477,
82,0.574,-0.105,
83,-1.499,0.093,
84,0.692,0.22,
85,0.027,-0.011,
86,0.426,2.695,
87,0.593,-0.095,
88,0.772,-0.069,
89,1.414,-1.067,
90,0.534,1.37,
91,2.333,-0.127,
92,0.293,-1.12,
93,0.078,-0.944,
94,0.186,0.525,
95,-0.385,0.472,
96,0.075,0.518,
97,0.076,0.604,
98,0.565,-2.152,
99,0.872,0.536,
100,-1.267,1.989,
101,0.934,-0.319,
102,-1.225,0.152,
103,2.19,-0.142,
104,0.073,2.1,
105,0.2,-0.275,
106,0.875,0.071,
107,-1.254,1.417,
108,-0.411,-0.357,
109,0.146,0.475,
110,2.015,-0.633,
111,-0.063,1.305,
112,-0.316,-0.351,
113,0.761,0.703,
114,1.382,0.329,
115,-0.268,0.662,
116,0.753,0.073,
117,1.717,0.956,
118,0.651,-0.021,
119,1.398,0.994,
120,-0.6,-0.687,
121,1.176,0.567,
122,0.859,-0.978,
123,-1.093,-1.293,
124,0.871,-0.038,
125,0.858,-1.102,
126,-0.883,-0.702,
127,-1.013,0.039,
128,-0.23,0.984,
129,-0.479,-0.176,
130,0.005,0.162,
131,1.47,0.131,
132,0.529,0.517,
133,-0.774,0.531,
134,0.071,0.04,
135,-0.552,0.871,
136,-0.009,-0.557,
137,-1.117,1.943,
138,-0.938,-0.457,
139,0.113,-0.047,
140,0.156,0.062,
141,-0.199,0.672,
142,0,-0.031,
143,-0.435,1.76,
144,0.395,-0.001,
145,0.41,-0.536,
146,-0.145,0.578,
147,-0.341,-0.001,
148,-0.454,-0.275,
149,0.067,-1.705,
150,-1.219,0.258,
151,-0.803,0.894,
152,0.606,-0.103,
153,-1.126,0.013,
154,-1.125,1.408,
155,0.397,1.32,
156,-0.251,-1.373,
157,-0.657,-2.302,
158,1.228,-0.412,
159,3.231,-1.035,
160,1.191,1.396,
161,1.133,0.374,
162,0.088,-1.023,
163,-0.021,-0.934,
