1,0.072,0.041,
2,0.311,-0.499,
3,-0.318,0.014,
4,0.159,-0.01,
5,0.24,0.453,
6,-1.322,0.12,
7,0.372,0.687,
8,0.391,0.193,
9,-0.19,-0.507,
10,0.007,0.454,
11,0.152,0.5,
12,0.284,-0.31,
13,0.778,0.076,
14,-0.46,-0.319,
15,0.047,-0.134,
16,0.218,-0.338,
17,-0.248,0.233,
18,-0.045,-0.185,
19,0.191,0.121,
20,0.304,0.312,
21,-0.012,-0.012,
22,-0.176,0.048,
23,0.138,-0.28,
24,-0.073,0.182,
25,-0.262,0.217,
26,0.399,0.572,
27,0.227,-0.112,
28,0.164,0.185,
29,-0.096,0.156,
30,0.012,0.507,
31,0.133,0.698,
32,0.116,-0.265,
33,0.064,-0.016,
34,-0.518,-0.099,
35,0.143,0.815,
36,-0.648,0.438,
37,0.184,0.072,
38,-0.214,0.057,
39,-0.109,-0.015,
40,-0.057,0.117,
41,0.388,0.291,
42,0.747,0.487,
43,0.169,0.104,
44,0.275,0.279,
45,0.081,0.014,
46,-0.022,-0.045,
47,-0.639,-0.462,
48,0.589,-0.037,
49,-0.357,-0.478,
50,-0.317,-0.355,
51,0.045,-0.142,
52,0.141,0.128,
53,0.552,-0.544,
54,0.39,0.255,
55,-0.259,-0.514,
56,-0.338,0.351,
57,0.007,-0.018,
58,-0.031,0.455,
59,-0.094,-0.369,
60,0.051,-0.05,
61,-0.032,0.037,
62,-0.126,-0.095,
63,-0.005,0.393,
64,-0.346,-0.191,
65,0.193,-0.031,
66,0.29,0.658,
67,-0.363,-0.367,
68,0.226,0.119,
69,0.215,0.706,
70,-0.008,0.098,
71,-0.235,-0.414,
72,0.406,0.047,
73,-0.408,0.108,
74,0.322,0.183,
75,0.066,-0.133,
76,-0.062,0.381,
77,-0.124,-0.215,
78,-0.474,-0.159,
79,-0.85,0.133,
80,-0.106,-0.548,
81,-0.148,-0.052,
82,0.217,0.335,
83,0.357,0.175,
84,-0.281,-0.053,
85,-0.11,0.073,
86,-0.057,0.423,
87,0.228,-0.673,
88,0.119,0.091,
89,0.183,0.086,
90,0.317,-0.14,
91,0.017,0.466,
92,0.097,-0.247,
93,-0.623,0.519,
94,-0.18,0.41,
95,0.133,-0.154,
96,-0.085,-0.21,
97,0.469,0.116,
98,-0.467,-0.849,
99,0.098,0.007,
100,-0.521,-0.231,
101,0.018,0.38,
102,-0.105,-0.137,
103,-0.135,0.176,
104,-0.01,-0.01,
105,-0.35,-0.122,
106,-0.02,0.155,
107,0.382,0.87,
108,-0.06,-0.204,
109,-0.019,-0.12,
110,0.269,0.298,
111,0.125,0.212,
112,-0.781,-0.098,
113,0.278,-0.037,
114,-0.134,-0.257,
115,0.193,-1.27,
116,-0.052,-0.213,
117,0.521,-0.009,
118,-0.112,-0.154,
119,-0.169,0.078,
120,0.135,-0.378,
121,0.014,0.221,
122,0.254,-0.014,
123,-0.362,-0.855,
124,0.498,-0.254,
125,-0.263,-0.252,
126,0.347,-0.228,
127,0.471,-0.258,
128,-0.036,0.271,
129,0.083,0.184,
130,0.259,0.145,
131,0.441,1.119,
132,-0.493,0.157,
133,-0.339,-0.234,
134,-0.063,0.28,
135,-0.32,-0.285,
136,-0.101,0.009,
137,-0.445,0.034,
138,-0.336,0.166,
139,-0.236,-0.446,
140,0.04,0.098,
141,-0.225,-0.594,
142,-0.156,-0.409,
143,0.104,0.46,
144,-0.245,0.475,
145,-0.145,-0.344,
146,0.653,0.336,
147,-0.037,-0.194,
148,-0.438,0.12,
149,0.185,-1.474,
150,-1.07,-0.007,
151,0.791,0.4,
152,-0.278,0.381,
153,0.37,0.083,
154,-0.095,-0.087,
155,-0.278,-0.201,
156,-0.185,0.328,
157,0.097,-0.231,
158,0.153,0.464,
159,-0.099,-0.112,
160,-0.078,0.194,
161,0.154,-0.16,
162,0.277,-0.015,
163,0.859,-0.33,
