1,-0.955,-0.479,
2,0.041,0.051,
3,0.252,-0.299,
4,0.137,-0.349,
5,0.023,-0.702,
6,0.042,0.136,
7,0.088,-0.271,
8,0.092,-0.41,
9,0.006,-0.176,
10,-0.204,-0.116,
11,0.075,0.519,
12,-0.173,-0.643,
13,0.394,0.241,
14,0.275,-0.514,
15,-0.689,-0.069,
16,0.28,-0.49,
17,-0.203,0.224,
18,-0.152,0.269,
19,-0.214,0.253,
20,0.317,0.209,
21,0.234,0.063,
22,0.242,0.071,
23,-0.024,-0.132,
24,-0.067,0.267,
25,0.479,0.656,
26,0.246,-0.433,
27,0.058,-0.005,
28,0.192,0.055,
29,-0.342,-0.134,
30,0.741,0.34,
31,0.266,-0.048,
32,-0.102,-0.266,
33,-0.031,-0.084,
34,-0.437,0.252,
35,-0.542,-0.699,
36,0.255,0.337,
37,0.2,0.137,
38,-0.065,-0.32,
39,0.484,-0.212,
40,-0.511,0.174,
41,0.124,0.188,
42,0.159,-0.309,
43,0.217,0.129,
44,-0.011,-0.017,
45,0.096,0.147,
46,-0.045,-0.157,
47,0.299,0.134,
48,-0.261,-0.247,
49,-0.019,0.046,
50,-0.152,0.012,
51,-0.466,-0.046,
52,0.221,0.298,
53,-0.064,0.214,
54,0.291,-0.264,
55,0.101,0.019,
56,-0.106,0.559,
57,-0.249,-0.031,
58,0.087,0.111,
59,0.399,0.323,
60,-0.084,0.156,
61,0.022,-0.148,
62,-0.029,0.423,
63,-0.078,0.145,
64,0.01,0.068,
65,-0.216,0.062,
66,0.105,0.005,
67,-0.232,0.009,
68,0.189,-0.017,
69,0.208,0.023,
70,-0.203,-0.27,
71,0.074,-0.272,
72,0.085,-0.116,
73,0.155,0.32,
74,0.323,-0.01,
75,-0.355,0.184,
76,0.264,-0.391,
77,0.026,0.254,
78,0.268,0.824,
79,-0.381,0.201,
80,-0.514,0.063,
81,-0.059,0.234,
82,-0.042,-0.403,
83,-0.427,0.054,
84,0.818,0.188,
85,-0.695,-0.091,
86,0.043,-0.468,
87,0.195,0.018,
88,0.045,0.052,
89,-0.198,-0.154,
90,-0.262,0.133,
91,0.186,0.277,
92,0.146,-0.413,
93,0.571,0.371,
94,0.107,0.281,
95,-0.242,0.545,
96,0.101,0.143,
97,0.183,-0.188,
98,-0.001,0.18,
99,0.396,-0.082,
100,0.361,0.038,
101,-0.094,-0.014,
102,0.091,0.023,
103,-0.013,-0.448,
104,-0.342,0.074,
105,0.379,0.192,
106,-0.529,-1.146,
107,-0.192,-0.234,
108,0.142,0.106,
109,-0.027,-0.281,
110,-0.262,0.076,
111,-0.36,-0.005,
112,-0.236,0.258,
113,-0.021,0.113,
114,0.132,0.344,
115,-0.332,0.286,
116,-0.11,-0.036,
117,0.248,0.339,
118,0.183,-0.196,
119,-0.017,0.064,
120,-0.048,-0.055,
121,-0.123,0.034,
122,0.018,-0.277,
123,-0.324,0.015,
124,-0.097,0.433,
125,0.04,-0.254,
126,0.112,-0.196,
127,-0.084,0.054,
128,-0.267,0.318,
129,0.495,0.246,
130,-0.269,-0.409,
131,0.057,0.386,
132,-0.2,0.221,
133,-0.195,0.084,
134,-0.392,-0.184,
135,-0.048,0.14,
136,-0.305,-0.243,
137,-0.191,0.258,
138,0.144,0.078,
139,0.072,-0.377,
140,-0.125,-0.006,
141,-0.336,0.183,
142,-0.059,-0.072,
143,0.056,-0.301,
144,0.865,-0.769,
145,0.019,-0.235,
146,-0.453,-0.063,
147,-0.453,0.004,
148,-0.107,0.003,
149,-0.061,0.009,
150,-0.206,0.028,
151,-0.349,0.426,
152,-0.28,-0.083,
153,-0.015,-0.152,
154,0.529,0.146,
155,0.101,0.05,
156,-0.253,0.438,
157,0.048,0.052,
158,-0.186,0.197,
159,-0.258,0.053,
160,0.014,0.041,
161,-0.009,-0.205,
162,-0.534,0.161,
163,0.493,-0.309,
