1,0.832,0.604,
2,1.044,-0.02,
3,0.498,0.759,
4,0.792,0.786,
5,0.87,1.169,
6,-0.789,0.491,
7,0.835,1.186,
8,0.93,1.177,
9,-0.037,0.218,
10,0.67,1.442,
11,0.909,1.592,
12,0.585,0.219,
13,0.981,0.688,
14,0.025,0.355,
15,0.18,0.86,
16,1.112,0.528,
17,-0.381,0.479,
18,0.797,0.267,
19,0.616,1.079,
20,0.492,0.45,
21,0.878,0.169,
22,0.26,0.417,
23,0.38,0.822,
24,0.4,0.612,
25,-0.115,0.922,
26,0.818,1.117,
27,0.871,0.7,
28,-0.081,0.773,
29,0.75,0.661,
30,1.286,0.626,
31,0.382,0.978,
32,1.381,0.258,
33,0.223,0.49,
34,-0.25,-0.651,
35,0.433,1.044,
36,-0.169,1.264,
37,0.892,1.441,
38,1.335,1.227,
39,0.445,0.586,
40,0.9,0.17,
41,1.344,0.786,
42,0.758,1.3,
43,0.679,1.104,
44,1.065,1.25,
45,0.359,1.01,
46,0.762,0.208,
47,-0.181,0.112,
48,0.791,0.238,
49,-0.404,-0.147,
50,0.09,0.339,
51,1.685,0.078,
52,-0.22,0.131,
53,0.81,-0.024,
54,0.599,0.5,
55,0.458,0.084,
56,-0.035,1.572,
57,0.384,0.994,
58,0.44,1.17,
59,0.485,1.02,
60,0.475,0.621,
61,0.47,0.879,
62,0.378,0.691,
63,0.532,0.905,
64,0.372,0.153,
65,0.033,-0.272,
66,0.8,1.21,
67,0.171,-0.441,
68,1.304,0.257,
69,0.239,1.429,
70,-0.259,0.201,
71,0.515,0.797,
72,0.41,0.713,
73,0.16,0.786,
74,0.462,0.769,
75,0.543,-0.068,
76,0.455,0.44,
77,0.24,0.386,
78,0.511,0.795,
79,-0.407,0.653,
80,0.437,0.5,
81,0.853,0.956,
82,0.479,0.95,
83,0.356,0.754,
84,0.116,0.621,
85,0.784,0.597,
86,0.406,1.728,
87,0.291,-0.071,
88,0.563,0.592,
89,0.753,0.242,
90,0.934,0.823,
91,1.448,0.722,
92,0.178,0.058,
93,-0.164,1.37,
94,-0.114,0.825,
95,0.511,0.221,
96,0.346,0.435,
97,1.241,0.481,
98,-0.005,-1.084,
99,0.952,0.752,
100,-0.001,0.736,
101,0.756,0.51,
102,0.118,0.358,
103,0.677,0.939,
104,0.466,0.614,
105,0.091,0.494,
106,0.856,1.511,
107,0.765,1.554,
108,0.19,0.091,
109,0.975,0.758,
110,1.23,0.79,
111,0.047,1.102,
112,-0.554,0.252,
113,0.664,0.336,
114,1.343,0.306,
115,0.336,-0.457,
116,0.702,0.171,
117,1.175,0.819,
118,0.698,0.584,
119,0.91,0.888,
120,0.61,0.311,
121,0.45,0.916,
122,0.939,0.318,
123,-0.015,-0.741,
124,0.692,0.239,
125,0.716,0.029,
126,1.784,-0.371,
127,0.149,0.41,
128,0.574,0.826,
129,0.695,0.704,
130,0.823,0.407,
131,1.439,1.387,
132,0.263,0.518,
133,-0.059,0.667,
134,0.678,0.488,
135,0.381,0.696,
136,0.43,0.591,
137,-0.125,0.675,
138,-0.02,0.391,
139,0.223,-0.499,
140,0.599,0.375,
141,-0.022,0.327,
142,0.376,0.289,
143,0.04,1.265,
144,0.143,0.948,
145,0.555,0.192,
146,0.494,1.093,
147,0.374,0.429,
148,-0.221,0.459,
149,0.429,-1.204,
150,-0.977,0.618,
151,1.144,1.07,
152,0.124,1.029,
153,0.19,0.222,
154,0.406,0.486,
155,0.233,1.276,
156,0.43,0.335,
157,0.263,0.09,
158,0.952,1.013,
159,1.084,-0.077,
160,0.337,0.704,
161,0.978,0.114,
162,0.436,0.006,
163,0.958,0.094,
