1,-0.501,-1.221,
2,1.131,-1.178,
3,1.516,0.635,
4,1.011,0.913,
5,0.332,1.039,
6,-0.623,-0.286,
7,0.992,0.599,
8,-0.39,0.434,
9,-1.436,0.8,
10,1.761,-0.566,
11,-0.359,1.698,
12,0.232,0.071,
13,0.061,0.904,
14,1.12,1.312,
15,-0.288,-0.762,
16,0.23,1.371,
17,-1.81,-0.213,
18,0.916,-0.279,
19,0.398,0.119,
20,-0.469,-0.723,
21,0.689,-0.913,
22,-0.329,-1.073,
23,0.356,0.316,
24,-0.621,0.825,
25,0.074,0.267,
26,0.28,-0.034,
27,0.297,-0.612,
28,-0.965,0.555,
29,1.571,1.61,
30,0.994,-0.722,
31,0.261,-1.736,
32,-0.432,-1.365,
33,-0.31,0.565,
34,-0.916,-1.078,
35,-2.134,-0.476,
36,-0.121,2.414,
37,-0.405,0.955,
38,1.203,-0.054,
39,0.067,0.012,
40,0.168,-1.645,
41,0.216,0.588,
42,-1.163,-0.327,
43,-1.404,0.829,
44,-0.884,0.311,
45,-1.625,0.499,
46,0.605,-0.252,
47,-1.265,0.023,
48,0.443,0.165,
49,-0.074,-1.205,
50,-0.362,0.227,
51,0.396,-0.086,
52,-1.142,-1.503,
53,0.507,-1.663,
54,0.318,-1.915,
55,0.165,0.752,
56,0.006,0.33,
57,-0.864,0.277,
58,0.674,-0.385,
59,0.003,1.52,
60,-0.684,0.409,
61,-0.3,-1.855,
62,1.272,0.97,
63,0.059,0.589,
64,-0.131,1.301,
65,-1.256,-0.958,
66,0.064,0.534,
67,-0.055,0.216,
68,1.145,0.255,
69,0.206,0.371,
70,-0.384,-1.893,
71,-0.172,1.482,
72,0.096,-0.601,
73,-0.157,-0.776,
74,-0.171,0.08,
75,1.231,-0.896,
76,-0.099,-0.305,
77,-0.174,0.771,
78,-0.34,0.933,
79,-0.306,0.318,
80,0.454,-0.129,
81,0.426,0.246,
82,0.363,-0.29,
83,-1.757,-0.127,
84,0.847,0.026,
85,-0.155,-0.185,
86,0.199,2.269,
87,0.24,-0.182,
88,0.676,-0.245,
89,0.458,-1.226,
90,0.886,1.342,
91,1.805,-0.186,
92,0.102,-1.17,
93,0.225,-1.245,
94,0.376,0.282,
95,-0.653,0.476,
96,-0.104,0.304,
97,-0.34,0.518,
98,0.379,-2.149,
99,0.853,0.58,
100,-1.263,2.244,
101,0.678,-0.48,
102,-1.083,0.801,
103,2.037,-0.439,
104,0.374,1.994,
105,0.163,-0.433,
106,0.444,-0.054,
107,-1.089,1.316,
108,-0.703,-0.176,
109,0.001,0.395,
110,2.019,-0.568,
111,-0.098,1.477,
112,-0.014,-0.243,
113,0.488,0.811,
114,0.812,0.344,
115,0.044,1.218,
116,0.894,-0.149,
117,1.571,0.806,
118,0.687,-0.18,
119,1.154,1.09,
120,-0.746,-0.715,
121,1.064,0.337,
122,0.849,-1.134,
123,-1.145,-1.185,
124,0.98,0.113,
125,0.919,-1.208,
126,-1.199,-0.495,
127,-0.982,-0.185,
128,-0.192,0.808,
129,-0.053,-0.667,
130,-0.359,0.212,
131,1.123,-0.008,
132,0.472,0.795,
133,-0.953,0.805,
134,-0.028,0.169,
135,-0.823,0.759,
136,-0.186,-0.677,
137,-1.675,1.45,
138,-1.117,-0.616,
139,0.097,0.245,
140,0.276,-0.398,
141,-0.042,0.372,
142,-0.176,-0.069,
143,-0.589,1.589,
144,0.568,-0.078,
145,0.322,-0.43,
146,-0.361,-0.038,
147,-0.649,-0.402,
148,-0.122,0.284,
149,-0.318,-0.716,
150,-1.272,-0.336,
151,-0.946,0.466,
152,0.397,-0.21,
153,-1.211,-0.189,
154,-1.58,1.004,
155,0.306,0.896,
156,-0.403,-1.799,
157,-0.347,-1.906,
158,0.502,0.078,
159,3.004,-1.017,
160,1.439,1.65,
161,1.408,0.387,
162,0.116,-0.685,
163,0.176,-0.606,
