1,-0.223,-1.226,
2,1.484,-1.579,
3,1.891,1.027,
4,1.293,1.361,
5,0.381,1.598,
6,-0.739,-0.207,
7,1.203,0.908,
8,-0.356,0.872,
9,-1.685,0.785,
10,2.241,-0.668,
11,0.114,1.941,
12,0.057,0.194,
13,0.061,1.157,
14,1.434,1.93,
15,-0.563,-0.252,
16,0.505,1.841,
17,-1.621,0.087,
18,1.215,0.008,
19,0.683,0.154,
20,-0.545,-0.889,
21,1.123,-1.095,
22,-0.573,-1.664,
23,0.165,0.356,
24,-0.924,0.883,
25,-0.275,0.541,
26,0.404,0.186,
27,0.425,-0.571,
28,-1.532,0.675,
29,2.487,1.655,
30,1.399,-1.245,
31,0.254,-2.371,
32,-0.283,-1.753,
33,-0.39,0.653,
34,-1.025,-1.407,
35,-2.759,-0.511,
36,-0.538,2.958,
37,0.016,1.093,
38,1.876,0.331,
39,-0.114,-0.129,
40,0.293,-2.066,
41,0.399,0.402,
42,-1.442,-0.584,
43,-1.97,1.062,
44,-1.051,0.494,
45,-2.316,0.831,
46,0.641,-0.399,
47,-1.485,0.122,
48,0.213,0.068,
49,-0.071,-1.411,
50,-0.467,0.366,
51,0.558,-0.47,
52,-1.443,-1.816,
53,0.27,-2.126,
54,0.348,-1.989,
55,0.278,1.05,
56,-0.345,0.134,
57,-0.655,0.298,
58,0.999,-0.474,
59,-0.141,1.665,
60,-0.811,0.512,
61,-0.562,-1.889,
62,1.572,1.104,
63,0.232,0.815,
64,-0.225,1.697,
65,-1.843,-1.43,
66,-0.165,0.349,
67,0.047,0.087,
68,1.635,0.278,
69,0.091,0.564,
70,-0.64,-2.148,
71,0.016,2.011,
72,-0.04,-0.726,
73,0.003,-0.87,
74,-0.65,0.094,
75,1.429,-0.955,
76,-0.055,-0.409,
77,-0.248,0.902,
78,-0.287,0.943,
79,-0.37,0.309,
80,0.802,-0.055,
81,0.588,0.416,
82,-0.027,-0.322,
83,-2.152,-0.024,
84,0.777,-0.009,
85,0.207,-0.411,
86,0.485,3.375,
87,0.152,-0.275,
88,0.847,-0.153,
89,0.771,-1.388,
90,1.643,1.549,
91,2.322,0,
92,0.25,-1.718,
93,0.059,-1.415,
94,0.375,0.244,
95,-0.948,0.582,
96,-0.174,0.419,
97,0.03,0.319,
98,0.901,-2.465,
99,0.963,1.227,
100,-0.955,2.439,
101,0.677,-0.783,
102,-1.45,0.857,
103,2.555,-0.377,
104,0.767,2.186,
105,0.103,-0.492,
106,0.39,0.538,
107,-1.561,1.944,
108,-1.082,-0.236,
109,0.233,0.762,
110,2.26,-0.848,
111,0.157,1.918,
112,-0.081,-0.301,
113,0.426,0.784,
114,1.399,0.372,
115,-0.148,1.007,
116,1.154,-0.044,
117,1.937,0.854,
118,0.893,-0.154,
119,1.437,1.507,
120,-0.69,-0.868,
121,1.699,0.915,
122,0.841,-1.535,
123,-1.266,-1.265,
124,1.205,0.041,
125,0.721,-1.498,
126,-1.248,-0.702,
127,-1.47,-0.161,
128,-0.008,0.829,
129,0.145,-0.565,
130,-0.466,0.155,
131,1.627,0.075,
132,0.666,1.016,
133,-1.267,1.207,
134,0.182,0.061,
135,-0.98,1.12,
136,-0.166,-0.812,
137,-2.22,1.377,
138,-1.447,-0.789,
139,0.143,-0.081,
140,0.565,-0.729,
141,-0.009,0.415,
142,-0.259,0.011,
143,-0.527,1.46,
144,0.387,0.201,
145,0.415,-0.411,
146,-0.611,0.028,
147,-1.093,-0.426,
148,-0.38,0.024,
149,-0.183,-1.293,
150,-1.673,-0.258,
151,-1.121,0.479,
152,0.202,-0.571,
153,-1.803,-0.247,
154,-1.849,0.963,
155,0.258,1.146,
156,-0.374,-2.468,
157,0.044,-1.721,
158,0.735,0.42,
159,3.697,-1.01,
160,1.795,1.728,
161,1.612,0.508,
162,-0.066,-1.105,
163,0.031,-1.006,
