1,-0.408,-0.312,
2,-0.383,-0.046,
3,0.551,-0.32,
4,-0.249,0.236,
5,-0.014,-0.372,
6,0.041,0.127,
7,0.369,-0.24,
8,-0.04,-0.589,
9,1.689,-0.097,
10,-0.032,-0.186,
11,-0.211,-0.348,
12,0.46,0.129,
13,0.047,0.075,
14,0.102,-0.391,
15,-0.345,0.196,
16,0.681,-0.275,
17,-0.243,-0.242,
18,0.114,0.426,
19,-0.633,0.542,
20,-0.121,0.137,
21,0.032,0.063,
22,0.143,0.081,
23,0.244,-0.973,
24,-0.258,-0.326,
25,0.395,-0.393,
26,-0.834,-0.771,
27,-0.794,-0.238,
28,0.373,0,
29,0.018,0.592,
30,0.664,0.292,
31,-0.175,-0.437,
32,0.294,-0.258,
33,-0.533,-0.125,
34,0.195,-0.89,
35,-0.197,0.099,
36,0.483,0.323,
37,0.611,0.211,
38,0.276,-0.228,
39,0.504,-0.367,
40,0.443,-0.217,
41,0.238,0.748,
42,0.145,0.258,
43,0.426,0.587,
44,0.14,-0.578,
45,-0.156,0.032,
46,-0.136,0.015,
47,0.074,0.614,
48,-0.348,-0.534,
49,0.115,-0.383,
50,0.603,0.349,
51,-0.521,-0.688,
52,-0.349,0.519,
53,-0.406,0.727,
54,-0.352,-0.128,
55,-0.26,0.143,
56,-0.5,0.322,
57,0.246,0.002,
58,-0.881,0.182,
59,0.071,-0.352,
60,-0.012,0.097,
61,-0.559,-0.092,
62,0.3,-0.187,
63,0.66,0.862,
64,0.111,0.668,
65,0.158,0.187,
66,0.454,0.188,
67,0.742,0.705,
68,0.265,-0.193,
69,0.296,-0.009,
70,0.466,-0.439,
71,0.63,-0.28,
72,0.067,-0.699,
73,1.032,0.136,
74,1.014,-0.047,
75,0.2,0.641,
76,0.197,-0.919,
77,0.101,1.031,
78,0.356,0.5,
79,0.516,0.684,
80,-0.07,0.503,
81,-0.307,-0.569,
82,-0.042,0.629,
83,0.143,0.154,
84,0.343,0.204,
85,-0.07,0.03,
86,0.636,-0.375,
87,0.015,-0.253,
88,0.137,0.301,
89,-0.868,0.28,
90,-0.677,0.558,
91,0.058,0.223,
92,-0.004,-0.014,
93,0.724,1.015,
94,-0.443,0.859,
95,0.719,-0.216,
96,0.134,-0.511,
97,-0.366,-0.207,
98,-0.017,-0.972,
99,0.423,0.044,
100,0.248,-0.781,
101,-0.21,-0.201,
102,-0.27,-0.286,
103,0.117,-0.786,
104,0.584,-0.342,
105,-0.354,0.814,
106,0.017,-0.971,
107,-0.282,-0.37,
108,0.608,-0.624,
109,0.101,-0.961,
110,-0.812,-1.514,
111,0.115,-0.262,
112,1.068,0.04,
113,0.196,0.109,
114,-0.035,0.071,
115,-0.093,0.432,
116,-0.282,-0.114,
117,1.272,-0.311,
118,0.001,-0.022,
119,0.217,0.036,
120,-0.2,-0.008,
121,-0.049,-0.194,
122,0.196,0.083,
123,0.065,-0.198,
124,-0.493,-0.142,
125,0.311,0.121,
126,0.164,-0.298,
127,0.248,-0.064,
128,-0.449,0.45,
129,0.349,0.092,
130,-0.057,0.069,
131,0.45,-0.309,
132,-0.107,0.502,
133,0.033,-0.749,
134,-0.497,0.507,
135,-0.402,-0.084,
136,0.044,-0.264,
137,0.461,0.194,
138,-0.03,0.089,
139,-0.191,0.375,
140,-0.596,-0.159,
141,-0.418,0.388,
142,0.492,-0.411,
143,0.124,-0.233,
144,0.747,-0.753,
145,-0.375,0.483,
146,-0.382,-0.008,
147,-0.08,0.239,
148,-1.012,-0.395,
149,0.046,-0.255,
150,0.498,-0.978,
151,-0.152,0.197,
152,0.557,-0.454,
153,0.063,-0.019,
154,-0.782,0.279,
155,0.032,-0.332,
156,0.305,0.615,
157,0.328,0.112,
158,-0.078,0.058,
159,0.152,0.543,
160,-0.364,0.1,
161,-0.116,-0.082,
162,0.619,0.546,
163,0.221,-0.399,
