1,-1.702,-2.506,
2,0.69,-1.506,
3,-1.441,-1.428,
4,0.738,-0.894,
5,0.435,-1.732,
6,-0.599,1.716,
7,2.298,1.275,
8,0.737,-0.042,
9,-1.083,-0.38,
10,0.741,-0.542,
11,0.118,2.017,
12,-1.374,-1.944,
13,1.938,0.853,
14,-0.177,-0.888,
15,-1.698,0.223,
16,0.2,-2.404,
17,0.271,0.057,
18,0.104,-0.469,
19,1.433,0.798,
20,2.816,1.174,
21,0.678,0.233,
22,1.049,0.695,
23,0.121,-0.486,
24,-0.009,0.826,
25,-0.152,2.195,
26,0.155,-0.519,
27,-0.02,-0.374,
28,0.541,0.1,
29,-0.163,-1.778,
30,0.375,0.282,
31,0.636,0.721,
32,0.085,-1.014,
33,-0.058,-0.491,
34,-2.116,1.378,
35,-1.667,-0.6,
36,-0.637,0.69,
37,0.077,0.226,
38,-0.527,-1.016,
39,0.221,0.417,
40,-0.777,1.589,
41,0.379,0.511,
42,0.878,0.884,
43,-0.009,1.561,
44,-0.193,-0.327,
45,-0.292,-0.041,
46,-2.244,-1.021,
47,-0.251,0.648,
48,-0.915,-0.887,
49,-1.594,-2.067,
50,-1.023,-0.903,
51,-0.78,-0.173,
52,0.52,0.93,
53,0.098,-1.288,
54,1.66,-0.63,
55,-0.407,0.707,
56,-0.711,0.517,
57,-0.374,-0.484,
58,0.759,0.524,
59,1.647,0.554,
60,-0.037,-0.378,
61,0.562,-0.431,
62,-1.361,0.522,
63,-0.956,1.739,
64,-0.167,0.098,
65,-0.036,0.086,
66,0.361,0.645,
67,-0.467,-0.972,
68,0.071,0.655,
69,-1.441,0.582,
70,-0.175,-0.155,
71,-0.164,-1.269,
72,0.645,-0.663,
73,-0.55,-0.234,
74,-0.141,-0.109,
75,-2.218,-0.087,
76,-0.078,0.082,
77,0.185,-0.331,
78,-0.232,0.003,
79,-1.063,-0.011,
80,-1.032,-0.403,
81,-0.644,1.204,
82,-0.744,-0.905,
83,-1.683,-0.282,
84,0.815,-0.078,
85,-0.966,-0.156,
86,-0.138,-0.212,
87,0.703,-0.331,
88,0.145,0.728,
89,0.699,0.319,
90,-0.344,0.288,
91,0.098,1.197,
92,0.753,-1.262,
93,1.602,-0.118,
94,0.23,0.793,
95,0.436,1.955,
96,-1.075,0.929,
97,1.023,0.959,
98,0.258,-0.681,
99,0.063,0.82,
100,-2.081,0.226,
101,0.551,0.533,
102,-0.784,-0.766,
103,-1.053,-1.136,
104,-0.632,-0.296,
105,0.422,0.624,
106,-0.435,-0.857,
107,-0.227,0.453,
108,0.351,0.139,
109,-0.177,-0.167,
110,-2.315,0.956,
111,-0.894,1.087,
112,-1.116,1.788,
113,1.077,-0.41,
114,0.016,0.534,
115,-0.168,0.496,
116,-0.606,-0.617,
117,1.795,-0.063,
118,0.4,-0.777,
119,-0.622,0.28,
120,0.139,-0.969,
121,0.213,1.996,
122,-0.681,-0.125,
123,-0.523,-0.972,
124,0.105,0.319,
125,-1.033,-0.583,
126,0.255,-0.592,
127,0.584,0.873,
128,-0.529,0.187,
129,0.356,1.48,
130,-0.908,-1.05,
131,0.801,2.049,
132,-0.518,1.577,
133,-0.544,-0.028,
134,-0.978,-0.479,
135,-1.154,0.434,
136,-1.939,-0.455,
137,-1.056,0.336,
138,-0.489,0.49,
139,0.398,-0.689,
140,-0.108,0.181,
141,-0.2,-0.937,
142,-0.118,0.246,
143,-0.3,-0.503,
144,0.06,0.428,
145,-0.17,-1.232,
146,-0.967,-0.569,
147,-1.628,-1.418,
148,-0.717,0.357,
149,1.676,-1.203,
150,-0.463,-0.316,
151,-0.694,0.702,
152,-0.843,-0.157,
153,0.444,0.717,
154,1.199,0.466,
155,-0.311,0.146,
156,-0.069,-0.139,
157,-0.337,-1.145,
158,-1.796,-0.983,
159,-0.238,0.423,
160,0.599,-0.294,
161,-1.398,0.104,
162,-0.543,-0.107,
163,0.498,-0.95,
