1,-1.556,-0.94,
2,0.106,-0.053,
3,-0.154,-0.773,
4,0.292,-0.656,
5,0.071,-1.234,
6,-0.018,0.483,
7,0.267,-0.277,
8,0.068,-0.459,
9,-0.357,-0.212,
10,-0.24,-0.231,
11,0.191,1.033,
12,-0.661,-1.25,
13,0.921,0.461,
14,0.295,-0.594,
15,-1.225,-0.096,
16,0.359,-1.002,
17,-0.126,0.075,
18,-0.039,0.204,
19,-0.039,0.347,
20,0.788,0.356,
21,0.332,0.079,
22,0.466,0.15,
23,-0.022,-0.193,
24,0.093,0.287,
25,0.469,1.273,
26,0.117,-0.724,
27,0.105,-0.065,
28,0.305,0.037,
29,-0.326,-0.557,
30,0.75,0.355,
31,0.393,0.047,
32,-0.134,-0.482,
33,-0.05,-0.234,
34,-0.886,0.566,
35,-1.016,-1.223,
36,0.291,0.288,
37,0.209,0.174,
38,-0.086,-0.519,
39,0.572,-0.143,
40,-0.745,0.56,
41,0.171,0.286,
42,0.155,-0.177,
43,0.179,0.443,
44,-0.036,-0.078,
45,0.121,0.201,
46,-0.488,-0.352,
47,0.43,0.321,
48,-0.53,-0.452,
49,-0.06,-0.242,
50,-0.397,-0.122,
51,-0.578,-0.024,
52,0.328,0.524,
53,-0.18,0.138,
54,0.559,-0.5,
55,0.038,0.227,
56,0.005,0.583,
57,-0.352,-0.122,
58,0.227,0.176,
59,0.665,0.552,
60,-0.084,0.129,
61,0.184,-0.196,
62,-0.29,0.62,
63,-0.352,0.325,
64,-0.094,0.135,
65,-0.264,0.109,
66,0.199,0.035,
67,-0.282,-0.151,
68,0.208,0.179,
69,-0.075,0.043,
70,-0.264,-0.321,
71,0.095,-0.499,
72,0.221,-0.301,
73,0.137,0.278,
74,0.285,-0.096,
75,-0.859,0.095,
76,0.291,-0.503,
77,0.112,0.225,
78,0.267,0.868,
79,-0.629,0.162,
80,-0.691,0.004,
81,-0.253,0.394,
82,-0.161,-0.796,
83,-0.913,-0.034,
84,1.181,0.281,
85,-0.725,-0.1,
86,0.021,-0.482,
87,0.305,0.181,
88,-0.114,0.376,
89,-0.248,-0.153,
90,-0.472,0.188,
91,0.222,0.38,
92,0.38,-0.849,
93,1.135,0.309,
94,0.189,0.504,
95,-0.276,0.951,
96,-0.129,0.432,
97,0.504,0.221,
98,0.009,0.261,
99,0.562,0.013,
100,0.23,0.184,
101,0.055,0.044,
102,0.051,-0.289,
103,-0.233,-0.637,
104,-0.556,-0.017,
105,0.622,0.43,
106,-0.562,-1.215,
107,-0.281,-0.298,
108,0.271,0.156,
109,0.1,-0.248,
110,-0.617,0.242,
111,-0.68,0.263,
112,-0.464,0.702,
113,0.032,0.037,
114,0.178,0.546,
115,-0.265,0.339,
116,-0.262,-0.123,
117,0.412,0.527,
118,0.273,-0.369,
119,-0.118,0.047,
120,-0.103,-0.156,
121,-0.143,0.445,
122,-0.218,-0.498,
123,-0.5,-0.176,
124,-0.182,0.588,
125,-0.068,-0.314,
126,0.157,-0.23,
127,-0.102,0.238,
128,-0.403,0.287,
129,0.523,0.519,
130,-0.56,-0.808,
131,0.215,0.803,
132,-0.322,0.669,
133,-0.208,0.256,
134,-0.522,-0.396,
135,-0.266,0.233,
136,-0.78,-0.537,
137,-0.412,0.455,
138,0.077,0.154,
139,0.136,-0.675,
140,-0.179,0.089,
141,-0.227,-0.107,
142,-0.155,0.022,
143,-0.084,-0.297,
144,0.786,-0.71,
145,-0.031,-0.443,
146,-0.69,-0.209,
147,-0.81,-0.154,
148,-0.247,0.044,
149,0.142,-0.108,
150,-0.304,0.149,
151,-0.659,0.611,
152,-0.518,-0.15,
153,0.156,-0.129,
154,0.965,0.307,
155,0.021,0.207,
156,-0.277,0.339,
157,-0.086,0.108,
158,-0.278,-0.099,
159,-0.236,0.113,
160,0.184,-0.106,
161,-0.385,-0.091,
162,-0.828,0.112,
163,0.578,-0.461,
