1,-0.365,-0.491,
2,0.87,-0.866,
3,1.189,0.016,
4,0.916,0.349,
5,0.141,0.839,
6,-0.68,0.115,
7,0.979,0.455,
8,-0.504,-0.07,
9,-1.38,0.526,
10,1.348,-0.695,
11,-0.557,1.375,
12,0.346,-0.071,
13,0.128,0.473,
14,0.965,0.667,
15,-0.583,-0.631,
16,0.07,1.2,
17,-1.799,-0.258,
18,0.62,-0.367,
19,0.198,0.082,
20,-0.558,-0.673,
21,0.518,-0.739,
22,-0.293,-0.727,
23,0.387,0.146,
24,-0.452,0.486,
25,0.211,0.147,
26,-0.081,-0.47,
27,0.12,-0.686,
28,-0.632,0.447,
29,1.067,1.491,
30,0.808,-0.498,
31,0.237,-1.507,
32,-0.562,-1.179,
33,-0.288,0.429,
34,-0.803,-0.815,
35,-1.675,-0.404,
36,0.368,1.726,
37,-0.985,0.619,
38,0.747,-0.316,
39,0.15,-0.074,
40,0.059,-1.397,
41,0.092,0.542,
42,-0.935,-0.304,
43,-1.227,0.54,
44,-0.85,0.172,
45,-1.385,0.32,
46,0.461,-0.176,
47,-1.023,-0.011,
48,0.89,0.074,
49,-0.288,-0.931,
50,-0.376,0.146,
51,0.132,-0.039,
52,-0.904,-1.258,
53,0.4,-1.314,
54,0.299,-2.013,
55,0.097,0.568,
56,0.143,0.388,
57,-0.785,0.201,
58,0.511,-0.382,
59,-0.037,1.236,
60,-0.593,0.335,
61,-0.488,-1.556,
62,1.609,0.651,
63,-0.257,0.47,
64,-0.091,1.121,
65,-0.924,-0.63,
66,0.071,0.439,
67,-0.129,0.297,
68,0.715,0.24,
69,0.347,0.24,
70,-0.279,-1.801,
71,-0.244,0.976,
72,0.053,-0.555,
73,-0.128,-0.589,
74,0.264,0.045,
75,0.527,-0.67,
76,-0.084,-0.224,
77,-0.22,0.687,
78,-0.394,0.781,
79,-0.254,0.29,
80,0.265,-0.187,
81,0.32,0.129,
82,0.439,-0.32,
83,-1.474,-0.319,
84,0.888,0.086,
85,-0.344,-0.149,
86,0.03,1.424,
87,0.285,-0.145,
88,0.699,-0.257,
89,0.651,-1.138,
90,0.352,1.123,
91,1.364,-0.228,
92,0.124,-0.905,
93,0.234,-1.055,
94,0.336,0.298,
95,-0.542,0.411,
96,-0.142,0.216,
97,-0.469,0.413,
98,0.139,-1.799,
99,0.819,0.32,
100,-1.291,2.101,
101,0.612,-0.381,
102,-1.396,0.627,
103,1.717,-0.454,
104,0.027,1.965,
105,0.18,-0.424,
106,0.212,-0.444,
107,-0.941,0.887,
108,-0.511,-0.177,
109,-0.165,0.183,
110,1.857,-0.385,
111,-0.215,1.213,
112,0.052,-0.255,
113,0.39,0.638,
114,0.531,0.329,
115,-0.089,1.257,
116,0.449,-0.226,
117,1.288,0.632,
118,0.602,-0.204,
119,0.887,0.865,
120,-0.683,-0.692,
121,0.791,0.104,
122,0.717,-0.764,
123,-1.084,-1.123,
124,0.835,0.129,
125,0.836,-0.755,
126,-1.277,-0.291,
127,-0.205,-0.167,
128,-0.547,1.017,
129,-0.162,-0.611,
130,-0.329,0.228,
131,0.787,-0.073,
132,0.385,0.622,
133,-0.814,0.556,
134,-0.181,0.173,
135,-0.634,0.516,
136,-0.243,-0.62,
137,-1.345,1.491,
138,-0.666,-0.264,
139,0.151,0.461,
140,-0.014,-0.083,
141,-0.115,0.405,
142,-0.147,-0.136,
143,-0.508,1.347,
144,0.681,-0.278,
145,0.226,-0.383,
146,-0.197,-0.049,
147,-0.388,-0.209,
148,-0.119,0.17,
149,0.13,-0.879,
150,-1.119,-0.097,
151,-0.996,0.574,
152,0.327,-0.167,
153,-0.774,-0.148,
154,-1.382,0.91,
155,0.447,0.767,
156,-0.402,-1.145,
157,-0.435,-1.923,
158,0.454,-0.225,
159,2.33,-1.044,
160,1.157,1.958,
161,1.328,0.824,
162,0.19,-0.445,
163,-0.066,-0.983,
