1,-0.624,-0.171,
2,0.301,-0.17,
3,0.926,0.167,
4,0.387,0.449,
5,-0.109,0.434,
6,-0.43,-0.136,
7,0.349,0.116,
8,-0.262,-0.32,
9,-0.754,0.306,
10,0.656,-0.54,
11,-0.569,0.645,
12,0.345,-0.049,
13,-0.167,0.24,
14,0.398,0.006,
15,-0.057,-0.863,
16,-0.207,0.476,
17,-1.195,-0.154,
18,0.079,-0.02,
19,-0.136,0.018,
20,-0.54,-0.353,
21,0.365,-0.398,
22,-0.041,-0.259,
23,0.131,-0.07,
24,-0.503,0.386,
25,0.333,-0.031,
26,0.224,-0.249,
27,0.078,-0.48,
28,-0.269,0.169,
29,0.34,1.027,
30,0.633,-0.193,
31,0.137,-1.084,
32,-0.539,-0.793,
33,-0.23,0.145,
34,-0.508,-0.391,
35,-0.957,-0.052,
36,0.299,1.238,
37,-0.391,0.273,
38,0.241,-0.531,
39,0.246,-0.201,
40,-0.135,-0.717,
41,-0.028,0.229,
42,-0.332,-0.444,
43,-0.756,0.115,
44,-0.662,0.035,
45,-1.019,0.095,
46,0.175,-0.083,
47,-0.43,0.005,
48,0.32,0.254,
49,-0.481,-0.16,
50,-0.152,0.089,
51,-0.34,-0.097,
52,-0.43,-0.654,
53,0.093,-0.604,
54,0.152,-1.503,
55,0.015,0.266,
56,0.275,0.484,
57,-0.454,-0.077,
58,0.28,-0.3,
59,-0.033,0.508,
60,-0.711,0.253,
61,-0.202,-0.93,
62,0.493,0.115,
63,-0.127,0.31,
64,-0.046,0.765,
65,-0.46,-0.229,
66,0.002,0.173,
67,-0.132,0.365,
68,0.104,0.206,
69,0.455,0.056,
70,-0.323,-1.429,
71,-0.289,0.213,
72,-0.082,-0.407,
73,0.07,-0.291,
74,0.259,0.058,
75,0.253,-0.474,
76,0.168,-0.086,
77,-0.104,0.49,
78,-0.392,0.288,
79,-0.17,0.215,
80,-0.056,-0.267,
81,0.161,0.008,
82,0.321,-0.293,
83,-0.669,-0.447,
84,0.859,0,
85,-0.573,-0.189,
86,-0.108,0.101,
87,0.084,-0.153,
88,0.102,-0.183,
89,-0.022,-0.658,
90,0.227,0.696,
91,0.522,-0.179,
92,0.195,-0.533,
93,0.168,-0.558,
94,0.182,0.209,
95,-0.303,0.247,
96,-0.011,0.066,
97,-0.409,-0.075,
98,-0.028,-0.852,
99,0.687,0.023,
100,-1.033,1.401,
101,0.171,-0.34,
102,-0.774,0.895,
103,0.58,-0.534,
104,0.019,1.364,
105,0.098,-0.308,
106,-0.276,-0.989,
107,-0.712,0.326,
108,-0.245,-0.184,
109,-0.303,-0.129,
110,1.203,0,
111,-0.364,0.46,
112,0.202,-0.208,
113,0.179,0.245,
114,0.024,0.283,
115,-0.304,0.609,
116,0.509,-0.295,
117,0.784,0.104,
118,0.331,-0.12,
119,0.511,0.553,
120,-0.473,-0.528,
121,0.327,-0.256,
122,0.486,-0.117,
123,-0.765,-0.844,
124,0.542,0.174,
125,0.347,-0.238,
126,-0.981,-0.176,
127,-0.16,-0.274,
128,-0.254,0.53,
129,0.055,-0.44,
130,-0.247,0.27,
131,0.315,-0.142,
132,0.196,0.314,
133,-0.516,0.229,
134,-0.316,0.077,
135,-0.214,0.213,
136,-0.278,-0.393,
137,-0.855,0.937,
138,-0.363,-0.35,
139,0.179,0.608,
140,-0.1,-0.112,
141,-0.207,0.399,
142,-0.16,-0.131,
143,-0.125,0.613,
144,0.831,-0.529,
145,0.153,-0.247,
146,-0.119,-0.211,
147,-0.4,-0.151,
148,0.011,0.123,
149,0.057,-0.192,
150,-0.616,-0.115,
151,-0.622,0.197,
152,0.126,-0.186,
153,-0.396,0.116,
154,-1.024,0.485,
155,0.445,0.059,
156,-0.521,-0.546,
157,0.037,-0.655,
158,-0.124,0.32,
159,0.643,-0.524,
160,0.746,1.064,
161,0.819,0.291,
162,0.163,-0.025,
163,0.173,-0.401,
