1,-0.224,-1.221,
2,1.433,-1.541,
3,1.827,0.983,
4,1.252,1.302,
5,0.398,1.538,
6,-0.685,-0.296,
7,1.154,0.879,
8,-0.339,0.853,
9,-1.621,0.791,
10,2.188,-0.569,
11,0.062,1.952,
12,0.091,0.181,
13,0.057,1.149,
14,1.363,1.853,
15,-0.523,-0.296,
16,0.505,1.82,
17,-1.62,0.028,
18,1.179,-0.045,
19,0.635,0.16,
20,-0.511,-0.833,
21,1.021,-1.058,
22,-0.454,-1.6,
23,0.194,0.376,
24,-0.845,0.905,
25,-0.248,0.518,
26,0.403,0.182,
27,0.438,-0.599,
28,-1.491,0.641,
29,2.326,1.652,
30,1.345,-1.134,
31,0.257,-2.2,
32,-0.254,-1.65,
33,-0.367,0.633,
34,-0.99,-1.384,
35,-2.64,-0.513,
36,-0.487,2.946,
37,-0.024,1.099,
38,1.857,0.353,
39,-0.105,-0.041,
40,0.306,-1.969,
41,0.385,0.457,
42,-1.381,-0.515,
43,-1.85,1.026,
44,-0.978,0.486,
45,-2.139,0.786,
46,0.65,-0.344,
47,-1.469,0.084,
48,0.238,0.069,
49,-0.068,-1.38,
50,-0.434,0.349,
51,0.608,-0.382,
52,-1.387,-1.753,
53,0.312,-2.037,
54,0.338,-1.95,
55,0.268,1,
56,-0.249,0.166,
57,-0.654,0.332,
58,0.942,-0.42,
59,-0.128,1.682,
60,-0.762,0.5,
61,-0.538,-1.866,
62,1.512,1.133,
63,0.22,0.785,
64,-0.222,1.593,
65,-1.736,-1.362,
66,-0.132,0.37,
67,0.042,0.084,
68,1.621,0.246,
69,0.084,0.551,
70,-0.594,-2.087,
71,0.031,1.994,
72,0.001,-0.686,
73,-0.011,-0.835,
74,-0.571,0.107,
75,1.504,-0.938,
76,-0.053,-0.422,
77,-0.227,0.876,
78,-0.282,0.962,
79,-0.387,0.363,
80,0.713,-0.069,
81,0.546,0.41,
82,0.077,-0.287,
83,-2.05,-0.004,
84,0.831,0.003,
85,0.133,-0.374,
86,0.477,3.241,
87,0.16,-0.26,
88,0.821,-0.165,
89,0.651,-1.34,
90,1.529,1.523,
91,2.255,-0.029,
92,0.211,-1.636,
93,0.064,-1.316,
94,0.361,0.258,
95,-0.88,0.591,
96,-0.146,0.445,
97,-0.008,0.385,
98,0.851,-2.41,
99,0.979,1.123,
100,-1.018,2.381,
101,0.714,-0.715,
102,-1.415,0.847,
103,2.475,-0.383,
104,0.703,2.147,
105,0.137,-0.465,
106,0.45,0.487,
107,-1.492,1.843,
108,-1.046,-0.19,
109,0.221,0.712,
110,2.224,-0.781,
111,0.109,1.851,
112,-0.081,-0.276,
113,0.441,0.771,
114,1.331,0.368,
115,-0.111,0.977,
116,1.124,-0.065,
117,1.915,0.859,
118,0.869,-0.16,
119,1.425,1.439,
120,-0.702,-0.817,
121,1.597,0.84,
122,0.873,-1.448,
123,-1.225,-1.242,
124,1.161,0.057,
125,0.772,-1.491,
126,-1.191,-0.741,
127,-1.422,-0.15,
128,-0.015,0.826,
129,0.126,-0.561,
130,-0.424,0.172,
131,1.56,0.098,
132,0.633,0.978,
133,-1.194,1.143,
134,0.17,0.09,
135,-0.943,1.116,
136,-0.134,-0.745,
137,-2.109,1.38,
138,-1.387,-0.75,
139,0.138,-0.055,
140,0.533,-0.668,
141,-0.015,0.405,
142,-0.246,0.032,
143,-0.531,1.493,
144,0.391,0.164,
145,0.433,-0.405,
146,-0.573,0.046,
147,-0.993,-0.428,
148,-0.36,0.056,
149,-0.202,-1.229,
150,-1.585,-0.234,
151,-1.05,0.492,
152,0.268,-0.501,
153,-1.73,-0.242,
154,-1.767,0.974,
155,0.251,1.141,
156,-0.355,-2.359,
157,0.033,-1.753,
158,0.679,0.526,
159,3.602,-1.03,
160,1.726,1.695,
161,1.583,0.455,
162,-0.025,-1.062,
163,0.052,-0.951,
