1,-0.193,-0.746,
2,1.043,-1.286,
3,1.297,0.07,
4,1.079,0.396,
5,0.328,0.947,
6,-0.67,0.152,
7,1.138,0.587,
8,-0.535,0.105,
9,-1.482,0.599,
10,1.605,-0.618,
11,-0.447,1.608,
12,0.34,-0.045,
13,0.215,0.592,
14,1.206,0.883,
15,-0.716,-0.41,
16,0.206,1.348,
17,-1.85,-0.125,
18,0.835,-0.43,
19,0.351,0.159,
20,-0.395,-0.688,
21,0.594,-0.82,
22,-0.28,-0.904,
23,0.437,0.273,
24,-0.432,0.576,
25,0.136,0.199,
26,-0.094,-0.425,
27,0.185,-0.647,
28,-0.788,0.574,
29,1.36,1.582,
30,0.937,-0.578,
31,0.269,-1.56,
32,-0.453,-1.242,
33,-0.279,0.53,
34,-0.909,-0.988,
35,-1.877,-0.478,
36,0.282,1.945,
37,-1.015,0.774,
38,1.018,-0.08,
39,0.127,0.007,
40,0.169,-1.551,
41,0.205,0.66,
42,-1.077,-0.246,
43,-1.304,0.728,
44,-0.816,0.266,
45,-1.432,0.448,
46,0.597,-0.198,
47,-1.211,0.015,
48,0.979,-0.042,
49,-0.302,-1.171,
50,-0.421,0.188,
51,0.401,-0.031,
52,-1.065,-1.33,
53,0.48,-1.502,
54,0.355,-1.868,
55,0.146,0.681,
56,0.05,0.408,
57,-0.801,0.32,
58,0.601,-0.34,
59,-0.013,1.363,
60,-0.488,0.376,
61,-0.502,-1.617,
62,1.825,0.881,
63,-0.214,0.541,
64,-0.101,1.187,
65,-1.093,-0.809,
66,0.071,0.485,
67,-0.06,0.2,
68,1.05,0.265,
69,0.255,0.349,
70,-0.297,-1.833,
71,-0.132,1.306,
72,0.106,-0.546,
73,-0.161,-0.615,
74,0.183,0.066,
75,0.774,-0.616,
76,-0.219,-0.275,
77,-0.236,0.736,
78,-0.315,0.963,
79,-0.301,0.34,
80,0.4,-0.115,
81,0.407,0.232,
82,0.453,-0.254,
83,-1.644,-0.128,
84,0.83,0.121,
85,-0.198,-0.118,
86,0.171,2.05,
87,0.322,-0.157,
88,1.016,-0.24,
89,0.819,-1.25,
90,0.528,1.238,
91,1.734,-0.189,
92,0.084,-1.001,
93,0.202,-1.09,
94,0.355,0.323,
95,-0.576,0.463,
96,-0.074,0.279,
97,-0.359,0.557,
98,0.325,-2.033,
99,0.845,0.49,
100,-1.273,2.132,
101,0.701,-0.384,
102,-1.41,0.453,
103,1.985,-0.362,
104,0.1,2.06,
105,0.2,-0.417,
106,0.428,-0.15,
107,-1.031,1.173,
108,-0.599,-0.16,
109,-0.043,0.33,
110,2.007,-0.515,
111,-0.113,1.33,
112,-0.035,-0.238,
113,0.563,0.751,
114,0.794,0.329,
115,0.082,1.258,
116,0.485,-0.164,
117,1.492,0.819,
118,0.627,-0.18,
119,1.032,0.989,
120,-0.688,-0.691,
121,0.999,0.307,
122,0.787,-0.981,
123,-1.122,-1.152,
124,0.91,0.109,
125,0.885,-1.041,
126,-1.232,-0.481,
127,-0.343,-0.096,
128,-0.553,1.131,
129,-0.166,-0.596,
130,-0.281,0.198,
131,1.014,0.01,
132,0.458,0.726,
133,-0.878,0.691,
134,-0.089,0.213,
135,-0.738,0.694,
136,-0.174,-0.65,
137,-1.468,1.58,
138,-0.691,-0.179,
139,0.067,0.412,
140,0.087,-0.125,
141,-0.089,0.403,
142,-0.134,-0.106,
143,-0.574,1.577,
144,0.582,-0.151,
145,0.281,-0.424,
146,-0.271,0.075,
147,-0.394,-0.239,
148,-0.152,0.224,
149,0.092,-1.086,
150,-1.346,0.101,
151,-1.003,0.696,
152,0.41,-0.168,
153,-0.999,-0.175,
154,-1.406,1.007,
155,0.393,1.04,
156,-0.283,-1.299,
157,-0.556,-2.204,
158,0.699,-0.297,
159,2.873,-1.112,
160,1.26,2.13,
161,1.465,0.887,
162,0.238,-0.567,
163,-0.053,-1.049,
