1,-2.166,-1.55,
2,0.212,-0.355,
3,-0.615,-1.016,
4,0.379,-0.724,
5,0.007,-1.891,
6,-0.092,1.144,
7,0.75,-0.03,
8,0.256,-0.405,
9,-0.713,-0.087,
10,-0.09,-0.346,
11,0.256,1.702,
12,-1.151,-1.732,
13,1.383,0.861,
14,0.16,-0.569,
15,-1.794,-0.009,
16,0.371,-1.755,
17,0.122,0.09,
18,0.09,0.102,
19,0.385,0.548,
20,1.522,0.599,
21,0.488,0.16,
22,0.836,0.327,
23,-0.011,-0.203,
24,-0.044,0.288,
25,0.23,1.935,
26,0.208,-0.785,
27,0.18,-0.083,
28,0.436,0.031,
29,-0.283,-1.347,
30,0.704,0.322,
31,0.558,0.199,
32,-0.136,-0.747,
33,-0.042,-0.517,
34,-1.457,0.991,
35,-1.573,-1.258,
36,0.022,0.523,
37,0.444,0.241,
38,-0.109,-0.777,
39,0.647,-0.058,
40,-0.99,1.044,
41,0.238,0.395,
42,0.164,0.009,
43,0.122,0.87,
44,-0.083,-0.232,
45,0.048,0.219,
46,-1.263,-0.603,
47,0.399,0.574,
48,-1.149,-0.641,
49,-0.286,-0.772,
50,-0.654,-0.317,
51,-0.78,-0.015,
52,0.452,0.783,
53,-0.323,0.026,
54,1.034,-0.689,
55,-0.09,0.603,
56,0.094,0.622,
57,-0.557,-0.279,
58,0.464,0.262,
59,1.021,0.78,
60,-0.158,0.055,
61,0.428,-0.354,
62,-0.502,0.759,
63,-0.609,0.69,
64,-0.178,0.209,
65,-0.28,0.172,
66,0.293,0.103,
67,-0.33,-0.424,
68,0.162,0.457,
69,-0.601,0.099,
70,-0.328,-0.347,
71,0.182,-0.732,
72,0.407,-0.513,
73,0,0.139,
74,-0.067,-0.158,
75,-1.747,-0.018,
76,0.377,-0.461,
77,0.233,0.12,
78,0.094,0.619,
79,-0.883,0.052,
80,-0.916,-0.034,
81,-0.55,0.67,
82,-0.371,-1.182,
83,-1.582,-0.157,
84,1.418,0.346,
85,-0.689,-0.138,
86,0.03,-0.489,
87,0.44,0.3,
88,-0.086,0.708,
89,0.015,-0.063,
90,-0.462,0.257,
91,0.232,0.691,
92,0.622,-1.258,
93,1.854,0.183,
94,0.308,0.734,
95,-0.165,1.432,
96,-0.538,0.768,
97,0.876,0.803,
98,0.057,0.217,
99,0.617,0.219,
100,-0.195,0.28,
101,0.055,0.115,
102,-0.272,-0.63,
103,-0.511,-1.02,
104,-0.692,-0.159,
105,0.946,0.655,
106,-0.587,-1.27,
107,-0.434,-0.254,
108,0.496,0.171,
109,0.181,-0.197,
110,-1.11,0.427,
111,-1.08,0.654,
112,-0.75,1.322,
113,0.191,-0.07,
114,0.129,0.728,
115,-0.48,0.452,
116,-0.194,-0.302,
117,0.785,0.559,
118,0.358,-0.666,
119,-0.291,0.092,
120,-0.137,-0.353,
121,-0.176,1.065,
122,-0.491,-0.509,
123,-0.667,-0.411,
124,-0.311,0.697,
125,-0.38,-0.333,
126,0.155,-0.319,
127,-0.285,0.469,
128,-0.357,0.014,
129,0.602,0.884,
130,-0.936,-1.286,
131,0.422,1.35,
132,-0.484,1.329,
133,-0.26,0.395,
134,-0.679,-0.604,
135,-0.643,0.466,
136,-1.492,-0.813,
137,-0.757,0.548,
138,-0.244,0.078,
139,0.292,-0.883,
140,-0.108,0.072,
141,-0.12,-0.486,
142,-0.19,0.192,
143,-0.253,-0.364,
144,0.526,-0.495,
145,-0.085,-0.695,
146,-0.994,-0.439,
147,-1.371,-0.612,
148,-0.34,0.08,
149,0.647,-0.456,
150,-0.396,0.102,
151,-0.899,0.592,
152,-0.738,-0.34,
153,0.216,-0.033,
154,1.384,0.391,
155,-0.156,0.162,
156,-0.373,0.131,
157,-0.322,0.061,
158,-0.43,-0.799,
159,-0.239,0.288,
160,0.389,-0.523,
161,-0.912,-0.222,
162,-1.081,0.012,
163,0.511,-0.788,
