1,0.062,-1.721,
2,0.991,-1.49,
3,1.24,1.058,
4,0.825,0.908,
5,0.824,0.798,
6,-0.191,-0.44,
7,1.144,1.018,
8,0.295,0.671,
9,-0.206,0.967,
10,1.246,0.275,
11,0.621,1.015,
12,0.351,0.377,
13,0.378,1.231,
14,1.468,1.614,
15,-0.675,-0.392,
16,0.872,0.954,
17,-1.236,0.257,
18,1.107,-0.198,
19,0.591,-0.206,
20,0.324,-1.649,
21,-0.358,-0.703,
22,-0.395,-1.421,
23,0.523,0.564,
24,-0.391,0.992,
25,0.178,0.535,
26,0.721,0.509,
27,0.484,0.222,
28,-0.395,0.889,
29,1.033,0.368,
30,0.84,-0.008,
31,0.477,-0.58,
32,0.026,-0.713,
33,0.486,0.319,
34,-0.153,-0.387,
35,-1.539,0.072,
36,-0.595,1.994,
37,0.006,1.113,
38,0.361,0.058,
39,0.053,0.117,
40,0.191,-1.301,
41,0.324,0.851,
42,-1.279,-0.594,
43,-0.03,1.385,
44,-0.043,0.361,
45,-0.216,0.403,
46,0.957,0,
47,-0.904,0.229,
48,0.271,0.177,
49,-0.313,-1.553,
50,0.082,0.237,
51,0.248,0.355,
52,-0.749,-0.758,
53,1.168,-1.028,
54,-0.22,-1.212,
55,0.188,0.652,
56,0.314,0.699,
57,-1.044,0.724,
58,0.493,-0.048,
59,0.298,0.952,
60,0.07,0.432,
61,-0.908,-1.549,
62,1.784,0.652,
63,0.345,0.286,
64,-0.316,0.453,
65,-0.705,-0.503,
66,0.466,0.735,
67,-0.123,-0.336,
68,1.814,-0.045,
69,0.534,0.432,
70,-0.387,-1.323,
71,0.487,1.582,
72,0.801,0.112,
73,-0.029,0.059,
74,-0.429,0.242,
75,1.205,-0.104,
76,0.153,0.003,
77,0.148,0.557,
78,-0.011,2.064,
79,-0.282,0.502,
80,-0.446,-0.004,
81,0.499,0.433,
82,0.234,0.337,
83,-1.217,-0.305,
84,0.594,0.505,
85,0.046,0.192,
86,1.096,1.939,
87,0.345,-0.226,
88,1.173,0.024,
89,0.847,-0.917,
90,0.829,1.158,
91,1.627,0.571,
92,-0.466,-0.199,
93,0.174,-0.105,
94,0.484,0.235,
95,-0.449,0.615,
96,-0.315,-0.166,
97,-0.15,0.773,
98,0.512,-1.867,
99,1.251,0.816,
100,-0.856,1.555,
101,0.452,0.267,
102,-0.342,0.12,
103,2.216,-0.482,
104,0.138,1.451,
105,0.51,-0.459,
106,0.419,0.265,
107,0.316,0.473,
108,-1.008,1.207,
109,0.165,0.327,
110,1.464,0.667,
111,0.406,0.751,
112,-0.2,0.137,
113,0.761,0.083,
114,0.526,0.091,
115,0.541,0.496,
116,1.143,-0.279,
117,0.597,1.003,
118,-0.111,-0.208,
119,0.542,0.76,
120,-0.196,-0.23,
121,0.719,0.084,
122,0.519,-1.387,
123,-0.781,-0.527,
124,0.549,0.337,
125,1.413,-0.655,
126,-0.663,0.366,
127,-1.376,0.1,
128,0.162,0.703,
129,0.383,-0.344,
130,0.028,0.116,
131,0.339,0.826,
132,0.272,0.777,
133,-0.639,0.737,
134,0.086,0.604,
135,-0.992,1.029,
136,0.46,-0.269,
137,-0.853,0.551,
138,-1.044,-0.554,
139,-0.201,-0.483,
140,0.732,-0.574,
141,0.063,0.04,
142,-0.035,-0.085,
143,-0.917,0.951,
144,0.547,0.005,
145,0.16,0.386,
146,-0.698,0.393,
147,-0.31,-0.505,
148,-0.007,0.383,
149,-0.36,-1.082,
150,-1.033,-0.27,
151,-0.013,0.5,
152,0.424,-0.097,
153,-0.38,-0.482,
154,-0.467,0.316,
155,0.227,0.729,
156,0.136,-0.42,
157,-0.409,-1.697,
158,1.024,0.239,
159,3.021,-1.061,
160,0.856,0.632,
161,0.632,-0.399,
162,-0.031,-0.517,
163,0.25,-0.136,
