1,-0.305,-0.659,
2,-0.436,-0.931,
3,-0.021,-1.631,
4,-0.998,-0.118,
5,0.079,-0.171,
6,-0.687,0.271,
7,0.314,-0.174,
8,-0.207,-1.467,
9,1.155,-0.388,
10,-0.677,-0.335,
11,0.115,-1.049,
12,0.527,-0.284,
13,0.318,0.262,
14,-0.72,-0.561,
15,-1.166,-0.068,
16,0.297,-0.367,
17,-0.975,-1.879,
18,0.4,-0.586,
19,0.102,0.077,
20,0.021,-0.051,
21,-0.101,-0.815,
22,-0.091,-0.224,
23,-0.36,-1.701,
24,0.686,-1.43,
25,-0.042,-0.768,
26,-1.459,-1.127,
27,-0.952,-0.892,
28,1.047,-0.421,
29,0.63,0.296,
30,1.424,-0.253,
31,-0.381,-0.89,
32,0.624,-0.881,
33,-1.469,-1.302,
34,-0.206,-2.036,
35,-0.082,-0.552,
36,0.25,-0.176,
37,0.56,-0.053,
38,0.71,-0.846,
39,-0.259,-0.545,
40,0.569,-1.292,
41,0.466,0.628,
42,0.064,0.892,
43,0.008,0.952,
44,-0.523,-1.15,
45,-0.187,-0.543,
46,-0.89,-0.053,
47,-0.324,0.056,
48,-0.159,-0.598,
49,0.203,-1.201,
50,0.202,-0.493,
51,-0.297,-1.344,
52,-0.717,-0.023,
53,-0.799,0.493,
54,-1.051,-0.394,
55,-1.224,-0.834,
56,-0.51,-0.314,
57,0.203,-0.657,
58,-1.205,-0.24,
59,-0.316,-1.237,
60,0.1,-0.565,
61,-0.919,-0.286,
62,0.761,-0.608,
63,1.079,0.478,
64,-0.619,-0.246,
65,0.596,-0.412,
66,0.817,-0.128,
67,-0.449,0.626,
68,-0.03,-0.601,
69,-0.24,-0.085,
70,0.862,-0.577,
71,0.481,-0.896,
72,0.023,-1.414,
73,0.946,-0.687,
74,1.165,-0.553,
75,0.476,-0.036,
76,-0.535,-1.419,
77,0.205,0.554,
78,0.023,0.836,
79,0.157,0.191,
80,0.967,-0.342,
81,-1.013,-1.016,
82,-0.321,0.55,
83,-0.041,-0.271,
84,-0.162,-0.27,
85,0.766,-0.514,
86,0.767,0.154,
87,-0.365,-0.792,
88,0.357,0.299,
89,-0.576,-0.832,
90,-0.885,0.046,
91,-0.876,-0.467,
92,-0.42,-0.379,
93,0.745,0.925,
94,-0.851,1.484,
95,1.102,-1.033,
96,-0.282,-1.008,
97,-0.851,-0.516,
98,-0.75,-2.077,
99,0.076,-0.587,
100,-0.164,-1.758,
101,0.05,-0.362,
102,-0.992,-1.257,
103,-0.189,-1.199,
104,-0.043,-0.736,
105,-1.216,-0.237,
106,0.499,-0.297,
107,-0.422,0.019,
108,0.096,-1.279,
109,0.368,-1.898,
110,-0.968,-2.073,
111,0.033,0.185,
112,0.345,-0.911,
113,0.156,-0.708,
114,-0.138,-0.769,
115,-0.367,-1.535,
116,-0.114,-0.976,
117,1.568,-0.67,
118,0.311,-0.619,
119,0.392,-0.98,
120,-0.276,-0.338,
121,-0.088,-0.42,
122,0.209,-0.2,
123,-0.219,-1.417,
124,-0.66,-1.152,
125,-0.123,-0.56,
126,0.308,-0.444,
127,0.422,-1.34,
128,-0.212,-0.281,
129,-0.264,-0.472,
130,-0.421,-0.315,
131,0.387,-0.284,
132,0.125,0.889,
133,-0.369,-0.93,
134,-0.2,-0.09,
135,-1.467,-1.169,
136,-0.23,-0.793,
137,0.905,-0.011,
138,-0.397,-0.321,
139,-0.834,-0.618,
140,-0.863,-0.893,
141,-0.771,-0.764,
142,0.554,-1.288,
143,-0.34,0.006,
144,-0.517,-1.038,
145,-0.973,-0.467,
146,0.24,0.108,
147,0.026,-0.401,
148,-1.466,-0.439,
149,-0.095,-1.873,
150,-0.874,-2.502,
151,-0.106,-0.058,
152,-0.926,-0.724,
153,0.213,-0.571,
154,-1.372,0.018,
155,-0.728,-1.028,
156,0.746,0.063,
157,-0.442,-0.921,
158,0.112,-0.902,
159,-0.031,-0.134,
160,-1.151,-0.392,
161,-0.533,-0.283,
162,0.426,-0.046,
163,0.394,-1.41,
