1,-0.83,-1.112,
2,-0.728,-0.501,
3,0.497,-1.138,
4,-0.705,0.289,
5,0.199,-0.742,
6,0.197,-0.171,
7,0.321,-0.663,
8,-0.359,-1.154,
9,2.18,0.128,
10,0.07,-0.263,
11,-0.165,-0.861,
12,0.573,0.16,
13,0.194,0.36,
14,-0.11,-0.373,
15,-0.516,0.004,
16,0.785,-0.374,
17,-0.364,-1.184,
18,0.425,0.195,
19,-0.479,0.586,
20,-0.054,0.239,
21,-0.025,-0.164,
22,0.154,0.162,
23,0.113,-1.549,
24,0.103,-0.93,
25,0.504,-1.004,
26,-2.006,-1.441,
27,-1.349,-0.621,
28,0.97,-0.213,
29,0.432,0.886,
30,0.998,0.083,
31,-0.378,-0.88,
32,0.545,-0.458,
33,-1.209,-0.581,
34,0.283,-1.724,
35,-0.192,-0.18,
36,0.822,0.128,
37,1.011,0.44,
38,0.757,-0.455,
39,0.27,-0.334,
40,0.973,-0.51,
41,0.549,1.112,
42,0.107,0.916,
43,0.408,1.18,
44,-0.104,-1.052,
45,-0.28,-0.094,
46,-0.615,0.126,
47,0.109,0.879,
48,-0.489,-0.825,
49,0.161,-0.944,
50,0.888,0.35,
51,-0.521,-1.227,
52,-0.786,0.729,
53,-0.789,1.318,
54,-1.063,-0.197,
55,-0.74,0.031,
56,-0.688,0.109,
57,0.377,-0.105,
58,-1.548,0.099,
59,-0.033,-0.781,
60,0.129,-0.101,
61,-0.811,-0.085,
62,-0.111,-0.515,
63,1.297,1.262,
64,-0.068,0.794,
65,0.413,0.173,
66,0.97,0.175,
67,0.723,0.861,
68,0.285,-0.315,
69,0.086,0,
70,1.153,-0.604,
71,1.014,-0.579,
72,0.119,-1.34,
73,1.679,-0.05,
74,1.538,-0.216,
75,0.98,0.804,
76,-0.103,-1.593,
77,0.312,1.824,
78,0.473,0.746,
79,0.895,0.85,
80,0.497,0.648,
81,-0.688,-0.754,
82,-0.112,0.94,
83,0.111,0.149,
84,0.181,0.196,
85,0.578,-0.078,
86,1.153,-0.198,
87,-0.024,-0.357,
88,0.645,0.578,
89,-2.074,0.295,
90,-0.882,0.712,
91,-0.32,-0.007,
92,-0.125,-0.032,
93,1.232,1.367,
94,-0.764,1.93,
95,1.448,-0.472,
96,-0.084,-0.884,
97,-0.688,-0.205,
98,-0.17,-1.782,
99,0.682,-0.086,
100,0.321,-1.36,
101,-0.081,-0.343,
102,-0.097,-0.943,
103,-0.151,-1.299,
104,0.727,-0.731,
105,-0.928,0.766,
106,0.626,-0.735,
107,-0.347,-0.151,
108,0.771,-0.98,
109,0.423,-1.636,
110,-1.323,-2.602,
111,0.284,-0.011,
112,1.723,-0.157,
113,0.316,-0.167,
114,-0.038,-0.114,
115,0.184,-0.044,
116,-0.356,-0.362,
117,1.813,-0.075,
118,0.191,-0.089,
119,0.374,-0.322,
120,-0.241,0.044,
121,0.04,-0.054,
122,0.24,0.083,
123,0.116,-0.687,
124,-0.959,-0.782,
125,0.37,0.182,
126,0.298,-0.348,
127,0.735,-0.4,
128,-0.596,0.434,
129,0.118,-0.007,
130,-0.352,-0.015,
131,0.766,-0.36,
132,0.04,0.978,
133,0.114,-1.111,
134,-0.447,0.613,
135,-0.991,-0.481,
136,0.069,-0.455,
137,1.076,0.381,
138,-0.123,0.086,
139,-0.601,0.645,
140,-0.96,-0.419,
141,-0.469,0.097,
142,0.897,-0.792,
143,-0.038,-0.082,
144,0.407,-0.934,
145,-0.77,0.579,
146,-0.26,0.076,
147,-0.033,0.123,
148,-1.671,-0.311,
149,-0.174,-0.274,
150,0.489,-1.777,
151,-0.311,0.195,
152,0.38,-0.747,
153,0.255,0.016,
154,-1.371,0.489,
155,-0.391,-0.656,
156,0.906,0.765,
157,0.814,0.27,
158,-0.199,0.126,
159,0.274,1.002,
160,-0.802,0.013,
161,-0.39,0.152,
162,1.266,0.974,
163,0.478,-0.248,
