1,-0.638,-0.207,
2,0.266,-0.217,
3,0.891,0.14,
4,0.371,0.408,
5,-0.08,0.357,
6,-0.406,-0.109,
7,0.355,0.115,
8,-0.267,-0.364,
9,-0.709,0.279,
10,0.625,-0.502,
11,-0.568,0.599,
12,0.356,-0.064,
13,-0.154,0.211,
14,0.413,-0.065,
15,-0.058,-0.883,
16,-0.232,0.4,
17,-1.18,-0.154,
18,0.058,-0.033,
19,-0.138,0.041,
20,-0.505,-0.345,
21,0.34,-0.379,
22,-0.016,-0.221,
23,0.131,-0.066,
24,-0.462,0.379,
25,0.374,-0.078,
26,0.218,-0.258,
27,0.068,-0.452,
28,-0.235,0.171,
29,0.285,1.01,
30,0.627,-0.145,
31,0.138,-0.996,
32,-0.503,-0.734,
33,-0.225,0.149,
34,-0.489,-0.368,
35,-0.889,-0.05,
36,0.319,1.188,
37,-0.406,0.269,
38,0.203,-0.52,
39,0.256,-0.19,
40,-0.121,-0.677,
41,-0.014,0.255,
42,-0.319,-0.395,
43,-0.681,0.125,
44,-0.614,0.036,
45,-0.936,0.083,
46,0.194,-0.083,
47,-0.397,0,
48,0.349,0.254,
49,-0.521,-0.159,
50,-0.146,0.082,
51,-0.331,-0.075,
52,-0.397,-0.605,
53,0.123,-0.55,
54,0.159,-1.426,
55,0.012,0.249,
56,0.268,0.519,
57,-0.461,-0.056,
58,0.252,-0.264,
59,0.001,0.488,
60,-0.663,0.246,
61,-0.142,-0.922,
62,0.478,0.115,
63,-0.143,0.295,
64,-0.033,0.716,
65,-0.422,-0.206,
66,0.025,0.19,
67,-0.131,0.339,
68,0.108,0.204,
69,0.445,0.06,
70,-0.305,-1.372,
71,-0.289,0.205,
72,-0.069,-0.373,
73,0.055,-0.252,
74,0.296,0.064,
75,0.222,-0.432,
76,0.112,-0.084,
77,-0.099,0.472,
78,-0.349,0.307,
79,-0.166,0.221,
80,-0.069,-0.242,
81,0.161,0.012,
82,0.339,-0.263,
83,-0.626,-0.417,
84,0.83,0.012,
85,-0.578,-0.166,
86,-0.105,0.076,
87,0.089,-0.153,
88,0.154,-0.175,
89,0.005,-0.659,
90,0.174,0.68,
91,0.505,-0.164,
92,0.175,-0.475,
93,0.173,-0.52,
94,0.166,0.208,
95,-0.271,0.234,
96,0.006,0.044,
97,-0.408,-0.061,
98,-0.043,-0.817,
99,0.657,-0.002,
100,-1.017,1.336,
101,0.182,-0.309,
102,-0.726,0.858,
103,0.499,-0.526,
104,-0.015,1.321,
105,0.09,-0.288,
106,-0.252,-0.993,
107,-0.656,0.284,
108,-0.213,-0.174,
109,-0.294,-0.148,
110,1.16,0.012,
111,-0.376,0.408,
112,0.186,-0.198,
113,0.219,0.241,
114,0.023,0.278,
115,-0.231,0.601,
116,0.474,-0.29,
117,0.744,0.118,
118,0.294,-0.104,
119,0.492,0.523,
120,-0.455,-0.496,
121,0.286,-0.288,
122,0.48,-0.11,
123,-0.739,-0.824,
124,0.507,0.18,
125,0.375,-0.247,
126,-0.916,-0.185,
127,-0.129,-0.253,
128,-0.265,0.538,
129,0.056,-0.411,
130,-0.214,0.261,
131,0.299,-0.137,
132,0.184,0.292,
133,-0.485,0.193,
134,-0.318,0.079,
135,-0.201,0.202,
136,-0.265,-0.369,
137,-0.786,0.915,
138,-0.318,-0.311,
139,0.139,0.642,
140,-0.112,-0.079,
141,-0.226,0.405,
142,-0.139,-0.136,
143,-0.125,0.61,
144,0.831,-0.526,
145,0.151,-0.244,
146,-0.114,-0.193,
147,-0.355,-0.136,
148,0.051,0.176,
149,0.044,-0.15,
150,-0.622,-0.064,
151,-0.588,0.217,
152,0.143,-0.147,
153,-0.389,0.128,
154,-0.963,0.483,
155,0.439,0.075,
156,-0.48,-0.446,
157,-0.032,-0.687,
158,-0.114,0.252,
159,0.591,-0.474,
160,0.7,1.048,
161,0.803,0.269,
162,0.183,0.037,
163,0.203,-0.36,
