1,-0.329,-0.917,
2,1.413,-1.132,
3,1.841,0.937,
4,1.195,1.296,
5,0.183,1.521,
6,-0.822,-0.139,
7,1.18,0.734,
8,-0.409,0.692,
9,-1.717,0.839,
10,2.024,-0.883,
11,-0.1,1.964,
12,0.072,0.185,
13,0.012,1.084,
14,1.207,1.791,
15,-0.555,-0.443,
16,0.353,1.784,
17,-1.753,-0.031,
18,1.094,0.012,
19,0.538,0.006,
20,-0.635,-0.847,
21,1.003,-1.079,
22,-0.677,-1.495,
23,0.237,0.241,
24,-0.96,0.844,
25,-0.182,0.505,
26,0.342,0.059,
27,0.345,-0.642,
28,-1.329,0.574,
29,2.216,1.566,
30,1.207,-1.23,
31,0.258,-2.53,
32,-0.575,-1.855,
33,-0.395,0.594,
34,-1.026,-1.265,
35,-2.749,-0.466,
36,-0.395,2.775,
37,-0.148,0.98,
38,1.592,-0.011,
39,-0.082,-0.231,
40,0.091,-2.094,
41,0.214,0.293,
42,-1.394,-0.755,
43,-2,0.873,
44,-1.226,0.346,
45,-2.396,0.682,
46,0.541,-0.388,
47,-1.517,0.101,
48,0.15,0.066,
49,0.113,-1.296,
50,-0.468,0.32,
51,0.323,-0.406,
52,-1.433,-1.883,
53,0.27,-2.13,
54,0.355,-2.127,
55,0.215,0.969,
56,-0.176,-0.006,
57,-0.804,0.116,
58,0.954,-0.65,
59,-0.156,1.593,
60,-0.984,0.47,
61,-0.641,-1.922,
62,1.719,1.037,
63,0.207,0.744,
64,-0.253,1.745,
65,-1.73,-1.28,
66,-0.137,0.41,
67,-0.04,0.291,
68,1.276,0.264,
69,0.236,0.415,
70,-0.619,-2.209,
71,-0.107,1.649,
72,-0.07,-0.802,
73,-0.007,-0.991,
74,-0.592,0.035,
75,1.221,-1.074,
76,0.058,-0.361,
77,-0.245,0.909,
78,-0.45,0.892,
79,-0.322,0.226,
80,0.66,-0.177,
81,0.494,0.27,
82,-0.037,-0.476,
83,-2.133,-0.167,
84,0.863,-0.088,
85,0.029,-0.415,
86,0.213,2.822,
87,0.184,-0.233,
88,0.551,-0.256,
89,0.678,-1.38,
90,1.507,1.384,
91,2.109,-0.171,
92,0.212,-1.673,
93,0.159,-1.599,
94,0.467,0.233,
95,-1.032,0.588,
96,-0.21,0.386,
97,-0.211,0.275,
98,0.691,-2.414,
99,0.956,1.02,
100,-1.074,2.558,
101,0.557,-0.783,
102,-1.553,0.888,
103,2.583,-0.414,
104,0.743,2.166,
105,0.136,-0.587,
106,0.206,0.184,
107,-1.442,1.821,
108,-1.034,-0.226,
109,0.027,0.617,
110,2.189,-0.822,
111,0.099,1.956,
112,0.029,-0.337,
113,0.252,0.841,
114,1.062,0.381,
115,-0.321,1.325,
116,1.109,-0.065,
117,1.82,0.723,
118,0.934,-0.273,
119,1.3,1.41,
120,-0.786,-0.93,
121,1.5,0.7,
122,0.844,-1.436,
123,-1.262,-1.196,
124,1.221,0.046,
125,0.577,-1.315,
126,-1.502,-0.466,
127,-1.315,-0.282,
128,-0.078,0.756,
129,0.062,-0.719,
130,-0.618,0.217,
131,1.412,-0.102,
132,0.615,0.99,
133,-1.292,1.139,
134,0.043,0.08,
135,-1.031,0.886,
136,-0.317,-0.881,
137,-2.161,1.374,
138,-1.494,-0.888,
139,0.288,-0.034,
140,0.445,-0.73,
141,0.034,0.378,
142,-0.32,-0.043,
143,-0.533,1.387,
144,0.506,0.005,
145,0.346,-0.418,
146,-0.51,-0.147,
147,-1.121,-0.473,
148,-0.374,-0.038,
149,-0.065,-1.182,
150,-1.453,-0.641,
151,-1.242,0.344,
152,0.172,-0.623,
153,-1.499,-0.357,
154,-2.01,0.946,
155,0.3,0.851,
156,-0.607,-2.442,
157,0.01,-1.79,
158,0.567,0.243,
159,3.482,-1.139,
160,1.796,1.741,
161,1.541,0.555,
162,-0.108,-1.058,
163,-0.075,-1.124,
