1,-1.589,-0.955,
2,0.09,-0.069,
3,-0.135,-0.684,
4,0.262,-0.578,
5,0.088,-1.287,
6,0.025,0.491,
7,0.255,-0.262,
8,0.076,-0.441,
9,-0.333,-0.137,
10,-0.225,-0.211,
11,0.206,1.058,
12,-0.683,-1.209,
13,0.898,0.54,
14,0.288,-0.565,
15,-1.262,-0.043,
16,0.355,-1.04,
17,-0.068,0.137,
18,-0.025,0.218,
19,-0.028,0.34,
20,0.81,0.378,
21,0.349,0.078,
22,0.484,0.138,
23,-0.029,-0.166,
24,0.036,0.347,
25,0.473,1.278,
26,0.194,-0.66,
27,0.13,-0.044,
28,0.306,0.028,
29,-0.33,-0.589,
30,0.744,0.344,
31,0.403,0.049,
32,-0.132,-0.492,
33,-0.053,-0.242,
34,-0.903,0.571,
35,-1.066,-1.207,
36,0.212,0.379,
37,0.32,0.191,
38,-0.094,-0.537,
39,0.576,-0.143,
40,-0.771,0.574,
41,0.177,0.29,
42,0.154,-0.171,
43,0.175,0.454,
44,-0.034,-0.097,
45,0.123,0.198,
46,-0.5,-0.359,
47,0.439,0.325,
48,-0.657,-0.438,
49,-0.068,-0.244,
50,-0.37,-0.12,
51,-0.594,-0.023,
52,0.333,0.534,
53,-0.188,0.142,
54,0.572,-0.515,
55,0.042,0.252,
56,0.011,0.582,
57,-0.36,-0.131,
58,0.243,0.176,
59,0.695,0.564,
60,-0.119,0.137,
61,0.243,-0.198,
62,-0.266,0.629,
63,-0.279,0.347,
64,-0.106,0.132,
65,-0.284,0.122,
66,0.204,0.035,
67,-0.278,-0.155,
68,0.208,0.174,
69,-0.088,0.043,
70,-0.271,-0.321,
71,0.104,-0.511,
72,0.235,-0.306,
73,0.148,0.276,
74,0.199,-0.095,
75,-0.922,0.095,
76,0.313,-0.544,
77,0.131,0.226,
78,0.267,0.879,
79,-0.64,0.153,
80,-0.703,0.003,
81,-0.265,0.403,
82,-0.167,-0.817,
83,-0.943,-0.03,
84,1.196,0.289,
85,-0.722,-0.104,
86,0.029,-0.483,
87,0.303,0.203,
88,-0.091,0.35,
89,-0.245,-0.166,
90,-0.396,0.188,
91,0.211,0.395,
92,0.392,-0.875,
93,1.174,0.304,
94,0.205,0.515,
95,-0.294,0.972,
96,-0.144,0.462,
97,0.528,0.245,
98,0.011,0.265,
99,0.584,0.018,
100,0.24,0.192,
101,-0.024,0.032,
102,0.059,-0.287,
103,-0.27,-0.664,
104,-0.533,-0.031,
105,0.63,0.441,
106,-0.565,-1.22,
107,-0.287,-0.297,
108,0.284,0.16,
109,0.107,-0.241,
110,-0.626,0.249,
111,-0.697,0.276,
112,-0.474,0.73,
113,0.034,0.034,
114,0.146,0.543,
115,-0.274,0.333,
116,-0.165,-0.152,
117,0.424,0.547,
118,0.277,-0.376,
119,-0.128,0.053,
120,-0.11,-0.163,
121,-0.152,0.468,
122,-0.229,-0.503,
123,-0.516,-0.178,
124,-0.194,0.605,
125,-0.063,-0.309,
126,0.159,-0.23,
127,-0.209,0.225,
128,-0.332,0.195,
129,0.556,0.503,
130,-0.595,-0.841,
131,0.224,0.825,
132,-0.341,0.701,
133,-0.209,0.273,
134,-0.508,-0.409,
135,-0.271,0.241,
136,-0.796,-0.534,
137,-0.456,0.435,
138,0,0.077,
139,0.13,-0.656,
140,-0.128,0.032,
141,-0.218,-0.128,
142,-0.173,0.032,
143,-0.097,-0.292,
144,0.792,-0.706,
145,-0.04,-0.443,
146,-0.716,-0.233,
147,-0.876,-0.242,
148,-0.234,0.073,
149,0.154,-0.13,
150,-0.283,0.148,
151,-0.645,0.536,
152,-0.515,-0.196,
153,0.165,-0.127,
154,0.985,0.282,
155,-0.017,0.136,
156,-0.29,0.33,
157,-0.047,0.111,
158,-0.267,-0.144,
159,-0.264,0.152,
160,0.205,-0.225,
161,-0.415,-0.195,
162,-0.826,0.117,
163,0.578,-0.485,
