1,-1.579,-2.483,
2,1.024,-0.811,
3,-1.113,-0.817,
4,0.226,-0.59,
5,0.235,-1.21,
6,-0.636,1.56,
7,2.09,1.189,
8,0.694,-0.088,
9,-1.291,-0.583,
10,0.422,-0.747,
11,0.301,2.121,
12,-1.285,-2.045,
13,2.011,0.707,
14,-0.153,-1.07,
15,-1.418,-0.061,
16,0.818,-2.016,
17,0.111,-0.154,
18,0.063,-0.658,
19,1.28,0.88,
20,2.75,1.188,
21,0.615,0.266,
22,0.987,0.683,
23,0.318,-0.674,
24,0.234,0.507,
25,-0.464,2.333,
26,0.331,-0.177,
27,-0.205,-0.578,
28,0.629,0.194,
29,-0.173,-1.549,
30,0.53,0.493,
31,0.641,0.717,
32,-0.052,-1.028,
33,-0.097,-0.348,
34,-2.169,1.471,
35,-1.679,-0.808,
36,-0.564,0.679,
37,0.437,0.261,
38,-0.397,-1.016,
39,0.366,0.615,
40,-0.92,1.724,
41,0.365,0.631,
42,0.903,0.765,
43,0.064,1.591,
44,-0.216,-0.148,
45,-0.166,0.142,
46,-2.149,-1.01,
47,-0.03,0.719,
48,-1.044,-0.808,
49,-0.938,-1.993,
50,-1.225,-0.941,
51,-0.68,-0.083,
52,0.553,1.047,
53,0.089,-1.267,
54,1.61,-0.65,
55,-0.297,0.422,
56,-0.63,0.575,
57,-0.167,-0.405,
58,0.664,0.528,
59,1.683,0.659,
60,0.229,-0.426,
61,-0.208,-0.327,
62,-1.568,0.553,
63,-1.12,1.554,
64,-0.014,0.2,
65,-0.071,0.068,
66,0.384,0.625,
67,-0.625,-0.921,
68,0.037,0.671,
69,-1.446,0.545,
70,-0.072,-0.337,
71,-0.162,-0.902,
72,0.566,-0.804,
73,-0.613,-0.239,
74,0.279,-0.156,
75,-1.869,-0.074,
76,-0.037,0.296,
77,-0.003,-0.198,
78,-0.111,0.262,
79,-1.073,-0.151,
80,-1.071,-0.487,
81,-0.421,1.346,
82,-0.771,-0.887,
83,-1.742,-0.316,
84,0.943,-0.009,
85,-0.875,-0.088,
86,-0.264,-0.152,
87,0.967,-0.145,
88,0.032,0.956,
89,0.799,0.489,
90,-0.68,0.309,
91,0.154,1.149,
92,0.862,-1.401,
93,1.719,-0.138,
94,0.105,0.983,
95,0.508,2.013,
96,-0.841,0.951,
97,1.265,0.909,
98,0.29,-0.478,
99,0.236,0.69,
100,-1.908,0.324,
101,0.715,0.557,
102,-0.688,-0.806,
103,-0.437,-1.214,
104,-1.022,-0.231,
105,0.695,0.407,
106,-0.472,-0.94,
107,-0.092,0.539,
108,0.302,0.199,
109,-0.146,-0.071,
110,-2.277,1.103,
111,-0.856,1.009,
112,-1.229,1.713,
113,1.09,-0.411,
114,0.307,0.701,
115,-0.63,0.541,
116,-0.041,-0.688,
117,1.682,0.06,
118,0.593,-0.641,
119,-0.544,0.073,
120,0.113,-0.933,
121,0.308,2.01,
122,-0.482,-0.042,
123,-0.68,-1.065,
124,0.017,0.329,
125,-0.819,-0.833,
126,0.248,-0.535,
127,0.15,0.717,
128,-0.356,-0.059,
129,0.316,1.296,
130,-0.813,-1.133,
131,0.718,2.153,
132,-0.51,1.4,
133,-0.466,0.143,
134,-1.075,-0.668,
135,-1.109,0.384,
136,-1.891,-0.537,
137,-0.909,0.695,
138,-0.591,0.177,
139,0.735,-0.899,
140,-0.271,0.286,
141,-0.256,-0.812,
142,-0.138,0.212,
143,-0.327,-0.489,
144,0.277,0.15,
145,-0.222,-1.354,
146,-0.913,-0.367,
147,-1.486,-1.018,
148,-1.005,-0.35,
149,1.541,-0.993,
150,-0.597,-0.192,
151,-0.837,0.936,
152,-1.024,0.133,
153,0.343,0.69,
154,1.36,0.606,
155,-0.256,0.437,
156,-0.015,-0.129,
157,-0.474,-1.172,
158,-1.86,-0.71,
159,0.231,-0.19,
160,0.524,-0.545,
161,-1.456,-0.174,
162,-0.737,-0.545,
163,0.546,-0.73,
