1,-0.474,-0.044,
2,0.082,-0.052,
3,0.671,0.067,
4,0.187,0.241,
5,-0.122,0.146,
6,-0.227,-0.082,
7,0.168,-0.006,
8,-0.11,-0.383,
9,-0.294,0.031,
10,0.263,-0.308,
11,-0.431,0.283,
12,0.385,-0.085,
13,-0.196,0.019,
14,0.272,-0.34,
15,-0.002,-0.312,
16,-0.151,0.102,
17,-0.775,0.048,
18,-0.176,0.139,
19,-0.164,0.119,
20,-0.265,-0.102,
21,0.216,-0.156,
22,0.1,-0.012,
23,0.024,-0.124,
24,-0.368,0.253,
25,0.394,-0.087,
26,0.26,-0.226,
27,0.037,-0.235,
28,-0.061,0.126,
29,-0.05,0.632,
30,0.629,0.069,
31,0.105,-0.607,
32,-0.319,-0.422,
33,-0.123,0.035,
34,-0.303,-0.169,
35,-0.437,0.105,
36,0.348,0.761,
37,-0.224,0.106,
38,0.055,-0.38,
39,0.317,-0.228,
40,-0.149,-0.34,
41,0.011,0.134,
42,-0.029,-0.398,
43,-0.272,-0.024,
44,-0.363,0.014,
45,-0.563,0.028,
46,0.126,-0.045,
47,-0.171,0.007,
48,0.22,0.141,
49,-0.301,0.08,
50,-0.069,0.069,
51,-0.401,-0.082,
52,-0.143,-0.22,
53,0.02,-0.169,
54,0.192,-0.748,
55,0.01,0.088,
56,0.129,0.558,
57,-0.304,-0.067,
58,0.122,-0.115,
59,0.059,0.147,
60,-0.488,0.197,
61,-0.112,-0.522,
62,0.315,0.06,
63,-0.149,0.21,
64,0.044,0.427,
65,-0.186,-0.067,
66,-0.007,0.058,
67,-0.112,0.254,
68,0.018,0.118,
69,0.434,0.016,
70,-0.247,-0.871,
71,-0.17,-0.048,
72,-0.106,-0.193,
73,0.105,0.011,
74,0.387,0.092,
75,0.182,-0.134,
76,0.183,-0.048,
77,-0.074,0.338,
78,-0.185,0.266,
79,-0.138,0.22,
80,-0.184,-0.12,
81,0.101,0.017,
82,0.237,-0.126,
83,-0.18,-0.204,
84,0.65,0.008,
85,-0.637,-0.141,
86,-0.065,-0.288,
87,0.036,-0.176,
88,0.057,-0.102,
89,-0.067,-0.367,
90,0.042,0.389,
91,0.267,-0.027,
92,0.132,-0.189,
93,0.089,-0.117,
94,0.06,0.15,
95,-0.162,0.173,
96,0.147,-0.055,
97,-0.289,-0.261,
98,-0.019,-0.344,
99,0.331,-0.083,
100,-0.468,0.61,
101,0.005,-0.216,
102,-0.437,0.672,
103,0.168,-0.452,
104,-0.045,0.833,
105,0.06,-0.18,
106,-0.4,-1.101,
107,-0.429,0.065,
108,-0.064,-0.133,
109,-0.27,-0.263,
110,0.65,0.01,
111,-0.315,0.04,
112,0.153,-0.133,
113,0.148,0.193,
114,-0.034,0.234,
115,-0.281,0.365,
116,0.257,-0.187,
117,0.502,-0.04,
118,0.101,-0.062,
119,0.295,0.346,
120,-0.251,-0.246,
121,0.098,-0.363,
122,0.354,0.074,
123,-0.407,-0.404,
124,0.275,0.199,
125,0.116,-0.158,
126,-0.517,-0.215,
127,0.058,-0.18,
128,-0.231,0.449,
129,0.194,-0.174,
130,-0.076,0.211,
131,0.106,-0.111,
132,0.095,0.126,
133,-0.316,0.014,
134,-0.35,0.047,
135,-0.032,0.148,
136,-0.198,-0.232,
137,-0.383,0.545,
138,0.02,-0.05,
139,0.114,0.463,
140,-0.167,-0.009,
141,-0.323,0.43,
142,-0.058,-0.139,
143,0.099,0.166,
144,0.846,-0.63,
145,0.118,-0.152,
146,-0.107,-0.117,
147,-0.237,0.003,
148,0.068,0.074,
149,0.038,-0.048,
150,-0.407,-0.026,
151,-0.329,0.203,
152,0.066,-0.102,
153,-0.235,0.125,
154,-0.568,0.254,
155,0.291,-0.066,
156,-0.388,0.005,
157,0.039,-0.273,
158,-0.144,0.327,
159,0.043,-0.236,
160,0.327,0.726,
161,0.559,0.101,
162,0.086,0.149,
163,0.236,-0.249,
