1,0.908,0.498,
2,-0.491,1.06,
3,0.672,0.121,
4,-0.67,-1.429,
5,-1.446,1.747,
6,1.951,-1.451,
7,2.148,0.604,
8,0.538,-1.979,
9,-0.658,-1.068,
10,0.227,-1.366,
11,-0.714,0.828,
12,-1.027,-0.512,
13,0.982,0.046,
14,-1.064,-0.23,
15,-0.655,0.051,
16,-0.133,1.851,
17,-0.886,0.619,
18,0.772,0.066,
19,-0.463,-1.223,
20,-0.229,-1.377,
21,-0.459,-0.507,
22,-0.679,-0.806,
23,0.427,0.405,
24,-0.097,0.875,
25,2.098,-1.219,
26,-0.035,1.41,
27,0.125,0.75,
28,-0.541,1.132,
29,0.695,0.59,
30,-1.334,-0.659,
31,0.426,1.28,
32,0.125,1.009,
33,-1.233,-2.163,
34,-2.39,0.713,
35,0.486,0.948,
36,0.249,0.997,
37,-0.317,-0.035,
38,0.38,-0.5,
39,0.467,0.431,
40,0.656,-0.746,
41,0.938,-1.258,
42,1.286,2.098,
43,-0.576,-0.575,
44,0.3,0.878,
45,-1.107,1.157,
46,0.22,-0.258,
47,-1.404,0.741,
48,0.223,0.393,
49,0.923,0.476,
50,-0.07,0.676,
51,0.63,1.378,
52,-0.453,-0.036,
53,0.793,0.198,
54,0.881,-0.174,
55,1.49,-0.504,
56,0.355,0.851,
57,2.056,0.506,
58,1.556,2.259,
59,1.179,0.933,
60,-0.387,0.945,
61,-0.944,-0.191,
62,1.122,-0.285,
63,-0.612,0.452,
64,0.097,-1.201,
65,0.146,-0.011,
66,-0.085,0.625,
67,-0.052,0.327,
68,0.692,1.107,
69,-0.853,1.859,
70,-0.26,0.166,
71,0.552,0.786,
72,0.893,1.648,
73,0.319,-1.044,
74,-0.622,0.558,
75,-1.723,0.732,
76,1.471,0.414,
77,0.869,3.02,
78,0.692,1.106,
79,-1.45,-1.569,
80,0.702,0.509,
81,-0.611,1.491,
82,0.201,0.184,
83,0.471,0.857,
84,-0.88,-1.526,
85,0.67,0.733,
86,0.108,0.412,
87,0.902,1.14,
88,-0.015,-0.408,
89,0.973,-0.002,
90,-0.327,1.189,
91,0.794,0.892,
92,-0.193,-0.076,
93,-0.763,0.114,
94,-0.683,0.927,
95,0.447,-1.469,
96,-0.413,-0.066,
97,-1.37,-0.546,
98,-0.238,-1.04,
99,0.624,-1.702,
100,0.37,0.47,
101,-0.235,1.289,
102,-1.04,-0.654,
103,-0.98,2.227,
104,0.986,-0.374,
105,-1.056,0.235,
106,-0.658,-0.529,
107,-2.299,-0.044,
108,1.107,-1.085,
109,-0.81,-0.434,
110,1.213,0.016,
111,0.463,0.194,
112,0.838,-0.015,
113,2.189,0.046,
114,0.168,-0.844,
115,0.222,-0.732,
116,2.12,0.899,
117,0.951,1.14,
118,1.442,-0.572,
119,0.684,-0.409,
120,-0.179,-0.699,
121,-0.189,-0.363,
122,1.39,-0.075,
123,-0.767,-1.222,
124,0.854,0.377,
125,-1.195,-0.888,
126,-0.02,-0.046,
127,-1.732,0.599,
128,-0.186,0.1,
129,-0.184,-0.527,
130,0.442,-2.338,
131,2.42,-0.194,
132,0.329,0.308,
133,0.347,0.41,
134,-0.443,-1.362,
135,3.457,-0.547,
136,3.059,0.958,
137,1.676,-0.571,
138,0.544,-0.052,
139,0.08,-1.084,
140,-1.358,1.931,
141,-0.495,-0.067,
142,-1.659,-0.335,
143,0.103,-1.144,
144,-0.332,1.347,
145,-1.064,0.528,
146,-1.173,1.207,
147,-1.427,1.169,
148,-2.308,-0.688,
149,-1.621,0.799,
150,-1.416,-0.37,
151,0.652,-0.741,
152,-1.526,0.037,
153,-1.557,0.81,
154,-0.305,-0.447,
155,0.357,0.836,
156,-1.045,0.872,
157,0.182,-1.758,
158,1.557,-0.193,
159,0.911,-0.671,
160,-0.241,-0.239,
161,-0.422,0.563,
162,0.061,1.856,
163,1.948,2.611,
