1,-0.586,-0.292,
2,0.211,-0.199,
3,0.816,0.225,
4,0.32,0.379,
5,-0.032,0.275,
6,-0.333,-0.182,
7,0.305,0.042,
8,-0.18,-0.392,
9,-0.45,0.263,
10,0.485,-0.328,
11,-0.383,0.39,
12,0.36,-0.018,
13,-0.12,0.271,
14,0.437,-0.006,
15,-0.11,-0.918,
16,-0.109,0.29,
17,-1.016,-0.022,
18,0.061,0.032,
19,-0.098,-0.008,
20,-0.365,-0.518,
21,0.152,-0.276,
22,-0.092,-0.309,
23,0.139,-0.032,
24,-0.424,0.391,
25,0.452,-0.098,
26,0.296,-0.165,
27,0.082,-0.256,
28,-0.158,0.157,
29,0.206,0.731,
30,0.632,-0.028,
31,0.17,-0.766,
32,-0.375,-0.589,
33,-0.089,0.087,
34,-0.296,-0.241,
35,-0.765,0.036,
36,0.218,1.053,
37,-0.283,0.293,
38,0.047,-0.501,
39,0.231,-0.185,
40,-0.125,-0.643,
41,0.006,0.26,
42,-0.399,-0.507,
43,-0.45,0.211,
44,-0.43,0.034,
45,-0.664,0.062,
46,0.234,-0.05,
47,-0.323,0.026,
48,0.249,0.189,
49,-0.575,-0.188,
50,-0.076,0.085,
51,-0.352,-0.004,
52,-0.303,-0.49,
53,0.224,-0.496,
54,0.075,-1.352,
55,0.026,0.211,
56,0.247,0.546,
57,-0.489,0.029,
58,0.205,-0.188,
59,0.07,0.407,
60,-0.489,0.233,
61,-0.241,-0.918,
62,0.598,0.037,
63,-0.09,0.232,
64,-0.058,0.57,
65,-0.332,-0.158,
66,0.089,0.219,
67,-0.166,0.228,
68,0.222,0.102,
69,0.498,0.064,
70,-0.307,-1.2,
71,-0.203,0.169,
72,0.031,-0.231,
73,0.074,-0.121,
74,0.239,0.09,
75,0.231,-0.361,
76,0.117,-0.05,
77,-0.054,0.413,
78,-0.26,0.54,
79,-0.159,0.248,
80,-0.214,-0.219,
81,0.149,0.012,
82,0.256,-0.131,
83,-0.542,-0.446,
84,0.756,0.072,
85,-0.564,-0.119,
86,0,-0.03,
87,0.102,-0.174,
88,0.177,-0.131,
89,0.026,-0.611,
90,0.151,0.571,
91,0.364,0.021,
92,0.04,-0.283,
93,0.169,-0.301,
94,0.173,0.165,
95,-0.257,0.241,
96,-0.056,-0.094,
97,-0.389,-0.046,
98,-0.052,-0.71,
99,0.645,0.037,
100,-0.857,1.132,
101,0.096,-0.179,
102,-0.527,0.774,
103,0.497,-0.531,
104,-0.045,1.135,
105,0.174,-0.304,
106,-0.282,-0.928,
107,-0.388,0.121,
108,-0.308,0.091,
109,-0.253,-0.175,
110,0.957,0.16,
111,-0.284,0.303,
112,0.127,-0.126,
113,0.177,0.128,
114,0.009,0.227,
115,-0.159,0.527,
116,0.457,-0.269,
117,0.502,0.157,
118,0.172,-0.141,
119,0.361,0.44,
120,-0.336,-0.394,
121,0.217,-0.338,
122,0.394,-0.15,
123,-0.639,-0.637,
124,0.377,0.215,
125,0.495,-0.2,
126,-0.747,-0.052,
127,-0.181,-0.186,
128,-0.204,0.497,
129,0.164,-0.303,
130,-0.163,0.237,
131,0.11,-0.002,
132,0.141,0.27,
133,-0.44,0.151,
134,-0.309,0.128,
135,-0.269,0.238,
136,-0.177,-0.274,
137,-0.607,0.697,
138,-0.316,-0.313,
139,0.11,0.461,
140,-0.048,-0.122,
141,-0.248,0.367,
142,-0.135,-0.174,
143,-0.181,0.346,
144,0.843,-0.51,
145,0.09,-0.04,
146,-0.185,-0.115,
147,-0.301,-0.137,
148,0.094,0.207,
149,0.054,-0.156,
150,-0.583,-0.204,
151,-0.407,0.213,
152,0.14,-0.143,
153,-0.232,-0.014,
154,-0.729,0.34,
155,0.424,0.031,
156,-0.37,-0.232,
157,-0.061,-0.664,
158,-0.065,0.276,
159,0.571,-0.428,
160,0.543,0.844,
161,0.641,0.09,
162,0.108,0.086,
163,0.201,-0.258,
