1,-2.31,-2.672,
2,0.56,-1.281,
3,-1.512,-1.745,
4,0.738,-1.14,
5,0.171,-2.338,
6,-0.335,1.786,
7,2.096,0.857,
8,0.726,-0.293,
9,-1.252,-0.303,
10,0.409,-0.587,
11,0.292,2.116,
12,-1.572,-2.271,
13,2.023,0.939,
14,-0.053,-0.826,
15,-2.053,0.018,
16,0.191,-2.7,
17,0.247,-0.058,
18,0.154,-0.297,
19,1.252,0.915,
20,2.641,1.022,
21,0.636,0.27,
22,1.257,0.73,
23,0.101,-0.403,
24,0.01,0.38,
25,-0.072,2.527,
26,0.004,-0.947,
27,0.064,-0.297,
28,0.6,0.101,
29,-0.173,-2.242,
30,0.542,0.297,
31,0.7,0.544,
32,-0.037,-1.076,
33,-0.1,-0.776,
34,-2.225,1.44,
35,-1.976,-0.924,
36,-0.246,0.511,
37,0.094,0.229,
38,-0.257,-1.041,
39,0.513,0.275,
40,-1.003,1.69,
41,0.339,0.532,
42,0.499,0.497,
43,0.023,1.569,
44,-0.187,-0.343,
45,-0.259,0.137,
46,-2.384,-0.924,
47,-0.016,0.799,
48,-1.201,-0.966,
49,-1.326,-1.935,
50,-1.086,-0.77,
51,-0.937,-0.073,
52,0.564,1.035,
53,-0.136,-0.695,
54,1.671,-0.554,
55,-0.322,0.884,
56,-0.275,0.614,
57,-0.656,-0.478,
58,0.775,0.452,
59,1.589,0.828,
60,-0.095,-0.251,
61,0.618,-0.532,
62,-1.284,0.762,
63,-1.061,1.429,
64,-0.089,0.084,
65,-0.143,0.13,
66,0.376,0.405,
67,-0.455,-0.931,
68,0.008,0.728,
69,-1.495,0.356,
70,-0.303,-0.276,
71,0.034,-1.103,
72,0.626,-0.763,
73,-0.486,-0.268,
74,-0.332,-0.193,
75,-2.458,-0.093,
76,0.115,0.008,
77,0.265,-0.196,
78,-0.272,0.201,
79,-1.065,-0.077,
80,-1.153,-0.215,
81,-0.645,1.331,
82,-0.829,-1.242,
83,-2.231,-0.253,
84,1.286,0.162,
85,-0.825,-0.162,
86,-0.088,-0.394,
87,0.668,0.027,
88,0.276,0.656,
89,0.539,0.17,
90,-0.607,0.337,
91,0.169,1.264,
92,0.804,-1.45,
93,2.234,-0.092,
94,0.326,0.914,
95,0.46,1.86,
96,-1.134,1.052,
97,1.158,1.099,
98,0.215,-0.277,
99,0.355,0.692,
100,-1.565,0.323,
101,0.496,0.4,
102,-0.742,-1.049,
103,-1.063,-1.341,
104,-0.822,-0.301,
105,1.098,0.687,
106,-0.547,-1.126,
107,-0.431,0.121,
108,0.567,0.168,
109,0.019,-0.18,
110,-2.089,0.811,
111,-1.181,1.062,
112,-1.142,1.985,
113,0.859,-0.313,
114,0.108,0.752,
115,-0.509,0.776,
116,-0.634,-0.513,
117,1.574,0.145,
118,0.501,-0.848,
119,-0.562,0.214,
120,0.015,-0.789,
121,0.037,2.002,
122,-0.751,-0.178,
123,-0.64,-0.842,
124,-0.172,0.554,
125,-0.919,-0.595,
126,0.119,-0.568,
127,0.322,0.931,
128,-0.631,0.21,
129,0.46,1.514,
130,-1.138,-1.435,
131,0.762,2.039,
132,-0.549,1.766,
133,-0.449,0.248,
134,-1.043,-0.637,
135,-1.234,0.677,
136,-2.164,-0.712,
137,-1.05,0.563,
138,-0.38,0.446,
139,0.398,-0.864,
140,-0.206,0.239,
141,-0.102,-0.919,
142,-0.098,0.339,
143,-0.375,-0.606,
144,0.086,0.041,
145,-0.14,-1.147,
146,-1.19,-0.631,
147,-1.81,-1.14,
148,-0.584,0.245,
149,1.588,-0.844,
150,-0.538,-0.157,
151,-1.036,0.808,
152,-0.964,-0.301,
153,0.237,0.449,
154,1.553,0.541,
155,-0.263,0.303,
156,-0.253,-0.12,
157,-0.667,-0.688,
158,-1.545,-1.287,
159,-0.17,0.507,
160,0.578,-0.393,
161,-1.552,0.157,
162,-0.986,0.001,
163,0.397,-1.039,
