1,0.52,0.228,
2,-0.042,0.959,
3,0.881,-0.031,
4,-1.075,-1.706,
5,-1.38,1.8,
6,1.226,-1.532,
7,2.387,0.273,
8,0.291,-2.015,
9,-0.568,-1.591,
10,0.361,-1.731,
11,-0.802,0.792,
12,-1.074,-0.245,
13,1.002,-0.302,
14,-1.104,-0.958,
15,-0.716,0.261,
16,0.027,1.717,
17,-0.955,0.387,
18,0.92,-0.047,
19,-0.835,-0.914,
20,-0.405,-0.816,
21,-0.351,-0.314,
22,-1.103,-0.49,
23,0.382,0.399,
24,-0.212,0.726,
25,2.462,-0.817,
26,-0.049,0.892,
27,-0.049,0.67,
28,-1.041,0.851,
29,0.5,0.524,
30,-1.627,-0.988,
31,0.29,0.831,
32,0.034,1.142,
33,-1.327,-2.726,
34,-2.629,1.095,
35,0.342,0.852,
36,0.568,1.062,
37,-0.407,0.008,
38,0.568,-0.356,
39,0.53,0.516,
40,0.808,-1.32,
41,0.805,-0.916,
42,0.988,1.799,
43,-0.581,-0.576,
44,0.567,0.53,
45,-1.248,1.084,
46,0.288,-0.451,
47,-1.274,0.383,
48,0.156,0.151,
49,1.018,0.562,
50,-0.001,0.742,
51,0.808,1.382,
52,-0.655,-0.103,
53,0.812,0.493,
54,0.664,-0.361,
55,1.502,-0.601,
56,0.458,0.538,
57,1.531,0.234,
58,1.495,2.491,
59,1.323,0.927,
60,-0.312,0.946,
61,-1.211,-0.54,
62,1.197,-0.189,
63,-0.466,0.211,
64,0.17,-1.435,
65,0.2,0.164,
66,-0.309,0.523,
67,-0.086,0.14,
68,0.644,0.807,
69,-0.963,1.675,
70,-0.116,0.01,
71,1.059,0.709,
72,0.63,1.438,
73,0.49,-1.044,
74,-0.599,0.5,
75,-1.605,0.964,
76,2.165,0.394,
77,0.882,3.204,
78,0.914,1.071,
79,-1.088,-1.545,
80,0.513,0.23,
81,-0.685,1.551,
82,0.367,0.114,
83,0.182,0.75,
84,-0.976,-1.946,
85,0.612,0.827,
86,0.174,0.372,
87,0.547,0.988,
88,0.174,-0.415,
89,0.721,0.323,
90,-0.61,1.256,
91,1.157,0.587,
92,-0.058,-0.155,
93,-0.6,-0.247,
94,-0.711,0.767,
95,0.338,-1.487,
96,-0.335,-0.283,
97,-1.539,-0.71,
98,-0.098,-0.973,
99,0.459,-1.536,
100,0.402,0.336,
101,-0.292,1.063,
102,-1.116,-0.691,
103,-0.733,2.152,
104,1.198,-0.54,
105,-0.923,0.829,
106,-0.768,-1.563,
107,-2.899,-0.532,
108,1.19,-1.177,
109,-0.937,-0.743,
110,1.12,-0.263,
111,0.308,0.246,
112,0.811,-0.057,
113,2.194,0.432,
114,0.068,-0.982,
115,0.14,-0.369,
116,1.406,1.189,
117,0.753,1.286,
118,1.093,-0.737,
119,1.019,-0.316,
120,-0.086,-1.006,
121,-0.307,-0.625,
122,1.182,-0.351,
123,-0.869,-0.958,
124,0.802,0.574,
125,-1.209,-0.807,
126,-0.246,-0.219,
127,-1.977,0.823,
128,-0.375,0.14,
129,-0.009,-0.728,
130,0.304,-2.042,
131,2.545,-0.332,
132,0.417,0.202,
133,0.467,0.091,
134,-0.422,-1.382,
135,3.439,-0.357,
136,2.688,1.033,
137,2.049,-0.752,
138,0.537,-0.009,
139,0.188,-1.299,
140,-1.544,2.088,
141,-0.728,0.127,
142,-1.221,-0.544,
143,0.305,-1.504,
144,0.068,0.748,
145,-1.511,0.423,
146,-1.603,0.885,
147,-1.549,1.136,
148,-2.025,-0.853,
149,-1.387,1.107,
150,-0.977,-0.422,
151,0.675,-1.14,
152,-1.449,-0.554,
153,-1.856,1.093,
154,-0.174,-0.297,
155,0.349,0.799,
156,-1.009,0.683,
157,0.235,-1.9,
158,1.015,-0.123,
159,0.77,-0.726,
160,-0.377,-0.449,
161,-0.571,0.814,
162,0.209,2.034,
163,1.744,2.326,
