1,-1.131,-1.502,
2,0.843,-0.966,
3,-1.135,-0.482,
4,0.585,-0.226,
5,0.209,-0.039,
6,-0.827,1.244,
7,1.461,1.153,
8,0.478,0.126,
9,-0.598,-0.391,
10,1.209,-0.404,
11,-0.02,1.74,
12,-0.807,-1.064,
13,1.518,0.71,
14,-0.463,-0.774,
15,-0.914,0.134,
16,0.522,-1.475,
17,0.341,0.273,
18,-0.017,-0.618,
19,1.344,0.44,
20,2.527,1.475,
21,0.602,0.211,
22,0.573,0.441,
23,0.117,-0.395,
24,-0.304,1.384,
25,-0.318,1.642,
26,0.62,0.305,
27,-0.108,-0.394,
28,0.346,0.061,
29,-0.079,-0.587,
30,0.064,0.246,
31,0.534,0.961,
32,0.256,-0.702,
33,-0.091,0.056,
34,-1.619,1.085,
35,-1.136,0.161,
36,-1.398,1.09,
37,0.276,0.229,
38,-0.774,-0.929,
39,-0.117,0.574,
40,-0.395,1.081,
41,0.396,0.408,
42,1.24,1.262,
43,-0.076,1.088,
44,-0.188,-0.354,
45,-0.302,-0.522,
46,-1.506,-0.829,
47,-0.554,0.236,
48,-0.603,-0.53,
49,-0.848,-1.698,
50,-0.782,-0.853,
51,-0.476,-0.411,
52,0.45,0.642,
53,0.357,-1.819,
54,1.332,-0.469,
55,-0.452,0.502,
56,-0.973,0.599,
57,0.073,-0.501,
58,0.624,0.55,
59,1.552,0.069,
60,0.06,-0.43,
61,0.128,-0.224,
62,-1.165,0.344,
63,-0.726,1.927,
64,-0.286,-0.009,
65,0.085,0.138,
66,0.33,0.904,
67,-0.365,-0.9,
68,0.194,0.398,
69,-0.937,0.917,
70,0.01,0.058,
71,-0.405,-1.259,
72,0.607,-0.33,
73,-0.535,-0.108,
74,0.044,0.06,
75,-1.176,-0.125,
76,-0.252,0.212,
77,0.045,-0.504,
78,-0.109,-0.095,
79,-0.904,0.043,
80,-0.708,-0.624,
81,-0.935,0.685,
82,-0.524,-0.252,
83,-0.629,-0.038,
84,0.108,-0.292,
85,-1.028,-0.189,
86,-0.158,0.054,
87,0.711,-0.829,
88,-0.058,0.47,
89,0.368,0.229,
90,0.276,0.146,
91,-0.151,1.15,
92,0.594,-0.823,
93,0.672,0.01,
94,0.143,0.481,
95,0.194,1.53,
96,-0.778,0.595,
97,0.719,0.767,
98,0.104,-0.963,
99,-0.264,0.764,
100,-2.268,-0.123,
101,0.379,0.602,
102,-0.439,-0.478,
103,-0.729,-0.761,
104,-0.212,-0.258,
105,-0.496,0.151,
106,-0.198,-0.462,
107,0.14,0.955,
108,0.175,-0.039,
109,-0.295,-0.164,
110,-2.304,0.923,
111,-0.5,0.975,
112,-0.993,1.223,
113,0.812,-0.444,
114,-0.157,0.142,
115,-0.157,-0.414,
116,-0.352,-0.614,
117,1.859,-0.215,
118,0.211,-0.62,
119,-0.634,0.385,
120,0.303,-1.127,
121,0.184,1.547,
122,-0.52,-0.056,
123,-0.457,-1.029,
124,0.399,-0.008,
125,-0.788,-0.519,
126,0.228,-0.377,
127,0.697,0.577,
128,-0.113,0.027,
129,0.317,1.23,
130,-0.48,-0.46,
131,0.924,1.735,
132,-0.622,1.249,
133,-0.58,-0.438,
134,-0.629,-0.24,
135,-0.799,-0.094,
136,-1.421,0.009,
137,-1.041,-0.115,
138,-0.732,0.431,
139,0.397,-0.884,
140,0.157,0.23,
141,-0.35,-0.898,
142,-0.335,-0.022,
143,-0.184,0.079,
144,0.166,0.816,
145,-0.328,-1.055,
146,-0.406,-0.402,
147,-1.178,-1.788,
148,-0.984,0.059,
149,1.686,-1.275,
150,-0.469,-0.456,
151,-0.07,0.35,
152,-0.555,-0.086,
153,0.709,0.759,
154,0.559,0.209,
155,-0.368,-0.267,
156,0.064,-0.146,
157,0.345,-0.615,
158,-1.073,-0.338,
159,-0.315,-0.126,
160,0.457,-0.322,
161,-0.789,-0.275,
162,-0.138,-0.584,
163,1.105,-0.549,
