1,0.794,0.058,
2,1.225,-0.71,
3,0.69,0.624,
4,0.89,0.644,
5,1.025,1.017,
6,-0.727,0.455,
7,1.002,1.204,
8,0.778,1.238,
9,-0.256,0.262,
10,1.035,1.13,
11,0.707,1.779,
12,0.553,0.137,
13,0.905,0.676,
14,0.305,0.289,
15,0.176,0.847,
16,0.965,0.564,
17,-0.719,0.338,
18,0.882,0.027,
19,0.587,1.038,
20,0.342,0.229,
21,0.967,-0.181,
22,0.263,0.193,
23,0.402,0.803,
24,0.321,0.637,
25,-0.171,0.768,
26,0.655,0.843,
27,0.733,0.51,
28,-0.269,0.905,
29,0.859,0.815,
30,1.341,0.448,
31,0.367,0.655,
32,1.162,0.061,
33,0.183,0.501,
34,-0.423,-0.813,
35,0.03,0.687,
36,-0.132,1.422,
37,0.51,1.446,
38,1.391,1.172,
39,0.44,0.54,
40,0.853,-0.144,
41,1.228,0.868,
42,0.57,1.211,
43,0.475,1.077,
44,0.822,1.104,
45,0.119,0.999,
46,0.892,0.111,
47,-0.414,0.094,
48,0.937,0.166,
49,-0.802,-0.431,
50,-0.056,0.332,
51,1.658,0.04,
52,-0.425,-0.122,
53,0.785,-0.136,
54,0.452,0.247,
55,0.432,0.254,
56,-0.052,1.529,
57,0.171,0.996,
58,0.467,0.998,
59,0.406,1.197,
60,0.48,0.571,
61,0.557,0.57,
62,0.221,0.694,
63,0.35,0.8,
64,0.338,0.262,
65,-0.245,-0.47,
66,0.721,1.09,
67,0.152,-0.644,
68,1.466,0.237,
69,0.121,1.333,
70,-0.297,-0.196,
71,0.581,1.056,
72,0.363,0.546,
73,0.045,0.618,
74,0.389,0.633,
75,0.552,-0.215,
76,0.342,0.294,
77,0.127,0.434,
78,0.456,0.859,
79,-0.412,0.635,
80,0.295,0.553,
81,0.838,0.954,
82,0.465,0.833,
83,-0.09,0.567,
84,0.143,0.563,
85,0.675,0.507,
86,0.651,2,
87,0.333,-0.123,
88,0.767,0.455,
89,0.751,-0.052,
90,0.824,1.113,
91,1.901,0.498,
92,0.07,-0.101,
93,-0.167,1.049,
94,-0.071,0.716,
95,0.362,0.274,
96,0.276,0.475,
97,1.044,0.546,
98,0.126,-1.697,
99,0.993,0.802,
100,-0.317,0.953,
101,0.919,0.37,
102,-0.008,0.274,
103,0.835,0.711,
104,0.304,0.871,
105,0.088,0.391,
106,0.978,1.394,
107,0.471,1.475,
108,0.067,0.022,
109,0.881,0.73,
110,1.416,0.54,
111,-0.008,1.137,
112,-0.577,0.196,
113,0.725,0.395,
114,1.448,0.287,
115,0.442,-0.196,
116,0.626,0.13,
117,1.318,0.874,
118,0.674,0.496,
119,0.989,0.908,
120,0.42,0.144,
121,0.593,0.871,
122,0.888,-0.091,
123,-0.215,-0.824,
124,0.677,0.191,
125,0.805,-0.129,
126,1.512,-0.444,
127,-0.201,0.44,
128,0.336,0.952,
129,0.525,0.569,
130,0.734,0.293,
131,1.519,1.132,
132,0.348,0.555,
133,-0.191,0.664,
134,0.561,0.433,
135,0.318,0.851,
136,0.404,0.355,
137,-0.285,0.818,
138,-0.082,0.359,
139,0.064,-0.223,
140,0.568,0.288,
141,-0.08,0.374,
142,0.39,0.263,
143,-0.296,1.607,
144,0.134,0.733,
145,0.583,-0.07,
146,0.093,1.066,
147,0.287,0.346,
148,-0.136,0.522,
149,0.256,-1.207,
150,-1.088,0.825,
151,0.804,1.123,
152,0.194,0.933,
153,-0.077,0.21,
154,0.186,0.626,
155,0.265,1.535,
156,0.358,0.112,
157,-0.117,-0.452,
158,1.049,0.624,
159,1.599,-0.333,
160,0.432,0.988,
161,1.047,0.215,
162,0.604,-0.24,
163,0.801,0.334,
