1,0.798,0.532,
2,1.022,-0.063,
3,0.482,0.679,
4,0.796,0.701,
5,0.889,1.104,
6,-0.751,0.381,
7,0.781,1.12,
8,0.91,1.146,
9,-0.032,0.193,
10,0.652,1.386,
11,0.882,1.575,
12,0.605,0.202,
13,0.997,0.663,
14,0.07,0.331,
15,0.254,0.791,
16,1.025,0.494,
17,-0.39,0.457,
18,0.771,0.254,
19,0.603,1.058,
20,0.481,0.464,
21,0.826,0.149,
22,0.269,0.428,
23,0.407,0.783,
24,0.422,0.603,
25,-0.082,0.895,
26,0.768,1.056,
27,0.843,0.67,
28,-0.028,0.803,
29,0.7,0.677,
30,1.233,0.659,
31,0.389,0.966,
32,1.298,0.246,
33,0.244,0.488,
34,-0.265,-0.598,
35,0.429,1.018,
36,-0.099,1.198,
37,0.789,1.37,
38,1.266,1.176,
39,0.465,0.59,
40,0.862,0.17,
41,1.29,0.802,
42,0.788,1.271,
43,0.673,1.061,
44,1.031,1.214,
45,0.364,0.981,
46,0.752,0.225,
47,-0.196,0.108,
48,0.879,0.241,
49,-0.409,-0.145,
50,0.078,0.322,
51,1.647,0.118,
52,-0.206,0.134,
53,0.808,-0.008,
54,0.604,0.522,
55,0.438,0.08,
56,-0.009,1.518,
57,0.361,0.965,
58,0.422,1.134,
59,0.461,0.985,
60,0.486,0.61,
61,0.499,0.849,
62,0.268,0.68,
63,0.501,0.871,
64,0.361,0.151,
65,0.055,-0.239,
66,0.793,1.186,
67,0.167,-0.409,
68,1.277,0.281,
69,0.243,1.389,
70,-0.2,0.202,
71,0.521,0.765,
72,0.44,0.693,
73,0.138,0.769,
74,0.503,0.75,
75,0.643,-0.073,
76,0.451,0.452,
77,0.24,0.389,
78,0.49,0.79,
79,-0.402,0.649,
80,0.424,0.48,
81,0.84,0.936,
82,0.504,0.926,
83,0.351,0.739,
84,0.135,0.622,
85,0.756,0.613,
86,0.431,1.699,
87,0.321,-0.058,
88,0.605,0.569,
89,0.628,0.253,
90,0.872,0.809,
91,1.437,0.706,
92,0.194,0.073,
93,-0.151,1.334,
94,-0.086,0.83,
95,0.502,0.238,
96,0.358,0.446,
97,1.196,0.502,
98,-0.002,-1.064,
99,0.915,0.729,
100,-0.021,0.73,
101,0.769,0.534,
102,0.179,0.37,
103,0.657,0.938,
104,0.433,0.64,
105,0.109,0.482,
106,0.847,1.438,
107,0.735,1.525,
108,0.22,0.081,
109,0.928,0.728,
110,1.229,0.766,
111,0.077,1.059,
112,-0.54,0.246,
113,0.667,0.364,
114,1.28,0.306,
115,0.387,-0.424,
116,0.651,0.181,
117,1.168,0.808,
118,0.668,0.568,
119,0.888,0.86,
120,0.577,0.297,
121,0.449,0.891,
122,0.933,0.333,
123,-0.021,-0.708,
124,0.699,0.238,
125,0.708,0.024,
126,1.731,-0.326,
127,0.168,0.412,
128,0.501,0.87,
129,0.651,0.679,
130,0.813,0.404,
131,1.4,1.368,
132,0.263,0.517,
133,-0.051,0.65,
134,0.64,0.516,
135,0.374,0.687,
136,0.428,0.551,
137,-0.096,0.703,
138,0.035,0.435,
139,0.194,-0.417,
140,0.576,0.397,
141,-0.007,0.317,
142,0.38,0.275,
143,0.054,1.278,
144,0.157,0.899,
145,0.539,0.154,
146,0.507,1.086,
147,0.385,0.453,
148,-0.187,0.498,
149,0.351,-1.115,
150,-0.965,0.666,
151,1.116,1.082,
152,0.156,1.033,
153,0.198,0.242,
154,0.375,0.516,
155,0.244,1.258,
156,0.413,0.382,
157,0.2,-0.034,
158,0.949,0.998,
159,1.082,-0.059,
160,0.335,0.778,
161,0.972,0.176,
162,0.478,0.035,
163,0.991,0.182,
