1,0.415,-1.228,
2,1.506,-1.944,
3,1.441,1.017,
4,1.17,1.158,
5,0.915,1.434,
6,-0.458,-0.017,
7,1.175,1.191,
8,0.307,1.325,
9,-1.073,0.649,
10,2.135,0.511,
11,0.501,2.045,
12,0.226,0.179,
13,0.453,1.025,
14,1.027,1.08,
15,-0.163,0.419,
16,0.966,1.326,
17,-1.184,0.126,
18,1.273,-0.257,
19,0.726,0.764,
20,-0.108,-0.677,
21,1.329,-0.753,
22,0.017,-1.018,
23,0.092,0.695,
24,-0.26,0.916,
25,-0.478,0.701,
26,0.637,0.634,
27,0.675,0.042,
28,-1.327,0.818,
29,1.958,1.233,
30,1.692,-0.522,
31,0.274,-0.702,
32,0.846,-0.755,
33,-0.152,0.573,
34,-0.667,-1.34,
35,-1.438,-0.058,
36,-0.559,2.596,
37,0.412,1.661,
38,2.055,1.127,
39,0.101,0.403,
40,0.87,-1.173,
41,1.093,0.793,
42,-0.612,0.421,
43,-0.795,1.177,
44,0.049,0.947,
45,-1.094,1.09,
46,1.049,-0.224,
47,-0.958,0.114,
48,0.481,0.073,
49,-1.045,-1.367,
50,-0.262,0.429,
51,1.233,-0.338,
52,-0.893,-1.046,
53,0.395,-1.077,
54,0.19,-0.901,
55,0.445,0.821,
56,-0.34,1.009,
57,0.013,0.943,
58,0.786,0.49,
59,0.221,1.818,
60,-0.054,0.583,
61,0.035,-0.609,
62,0.36,0.828,
63,0.261,0.863,
64,0.048,0.922,
65,-1.297,-1.224,
66,0.196,0.557,
67,0.175,-0.624,
68,2.044,0.247,
69,-0.104,1.227,
70,-0.651,-1.291,
71,0.557,2.002,
72,0.065,-0.009,
73,0.029,-0.049,
74,-0.278,0.398,
75,1.111,-0.467,
76,0.052,-0.26,
77,-0.082,0.657,
78,0.233,1.102,
79,-0.444,0.567,
80,0.465,0.446,
81,0.844,0.894,
82,0.261,0.399,
83,-1.397,0.112,
84,0.365,0.284,
85,0.616,-0.039,
86,1.003,3.336,
87,0.125,-0.326,
88,1.055,0.243,
89,0.791,-0.826,
90,1.37,1.763,
91,2.421,0.166,
92,0.278,-1.013,
93,-0.262,0.073,
94,-0.009,0.427,
95,-0.209,0.369,
96,-0.06,0.451,
97,0.721,0.493,
98,0.805,-2.41,
99,1.22,1.209,
100,-0.838,1.92,
101,1.045,-0.304,
102,-0.744,0.704,
103,1.625,-0.128,
104,0.449,1.654,
105,0.053,0.033,
106,0.959,1.415,
107,-0.924,1.69,
108,-0.73,-0.034,
109,0.811,0.891,
110,1.989,-0.269,
111,0.054,1.703,
112,-0.467,-0.016,
113,0.719,0.491,
114,1.88,0.308,
115,0.154,-0.054,
116,1.027,-0.049,
117,1.799,1.085,
118,0.82,0.254,
119,1.49,1.35,
120,-0.112,-0.334,
121,1.314,1.172,
122,0.675,-1.04,
123,-0.707,-1.189,
124,0.86,0.109,
125,1.083,-0.998,
126,0.498,-1.03,
127,-1.322,0.287,
128,0.298,0.9,
129,0.433,0.1,
130,0.264,0.158,
131,1.885,0.701,
132,0.583,0.782,
133,-0.744,0.984,
134,0.544,0.119,
135,-0.25,1.41,
136,0.262,-0.072,
137,-1.391,1.133,
138,-0.845,-0.228,
139,-0.116,-0.23,
140,0.728,-0.279,
141,-0.174,0.481,
142,0.117,0.239,
143,-0.718,1.842,
144,0.085,0.632,
145,0.688,-0.317,
146,-0.646,0.714,
147,-0.335,-0.199,
148,-0.257,0.142,
149,-0.286,-1.371,
150,-1.605,0.703,
151,-0.084,0.9,
152,0.327,0.099,
153,-1.483,0.011,
154,-0.696,0.861,
155,0.294,1.682,
156,0.209,-1.239,
157,0.181,-0.994,
158,0.954,1.018,
159,3.095,-0.782,
160,1.112,1.249,
161,1.441,0.127,
162,0.236,-0.829,
163,0.49,-0.073,
