1,-0.793,-1.809,
2,-0.499,-1.284,
3,-0.109,-1.876,
4,-1.093,-0.259,
5,0.327,-0.659,
6,-0.226,-0.68,
7,-0.125,-0.943,
8,-0.325,-1.654,
9,0.84,-0.377,
10,-0.755,-0.32,
11,0.156,-1.106,
12,0.556,-0.388,
13,0.207,0.339,
14,-0.719,-0.611,
15,-0.583,-0.818,
16,0.12,-0.675,
17,-1.19,-2.182,
18,0.277,-0.818,
19,0.259,-0.116,
20,0.076,-0.106,
21,-0.12,-0.982,
22,-0.021,-0.304,
23,-0.506,-1.619,
24,0.946,-1.544,
25,0.106,-1.074,
26,-1.695,-1.167,
27,-0.774,-0.949,
28,1.016,-0.558,
29,0.699,0.231,
30,1.63,-0.268,
31,-0.325,-0.957,
32,0.513,-0.83,
33,-1.545,-1.408,
34,-0.197,-2.077,
35,0.014,-0.688,
36,0.429,-0.258,
37,0.5,-0.076,
38,0.672,-0.883,
39,-0.431,-0.572,
40,0.575,-1.378,
41,0.487,0.494,
42,-0.084,0.871,
43,-0.01,0.944,
44,-0.641,-1.085,
45,-0.196,-0.642,
46,-0.904,-0.114,
47,-0.273,-0.17,
48,-0.025,-0.623,
49,-0.004,-1.272,
50,0.018,-0.608,
51,-0.266,-1.316,
52,-0.695,-0.092,
53,-0.766,0.508,
54,-1.052,-0.312,
55,-1.259,-0.925,
56,-0.417,-0.334,
57,0.204,-0.722,
58,-1.174,-0.307,
59,-0.323,-1.28,
60,0.125,-0.702,
61,-0.764,-0.294,
62,-0.512,-0.777,
63,0.98,0.298,
64,-0.773,-0.381,
65,0.652,-0.544,
66,0.753,-0.173,
67,-0.858,0.515,
68,-0.077,-0.642,
69,-0.284,-0.117,
70,0.84,-0.583,
71,0.409,-0.913,
72,-0.052,-1.397,
73,0.895,-0.744,
74,0.981,-0.608,
75,1.694,0.006,
76,-0.809,-1.397,
77,0.122,0.423,
78,0.015,0.913,
79,0.009,0.062,
80,1.083,-0.496,
81,-0.954,-1.025,
82,-0.278,0.52,
83,0.006,-0.258,
84,-0.216,-0.339,
85,0.714,-0.634,
86,0.679,0.266,
87,-0.208,-0.81,
88,0.775,0.358,
89,-1.957,-0.397,
90,-0.76,-0.033,
91,-1.092,-0.465,
92,-0.471,-0.345,
93,0.582,0.803,
94,-0.786,1.51,
95,1.013,-0.801,
96,-0.313,-1.027,
97,-0.822,-0.556,
98,-0.77,-2.039,
99,-0.075,-0.647,
100,-0.092,-1.653,
101,0.05,-0.381,
102,0.115,-1.3,
103,-0.484,-1.283,
104,-0.379,-0.583,
105,-1.249,-0.375,
106,0.656,-0.234,
107,-0.346,0.211,
108,-0.09,-1.174,
109,0.326,-1.872,
110,-0.808,-1.916,
111,0.051,0.308,
112,0.504,-1.08,
113,0.156,-0.759,
114,-0.046,-0.787,
115,-0.093,-1.58,
116,-0.104,-1.04,
117,1.306,-0.54,
118,0.392,-0.615,
119,0.397,-1.077,
120,-0.174,-0.348,
121,-0.059,-0.442,
122,0.259,-0.178,
123,-0.215,-1.415,
124,-0.665,-1.25,
125,-0.182,-0.65,
126,0.37,-0.369,
127,0.56,-1.409,
128,-0.23,-0.314,
129,-0.379,-0.432,
130,-0.521,-0.269,
131,0.204,-0.253,
132,0.235,0.915,
133,-0.406,-0.845,
134,-0.178,-0.325,
135,-1.474,-1.223,
136,-0.212,-0.725,
137,1.029,0.043,
138,-0.298,-0.269,
139,-1.079,-0.354,
140,-0.727,-1.002,
141,-0.931,-0.758,
142,0.503,-1.297,
143,-0.363,0.04,
144,-0.575,-1.022,
145,-0.924,-0.579,
146,0.355,0.303,
147,-0.032,-0.574,
148,-1.388,-0.312,
149,-0.637,-0.792,
150,-1.119,-2.699,
151,-0.078,-0.062,
152,-1.224,-0.616,
153,0.22,-0.523,
154,-1.265,0.027,
155,-0.809,-1.106,
156,0.777,0.138,
157,0.245,-0.086,
158,-0.421,-0.014,
159,-0.103,0.254,
160,-1.23,-0.272,
161,-0.619,-0.076,
162,0.743,0.561,
163,0.984,-0.323,
