1,-0.152,-1.514,
2,1.368,-1.814,
3,1.69,0.939,
4,1.221,1.185,
5,0.604,1.426,
6,-0.5,-0.505,
7,1.061,0.958,
8,-0.143,1.012,
9,-1.427,0.759,
10,2.215,-0.166,
11,0.143,1.915,
12,0.162,0.164,
13,0.169,1.122,
14,1.321,1.646,
15,-0.313,-0.238,
16,0.603,1.639,
17,-1.528,-0.012,
18,1.202,-0.186,
19,0.663,0.361,
20,-0.415,-0.869,
21,0.978,-0.953,
22,-0.229,-1.442,
23,0.188,0.491,
24,-0.588,0.984,
25,-0.263,0.536,
26,0.454,0.293,
27,0.513,-0.395,
28,-1.41,0.723,
29,2.12,1.568,
30,1.413,-0.868,
31,0.263,-1.643,
32,0.088,-1.312,
33,-0.283,0.628,
34,-0.905,-1.341,
35,-2.253,-0.465,
36,-0.454,2.862,
37,0.028,1.254,
38,1.901,0.623,
39,-0.014,0.21,
40,0.513,-1.684,
41,0.59,0.691,
42,-1.161,-0.205,
43,-1.505,1.058,
44,-0.631,0.614,
45,-1.691,0.849,
46,0.815,-0.302,
47,-1.319,0.088,
48,0.384,0.069,
49,-0.359,-1.429,
50,-0.364,0.357,
51,0.862,-0.26,
52,-1.254,-1.535,
53,0.348,-1.716,
54,0.305,-1.609,
55,0.31,0.942,
56,-0.26,0.458,
57,-0.417,0.545,
58,0.85,-0.117,
59,0.042,1.778,
60,-0.482,0.514,
61,-0.345,-1.601,
62,0.928,1.048,
63,0.206,0.781,
64,-0.134,1.319,
65,-1.573,-1.319,
66,-0.072,0.322,
67,0.094,-0.127,
68,1.861,0.292,
69,-0.042,0.756,
70,-0.539,-1.842,
71,0.218,1.968,
72,0.074,-0.464,
73,-0.063,-0.609,
74,-0.436,0.196,
75,1.683,-0.736,
76,-0.074,-0.405,
77,-0.179,0.794,
78,-0.097,1.082,
79,-0.4,0.432,
80,0.654,0.085,
81,0.655,0.559,
82,0.248,-0.052,
83,-1.843,0.051,
84,0.714,0.16,
85,0.246,-0.204,
86,0.686,3.378,
87,0.161,-0.267,
88,0.988,-0.058,
89,0.507,-1.179,
90,1.372,1.649,
91,2.321,0.017,
92,0.188,-1.354,
93,-0.056,-0.821,
94,0.242,0.311,
95,-0.597,0.485,
96,-0.129,0.414,
97,0.171,0.514,
98,0.855,-2.315,
99,1.008,1.102,
100,-1.096,2.221,
101,0.886,-0.546,
102,-1.113,0.839,
103,2.162,-0.356,
104,0.54,2.049,
105,0.11,-0.294,
106,0.691,0.725,
107,-1.441,1.687,
108,-0.897,-0.132,
109,0.393,0.731,
110,2.196,-0.649,
111,0.109,1.686,
112,-0.199,-0.182,
113,0.617,0.748,
114,1.481,0.34,
115,0.13,0.626,
116,1.084,-0.1,
117,1.9,1.006,
118,0.788,-0.016,
119,1.495,1.366,
120,-0.59,-0.642,
121,1.527,0.925,
122,0.762,-1.269,
123,-1.049,-1.237,
124,1.036,0.083,
125,0.991,-1.502,
126,-0.695,-0.953,
127,-1.42,0.008,
128,0.037,0.883,
129,0.166,-0.402,
130,-0.17,0.158,
131,1.641,0.295,
132,0.603,0.898,
133,-1.001,1.058,
134,0.268,0.131,
135,-0.775,1.267,
136,0.013,-0.529,
137,-1.841,1.37,
138,-1.162,-0.541,
139,-0.019,-0.039,
140,0.583,-0.518,
141,-0.067,0.42,
142,-0.117,0.074,
143,-0.571,1.649,
144,0.312,0.291,
145,0.529,-0.446,
146,-0.579,0.273,
147,-0.698,-0.422,
148,-0.296,0.144,
149,-0.496,-1.1,
150,-1.599,0.157,
151,-0.726,0.644,
152,0.395,-0.25,
153,-1.74,-0.137,
154,-1.408,1.014,
155,0.231,1.378,
156,-0.12,-1.976,
157,0.007,-1.738,
158,0.769,0.812,
159,3.506,-0.914,
160,1.523,1.596,
161,1.563,0.3,
162,0.1,-0.967,
163,0.3,-0.52,
