1,0.114,-1.509,
2,1.572,-2.153,
3,1.819,1.143,
4,1.356,1.411,
5,0.752,1.686,
6,-0.601,0.003,
7,1.266,1.226,
8,0.036,1.374,
9,-1.515,0.662,
10,2.494,-0.159,
11,0.462,2.015,
12,0.058,0.183,
13,0.337,1.033,
14,1.352,1.627,
15,-0.415,0.204,
16,0.823,1.645,
17,-1.283,0.232,
18,1.388,-0.134,
19,0.773,0.47,
20,-0.358,-0.974,
21,1.437,-0.932,
22,-0.311,-1.621,
23,-0.066,0.465,
24,-0.611,0.927,
25,-0.549,0.705,
26,0.555,0.479,
27,0.463,-0.178,
28,-1.651,0.725,
29,2.589,1.384,
30,1.813,-1.109,
31,0.242,-1.719,
32,0.461,-1.346,
33,-0.279,0.618,
34,-0.804,-1.541,
35,-2.286,-0.344,
36,-0.709,2.946,
37,0.348,1.509,
38,2.155,0.947,
39,0.01,0.123,
40,0.766,-1.827,
41,0.898,0.56,
42,-1.21,-0.154,
43,-1.587,1.199,
44,-0.506,0.825,
45,-2.008,1.146,
46,0.923,-0.41,
47,-1.228,0.183,
48,0.337,0.073,
49,-0.762,-1.575,
50,-0.44,0.465,
51,0.941,-0.647,
52,-1.235,-1.518,
53,0.172,-1.734,
54,0.212,-1.471,
55,0.423,1.111,
56,-0.48,0.415,
57,-0.084,0.668,
58,1.014,0.053,
59,0.072,1.948,
60,-0.401,0.586,
61,-0.236,-1.226,
62,0.848,0.946,
63,0.231,0.939,
64,-0.243,1.449,
65,-1.854,-1.517,
66,-0.154,0.269,
67,0.174,-0.452,
68,2.1,0.309,
69,-0.029,1.092,
70,-0.783,-1.872,
71,0.484,2.206,
72,-0.116,-0.353,
73,0.135,-0.475,
74,-0.64,0.258,
75,1.188,-0.599,
76,-0.04,-0.397,
77,-0.218,0.814,
78,0.04,1.126,
79,-0.418,0.418,
80,0.649,0.3,
81,0.843,0.794,
82,-0.002,0.074,
83,-2.034,-0.012,
84,0.567,0.203,
85,0.663,-0.337,
86,0.946,3.913,
87,0.071,-0.377,
88,1.112,0.104,
89,1.083,-1.201,
90,1.756,1.872,
91,2.553,0.054,
92,0.403,-1.55,
93,-0.271,-0.63,
94,0.106,0.299,
95,-0.658,0.496,
96,-0.199,0.447,
97,0.54,0.388,
98,1.177,-2.512,
99,1.17,1.57,
100,-0.692,2.408,
101,0.966,-0.696,
102,-1.09,0.832,
103,2.132,-0.309,
104,0.639,2.056,
105,0.045,-0.227,
106,0.622,1.308,
107,-1.537,2.006,
108,-1.16,-0.06,
109,0.68,0.979,
110,2.306,-0.715,
111,0.238,1.991,
112,-0.357,-0.195,
113,0.553,0.63,
114,2.028,0.334,
115,0.044,0.275,
116,1.174,-0.044,
117,1.989,1.128,
118,0.957,0.077,
119,1.644,1.622,
120,-0.357,-0.666,
121,1.77,1.371,
122,0.656,-1.489,
123,-1.012,-1.236,
124,1.06,0.031,
125,0.897,-1.462,
126,-0.328,-1.12,
127,-1.583,0.137,
128,0.204,0.924,
129,0.342,-0.168,
130,-0.123,0.181,
131,2.046,0.427,
132,0.732,0.943,
133,-1.133,1.214,
134,0.487,-0.03,
135,-0.624,1.504,
136,0.079,-0.363,
137,-1.97,1.268,
138,-1.227,-0.52,
139,-0.066,-0.228,
140,0.777,-0.598,
141,-0.163,0.529,
142,-0.124,0.252,
143,-0.645,1.603,
144,0.111,0.538,
145,0.669,-0.268,
146,-0.807,0.458,
147,-0.799,-0.412,
148,-0.381,0.02,
149,-0.418,-1.447,
150,-1.851,0.43,
151,-0.668,0.763,
152,0.112,-0.416,
153,-2.03,-0.031,
154,-1.322,0.957,
155,0.336,1.592,
156,-0.019,-2.035,
157,0.151,-1.316,
158,1.045,0.665,
159,3.678,-0.79,
160,1.569,1.524,
161,1.654,0.328,
162,-0.015,-1.061,
163,0.308,-0.511,
