1,0.819,0.575,
2,1.032,-0.045,
3,0.492,0.727,
4,0.791,0.751,
5,0.882,1.134,
6,-0.766,0.433,
7,0.814,1.159,
8,0.922,1.16,
9,-0.035,0.207,
10,0.663,1.42,
11,0.898,1.584,
12,0.595,0.211,
13,0.987,0.679,
14,0.048,0.342,
15,0.206,0.83,
16,1.068,0.513,
17,-0.386,0.463,
18,0.785,0.259,
19,0.609,1.069,
20,0.486,0.454,
21,0.85,0.159,
22,0.265,0.42,
23,0.394,0.807,
24,0.412,0.607,
25,-0.096,0.905,
26,0.799,1.093,
27,0.857,0.687,
28,-0.056,0.788,
29,0.726,0.674,
30,1.261,0.642,
31,0.386,0.973,
32,1.343,0.253,
33,0.231,0.493,
34,-0.257,-0.627,
35,0.433,1.032,
36,-0.137,1.238,
37,0.848,1.408,
38,1.303,1.205,
39,0.455,0.587,
40,0.882,0.171,
41,1.317,0.794,
42,0.776,1.287,
43,0.674,1.081,
44,1.049,1.232,
45,0.363,0.997,
46,0.756,0.216,
47,-0.188,0.11,
48,0.827,0.238,
49,-0.41,-0.147,
50,0.085,0.331,
51,1.667,0.097,
52,-0.213,0.133,
53,0.809,-0.015,
54,0.602,0.509,
55,0.448,0.082,
56,-0.024,1.547,
57,0.375,0.984,
58,0.431,1.155,
59,0.474,1.004,
60,0.481,0.615,
61,0.483,0.864,
62,0.331,0.685,
63,0.518,0.889,
64,0.368,0.15,
65,0.043,-0.257,
66,0.796,1.196,
67,0.169,-0.425,
68,1.293,0.269,
69,0.24,1.409,
70,-0.23,0.203,
71,0.519,0.778,
72,0.425,0.704,
73,0.149,0.779,
74,0.48,0.76,
75,0.602,-0.067,
76,0.453,0.446,
77,0.24,0.387,
78,0.506,0.795,
79,-0.405,0.651,
80,0.431,0.49,
81,0.847,0.946,
82,0.49,0.939,
83,0.354,0.747,
84,0.124,0.621,
85,0.77,0.607,
86,0.412,1.711,
87,0.305,-0.064,
88,0.586,0.58,
89,0.681,0.247,
90,0.907,0.816,
91,1.442,0.715,
92,0.185,0.066,
93,-0.159,1.359,
94,-0.101,0.827,
95,0.507,0.228,
96,0.352,0.441,
97,1.22,0.49,
98,-0.007,-1.073,
99,0.937,0.743,
100,-0.013,0.731,
101,0.765,0.52,
102,0.141,0.36,
103,0.666,0.939,
104,0.451,0.625,
105,0.101,0.489,
106,0.849,1.478,
107,0.752,1.537,
108,0.205,0.087,
109,0.953,0.744,
110,1.231,0.778,
111,0.061,1.08,
112,-0.547,0.249,
113,0.664,0.349,
114,1.313,0.306,
115,0.365,-0.441,
116,0.683,0.175,
117,1.172,0.813,
118,0.682,0.577,
119,0.9,0.873,
120,0.594,0.304,
121,0.454,0.901,
122,0.932,0.326,
123,-0.017,-0.724,
124,0.696,0.239,
125,0.713,0.026,
126,1.757,-0.351,
127,0.157,0.41,
128,0.544,0.841,
129,0.674,0.693,
130,0.818,0.406,
131,1.426,1.376,
132,0.262,0.517,
133,-0.055,0.659,
134,0.66,0.503,
135,0.376,0.689,
136,0.43,0.574,
137,-0.11,0.688,
138,0.002,0.408,
139,0.206,-0.459,
140,0.589,0.385,
141,-0.014,0.321,
142,0.379,0.282,
143,0.047,1.269,
144,0.153,0.924,
145,0.548,0.17,
146,0.501,1.09,
147,0.38,0.44,
148,-0.204,0.476,
149,0.396,-1.166,
150,-0.973,0.641,
151,1.132,1.075,
152,0.139,1.031,
153,0.196,0.23,
154,0.393,0.499,
155,0.239,1.268,
156,0.425,0.359,
157,0.236,0.024,
158,0.927,1.054,
159,1.082,-0.068,
160,0.336,0.735,
161,0.973,0.139,
162,0.456,0.021,
163,0.972,0.13,
