1,-0.058,-1.714,
2,1.312,-1.943,
3,1.468,0.787,
4,1.153,0.95,
5,0.842,1.22,
6,-0.428,-0.292,
7,0.98,0.975,
8,0.075,1.112,
9,-1.194,0.689,
10,2.019,0.152,
11,0.181,1.91,
12,0.278,0.117,
13,0.385,0.926,
14,1.189,1.278,
15,-0.026,-0.139,
16,0.689,1.294,
17,-1.449,0.033,
18,1.184,-0.34,
19,0.651,0.568,
20,-0.191,-0.774,
21,0.968,-0.75,
22,-0.067,-1.054,
23,0.256,0.607,
24,-0.3,0.908,
25,-0.259,0.538,
26,0.463,0.358,
27,0.53,-0.173,
28,-1.145,0.811,
29,1.816,1.375,
30,1.412,-0.509,
31,0.281,-1.003,
32,0.376,-0.932,
33,-0.13,0.583,
34,-0.814,-1.241,
35,-1.684,-0.275,
36,-0.357,2.506,
37,-0.013,1.384,
38,1.747,0.801,
39,0.15,0.359,
40,0.638,-1.304,
41,0.808,0.861,
42,-0.868,0.156,
43,-0.969,1.105,
44,-0.251,0.72,
45,-1.174,0.88,
46,0.952,-0.199,
47,-1.16,0.095,
48,0.65,0.119,
49,-0.676,-1.416,
50,-0.311,0.345,
51,1.111,-0.11,
52,-1.031,-1.173,
53,0.483,-1.293,
54,0.235,-1.148,
55,0.34,0.822,
56,-0.199,0.806,
57,-0.301,0.699,
58,0.724,0.19,
59,0.168,1.729,
60,-0.167,0.514,
61,0.026,-1.167,
62,0.399,0.885,
63,0.143,0.737,
64,-0.021,1.005,
65,-1.282,-1.155,
66,0.106,0.483,
67,0.117,-0.316,
68,1.911,0.305,
69,-0.05,0.928,
70,-0.484,-1.5,
71,0.372,1.89,
72,0.153,-0.187,
73,-0.107,-0.32,
74,-0.173,0.279,
75,1.335,-0.509,
76,-0.064,-0.286,
77,-0.114,0.7,
78,0.042,1.152,
79,-0.403,0.499,
80,0.519,0.233,
81,0.72,0.688,
82,0.387,0.19,
83,-1.514,0.078,
84,0.529,0.287,
85,0.351,-0.01,
86,0.836,3.299,
87,0.212,-0.253,
88,1.093,0.063,
89,0.681,-0.962,
90,1.095,1.674,
91,2.314,0.066,
92,0.174,-0.998,
93,-0.109,-0.381,
94,0.145,0.387,
95,-0.321,0.425,
96,-0.065,0.417,
97,0.347,0.608,
98,0.725,-2.263,
99,1.025,0.963,
100,-1.114,1.994,
101,0.992,-0.307,
102,-0.62,0.835,
103,1.735,-0.271,
104,0.34,1.854,
105,0.132,-0.129,
106,0.969,0.884,
107,-1.175,1.535,
108,-0.676,-0.071,
109,0.526,0.713,
110,2.039,-0.389,
111,0.056,1.537,
112,-0.336,-0.081,
113,0.727,0.621,
114,1.53,0.31,
115,0.347,0.319,
116,0.941,-0.095,
117,1.787,1.058,
118,0.716,0.102,
119,1.375,1.234,
120,-0.345,-0.446,
121,1.259,0.903,
122,0.739,-1.11,
123,-0.866,-1.179,
124,0.9,0.109,
125,1.097,-1.285,
126,-0.128,-0.947,
127,-1.237,0.177,
128,0.033,0.962,
129,0.196,-0.179,
130,0.1,0.156,
131,1.611,0.5,
132,0.552,0.798,
133,-0.773,0.917,
134,0.33,0.204,
135,-0.511,1.263,
136,0.155,-0.311,
137,-1.431,1.317,
138,-0.834,-0.255,
139,-0.16,0.023,
140,0.562,-0.272,
141,-0.1,0.419,
142,0.037,0.103,
143,-0.642,1.862,
144,0.246,0.364,
145,0.547,-0.391,
146,-0.526,0.518,
147,-0.354,-0.257,
148,-0.144,0.307,
149,-0.715,-0.94,
150,-1.513,0.514,
151,-0.372,0.847,
152,0.484,0.055,
153,-1.503,-0.063,
154,-0.978,0.994,
155,0.258,1.61,
156,0.059,-1.424,
157,-0.238,-1.532,
158,0.97,0.504,
159,3.256,-0.814,
160,1.231,1.514,
161,1.459,0.249,
162,0.263,-0.801,
163,0.559,0.028,
