1,0.929,0.288,
2,1.186,-0.805,
3,0.675,0.496,
4,0.89,0.557,
5,1.023,0.969,
6,-0.709,0.663,
7,1.102,1.262,
8,0.691,1.111,
9,-0.287,0.226,
10,0.998,1.043,
11,0.666,1.766,
12,0.593,0.103,
13,0.929,0.616,
14,0.362,0.142,
15,-0.068,0.972,
16,0.867,0.547,
17,-0.723,0.391,
18,0.855,-0.01,
19,0.566,1.01,
20,0.327,0.259,
21,0.918,-0.207,
22,0.282,0.214,
23,0.446,0.761,
24,0.348,0.592,
25,-0.163,0.764,
26,0.565,0.743,
27,0.691,0.458,
28,-0.206,0.935,
29,0.806,0.866,
30,1.29,0.476,
31,0.375,0.617,
32,1.055,0.039,
33,0.179,0.511,
34,-0.453,-0.77,
35,0.043,0.666,
36,-0.024,1.337,
37,0.335,1.357,
38,1.312,1.105,
39,0.456,0.523,
40,0.813,-0.143,
41,1.172,0.876,
42,0.595,1.216,
43,0.469,1.041,
44,0.781,1.055,
45,0.12,0.965,
46,0.873,0.129,
47,-0.427,0.09,
48,1.074,0.136,
49,-0.865,-0.416,
50,-0.09,0.31,
51,1.595,0.067,
52,-0.42,-0.101,
53,0.802,-0.106,
54,0.465,0.256,
55,0.411,0.247,
56,-0.015,1.469,
57,0.129,0.96,
58,0.459,0.951,
59,0.367,1.136,
60,0.502,0.554,
61,0.253,0.604,
62,0.484,0.675,
63,0.291,0.778,
64,0.322,0.266,
65,-0.21,-0.417,
66,0.723,1.086,
67,0.153,-0.599,
68,1.401,0.268,
69,0.154,1.29,
70,-0.234,-0.21,
71,0.568,1.04,
72,0.375,0.507,
73,0.037,0.615,
74,0.461,0.611,
75,0.376,-0.034,
76,0.311,0.309,
77,0.112,0.443,
78,0.451,0.853,
79,-0.414,0.639,
80,0.275,0.527,
81,0.824,0.931,
82,0.504,0.8,
83,-0.092,0.554,
84,0.168,0.556,
85,0.652,0.517,
86,0.632,1.926,
87,0.368,-0.103,
88,0.919,0.421,
89,0.888,-0.061,
90,0.756,1.065,
91,1.881,0.472,
92,0.101,-0.077,
93,-0.137,0.977,
94,-0.046,0.737,
95,0.353,0.293,
96,0.293,0.488,
97,1.001,0.566,
98,0.123,-1.683,
99,0.962,0.784,
100,-0.313,0.954,
101,0.888,0.385,
102,-0.226,0.072,
103,0.935,0.739,
104,0.233,0.931,
105,0.101,0.373,
106,0.937,1.302,
107,0.48,1.449,
108,0.103,0.01,
109,0.82,0.699,
110,1.427,0.515,
111,-0.015,1.094,
112,-0.558,0.181,
113,0.736,0.428,
114,1.386,0.279,
115,0.469,-0.139,
116,0.575,0.122,
117,1.317,0.86,
118,0.644,0.48,
119,0.95,0.878,
120,0.387,0.121,
121,0.577,0.82,
122,0.901,-0.092,
123,-0.228,-0.795,
124,0.691,0.178,
125,0.759,-0.094,
126,1.372,-0.388,
127,-0.065,0.425,
128,0.246,1.004,
129,0.455,0.54,
130,0.721,0.296,
131,1.491,1.099,
132,0.353,0.552,
133,-0.186,0.639,
134,0.51,0.47,
135,0.317,0.804,
136,0.4,0.31,
137,-0.248,0.888,
138,-0.001,0.44,
139,0.029,-0.071,
140,0.513,0.335,
141,-0.068,0.363,
142,0.392,0.255,
143,-0.265,1.608,
144,0.148,0.677,
145,0.563,-0.104,
146,0.129,1.08,
147,0.311,0.375,
148,-0.173,0.45,
149,0.463,-1.373,
150,-1.123,1.011,
151,0.751,1.152,
152,0.224,0.898,
153,-0.038,0.241,
154,0.156,0.655,
155,0.288,1.509,
156,0.362,0.227,
157,-0.248,-0.562,
158,1.083,0.44,
159,1.616,-0.427,
160,0.441,1.126,
161,1.054,0.349,
162,0.686,-0.15,
163,0.683,0.099,
