1,0.074,0.082,
2,0.246,-0.42,
3,-0.363,0.032,
4,0.236,-0.052,
5,0.045,0.63,
6,-1.325,0.109,
7,0.24,0.66,
8,0.37,0.156,
9,-0.121,-0.56,
10,0.296,0.298,
11,0.25,0.712,
12,0.278,-0.321,
13,0.861,0.05,
14,-0.538,-0.14,
15,-0.007,0.016,
16,0.137,-0.322,
17,-0.186,0.245,
18,-0.094,-0.317,
19,0.305,0.073,
20,0.437,0.547,
21,0.103,0.1,
22,-0.202,0.04,
23,0.147,-0.292,
24,-0.16,0.251,
25,-0.18,0.324,
26,0.464,0.649,
27,0.114,-0.2,
28,0.166,0.168,
29,-0.051,0.193,
30,-0.039,0.476,
31,0.182,0.797,
32,0.101,-0.22,
33,0.003,0.003,
34,-0.591,0.025,
35,0.126,0.742,
36,-0.871,0.58,
37,0.171,0.087,
38,-0.271,-0.204,
39,-0.14,0.203,
40,0,0.146,
41,0.392,0.271,
42,0.783,0.675,
43,0.035,0.136,
44,0.214,0.18,
45,0.061,-0.007,
46,-0.155,-0.079,
47,-0.635,-0.368,
48,0.596,-0.033,
49,-0.163,-0.514,
50,-0.365,-0.364,
51,0.12,-0.28,
52,0.176,0.149,
53,0.521,-0.581,
54,0.37,0.34,
55,-0.333,-0.44,
56,-0.46,0.278,
57,0.112,-0.229,
58,0.028,0.444,
59,0.151,-0.341,
60,0.154,-0.131,
61,0.054,-0.024,
62,0.045,-0.136,
63,-0.115,0.517,
64,-0.331,-0.443,
65,0.223,0.021,
66,0.311,0.747,
67,-0.344,-0.408,
68,0.226,0.138,
69,0.113,0.838,
70,0.063,0.15,
71,-0.131,-0.328,
72,0.379,0.08,
73,-0.438,0.154,
74,0.361,0.197,
75,-0.037,-0.158,
76,-0.107,0.386,
77,-0.171,-0.284,
78,-0.25,-0.046,
79,-0.795,0.131,
80,-0.121,-0.658,
81,-0.168,0.153,
82,0.143,0.212,
83,0.329,0.197,
84,-0.276,-0.054,
85,-0.208,0.028,
86,0.035,0.414,
87,0.328,-0.846,
88,0.104,0.024,
89,0.203,0.035,
90,0.409,-0.134,
91,-0.071,0.64,
92,0.12,-0.116,
93,-0.377,0.472,
94,-0.162,0.334,
95,0.106,-0.108,
96,-0.091,-0.207,
97,0.401,0.152,
98,-0.442,-0.87,
99,-0.015,0.063,
100,-0.681,-0.351,
101,0.084,0.415,
102,-0.186,-0.191,
103,-0.199,0.19,
104,0.027,-0.018,
105,-0.425,-0.303,
106,-0.001,0.119,
107,0.414,1.071,
108,0.072,-0.293,
109,-0.072,-0.132,
110,-0.087,0.373,
111,-0.06,0.37,
112,-0.752,-0.084,
113,-0.047,-0.16,
114,-0.118,-0.278,
115,-0.012,-1.406,
116,-0.175,-0.129,
117,0.776,-0.047,
118,-0.044,-0.313,
119,-0.245,0.135,
120,0.219,-0.526,
121,-0.071,0.396,
122,0.208,0.162,
123,-0.372,-0.899,
124,0.578,-0.343,
125,-0.233,-0.404,
126,0.095,-0.121,
127,0.65,-0.205,
128,-0.01,0.272,
129,0.066,0.306,
130,0.201,0.098,
131,0.41,1.062,
132,-0.552,0.221,
133,-0.414,-0.409,
134,-0.043,0.267,
135,-0.274,-0.387,
136,-0.219,0.107,
137,-0.502,-0.078,
138,-0.371,0.268,
139,-0.302,-0.678,
140,0.082,0.243,
141,-0.303,-0.575,
142,-0.271,-0.486,
143,0.035,0.464,
144,-0.149,0.502,
145,-0.278,-0.4,
146,0.764,0.329,
147,0.001,-0.243,
148,-0.563,0.12,
149,0.278,-1.583,
150,-1.069,-0.158,
151,0.806,0.379,
152,-0.255,0.392,
153,0.442,-0.118,
154,-0.151,-0.068,
155,-0.264,-0.239,
156,-0.265,0.249,
157,-0.043,-0.191,
158,0.275,0.335,
159,-0.21,-0.205,
160,-0.021,0.222,
161,0.22,-0.174,
162,0.181,-0.07,
163,0.838,-0.456,
