1,-0.618,-0.872,
2,0.979,-0.755,
3,1.415,0.537,
4,0.867,0.846,
5,0.108,0.985,
6,-0.659,-0.326,
7,0.837,0.419,
8,-0.388,0.219,
9,-1.367,0.769,
10,1.518,-0.661,
11,-0.476,1.497,
12,0.235,0.064,
13,-0.036,0.82,
14,0.902,1.077,
15,-0.181,-0.951,
16,0.088,1.298,
17,-1.749,-0.288,
18,0.722,-0.223,
19,0.245,0.024,
20,-0.659,-0.727,
21,0.617,-0.859,
22,-0.361,-0.918,
23,0.32,0.189,
24,-0.667,0.754,
25,0.126,0.244,
26,0.246,-0.121,
27,0.24,-0.666,
28,-0.818,0.433,
29,1.29,1.533,
30,0.864,-0.671,
31,0.232,-1.747,
32,-0.578,-1.343,
33,-0.328,0.456,
34,-0.825,-0.914,
35,-1.98,-0.401,
36,0.003,2.194,
37,-0.446,0.781,
38,0.938,-0.318,
39,0.082,-0.076,
40,0.043,-1.528,
41,0.068,0.452,
42,-1.022,-0.421,
43,-1.371,0.608,
44,-0.948,0.204,
45,-1.615,0.372,
46,0.462,-0.232,
47,-1.09,-0.007,
48,0.378,0.215,
49,-0.078,-0.964,
50,-0.315,0.187,
51,0.107,-0.106,
52,-1.021,-1.476,
53,0.403,-1.509,
54,0.277,-2.107,
55,0.117,0.645,
56,0.102,0.279,
57,-0.832,0.161,
58,0.605,-0.46,
59,-0.05,1.391,
60,-0.821,0.374,
61,-0.428,-1.734,
62,1.087,0.719,
63,0.031,0.527,
64,-0.128,1.262,
65,-1.103,-0.786,
66,0.039,0.457,
67,-0.128,0.337,
68,0.805,0.233,
69,0.301,0.257,
70,-0.359,-1.89,
71,-0.272,1.123,
72,0.039,-0.642,
73,-0.105,-0.753,
74,-0.115,0.053,
75,0.98,-0.953,
76,0.055,-0.259,
77,-0.161,0.734,
78,-0.445,0.747,
79,-0.267,0.27,
80,0.324,-0.215,
81,0.34,0.137,
82,0.347,-0.376,
83,-1.614,-0.341,
84,0.938,0.008,
85,-0.303,-0.222,
86,0.052,1.628,
87,0.202,-0.166,
88,0.398,-0.263,
89,0.286,-1.111,
90,0.755,1.205,
91,1.451,-0.239,
92,0.144,-1.098,
93,0.24,-1.204,
94,0.373,0.264,
95,-0.64,0.43,
96,-0.187,0.253,
97,-0.452,0.362,
98,0.194,-1.949,
99,0.849,0.423,
100,-1.261,2.244,
101,0.527,-0.489,
102,-1.146,0.963,
103,1.852,-0.511,
104,0.322,1.927,
105,0.144,-0.452,
106,0.174,-0.346,
107,-1.02,1.05,
108,-0.628,-0.199,
109,-0.137,0.256,
110,1.915,-0.455,
111,-0.199,1.397,
112,0.097,-0.262,
113,0.303,0.712,
114,0.529,0.345,
115,-0.186,1.248,
116,0.847,-0.207,
117,1.387,0.622,
118,0.682,-0.212,
119,1.022,0.982,
120,-0.768,-0.735,
121,0.881,0.161,
122,0.771,-0.889,
123,-1.112,-1.142,
124,0.932,0.127,
125,0.833,-0.856,
126,-1.281,-0.28,
127,-0.801,-0.272,
128,-0.217,0.716,
129,-0.056,-0.721,
130,-0.429,0.248,
131,0.89,-0.086,
132,0.408,0.71,
133,-0.907,0.698,
134,-0.125,0.143,
135,-0.715,0.592,
136,-0.264,-0.667,
137,-1.599,1.387,
138,-1.085,-0.683,
139,0.215,0.292,
140,0.181,-0.383,
141,-0.053,0.366,
142,-0.199,-0.099,
143,-0.514,1.354,
144,0.671,-0.207,
145,0.265,-0.398,
146,-0.283,-0.171,
147,-0.668,-0.401,
148,-0.145,0.154,
149,-0.224,-0.559,
150,-1.073,-0.493,
151,-0.962,0.32,
152,0.32,-0.277,
153,-0.955,-0.171,
154,-1.595,0.895,
155,0.349,0.584,
156,-0.545,-1.649,
157,-0.169,-1.661,
158,0.281,0.198,
159,2.49,-0.996,
160,1.36,1.557,
161,1.299,0.413,
162,0.081,-0.589,
163,0.116,-0.628,
