1,-0.235,-1.365,
2,0.845,-1.026,
3,1.197,0.888,
4,0.731,0.806,
5,0.508,0.642,
6,-0.326,-0.483,
7,0.966,0.516,
8,-0.011,0.207,
9,-0.403,0.901,
10,1.092,-0.04,
11,0.277,0.84,
12,0.306,0.276,
13,0.188,1.1,
14,1.268,1.408,
15,-0.618,-0.843,
16,0.609,0.891,
17,-1.344,0.113,
18,0.887,-0.169,
19,0.437,-0.273,
20,0.103,-1.486,
21,-0.284,-0.622,
22,-0.549,-1.307,
23,0.47,0.37,
24,-0.506,0.859,
25,0.404,0.23,
26,0.568,0.253,
27,0.32,0.009,
28,-0.399,0.592,
29,0.936,0.511,
30,0.758,-0.15,
31,0.414,-0.866,
32,-0.222,-0.844,
33,0.295,0.281,
34,-0.151,-0.369,
35,-1.609,-0.053,
36,-0.405,1.838,
37,-0.161,0.948,
38,0.211,-0.281,
39,0.017,-0.04,
40,0.038,-1.434,
41,0.128,0.656,
42,-1.388,-0.747,
43,-0.337,1.124,
44,-0.305,0.194,
45,-0.501,0.261,
46,0.729,-0.063,
47,-0.882,0.148,
48,0.175,0.145,
49,-0.229,-1.327,
50,-0.01,0.183,
51,-0.017,0.28,
52,-0.708,-0.934,
53,1.011,-1.229,
54,-0.097,-1.687,
55,0.133,0.574,
56,0.29,0.564,
57,-1.126,0.539,
58,0.439,-0.227,
59,0.23,0.947,
60,-0.166,0.359,
61,-0.839,-1.778,
62,1.945,0.62,
63,0.214,0.261,
64,-0.291,0.631,
65,-0.712,-0.48,
66,0.398,0.704,
67,-0.213,-0.1,
68,1.37,-0.1,
69,0.575,0.243,
70,-0.41,-1.486,
71,0.154,1.214,
72,0.596,-0.089,
73,-0.047,-0.164,
74,-0.329,0.154,
75,1.116,-0.487,
76,0.02,-0.068,
77,0.064,0.56,
78,-0.136,1.847,
79,-0.239,0.401,
80,-0.365,-0.13,
81,0.34,0.199,
82,0.183,0.116,
83,-1.317,-0.4,
84,0.718,0.373,
85,-0.199,0.042,
86,0.647,1.361,
87,0.314,-0.212,
88,0.832,-0.107,
89,0.576,-1.02,
90,0.625,1.015,
91,1.189,0.435,
92,-0.41,-0.323,
93,0.28,-0.423,
94,0.487,0.166,
95,-0.566,0.547,
96,-0.34,-0.241,
97,-0.433,0.628,
98,0.217,-1.756,
99,1.195,0.586,
100,-1.012,1.675,
101,0.331,0.099,
102,-0.481,0.319,
103,2.106,-0.569,
104,0.057,1.529,
105,0.497,-0.545,
106,0.17,-0.138,
107,0.231,0.411,
108,-0.998,1.003,
109,-0.026,0.171,
110,1.422,0.492,
111,0.214,0.843,
112,-0.097,0.026,
113,0.556,0.091,
114,0.337,0.133,
115,0.337,0.957,
116,1.016,-0.346,
117,0.482,0.867,
118,0.028,-0.328,
119,0.49,0.683,
120,-0.358,-0.371,
121,0.621,-0.096,
122,0.514,-1.239,
123,-0.907,-0.636,
124,0.525,0.3,
125,1.316,-0.649,
126,-0.853,0.372,
127,-1.105,-0.041,
128,0.019,0.627,
129,0.274,-0.458,
130,-0.176,0.147,
131,0.159,0.525,
132,0.249,0.7,
133,-0.721,0.596,
134,-0.081,0.457,
135,-1.039,0.765,
136,0.198,-0.359,
137,-0.947,0.662,
138,-1.102,-0.67,
139,-0.04,-0.335,
140,0.494,-0.541,
141,-0.025,0.124,
142,-0.147,-0.193,
143,-0.865,0.675,
144,0.697,-0.162,
145,0.053,0.383,
146,-0.574,0.133,
147,-0.402,-0.511,
148,0.054,0.396,
149,-0.157,-0.818,
150,-0.973,-0.769,
151,-0.299,0.347,
152,0.355,-0.203,
153,-0.28,-0.588,
154,-0.713,0.359,
155,0.3,0.463,
156,-0.059,-0.657,
157,-0.404,-1.776,
158,0.667,0.124,
159,2.728,-1.004,
160,0.853,0.766,
161,0.668,-0.274,
162,-0.107,-0.38,
163,0.099,-0.351,
