1,-0.596,-1.215,
2,-0.858,-1.147,
3,0.213,-1.91,
4,-1.079,-0.028,
5,0.391,-0.929,
6,-0.144,-0.063,
7,0.357,-0.512,
8,-0.539,-1.766,
9,1.801,-0.015,
10,-0.243,-0.371,
11,-0.006,-1.17,
12,0.611,-0.099,
13,0.304,0.413,
14,-0.413,-0.708,
15,-0.941,0.015,
16,0.532,-0.653,
17,-0.848,-2.039,
18,0.54,-0.296,
19,-0.087,0.451,
20,0.032,0.237,
21,-0.099,-0.552,
22,0.056,0.064,
23,-0.222,-1.75,
24,0.651,-1.463,
25,0.481,-1.29,
26,-2.412,-1.695,
27,-1.312,-0.876,
28,1.296,-0.353,
29,0.704,0.713,
30,1.411,-0.183,
31,-0.468,-1.076,
32,0.582,-0.733,
33,-1.55,-1.147,
34,0.07,-2.195,
35,-0.086,-0.509,
36,0.867,-0.152,
37,0.864,0.227,
38,0.963,-0.71,
39,-0.002,-0.402,
40,0.938,-0.998,
41,0.575,1.004,
42,0.105,1.231,
43,0.214,1.347,
44,-0.45,-1.304,
45,-0.273,-0.351,
46,-0.965,0.164,
47,-0.08,0.556,
48,-0.288,-0.924,
49,0.015,-1.389,
50,0.609,-0.109,
51,-0.369,-1.536,
52,-0.91,0.511,
53,-1.013,1.099,
54,-1.258,-0.271,
55,-1.183,-0.373,
56,-0.659,-0.15,
57,0.43,-0.397,
58,-1.632,-0.082,
59,-0.234,-1.185,
60,0.226,-0.418,
61,-0.784,-0.187,
62,0.188,-0.731,
63,1.381,0.96,
64,-0.345,0.42,
65,0.629,-0.121,
66,1.096,0.008,
67,0.135,0.836,
68,0.176,-0.441,
69,-0.213,0.058,
70,1.28,-0.625,
71,0.917,-0.82,
72,0.109,-1.671,
73,1.571,-0.487,
74,1.6,-0.444,
75,1.086,0.5,
76,-0.713,-1.817,
77,0.296,1.311,
78,0.292,0.941,
79,0.728,0.635,
80,1.057,0.23,
81,-0.942,-0.955,
82,-0.117,0.767,
83,-0.019,-0.031,
84,-0.073,-0.026,
85,0.962,-0.344,
86,1.228,0.019,
87,-0.195,-0.605,
88,0.95,0.444,
89,-1.702,-0.145,
90,-1.067,0.455,
91,-0.702,-0.328,
92,-0.329,-0.167,
93,1.173,1.357,
94,-0.866,1.994,
95,1.583,-0.66,
96,-0.338,-1.244,
97,-0.941,-0.36,
98,-0.467,-2.231,
99,0.436,-0.369,
100,0.133,-1.772,
101,0.108,-0.4,
102,-0.425,-1.186,
103,-0.527,-1.375,
104,0.308,-0.798,
105,-1.141,0.378,
106,0.893,-0.423,
107,-0.397,0.033,
108,0.579,-1.298,
109,0.543,-2.09,
110,-1.385,-2.739,
111,0.286,0.114,
112,1.591,-0.587,
113,0.276,-0.547,
114,-0.027,-0.488,
115,0.303,-0.849,
116,-0.382,-0.702,
117,1.871,-0.22,
118,0.362,-0.405,
119,0.445,-0.807,
120,-0.253,-0.098,
121,0.076,-0.171,
122,0.236,-0.03,
123,-0.021,-1.218,
124,-0.983,-1.143,
125,0.138,-0.182,
126,0.373,-0.364,
127,0.807,-0.95,
128,-0.567,0.136,
129,-0.182,-0.251,
130,-0.438,-0.21,
131,0.739,-0.473,
132,0.286,1.038,
133,-0.067,-1.209,
134,-0.312,0.304,
135,-1.493,-0.958,
136,-0.099,-0.745,
137,1.337,0.258,
138,-0.177,-0.024,
139,-1.047,0.436,
140,-1.044,-0.697,
141,-0.699,-0.338,
142,0.883,-1.063,
143,-0.236,0.004,
144,-0.175,-1.085,
145,-1.072,0.093,
146,0.091,0.178,
147,0.043,-0.162,
148,-1.796,-0.289,
149,-0.169,-1.005,
150,-0.199,-2.447,
151,-0.302,0.107,
152,-0.418,-0.862,
153,0.298,-0.259,
154,-1.572,0.387,
155,-0.674,-0.898,
156,1.226,0.722,
157,0.419,-0.287,
158,-0.089,-0.356,
159,0.18,0.966,
160,-1.173,-0.084,
161,-0.663,0.209,
162,1.329,0.939,
163,0.523,-0.744,
