1,-0.552,-1.423,
2,-0.64,-1.389,
3,-0.086,-1.934,
4,-1.055,-0.305,
5,0.405,-0.826,
6,-0.362,-0.442,
7,0.053,-0.66,
8,-0.407,-1.816,
9,0.928,-0.421,
10,-0.672,-0.346,
11,0.139,-1.09,
12,0.544,-0.406,
13,0.29,0.279,
14,-0.621,-0.798,
15,-0.784,-0.445,
16,0.158,-0.841,
17,-1.15,-2.124,
18,0.333,-0.719,
19,0.136,0.041,
20,0.058,-0.014,
21,-0.136,-0.864,
22,-0.047,-0.215,
23,-0.468,-1.634,
24,0.902,-1.57,
25,0.239,-1.21,
26,-1.846,-1.293,
27,-0.83,-0.913,
28,1.036,-0.474,
29,0.658,0.261,
30,1.546,-0.261,
31,-0.372,-0.955,
32,0.537,-0.854,
33,-1.511,-1.352,
34,-0.223,-2.066,
35,0.01,-0.645,
36,0.522,-0.296,
37,0.496,-0.107,
38,0.69,-0.86,
39,-0.278,-0.553,
40,0.563,-1.319,
41,0.441,0.548,
42,0.024,0.914,
43,0.01,0.978,
44,-0.576,-1.135,
45,-0.195,-0.578,
46,-0.895,-0.044,
47,-0.304,-0.088,
48,0.002,-0.755,
49,-0.13,-1.378,
50,0.07,-0.597,
51,-0.248,-1.384,
52,-0.723,0.014,
53,-0.826,0.515,
54,-1.029,-0.327,
55,-1.243,-0.831,
56,-0.468,-0.333,
57,0.283,-0.671,
58,-1.234,-0.252,
59,-0.354,-1.285,
60,0.153,-0.658,
61,-0.63,-0.315,
62,-0.041,-0.808,
63,0.972,0.33,
64,-0.641,-0.216,
65,0.634,-0.478,
66,0.79,-0.141,
67,-0.629,0.529,
68,-0.006,-0.563,
69,-0.314,-0.005,
70,0.872,-0.572,
71,0.482,-0.92,
72,0.004,-1.454,
73,0.949,-0.725,
74,1.091,-0.572,
75,1.315,0.053,
76,-0.932,-1.476,
77,0.138,0.466,
78,0.008,0.885,
79,0.094,0.164,
80,1.097,-0.417,
81,-0.871,-1.033,
82,-0.211,0.516,
83,-0.072,-0.249,
84,-0.211,-0.324,
85,0.761,-0.575,
86,0.748,0.178,
87,-0.264,-0.804,
88,0.902,0.264,
89,-1.427,-0.355,
90,-0.864,-0.019,
91,-0.955,-0.449,
92,-0.426,-0.362,
93,0.648,0.901,
94,-0.771,1.492,
95,1.122,-0.836,
96,-0.382,-1.177,
97,-0.83,-0.525,
98,-0.734,-2.094,
99,0.001,-0.594,
100,-0.127,-1.718,
101,0.08,-0.382,
102,-0.233,-1.201,
103,-0.636,-1.237,
104,-0.269,-0.632,
105,-1.096,-0.214,
106,0.671,-0.271,
107,-0.346,0.147,
108,0.072,-1.274,
109,0.349,-1.915,
110,-0.923,-2.055,
111,0.092,0.188,
112,0.728,-0.974,
113,0.136,-0.731,
114,-0.058,-0.755,
115,0.119,-1.435,
116,-0.253,-0.968,
117,1.359,-0.486,
118,0.333,-0.647,
119,0.389,-1.036,
120,-0.222,-0.352,
121,-0.033,-0.418,
122,0.228,-0.184,
123,-0.22,-1.419,
124,-0.664,-1.208,
125,-0.146,-0.606,
126,0.357,-0.375,
127,0.598,-1.289,
128,-0.345,-0.223,
129,-0.354,-0.438,
130,-0.455,-0.314,
131,0.337,-0.295,
132,0.209,0.882,
133,-0.358,-0.96,
134,-0.221,-0.19,
135,-1.476,-1.185,
136,-0.243,-0.803,
137,0.997,0.065,
138,-0.259,-0.22,
139,-1.17,-0.137,
140,-0.782,-0.911,
141,-0.89,-0.689,
142,0.521,-1.286,
143,-0.348,0.008,
144,-0.553,-1.05,
145,-1.003,-0.519,
146,0.331,0.234,
147,0.006,-0.479,
148,-1.449,-0.294,
149,-0.418,-1.15,
150,-0.998,-2.563,
151,-0.103,-0.037,
152,-1.088,-0.669,
153,0.204,-0.537,
154,-1.3,0.056,
155,-0.768,-1.031,
156,0.902,0.33,
157,0.137,-0.391,
158,-0.226,-0.293,
159,-0.052,0.478,
160,-1.191,-0.202,
161,-0.653,0.016,
162,0.905,0.675,
163,0.711,-0.698,
