1,-0.623,-0.366,
2,0.709,-0.385,
3,1.271,0.414,
4,0.675,0.757,
5,-0.055,0.85,
6,-0.631,-0.171,
7,0.675,0.319,
8,-0.376,-0.025,
9,-1.22,0.625,
10,1.189,-0.728,
11,-0.556,1.197,
12,0.26,0.035,
13,-0.123,0.607,
14,0.637,0.673,
15,-0.235,-0.958,
16,-0.054,1.056,
17,-1.57,-0.254,
18,0.468,-0.116,
19,0.054,-0.038,
20,-0.775,-0.623,
21,0.548,-0.693,
22,-0.315,-0.692,
23,0.243,0.05,
24,-0.689,0.583,
25,0.18,0.162,
26,0.237,-0.183,
27,0.173,-0.671,
28,-0.628,0.295,
29,0.974,1.387,
30,0.751,-0.565,
31,0.188,-1.668,
32,-0.674,-1.242,
33,-0.323,0.318,
34,-0.716,-0.71,
35,-1.668,-0.245,
36,0.115,1.865,
37,-0.424,0.554,
38,0.665,-0.495,
39,0.128,-0.172,
40,-0.086,-1.268,
41,-0.022,0.291,
42,-0.772,-0.529,
43,-1.272,0.383,
44,-0.949,0.11,
45,-1.55,0.254,
46,0.278,-0.161,
47,-0.863,0,
48,0.314,0.269,
49,-0.286,-0.612,
50,-0.262,0.151,
51,-0.146,-0.147,
52,-0.826,-1.245,
53,0.233,-1.221,
54,0.182,-2.13,
55,0.068,0.51,
56,0.203,0.277,
57,-0.705,0.001,
58,0.517,-0.486,
59,-0.124,1.085,
60,-0.902,0.33,
61,-0.425,-1.441,
62,0.985,0.392,
63,-0.023,0.457,
64,-0.119,1.16,
65,-0.89,-0.566,
66,0.003,0.336,
67,-0.158,0.426,
68,0.428,0.221,
69,0.42,0.144,
70,-0.369,-1.822,
71,-0.338,0.732,
72,-0.045,-0.626,
73,-0.007,-0.655,
74,-0.011,0.033,
75,0.515,-0.801,
76,0.163,-0.175,
77,-0.147,0.669,
78,-0.515,0.501,
79,-0.227,0.225,
80,0.173,-0.316,
81,0.247,0.049,
82,0.305,-0.425,
83,-1.318,-0.529,
84,0.975,-0.028,
85,-0.429,-0.265,
86,-0.092,0.925,
87,0.144,-0.153,
88,0.186,-0.259,
89,0.192,-0.964,
90,0.596,1.024,
91,1.032,-0.253,
92,0.216,-0.975,
93,0.232,-1.06,
94,0.329,0.243,
95,-0.572,0.378,
96,-0.194,0.209,
97,-0.473,0.14,
98,0.067,-1.562,
99,0.852,0.278,
100,-1.254,2.109,
101,0.345,-0.492,
102,-1.204,1.005,
103,1.385,-0.563,
104,0.234,1.804,
105,0.149,-0.448,
106,-0.094,-0.659,
107,-0.988,0.756,
108,-0.527,-0.21,
109,-0.254,0.11,
110,1.706,-0.253,
111,-0.293,1.13,
112,0.191,-0.269,
113,0.134,0.479,
114,0.268,0.333,
115,-0.351,1.024,
116,0.779,-0.284,
117,1.186,0.352,
118,0.653,-0.223,
119,0.811,0.847,
120,-0.684,-0.734,
121,0.684,-0.01,
122,0.663,-0.575,
123,-1.047,-1.094,
124,0.842,0.135,
125,0.602,-0.519,
126,-1.347,-0.164,
127,-0.549,-0.333,
128,-0.222,0.608,
129,-0.028,-0.679,
130,-0.439,0.281,
131,0.659,-0.158,
132,0.337,0.58,
133,-0.805,0.556,
134,-0.223,0.109,
135,-0.538,0.388,
136,-0.32,-0.606,
137,-1.428,1.263,
138,-0.887,-0.692,
139,0.271,0.439,
140,0.06,-0.32,
141,-0.08,0.366,
142,-0.23,-0.121,
143,-0.364,1.028,
144,0.758,-0.368,
145,0.2,-0.327,
146,-0.205,-0.255,
147,-0.647,-0.327,
148,-0.122,0.075,
149,0.038,-0.532,
150,-0.857,-0.405,
151,-0.913,0.214,
152,0.186,-0.319,
153,-0.673,-0.097,
154,-1.505,0.723,
155,0.429,0.294,
156,-0.622,-1.33,
157,-0.001,-1.204,
158,0.067,0.274,
159,1.714,-0.872,
160,1.205,1.388,
161,1.119,0.425,
162,0.09,-0.398,
163,0.036,-0.729,
