1,0.924,0.237,
2,1.391,-0.561,
3,0.787,0.954,
4,0.916,0.97,
5,0.921,1.367,
6,-0.794,0.575,
7,1.083,1.286,
8,0.869,1.417,
9,-0.303,0.373,
10,1.2,1.337,
11,0.856,1.854,
12,0.426,0.227,
13,0.841,0.8,
14,0.168,0.436,
15,0.109,0.957,
16,1.302,0.791,
17,-0.657,0.382,
18,1.023,0.085,
19,0.647,1.109,
20,0.375,0.154,
21,1.261,-0.16,
22,0.21,0.09,
23,0.226,0.94,
24,0.199,0.717,
25,-0.371,0.937,
26,0.831,1.06,
27,0.823,0.659,
28,-0.539,0.789,
29,1.133,0.727,
30,1.601,0.238,
31,0.333,0.668,
32,1.54,0.068,
33,0.114,0.49,
34,-0.336,-1.057,
35,-0.057,0.749,
36,-0.425,1.694,
37,0.927,1.737,
38,1.681,1.385,
39,0.394,0.515,
40,1.04,-0.233,
41,1.468,0.781,
42,0.468,1.264,
43,0.414,1.183,
44,0.933,1.265,
45,0.011,1.137,
46,0.941,0.004,
47,-0.332,0.124,
48,0.592,0.146,
49,-0.813,-0.455,
50,-0.003,0.417,
51,1.719,-0.174,
52,-0.442,-0.191,
53,0.676,-0.246,
54,0.391,0.107,
55,0.527,0.325,
56,-0.219,1.697,
57,0.353,1.117,
58,0.553,1.149,
59,0.509,1.384,
60,0.407,0.632,
61,0.341,0.695,
62,0.232,0.704,
63,0.48,0.948,
64,0.355,0.315,
65,-0.44,-0.683,
66,0.68,1.089,
67,0.177,-0.854,
68,1.643,0.144,
69,0.042,1.53,
70,-0.577,-0.24,
71,0.621,1.158,
72,0.214,0.627,
73,0.151,0.675,
74,0.165,0.705,
75,0.474,-0.318,
76,0.43,0.232,
77,0.133,0.434,
78,0.527,0.867,
79,-0.433,0.64,
80,0.334,0.689,
81,0.907,1.059,
82,0.313,0.92,
83,-0.163,0.594,
84,0.059,0.562,
85,0.83,0.426,
86,0.682,2.214,
87,0.177,-0.211,
88,0.579,0.561,
89,0.966,-0.093,
90,1.159,1.209,
91,1.982,0.549,
92,0.032,-0.228,
93,-0.27,1.238,
94,-0.19,0.668,
95,0.365,0.206,
96,0.216,0.438,
97,1.243,0.433,
98,0.185,-1.847,
99,1.155,0.959,
100,-0.196,1.045,
101,0.867,0.228,
102,-0.111,0.429,
103,1.033,0.732,
104,0.46,0.804,
105,-0.005,0.442,
106,0.976,1.769,
107,0.51,1.639,
108,-0.103,0.047,
109,1.102,0.883,
110,1.448,0.57,
111,-0.032,1.336,
112,-0.639,0.214,
113,0.715,0.285,
114,1.763,0.291,
115,0.15,-0.325,
116,0.821,0.098,
117,1.347,0.941,
118,0.795,0.575,
119,1.147,1.078,
120,0.525,0.17,
121,0.704,1.106,
122,0.837,-0.141,
123,-0.211,-0.937,
124,0.652,0.201,
125,0.873,-0.136,
126,1.802,-0.638,
127,-0.361,0.453,
128,0.601,0.814,
129,0.739,0.668,
130,0.756,0.307,
131,1.721,1.227,
132,0.367,0.574,
133,-0.261,0.76,
134,0.751,0.285,
135,0.376,0.987,
136,0.418,0.519,
137,-0.48,0.684,
138,-0.315,0.188,
139,0.21,-0.638,
140,0.708,0.155,
141,-0.164,0.433,
142,0.374,0.351,
143,-0.393,1.539,
144,0.071,0.944,
145,0.691,0.063,
146,-0.048,1.069,
147,0.184,0.227,
148,-0.33,0.275,
149,0.42,-1.418,
150,-1.193,0.621,
151,0.879,1.053,
152,0.085,0.833,
153,-0.227,0.186,
154,0.268,0.524,
155,0.247,1.578,
156,0.402,-0.145,
157,0.241,-0.168,
158,1.059,0.889,
159,1.698,-0.434,
160,0.468,0.722,
161,1.122,-0.017,
162,0.384,-0.44,
163,0.733,0.157,
