1,-0.475,-0.051,
2,0.077,-0.06,
3,0.665,0.063,
4,0.184,0.234,
5,-0.117,0.133,
6,-0.223,-0.074,
7,0.171,-0.004,
8,-0.111,-0.389,
9,-0.284,0.025,
10,0.259,-0.298,
11,-0.427,0.27,
12,0.386,-0.087,
13,-0.194,0.017,
14,0.275,-0.35,
15,-0.005,-0.316,
16,-0.152,0.091,
17,-0.77,0.047,
18,-0.178,0.138,
19,-0.166,0.121,
20,-0.258,-0.1,
21,0.21,-0.151,
22,0.107,-0.014,
23,0.024,-0.122,
24,-0.36,0.252,
25,0.402,-0.094,
26,0.259,-0.227,
27,0.036,-0.231,
28,-0.061,0.122,
29,-0.055,0.631,
30,0.63,0.077,
31,0.105,-0.591,
32,-0.309,-0.411,
33,-0.124,0.038,
34,-0.295,-0.17,
35,-0.426,0.104,
36,0.35,0.755,
37,-0.225,0.107,
38,0.048,-0.376,
39,0.317,-0.223,
40,-0.146,-0.334,
41,0.014,0.138,
42,-0.03,-0.389,
43,-0.256,-0.019,
44,-0.352,0.016,
45,-0.546,0.027,
46,0.128,-0.043,
47,-0.162,0.003,
48,0.225,0.139,
49,-0.308,0.078,
50,-0.068,0.068,
51,-0.395,-0.078,
52,-0.137,-0.214,
53,0.028,-0.161,
54,0.191,-0.738,
55,0.011,0.085,
56,0.123,0.557,
57,-0.306,-0.061,
58,0.118,-0.107,
59,0.062,0.149,
60,-0.478,0.196,
61,-0.103,-0.522,
62,0.317,0.061,
63,-0.152,0.208,
64,0.042,0.418,
65,-0.182,-0.066,
66,-0.002,0.063,
67,-0.112,0.248,
68,0.024,0.116,
69,0.43,0.019,
70,-0.242,-0.852,
71,-0.171,-0.043,
72,-0.103,-0.187,
73,0.106,0.017,
74,0.392,0.094,
75,0.172,-0.126,
76,0.171,-0.049,
77,-0.073,0.334,
78,-0.174,0.273,
79,-0.139,0.223,
80,-0.188,-0.115,
81,0.101,0.018,
82,0.24,-0.119,
83,-0.174,-0.197,
84,0.647,0.009,
85,-0.638,-0.138,
86,-0.065,-0.289,
87,0.036,-0.176,
88,0.066,-0.101,
89,-0.056,-0.367,
90,0.034,0.386,
91,0.259,-0.021,
92,0.127,-0.18,
93,0.09,-0.108,
94,0.057,0.148,
95,-0.156,0.17,
96,0.149,-0.06,
97,-0.288,-0.259,
98,-0.022,-0.34,
99,0.318,-0.086,
100,-0.45,0.594,
101,0.008,-0.21,
102,-0.427,0.665,
103,0.154,-0.449,
104,-0.049,0.821,
105,0.063,-0.174,
106,-0.394,-1.097,
107,-0.416,0.058,
108,-0.063,-0.127,
109,-0.266,-0.265,
110,0.639,0.011,
111,-0.318,0.033,
112,0.149,-0.13,
113,0.151,0.194,
114,-0.031,0.234,
115,-0.268,0.364,
116,0.248,-0.183,
117,0.491,-0.033,
118,0.097,-0.061,
119,0.293,0.342,
120,-0.247,-0.239,
121,0.09,-0.368,
122,0.354,0.072,
123,-0.4,-0.396,
124,0.268,0.201,
125,0.123,-0.163,
126,-0.497,-0.215,
127,0.063,-0.175,
128,-0.232,0.451,
129,0.195,-0.167,
130,-0.071,0.212,
131,0.104,-0.109,
132,0.093,0.123,
133,-0.311,0.009,
134,-0.349,0.047,
135,-0.031,0.147,
136,-0.192,-0.223,
137,-0.371,0.539,
138,0.028,-0.043,
139,0.107,0.463,
140,-0.168,-0.004,
141,-0.327,0.431,
142,-0.056,-0.137,
143,0.099,0.162,
144,0.844,-0.628,
145,0.12,-0.146,
146,-0.107,-0.112,
147,-0.229,0.008,
148,0.075,0.082,
149,0.037,-0.042,
150,-0.408,-0.02,
151,-0.322,0.208,
152,0.07,-0.094,
153,-0.235,0.128,
154,-0.556,0.254,
155,0.29,-0.06,
156,-0.376,0.021,
157,0.02,-0.287,
158,-0.138,0.311,
159,0.036,-0.226,
160,0.318,0.722,
161,0.556,0.095,
162,0.086,0.159,
163,0.241,-0.242,
