1,0.84,0.622,
2,1.054,0.002,
3,0.503,0.782,
4,0.794,0.81,
5,0.865,1.204,
6,-0.813,0.542,
7,0.853,1.212,
8,0.941,1.195,
9,-0.041,0.228,
10,0.673,1.455,
11,0.919,1.592,
12,0.575,0.226,
13,0.98,0.688,
14,0.006,0.372,
15,0.162,0.877,
16,1.154,0.542,
17,-0.379,0.492,
18,0.808,0.273,
19,0.62,1.085,
20,0.501,0.451,
21,0.902,0.178,
22,0.252,0.423,
23,0.368,0.837,
24,0.39,0.614,
25,-0.136,0.934,
26,0.83,1.134,
27,0.873,0.715,
28,-0.091,0.762,
29,0.771,0.646,
30,1.307,0.611,
31,0.379,0.982,
32,1.414,0.264,
33,0.226,0.483,
34,-0.246,-0.674,
35,0.431,1.054,
36,-0.193,1.278,
37,0.924,1.469,
38,1.347,1.24,
39,0.454,0.576,
40,0.917,0.169,
41,1.367,0.778,
42,0.747,1.305,
43,0.679,1.108,
44,1.078,1.265,
45,0.353,1.022,
46,0.761,0.199,
47,-0.169,0.117,
48,0.768,0.239,
49,-0.401,-0.145,
50,0.096,0.347,
51,1.702,0.063,
52,-0.231,0.13,
53,0.798,-0.04,
54,0.593,0.488,
55,0.467,0.087,
56,-0.046,1.591,
57,0.402,1.001,
58,0.446,1.185,
59,0.497,1.031,
60,0.47,0.627,
61,0.458,0.898,
62,0.401,0.691,
63,0.544,0.92,
64,0.375,0.154,
65,0.021,-0.288,
66,0.793,1.214,
67,0.173,-0.456,
68,1.316,0.242,
69,0.238,1.447,
70,-0.284,0.199,
71,0.524,0.8,
72,0.392,0.726,
73,0.167,0.791,
74,0.445,0.777,
75,0.491,-0.068,
76,0.466,0.441,
77,0.24,0.386,
78,0.509,0.793,
79,-0.411,0.655,
80,0.441,0.51,
81,0.854,0.964,
82,0.469,0.959,
83,0.359,0.758,
84,0.107,0.625,
85,0.796,0.592,
86,0.406,1.744,
87,0.277,-0.077,
88,0.542,0.605,
89,0.815,0.236,
90,0.961,0.83,
91,1.455,0.727,
92,0.173,0.05,
93,-0.176,1.394,
94,-0.127,0.823,
95,0.51,0.221,
96,0.345,0.437,
97,1.261,0.472,
98,-0.002,-1.091,
99,0.962,0.759,
100,0.015,0.742,
101,0.745,0.497,
102,0.115,0.364,
103,0.691,0.941,
104,0.477,0.608,
105,0.082,0.497,
106,0.859,1.541,
107,0.769,1.572,
108,0.177,0.093,
109,0.994,0.772,
110,1.234,0.802,
111,0.047,1.119,
112,-0.559,0.253,
113,0.663,0.323,
114,1.368,0.306,
115,0.311,-0.473,
116,0.715,0.166,
117,1.173,0.822,
118,0.706,0.595,
119,0.921,0.9,
120,0.624,0.316,
121,0.455,0.94,
122,0.939,0.323,
123,-0.02,-0.752,
124,0.69,0.239,
125,0.718,0.031,
126,1.804,-0.382,
127,0.153,0.411,
128,0.596,0.816,
129,0.712,0.713,
130,0.827,0.408,
131,1.449,1.402,
132,0.264,0.516,
133,-0.065,0.672,
134,0.696,0.475,
135,0.392,0.707,
136,0.43,0.607,
137,-0.14,0.666,
138,-0.037,0.381,
139,0.237,-0.541,
140,0.609,0.367,
141,-0.029,0.331,
142,0.376,0.297,
143,0.035,1.26,
144,0.146,0.965,
145,0.56,0.21,
146,0.488,1.094,
147,0.367,0.42,
148,-0.239,0.44,
149,0.449,-1.228,
150,-0.981,0.591,
151,1.153,1.065,
152,0.108,1.025,
153,0.182,0.226,
154,0.416,0.475,
155,0.229,1.283,
156,0.431,0.311,
157,0.276,0.128,
158,0.984,0.967,
159,1.084,-0.088,
160,0.338,0.684,
161,0.986,0.098,
162,0.419,-0.016,
163,0.949,0.068,
