1,-0.298,-0.37,
2,0.672,-0.782,
3,-0.899,-0.279,
4,0.444,-0.126,
5,0.397,0.357,
6,-1.29,1.188,
7,1.264,1.43,
8,0.417,0.314,
9,-0.398,-0.516,
10,0.856,-0.126,
11,0.137,1.3,
12,-0.29,-0.751,
13,1.215,0.336,
14,-0.527,-0.628,
15,-0.531,0.468,
16,0.347,-0.923,
17,0.038,0.223,
18,-0.087,-0.522,
19,0.831,0.389,
20,1.567,1.221,
21,0.271,0.2,
22,0.166,0.341,
23,0.144,-0.433,
24,-0.194,1.035,
25,-0.01,0.983,
26,0.512,0.471,
27,-0.058,-0.325,
28,0.327,0.214,
29,-0.07,-0.017,
30,0.033,0.343,
31,0.34,0.858,
32,0.211,-0.486,
33,-0.007,0.117,
34,-1.197,0.701,
35,-0.501,0.452,
36,-1.107,0.848,
37,0.137,0.149,
38,-0.487,-0.557,
39,-0.112,0.52,
40,-0.119,0.682,
41,0.377,0.333,
42,1.178,1.034,
43,0.018,0.582,
44,-0.029,-0.102,
45,-0.131,-0.546,
46,-0.824,-0.478,
47,-0.637,-0.008,
48,0.006,-0.344,
49,-0.624,-1.218,
50,-0.629,-0.657,
51,-0.136,-0.339,
52,0.299,0.378,
53,0.404,-1.559,
54,0.947,-0.062,
55,-0.465,0.073,
56,-0.741,0.649,
57,0.265,-0.306,
58,0.357,0.504,
59,0.973,-0.139,
60,0.139,-0.345,
61,0.203,-0.029,
62,-0.332,-0.006,
63,-0.568,1.372,
64,-0.144,-0.033,
65,0.229,0.04,
66,0.288,0.855,
67,-0.375,-0.723,
68,0.235,0.348,
69,-0.45,0.943,
70,0.063,0.099,
71,-0.439,-0.809,
72,0.472,-0.144,
73,-0.623,-0.02,
74,0.27,0.144,
75,-0.888,-0.154,
76,-0.051,0.221,
77,-0.092,-0.423,
78,-0.332,-0.121,
79,-0.842,0.126,
80,-0.393,-0.659,
81,-0.667,0.384,
82,-0.259,0.138,
83,-0.02,0.053,
84,-0.178,-0.238,
85,-0.716,-0.082,
86,-0.084,0.279,
87,0.534,-0.925,
88,-0.13,0.214,
89,0.554,0.233,
90,0.292,0.038,
91,-0.067,0.877,
92,0.338,-0.447,
93,0.041,0.21,
94,-0.049,0.377,
95,0.225,0.794,
96,-0.318,0.149,
97,0.49,0.49,
98,-0.126,-0.888,
99,-0.199,0.486,
100,-1.768,-0.214,
101,0.329,0.55,
102,-0.795,-0.006,
103,-0.854,-0.18,
104,-0.108,-0.124,
105,-0.56,-0.198,
106,-0.129,-0.198,
107,0.38,1.074,
108,0.075,-0.171,
109,-0.155,-0.219,
110,-1.505,0.701,
111,-0.188,0.706,
112,-0.822,0.674,
113,0.534,-0.342,
114,-0.117,-0.031,
115,0.127,-0.87,
116,-0.332,-0.409,
117,1.408,-0.221,
118,0.151,-0.384,
119,-0.461,0.285,
120,0.28,-0.874,
121,0.217,1.046,
122,-0.186,-0.037,
123,-0.316,-0.963,
124,0.497,-0.216,
125,-0.482,-0.613,
126,0.144,-0.211,
127,0.805,0.272,
128,-0.131,0.179,
129,0.113,0.952,
130,-0.017,-0.174,
131,0.684,1.495,
132,-0.501,0.804,
133,-0.544,-0.525,
134,-0.446,0.022,
135,-0.489,-0.205,
136,-0.906,0.028,
137,-0.724,-0.127,
138,-0.536,0.412,
139,0.077,-0.768,
140,0.103,0.195,
141,-0.351,-0.708,
142,-0.371,-0.384,
143,-0.116,0.37,
144,0.213,0.608,
145,-0.329,-0.895,
146,0.132,-0.042,
147,-0.591,-1.278,
148,-0.81,0.193,
149,1.366,-1.57,
150,-0.665,-0.404,
151,0.354,0.406,
152,-0.386,0.176,
153,0.568,0.501,
154,0.164,0.114,
155,-0.277,-0.222,
156,-0.039,0.043,
157,0.502,-0.667,
158,-0.166,-0.135,
159,-0.373,-0.065,
160,0.268,0.042,
161,-0.394,-0.154,
162,0.143,-0.303,
163,0.814,-0.679,
