1,-0.615,-0.34,
2,0.733,-0.381,
3,1.299,0.436,
4,0.691,0.784,
5,-0.069,0.882,
6,-0.661,-0.123,
7,0.704,0.342,
8,-0.381,-0.024,
9,-1.253,0.64,
10,1.211,-0.768,
11,-0.554,1.233,
12,0.249,0.047,
13,-0.126,0.623,
14,0.659,0.71,
15,-0.265,-0.927,
16,-0.051,1.077,
17,-1.582,-0.236,
18,0.487,-0.099,
19,0.082,-0.016,
20,-0.806,-0.655,
21,0.586,-0.718,
22,-0.381,-0.686,
23,0.243,0.048,
24,-0.724,0.584,
25,0.167,0.177,
26,0.239,-0.179,
27,0.176,-0.668,
28,-0.627,0.334,
29,1.034,1.401,
30,0.763,-0.609,
31,0.188,-1.747,
32,-0.701,-1.293,
33,-0.333,0.328,
34,-0.753,-0.694,
35,-1.726,-0.244,
36,0.097,1.88,
37,-0.412,0.556,
38,0.695,-0.502,
39,0.121,-0.206,
40,-0.098,-1.311,
41,-0.018,0.275,
42,-0.795,-0.562,
43,-1.325,0.397,
44,-0.989,0.111,
45,-1.626,0.269,
46,0.279,-0.183,
47,-0.905,0.016,
48,0.297,0.264,
49,-0.279,-0.625,
50,-0.272,0.159,
51,-0.173,-0.17,
52,-0.858,-1.287,
53,0.222,-1.264,
54,0.187,-2.158,
55,0.07,0.527,
56,0.16,0.272,
57,-0.721,-0.016,
58,0.542,-0.516,
59,-0.13,1.089,
60,-0.935,0.336,
61,-0.444,-1.451,
62,1.044,0.383,
63,-0.01,0.469,
64,-0.086,1.205,
65,-0.929,-0.593,
66,-0.005,0.338,
67,-0.161,0.442,
68,0.425,0.228,
69,0.435,0.141,
70,-0.378,-1.847,
71,-0.35,0.739,
72,-0.059,-0.648,
73,-0.036,-0.675,
74,-0.045,0.027,
75,0.47,-0.81,
76,0.169,-0.174,
77,-0.153,0.683,
78,-0.528,0.492,
79,-0.223,0.205,
80,0.227,-0.322,
81,0.256,0.048,
82,0.275,-0.447,
83,-1.358,-0.548,
84,0.943,-0.033,
85,-0.408,-0.278,
86,-0.106,0.968,
87,0.144,-0.155,
88,0.187,-0.252,
89,0.248,-0.985,
90,0.642,1.039,
91,1.09,-0.251,
92,0.231,-1.013,
93,0.238,-1.113,
94,0.343,0.24,
95,-0.608,0.383,
96,-0.212,0.214,
97,-0.468,0.122,
98,0.07,-1.604,
99,0.841,0.307,
100,-1.26,2.144,
101,0.328,-0.518,
102,-1.246,1.007,
103,1.428,-0.564,
104,0.265,1.827,
105,0.134,-0.464,
106,-0.113,-0.647,
107,-1.017,0.796,
108,-0.527,-0.246,
109,-0.257,0.129,
110,1.721,-0.293,
111,-0.286,1.173,
112,0.197,-0.279,
113,0.115,0.508,
114,0.279,0.336,
115,-0.377,1.043,
116,0.799,-0.279,
117,1.226,0.339,
118,0.67,-0.219,
119,0.821,0.873,
120,-0.69,-0.76,
121,0.718,0.013,
122,0.656,-0.606,
123,-1.066,-1.113,
124,0.869,0.128,
125,0.575,-0.513,
126,-1.391,-0.157,
127,-0.572,-0.343,
128,-0.217,0.604,
129,-0.024,-0.694,
130,-0.452,0.254,
131,0.683,-0.172,
132,0.349,0.6,
133,-0.835,0.587,
134,-0.223,0.104,
135,-0.56,0.381,
136,-0.354,-0.657,
137,-1.483,1.274,
138,-0.919,-0.717,
139,0.283,0.426,
140,0.073,-0.349,
141,-0.066,0.362,
142,-0.228,-0.161,
143,-0.372,1.038,
144,0.762,-0.351,
145,0.179,-0.364,
146,-0.214,-0.267,
147,-0.688,-0.335,
148,-0.135,0.057,
149,0.065,-0.58,
150,-0.887,-0.43,
151,-0.943,0.202,
152,0.167,-0.345,
153,-0.68,-0.131,
154,-1.554,0.725,
155,0.432,0.288,
156,-0.641,-1.377,
157,0.005,-1.189,
158,0.083,0.234,
159,1.758,-0.883,
160,1.239,1.404,
161,1.133,0.444,
162,0.076,-0.424,
163,0.018,-0.775,
