1,-0.537,-0.128,
2,0.287,-0.128,
3,0.867,0.192,
4,0.332,0.411,
5,-0.116,0.421,
6,-0.42,-0.025,
7,0.363,0.113,
8,-0.196,-0.313,
9,-0.621,0.251,
10,0.58,-0.517,
11,-0.577,0.583,
12,0.379,-0.109,
13,-0.136,0.215,
14,0.38,0.001,
15,-0.163,-0.789,
16,-0.139,0.415,
17,-1.084,-0.051,
18,0.026,-0.047,
19,-0.146,0.069,
20,-0.481,-0.315,
21,0.33,-0.352,
22,0.001,-0.179,
23,0.145,-0.079,
24,-0.443,0.382,
25,0.35,0,
26,0.271,-0.189,
27,0.06,-0.415,
28,-0.2,0.181,
29,0.254,0.969,
30,0.629,-0.093,
31,0.141,-0.912,
32,-0.489,-0.672,
33,-0.21,0.14,
34,-0.5,-0.358,
35,-0.817,-0.058,
36,0.267,1.142,
37,-0.328,0.274,
38,0.177,-0.507,
39,0.275,-0.187,
40,-0.099,-0.636,
41,0.007,0.275,
42,-0.314,-0.4,
43,-0.639,0.11,
44,-0.565,0.034,
45,-0.893,0.088,
46,0.183,-0.072,
47,-0.384,-0.01,
48,0.264,0.213,
49,-0.463,-0.153,
50,-0.173,0.072,
51,-0.303,-0.065,
52,-0.356,-0.551,
53,0.112,-0.519,
54,0.171,-1.382,
55,0.013,0.232,
56,0.258,0.535,
57,-0.432,-0.042,
58,0.22,-0.227,
59,-0.009,0.459,
60,-0.577,0.233,
61,-0.289,-0.901,
62,0.623,0.081,
63,-0.124,0.275,
64,-0.018,0.696,
65,-0.379,-0.166,
66,0.022,0.173,
67,-0.132,0.313,
68,0.108,0.197,
69,0.447,0.06,
70,-0.282,-1.31,
71,-0.267,0.174,
72,-0.077,-0.336,
73,0.048,-0.206,
74,0.302,0.072,
75,0.106,-0.376,
76,0.219,-0.069,
77,-0.112,0.456,
78,-0.336,0.313,
79,-0.161,0.227,
80,-0.068,-0.227,
81,0.158,0.013,
82,0.329,-0.23,
83,-0.594,-0.398,
84,0.807,0.022,
85,-0.578,-0.149,
86,-0.098,0.055,
87,0.115,-0.149,
88,0.078,-0.149,
89,0.122,-0.637,
90,0.16,0.619,
91,0.513,-0.162,
92,0.171,-0.445,
93,0.164,-0.459,
94,0.153,0.209,
95,-0.256,0.232,
96,0.018,0.037,
97,-0.392,-0.065,
98,-0.039,-0.769,
99,0.622,-0.023,
100,-0.994,1.269,
101,0.131,-0.27,
102,-0.711,0.785,
103,0.555,-0.506,
104,-0.022,1.268,
105,0.099,-0.282,
106,-0.242,-0.999,
107,-0.637,0.256,
108,-0.192,-0.172,
109,-0.285,-0.168,
110,1.115,-0.003,
111,-0.348,0.374,
112,0.152,-0.203,
113,0.222,0.246,
114,0.046,0.269,
115,-0.313,0.556,
116,0.472,-0.251,
117,0.733,0.121,
118,0.289,-0.103,
119,0.485,0.487,
120,-0.426,-0.477,
121,0.278,-0.28,
122,0.457,-0.081,
123,-0.702,-0.763,
124,0.467,0.167,
125,0.355,-0.232,
126,-0.901,-0.195,
127,-0.163,-0.229,
128,-0.237,0.508,
129,0.033,-0.358,
130,-0.187,0.252,
131,0.279,-0.123,
132,0.175,0.253,
133,-0.469,0.143,
134,-0.321,0.061,
135,-0.186,0.202,
136,-0.267,-0.366,
137,-0.7,0.901,
138,-0.332,-0.335,
139,0.17,0.52,
140,-0.102,-0.075,
141,-0.252,0.436,
142,-0.126,-0.147,
143,-0.105,0.578,
144,0.828,-0.548,
145,0.15,-0.257,
146,-0.104,-0.151,
147,-0.347,-0.124,
148,0.009,0.081,
149,0.125,-0.262,
150,-0.58,-0.141,
151,-0.529,0.209,
152,0.167,-0.16,
153,-0.36,0.137,
154,-0.885,0.483,
155,0.429,0.045,
156,-0.465,-0.408,
157,-0.095,-0.754,
158,-0.036,0.169,
159,0.619,-0.493,
160,0.625,0.926,
161,0.718,0.187,
162,0.112,-0.025,
163,0.147,-0.407,
