1,0.762,-0.599,
2,1.592,-1.486,
3,1.189,1.049,
4,1.089,1.131,
5,0.971,1.462,
6,-0.617,0.425,
7,1.221,1.29,
8,0.602,1.466,
9,-0.765,0.516,
10,1.862,0.885,
11,0.717,2.005,
12,0.272,0.198,
13,0.65,0.909,
14,0.651,0.705,
15,0.003,0.763,
16,1.195,1.092,
17,-0.959,0.251,
18,1.223,-0.135,
19,0.702,0.955,
20,0.13,-0.335,
21,1.532,-0.588,
22,0.103,-0.557,
23,0.068,0.833,
24,-0.074,0.819,
25,-0.523,0.821,
26,0.747,0.854,
27,0.713,0.376,
28,-1.075,0.801,
29,1.705,0.973,
30,1.793,-0.267,
31,0.288,-0.043,
32,1.307,-0.379,
33,-0.043,0.526,
34,-0.486,-1.331,
35,-0.841,0.296,
36,-0.582,2.228,
37,0.723,1.812,
38,1.937,1.31,
39,0.253,0.408,
40,1.043,-0.807,
41,1.37,0.766,
42,-0.105,0.868,
43,-0.252,1.207,
44,0.489,1.149,
45,-0.673,1.197,
46,1.079,-0.19,
47,-0.613,0.136,
48,0.501,0.094,
49,-1.183,-1.006,
50,-0.171,0.456,
51,1.458,-0.392,
52,-0.688,-0.667,
53,0.472,-0.692,
54,0.194,-0.502,
55,0.52,0.653,
56,-0.356,1.389,
57,0.244,1.094,
58,0.712,0.879,
59,0.387,1.699,
60,0.183,0.623,
61,0.217,0.086,
62,0.145,0.735,
63,0.348,0.939,
64,0.172,0.673,
65,-1.023,-1.081,
66,0.413,0.802,
67,0.191,-0.943,
68,1.926,0.176,
69,-0.075,1.469,
70,-0.736,-0.88,
71,0.664,1.711,
72,0.049,0.319,
73,0.134,0.326,
74,-0.14,0.547,
75,0.69,-0.444,
76,0.233,-0.046,
77,-0.007,0.557,
78,0.412,0.988,
79,-0.445,0.599,
80,0.327,0.67,
81,0.926,1.045,
82,0.211,0.678,
83,-0.953,0.281,
84,0.146,0.362,
85,0.808,0.136,
86,1.03,2.937,
87,0.109,-0.327,
88,0.867,0.431,
89,1.004,-0.547,
90,1.368,1.63,
91,2.345,0.314,
92,0.189,-0.72,
93,-0.33,0.669,
94,-0.152,0.515,
95,0.05,0.277,
96,0.042,0.443,
97,1.053,0.422,
98,0.614,-2.394,
99,1.265,1.2,
100,-0.468,1.58,
101,1.003,-0.127,
102,-0.39,0.576,
103,1.366,0.243,
104,0.457,1.268,
105,-0.029,0.244,
106,1.002,1.775,
107,-0.256,1.73,
108,-0.532,0.014,
109,1.042,0.959,
110,1.789,0.077,
111,0.016,1.606,
112,-0.615,0.095,
113,0.748,0.363,
114,2.014,0.294,
115,0.096,-0.233,
116,0.952,0.017,
117,1.581,1.066,
118,0.831,0.453,
119,1.402,1.299,
120,0.227,-0.122,
121,1.12,1.257,
122,0.699,-0.732,
123,-0.497,-1.09,
124,0.744,0.138,
125,1.028,-0.542,
126,1.22,-0.871,
127,-0.932,0.408,
128,0.481,0.868,
129,0.624,0.429,
130,0.504,0.221,
131,1.942,0.952,
132,0.522,0.689,
133,-0.56,0.902,
134,0.706,0.116,
135,0.131,1.309,
136,0.365,0.248,
137,-1.037,0.903,
138,-0.642,-0.047,
139,0.007,-0.465,
140,0.77,-0.108,
141,-0.233,0.511,
142,0.254,0.36,
143,-0.722,1.805,
144,0.036,0.842,
145,0.758,-0.146,
146,-0.549,0.921,
147,-0.132,-0.008,
148,-0.312,0.162,
149,0.111,-1.473,
150,-1.5,0.778,
151,0.348,0.999,
152,0.14,0.417,
153,-0.997,0.169,
154,-0.22,0.697,
155,0.303,1.731,
156,0.315,-0.77,
157,0.25,-0.517,
158,1.078,0.887,
159,2.549,-0.681,
160,0.812,0.98,
161,1.326,0.038,
162,0.319,-0.747,
163,0.572,0.173,
