1,-0.653,-1.62,
2,-0.343,-1.339,
3,-0.266,-1.726,
4,-0.954,-0.424,
5,0.286,-0.562,
6,-0.513,-0.728,
7,-0.191,-0.813,
8,-0.228,-1.583,
9,0.297,-0.695,
10,-0.939,-0.271,
11,0.224,-0.977,
12,0.49,-0.543,
13,0.204,0.193,
14,-0.77,-0.673,
15,-0.53,-0.925,
16,-0.084,-0.784,
17,-1.288,-2.049,
18,0.129,-0.981,
19,0.236,-0.318,
20,0.061,-0.269,
21,-0.147,-1.098,
22,-0.103,-0.449,
23,-0.599,-1.497,
24,0.967,-1.506,
25,-0.076,-0.971,
26,-1.261,-0.849,
27,-0.448,-0.923,
28,0.781,-0.6,
29,0.581,-0.053,
30,1.549,-0.281,
31,-0.267,-0.829,
32,0.392,-0.889,
33,-1.403,-1.407,
34,-0.397,-1.894,
35,0.053,-0.682,
36,0.191,-0.332,
37,0.255,-0.285,
38,0.441,-0.908,
39,-0.536,-0.67,
40,0.317,-1.503,
41,0.384,0.197,
42,-0.095,0.601,
43,-0.107,0.663,
44,-0.616,-0.93,
45,-0.148,-0.752,
46,-0.794,-0.257,
47,-0.412,-0.544,
48,0.15,-0.541,
49,-0.118,-1.217,
50,-0.287,-0.861,
51,-0.206,-1.18,
52,-0.551,-0.373,
53,-0.589,0.123,
54,-0.841,-0.337,
55,-1.187,-1.167,
56,-0.316,-0.428,
57,0.079,-0.839,
58,-0.892,-0.381,
59,-0.401,-1.275,
60,0.04,-0.791,
61,-0.632,-0.373,
62,-0.427,-0.765,
63,0.649,-0.091,
64,-0.861,-0.693,
65,0.595,-0.734,
66,0.539,-0.224,
67,-1.221,0.196,
68,-0.16,-0.685,
69,-0.313,-0.137,
70,0.523,-0.551,
71,0.141,-0.951,
72,-0.084,-1.205,
73,0.479,-0.815,
74,0.638,-0.648,
75,1.429,-0.274,
76,-0.886,-1.147,
77,0.025,-0.072,
78,-0.167,0.812,
79,-0.395,-0.213,
80,0.918,-0.865,
81,-0.769,-0.982,
82,-0.278,0.283,
83,-0.038,-0.379,
84,-0.276,-0.511,
85,0.511,-0.735,
86,0.343,0.31,
87,-0.243,-0.914,
88,0.674,0.173,
89,-1.475,-0.572,
90,-0.608,-0.344,
91,-1.115,-0.455,
92,-0.479,-0.492,
93,0.205,0.458,
94,-0.669,1.112,
95,0.658,-0.863,
96,-0.335,-0.989,
97,-0.618,-0.63,
98,-0.887,-1.873,
99,-0.288,-0.712,
100,-0.272,-1.579,
101,0.001,-0.356,
102,0.028,-1.226,
103,-0.523,-1.129,
104,-0.642,-0.501,
105,-1.121,-0.714,
106,0.448,-0.219,
107,-0.279,0.247,
108,-0.346,-1.129,
109,0.161,-1.649,
110,-0.496,-1.448,
111,-0.079,0.278,
112,-0.058,-1.263,
113,0.051,-0.821,
114,-0.103,-0.912,
115,-0.204,-1.833,
116,-0.065,-1.143,
117,0.923,-0.643,
118,0.269,-0.74,
119,0.344,-1.104,
120,-0.164,-0.518,
121,-0.136,-0.59,
122,0.23,-0.271,
123,-0.345,-1.48,
124,-0.443,-1.216,
125,-0.327,-0.876,
126,0.309,-0.392,
127,0.416,-1.485,
128,-0.156,-0.485,
129,-0.435,-0.54,
130,-0.484,-0.335,
131,-0.019,-0.125,
132,0.113,0.634,
133,-0.564,-0.699,
134,-0.209,-0.558,
135,-1.331,-1.279,
136,-0.299,-0.758,
137,0.649,-0.085,
138,-0.34,-0.383,
139,-1.091,-0.704,
140,-0.536,-1.076,
141,-0.988,-0.95,
142,0.21,-1.364,
143,-0.4,-0.005,
144,-0.72,-0.97,
145,-0.85,-0.903,
146,0.43,0.27,
147,-0.066,-0.711,
148,-1.148,-0.314,
149,-0.653,-1.08,
150,-1.529,-2.543,
151,0.088,-0.151,
152,-1.408,-0.47,
153,0.147,-0.685,
154,-1.049,-0.214,
155,-0.816,-1.111,
156,0.467,-0.079,
157,-0.076,-0.322,
158,-0.375,-0.153,
159,-0.23,-0.078,
160,-1.149,-0.327,
161,-0.562,-0.198,
162,0.417,0.304,
163,0.948,-0.502,
