1,-0.523,-0.691,
2,0.832,-0.925,
3,1.316,0.371,
4,0.857,0.677,
5,0.22,0.764,
6,-0.624,-0.05,
7,0.96,0.471,
8,-0.477,-0.008,
9,-1.294,0.72,
10,1.432,-0.637,
11,-0.543,1.417,
12,0.283,0.017,
13,0.009,0.721,
14,0.994,0.772,
15,-0.458,-0.806,
16,0.033,1.077,
17,-1.751,-0.212,
18,0.667,-0.278,
19,0.213,0.061,
20,-0.592,-0.689,
21,0.554,-0.779,
22,-0.314,-0.786,
23,0.348,0.184,
24,-0.589,0.681,
25,0.258,0.057,
26,0.165,-0.213,
27,0.195,-0.633,
28,-0.697,0.439,
29,1.138,1.539,
30,0.825,-0.549,
31,0.235,-1.578,
32,-0.563,-1.227,
33,-0.335,0.467,
34,-0.81,-0.851,
35,-1.796,-0.365,
36,0.113,1.997,
37,-0.61,0.75,
38,0.813,-0.315,
39,0.127,-0.074,
40,0.05,-1.42,
41,0.079,0.519,
42,-0.972,-0.326,
43,-1.254,0.602,
44,-0.871,0.186,
45,-1.455,0.343,
46,0.47,-0.196,
47,-1.05,-0.009,
48,0.555,0.224,
49,-0.278,-0.96,
50,-0.317,0.165,
51,0.126,-0.06,
52,-0.941,-1.332,
53,0.438,-1.373,
54,0.287,-2.039,
55,0.103,0.596,
56,0.136,0.362,
57,-0.831,0.192,
58,0.539,-0.405,
59,-0.026,1.304,
60,-0.717,0.352,
61,-0.307,-1.697,
62,1.393,0.702,
63,-0.022,0.49,
64,-0.104,1.164,
65,-0.98,-0.683,
66,0.088,0.471,
67,-0.132,0.305,
68,0.747,0.233,
69,0.332,0.246,
70,-0.314,-1.813,
71,-0.266,1.044,
72,0.055,-0.578,
73,-0.129,-0.659,
74,-0.012,0.057,
75,0.716,-0.754,
76,-0.199,-0.235,
77,-0.162,0.699,
78,-0.382,0.782,
79,-0.257,0.277,
80,0.284,-0.196,
81,0.327,0.133,
82,0.409,-0.332,
83,-1.521,-0.325,
84,0.899,0.046,
85,-0.325,-0.174,
86,-0.007,1.485,
87,0.231,-0.151,
88,0.653,-0.252,
89,0.496,-1.179,
90,0.591,1.205,
91,1.392,-0.236,
92,0.129,-0.969,
93,0.258,-1.11,
94,0.347,0.275,
95,-0.569,0.415,
96,-0.157,0.228,
97,-0.468,0.407,
98,0.139,-1.857,
99,0.823,0.341,
100,-1.283,2.154,
101,0.532,-0.42,
102,-1.281,0.728,
103,1.61,-0.54,
104,0.199,1.904,
105,0.165,-0.431,
106,0.23,-0.405,
107,-0.954,0.929,
108,-0.55,-0.182,
109,-0.146,0.204,
110,1.876,-0.4,
111,-0.218,1.265,
112,0.072,-0.248,
113,0.361,0.669,
114,0.492,0.332,
115,0.036,1.233,
116,0.724,-0.234,
117,1.32,0.625,
118,0.627,-0.203,
119,0.932,0.902,
120,-0.707,-0.694,
121,0.811,0.092,
122,0.744,-0.836,
123,-1.089,-1.124,
124,0.866,0.129,
125,0.846,-0.807,
126,-1.268,-0.29,
127,-0.596,-0.232,
128,-0.304,0.794,
129,-0.096,-0.676,
130,-0.362,0.236,
131,0.867,-0.099,
132,0.388,0.657,
133,-0.837,0.613,
134,-0.159,0.155,
135,-0.671,0.498,
136,-0.248,-0.634,
137,-1.452,1.402,
138,-0.931,-0.546,
139,0.092,0.505,
140,0.133,-0.297,
141,-0.083,0.375,
142,-0.164,-0.12,
143,-0.53,1.402,
144,0.678,-0.251,
145,0.24,-0.386,
146,-0.248,-0.123,
147,-0.556,-0.373,
148,-0.045,0.314,
149,-0.004,-0.699,
150,-1.126,-0.222,
151,-0.911,0.371,
152,0.305,-0.175,
153,-0.843,-0.156,
154,-1.465,0.871,
155,0.356,0.614,
156,-0.438,-1.325,
157,-0.368,-1.773,
158,0.341,-0.091,
159,2.351,-0.944,
160,1.251,1.627,
161,1.262,0.489,
162,0.209,-0.395,
163,0.051,-0.807,
