1,-0.581,-1.366,
2,-0.778,-1.3,
3,0.068,-1.983,
4,-1.105,-0.163,
5,0.42,-0.914,
6,-0.229,-0.256,
7,0.205,-0.609,
8,-0.494,-1.825,
9,1.415,-0.18,
10,-0.46,-0.372,
11,0.066,-1.158,
12,0.587,-0.242,
13,0.301,0.369,
14,-0.525,-0.764,
15,-0.878,-0.21,
16,0.355,-0.757,
17,-1.01,-2.138,
18,0.458,-0.512,
19,0.057,0.264,
20,0.05,0.131,
21,-0.117,-0.712,
22,0.013,-0.064,
23,-0.351,-1.716,
24,0.797,-1.535,
25,0.387,-1.284,
26,-2.198,-1.548,
27,-1.106,-0.908,
28,1.207,-0.414,
29,0.709,0.511,
30,1.507,-0.231,
31,-0.429,-1.039,
32,0.574,-0.796,
33,-1.562,-1.28,
34,-0.06,-2.172,
35,-0.037,-0.592,
36,0.728,-0.228,
37,0.7,0.071,
38,0.863,-0.791,
39,-0.139,-0.469,
40,0.778,-1.166,
41,0.52,0.807,
42,0.066,1.123,
43,0.115,1.203,
44,-0.534,-1.248,
45,-0.238,-0.465,
46,-0.956,0.079,
47,-0.183,0.263,
48,-0.152,-0.853,
49,-0.057,-1.408,
50,0.361,-0.345,
51,-0.308,-1.487,
52,-0.838,0.286,
53,-0.951,0.842,
54,-1.175,-0.3,
55,-1.245,-0.594,
56,-0.571,-0.24,
57,0.381,-0.534,
58,-1.471,-0.166,
59,-0.291,-1.251,
60,0.205,-0.543,
61,-0.715,-0.247,
62,0.059,-0.789,
63,1.221,0.672,
64,-0.498,0.116,
65,0.649,-0.291,
66,0.97,-0.071,
67,-0.229,0.735,
68,0.089,-0.501,
69,-0.275,0.033,
70,1.118,-0.602,
71,0.726,-0.876,
72,0.057,-1.599,
73,1.304,-0.619,
74,1.387,-0.514,
75,1.249,0.299,
76,-0.845,-1.684,
77,0.227,0.922,
78,0.162,0.935,
79,0.453,0.422,
80,1.126,-0.07,
81,-0.946,-1.025,
82,-0.167,0.674,
83,-0.047,-0.134,
84,-0.145,-0.165,
85,0.901,-0.459,
86,1.029,0.1,
87,-0.233,-0.703,
88,0.962,0.374,
89,-1.618,-0.232,
90,-0.993,0.248,
91,-0.841,-0.409,
92,-0.388,-0.252,
93,0.958,1.178,
94,-0.843,1.793,
95,1.406,-0.757,
96,-0.367,-1.227,
97,-0.926,-0.442,
98,-0.599,-2.201,
99,0.228,-0.491,
100,0.019,-1.765,
101,0.109,-0.395,
102,-0.321,-1.215,
103,-0.6,-1.33,
104,0.027,-0.723,
105,-1.143,0.114,
106,0.818,-0.337,
107,-0.386,0.09,
108,0.342,-1.306,
109,0.472,-2.053,
110,-1.194,-2.458,
111,0.205,0.161,
112,1.221,-0.782,
113,0.218,-0.648,
114,-0.033,-0.623,
115,0.24,-1.143,
116,-0.324,-0.839,
117,1.666,-0.358,
118,0.378,-0.526,
119,0.426,-0.945,
120,-0.238,-0.211,
121,0.034,-0.284,
122,0.235,-0.1,
123,-0.11,-1.332,
124,-0.847,-1.194,
125,0,-0.384,
126,0.375,-0.366,
127,0.723,-1.138,
128,-0.466,-0.036,
129,-0.275,-0.341,
130,-0.455,-0.262,
131,0.559,-0.402,
132,0.274,1.005,
133,-0.201,-1.104,
134,-0.258,0.067,
135,-1.528,-1.086,
136,-0.169,-0.782,
137,1.235,0.173,
138,-0.212,-0.111,
139,-1.133,0.192,
140,-0.94,-0.808,
141,-0.803,-0.505,
142,0.741,-1.182,
143,-0.295,0.013,
144,-0.373,-1.081,
145,-1.059,-0.199,
146,0.221,0.218,
147,0.033,-0.318,
148,-1.654,-0.289,
149,-0.297,-1.058,
150,-0.581,-2.555,
151,-0.225,0.042,
152,-0.776,-0.788,
153,0.26,-0.391,
154,-1.469,0.248,
155,-0.732,-0.975,
156,1.115,0.553,
157,0.315,-0.327,
158,-0.164,-0.315,
159,0.073,0.772,
160,-1.21,-0.137,
161,-0.679,0.133,
162,1.17,0.857,
163,0.626,-0.703,
