1,-0.886,-1.262,
2,0.815,-1.096,
3,-1.149,-0.583,
4,0.546,-0.304,
5,0.451,-0.315,
6,-1.001,1.477,
7,1.68,1.454,
8,0.502,0.215,
9,-0.635,-0.441,
10,0.982,-0.335,
11,0.053,1.647,
12,-0.758,-1.139,
13,1.509,0.594,
14,-0.399,-0.802,
15,-1.012,0.429,
16,0.401,-1.498,
17,0.198,0.206,
18,-0.021,-0.562,
19,1.18,0.527,
20,2.354,1.337,
21,0.454,0.198,
22,0.527,0.487,
23,0.139,-0.455,
24,-0.183,1.203,
25,-0.172,1.525,
26,0.49,0.225,
27,-0.081,-0.373,
28,0.396,0.133,
29,-0.104,-0.562,
30,0.128,0.292,
31,0.472,0.866,
32,0.217,-0.701,
33,-0.038,0.004,
34,-1.609,1.059,
35,-0.98,0.065,
36,-1.12,0.935,
37,0.189,0.197,
38,-0.636,-0.812,
39,-0.053,0.538,
40,-0.36,1.067,
41,0.384,0.406,
42,1.202,1.12,
43,-0.012,1.027,
44,-0.134,-0.24,
45,-0.224,-0.466,
46,-1.415,-0.78,
47,-0.518,0.243,
48,-0.444,-0.562,
49,-1.022,-1.655,
50,-0.778,-0.814,
51,-0.416,-0.317,
52,0.4,0.593,
53,0.323,-1.77,
54,1.308,-0.43,
55,-0.471,0.364,
56,-0.862,0.63,
57,0.091,-0.4,
58,0.55,0.538,
59,1.392,0.106,
60,0.078,-0.401,
61,0.362,-0.178,
62,-0.88,0.231,
63,-0.717,1.744,
64,-0.191,0.083,
65,0.128,0.073,
66,0.317,0.846,
67,-0.404,-0.86,
68,0.192,0.445,
69,-0.873,0.86,
70,0.004,0.022,
71,-0.43,-1.128,
72,0.565,-0.34,
73,-0.595,-0.124,
74,0.1,0.059,
75,-1.422,-0.142,
76,-0.149,0.115,
77,0.011,-0.436,
78,-0.205,-0.086,
79,-0.924,0.075,
80,-0.668,-0.603,
81,-0.799,0.647,
82,-0.482,-0.222,
83,-0.603,-0.066,
84,0.132,-0.265,
85,-0.921,-0.13,
86,-0.157,0.111,
87,0.649,-0.771,
88,-0.039,0.422,
89,0.557,0.289,
90,0.138,0.143,
91,-0.057,1.037,
92,0.537,-0.805,
93,0.59,0.045,
94,0.069,0.516,
95,0.275,1.454,
96,-0.654,0.515,
97,0.701,0.697,
98,0.072,-0.89,
99,-0.173,0.686,
100,-2.144,-0.041,
101,0.422,0.58,
102,-0.73,-0.235,
103,-0.888,-0.613,
104,-0.274,-0.21,
105,-0.37,0.128,
106,-0.226,-0.435,
107,0.172,0.895,
108,0.123,-0.017,
109,-0.205,-0.2,
110,-2.168,0.888,
111,-0.439,0.91,
112,-0.951,1.154,
113,0.857,-0.413,
114,-0.1,0.17,
115,0.044,-0.377,
116,-0.386,-0.578,
117,1.694,-0.191,
118,0.244,-0.521,
119,-0.569,0.318,
120,0.26,-1.005,
121,0.265,1.484,
122,-0.421,-0.083,
123,-0.397,-1.013,
124,0.379,-0.029,
125,-0.732,-0.6,
126,0.254,-0.375,
127,0.725,0.536,
128,-0.213,0.11,
129,0.212,1.237,
130,-0.381,-0.469,
131,0.822,1.766,
132,-0.52,1.148,
133,-0.569,-0.406,
134,-0.662,-0.188,
135,-0.747,-0.02,
136,-1.343,-0.085,
137,-0.913,-0.025,
138,-0.617,0.426,
139,0.319,-0.778,
140,0.1,0.146,
141,-0.32,-0.826,
142,-0.295,-0.072,
143,-0.178,0.056,
144,0.209,0.659,
145,-0.296,-1.082,
146,-0.346,-0.298,
147,-1.056,-1.575,
148,-0.844,0.242,
149,1.657,-1.434,
150,-0.499,-0.392,
151,-0.041,0.462,
152,-0.548,0.011,
153,0.619,0.722,
154,0.549,0.248,
155,-0.318,-0.156,
156,0.053,-0.073,
157,0.389,-0.836,
158,-0.96,-0.412,
159,-0.369,0.112,
160,0.43,-0.178,
161,-0.797,-0.153,
162,-0.066,-0.39,
163,0.839,-0.716,
