1,0.427,-1.228,
2,1.544,-1.991,
3,1.489,1.058,
4,1.201,1.216,
5,0.919,1.506,
6,-0.505,0.09,
7,1.22,1.242,
8,0.301,1.348,
9,-1.125,0.641,
10,2.197,0.442,
11,0.538,2.039,
12,0.193,0.183,
13,0.458,1.014,
14,1.066,1.13,
15,-0.205,0.455,
16,0.991,1.368,
17,-1.156,0.167,
18,1.306,-0.239,
19,0.748,0.762,
20,-0.117,-0.7,
21,1.429,-0.783,
22,-0.027,-1.076,
23,0.04,0.679,
24,-0.305,0.906,
25,-0.531,0.712,
26,0.644,0.645,
27,0.647,0.038,
28,-1.391,0.809,
29,2.085,1.23,
30,1.76,-0.611,
31,0.266,-0.792,
32,0.875,-0.806,
33,-0.157,0.568,
34,-0.665,-1.391,
35,-1.522,-0.074,
36,-0.62,2.646,
37,0.454,1.693,
38,2.086,1.141,
39,0.107,0.337,
40,0.9,-1.246,
41,1.125,0.752,
42,-0.672,0.384,
43,-0.871,1.188,
44,0.021,0.966,
45,-1.216,1.133,
46,1.048,-0.27,
47,-0.947,0.123,
48,0.455,0.079,
49,-1.075,-1.396,
50,-0.283,0.447,
51,1.199,-0.424,
52,-0.92,-1.087,
53,0.348,-1.15,
54,0.165,-0.962,
55,0.46,0.866,
56,-0.396,0.962,
57,0.047,0.94,
58,0.826,0.484,
59,0.222,1.844,
60,-0.08,0.594,
61,0.023,-0.599,
62,0.411,0.831,
63,0.263,0.894,
64,0.025,0.98,
65,-1.388,-1.285,
66,0.151,0.54,
67,0.184,-0.665,
68,2.066,0.224,
69,-0.083,1.26,
70,-0.697,-1.339,
71,0.587,2.079,
72,0.009,-0.013,
73,0.05,-0.07,
74,-0.338,0.396,
75,1.014,-0.469,
76,0.047,-0.27,
77,-0.098,0.674,
78,0.224,1.093,
79,-0.455,0.571,
80,0.485,0.465,
81,0.847,0.912,
82,0.214,0.388,
83,-1.474,0.093,
84,0.349,0.267,
85,0.663,-0.101,
86,1.039,3.428,
87,0.101,-0.348,
88,1.075,0.266,
89,0.926,-0.868,
90,1.459,1.805,
91,2.464,0.165,
92,0.325,-1.11,
93,-0.296,0.048,
94,-0.024,0.413,
95,-0.265,0.404,
96,-0.072,0.475,
97,0.757,0.461,
98,0.871,-2.46,
99,1.242,1.29,
100,-0.76,1.99,
101,1.034,-0.365,
102,-0.759,0.717,
103,1.674,-0.138,
104,0.479,1.686,
105,0.022,0.022,
106,0.926,1.488,
107,-0.976,1.761,
108,-0.803,-0.043,
109,0.843,0.937,
110,2.025,-0.322,
111,0.083,1.767,
112,-0.478,-0.033,
113,0.708,0.486,
114,1.967,0.31,
115,0.115,-0.071,
116,1.051,-0.047,
117,1.815,1.096,
118,0.83,0.274,
119,1.527,1.409,
120,-0.103,-0.367,
121,1.383,1.249,
122,0.674,-1.106,
123,-0.751,-1.194,
124,0.877,0.096,
125,1.076,-1.009,
126,0.473,-1.041,
127,-1.342,0.289,
128,0.319,0.902,
129,0.453,0.11,
130,0.241,0.147,
131,1.944,0.707,
132,0.612,0.799,
133,-0.798,1.019,
134,0.574,0.078,
135,-0.24,1.452,
136,0.258,-0.083,
137,-1.479,1.133,
138,-0.894,-0.256,
139,-0.113,-0.27,
140,0.756,-0.317,
141,-0.192,0.503,
142,0.107,0.26,
143,-0.74,1.833,
144,0.085,0.672,
145,0.697,-0.29,
146,-0.696,0.711,
147,-0.397,-0.209,
148,-0.288,0.111,
149,-0.261,-1.428,
150,-1.662,0.701,
151,-0.128,0.897,
152,0.266,0.034,
153,-1.578,0.049,
154,-0.739,0.859,
155,0.318,1.684,
156,0.2,-1.317,
157,0.208,-0.926,
158,1.02,0.914,
159,3.145,-0.781,
160,1.155,1.256,
161,1.476,0.14,
162,0.199,-0.862,
163,0.459,-0.13,
