1,-0.641,-0.212,
2,0.287,-0.185,
3,0.909,0.156,
4,0.378,0.431,
5,-0.098,0.403,
6,-0.416,-0.155,
7,0.335,0.105,
8,-0.258,-0.333,
9,-0.73,0.294,
10,0.642,-0.517,
11,-0.565,0.617,
12,0.35,-0.056,
13,-0.164,0.231,
14,0.399,-0.021,
15,-0.027,-0.894,
16,-0.217,0.445,
17,-1.187,-0.161,
18,0.068,-0.027,
19,-0.137,0.029,
20,-0.526,-0.356,
21,0.353,-0.398,
22,-0.024,-0.243,
23,0.13,-0.068,
24,-0.482,0.386,
25,0.35,-0.047,
26,0.223,-0.251,
27,0.075,-0.466,
28,-0.254,0.17,
29,0.309,1.016,
30,0.63,-0.168,
31,0.138,-1.037,
32,-0.519,-0.762,
33,-0.226,0.145,
34,-0.498,-0.38,
35,-0.922,-0.052,
36,0.31,1.219,
37,-0.395,0.272,
38,0.221,-0.531,
39,0.246,-0.197,
40,-0.127,-0.695,
41,-0.024,0.245,
42,-0.323,-0.418,
43,-0.719,0.116,
44,-0.637,0.036,
45,-0.975,0.088,
46,0.19,-0.089,
47,-0.404,0.001,
48,0.33,0.251,
49,-0.492,-0.16,
50,-0.148,0.085,
51,-0.342,-0.086,
52,-0.414,-0.631,
53,0.106,-0.577,
54,0.158,-1.463,
55,0.013,0.257,
56,0.272,0.503,
57,-0.453,-0.063,
58,0.265,-0.28,
59,-0.01,0.499,
60,-0.687,0.249,
61,-0.181,-0.926,
62,0.447,0.112,
63,-0.133,0.303,
64,-0.039,0.739,
65,-0.44,-0.218,
66,0.011,0.177,
67,-0.131,0.352,
68,0.108,0.208,
69,0.446,0.06,
70,-0.313,-1.4,
71,-0.287,0.205,
72,-0.073,-0.392,
73,0.064,-0.269,
74,0.276,0.061,
75,0.266,-0.465,
76,0.153,-0.085,
77,-0.102,0.481,
78,-0.372,0.297,
79,-0.168,0.218,
80,-0.064,-0.254,
81,0.163,0.01,
82,0.33,-0.277,
83,-0.646,-0.432,
84,0.848,0.008,
85,-0.577,-0.176,
86,-0.103,0.087,
87,0.086,-0.154,
88,0.116,-0.179,
89,-0.035,-0.651,
90,0.203,0.687,
91,0.513,-0.172,
92,0.184,-0.502,
93,0.167,-0.531,
94,0.173,0.209,
95,-0.283,0.237,
96,-0.002,0.052,
97,-0.407,-0.069,
98,-0.036,-0.832,
99,0.673,0.01,
100,-1.025,1.366,
101,0.18,-0.324,
102,-0.727,0.891,
103,0.547,-0.531,
104,0.002,1.343,
105,0.087,-0.296,
106,-0.267,-0.991,
107,-0.685,0.305,
108,-0.228,-0.179,
109,-0.298,-0.139,
110,1.184,0.007,
111,-0.37,0.432,
112,0.194,-0.203,
113,0.209,0.244,
114,0.023,0.28,
115,-0.275,0.603,
116,0.494,-0.294,
117,0.758,0.114,
118,0.307,-0.106,
119,0.506,0.537,
120,-0.468,-0.511,
121,0.308,-0.27,
122,0.48,-0.108,
123,-0.75,-0.834,
124,0.524,0.177,
125,0.366,-0.236,
126,-0.942,-0.177,
127,-0.148,-0.265,
128,-0.256,0.532,
129,0.055,-0.426,
130,-0.231,0.266,
131,0.306,-0.137,
132,0.189,0.302,
133,-0.5,0.211,
134,-0.317,0.078,
135,-0.206,0.214,
136,-0.271,-0.379,
137,-0.819,0.924,
138,-0.342,-0.332,
139,0.164,0.617,
140,-0.105,-0.096,
141,-0.217,0.403,
142,-0.149,-0.132,
143,-0.126,0.616,
144,0.833,-0.521,
145,0.154,-0.249,
146,-0.116,-0.202,
147,-0.378,-0.145,
148,0.027,0.142,
149,0.026,-0.148,
150,-0.613,-0.098,
151,-0.603,0.205,
152,0.136,-0.166,
153,-0.396,0.131,
154,-0.992,0.484,
155,0.44,0.065,
156,-0.504,-0.504,
157,0.015,-0.662,
158,-0.126,0.315,
159,0.619,-0.501,
160,0.723,1.054,
161,0.811,0.277,
162,0.17,0,
163,0.199,-0.352,
