1,-2.441,-3.083,
2,0.776,-1.235,
3,-1.366,-1.022,
4,0.671,-0.638,
5,-0.075,-1.374,
6,-0.164,1.413,
7,1.971,0.899,
8,0.71,-0.262,
9,-1.085,-0.175,
10,1.223,-0.721,
11,0.116,2.228,
12,-1.538,-1.741,
13,1.94,1.169,
14,-0.203,-0.771,
15,-1.808,-0.191,
16,0.495,-2.377,
17,0.663,0.247,
18,0.13,-0.637,
19,1.905,0.659,
20,3.274,1.582,
21,1.136,0.206,
22,1.309,0.602,
23,0.16,-0.262,
24,-0.385,1.107,
25,-0.685,2.665,
26,0.599,-0.217,
27,-0.05,-0.419,
28,0.47,-0.067,
29,-0.124,-2.149,
30,0.277,0.185,
31,0.827,0.936,
32,0.131,-1.103,
33,-0.246,-0.482,
34,-2.33,1.319,
35,-2.103,-0.373,
36,-1.382,1.183,
37,0.521,0.327,
38,-0.815,-1.342,
39,0.084,0.454,
40,-1.008,1.767,
41,0.418,0.561,
42,0.947,1.169,
43,-0.146,1.804,
44,-0.321,-0.597,
45,-0.531,-0.067,
46,-2.471,-1.068,
47,-0.275,0.706,
48,-1.576,-0.818,
49,-1.168,-2.232,
50,-1.048,-1.024,
51,-1.079,-0.34,
52,0.676,1.124,
53,0.143,-1.321,
54,1.799,-0.814,
55,-0.339,1.08,
56,-0.891,0.372,
57,-0.451,-0.688,
58,0.99,0.583,
59,2.089,0.557,
60,-0.034,-0.45,
61,0.341,-0.563,
62,-1.881,0.785,
63,-0.918,2.223,
64,-0.377,-0.111,
65,-0.173,0.224,
66,0.436,0.74,
67,-0.42,-1.122,
68,-0.004,0.535,
69,-1.795,0.677,
70,-0.162,-0.12,
71,-0.046,-1.592,
72,0.773,-0.74,
73,-0.408,-0.234,
74,-0.461,-0.139,
75,-2.199,-0.046,
76,-0.353,0.127,
77,0.276,-0.471,
78,-0.077,-0.007,
79,-1.043,-0.188,
80,-1.252,-0.445,
81,-0.877,1.473,
82,-0.871,-1.063,
83,-2.066,-0.264,
84,0.874,-0.098,
85,-1.132,-0.269,
86,-0.136,-0.364,
87,0.903,-0.339,
88,0.361,0.669,
89,0.38,0.171,
90,-0.04,0.333,
91,-0.111,1.554,
92,0.962,-1.414,
93,2.005,-0.246,
94,0.458,0.817,
95,0.261,2.164,
96,-1.443,1.251,
97,1.237,1.233,
98,0.335,-0.789,
99,-0.144,1.058,
100,-2.284,0.106,
101,0.402,0.549,
102,-0.218,-1.087,
103,-0.638,-1.556,
104,-0.581,-0.433,
105,0.271,0.771,
106,-0.391,-0.965,
107,-0.342,0.534,
108,0.504,0.207,
109,-0.4,0.074,
110,-2.54,1.146,
111,-1.082,1.268,
112,-1.359,2.083,
113,1.092,-0.415,
114,-0.113,0.546,
115,-0.843,0.486,
116,-0.318,-0.777,
117,2.244,-0.087,
118,0.345,-0.994,
119,-0.811,0.395,
120,0.201,-1.24,
121,0.009,2.254,
122,-0.942,-0.071,
123,-0.75,-1.013,
124,0.043,0.42,
125,-1.151,-0.375,
126,0.21,-0.653,
127,0.286,0.994,
128,-0.18,-0.185,
129,0.588,1.458,
130,-1.263,-1.245,
131,1.082,2.113,
132,-0.763,1.884,
133,-0.509,0.082,
134,-0.984,-0.673,
135,-1.359,0.358,
136,-2.222,-0.264,
137,-1.42,0.18,
138,-0.917,0.323,
139,0.693,-0.952,
140,0.073,0.294,
141,-0.275,-1.082,
142,-0.214,0.448,
143,-0.368,-0.46,
144,-0.056,0.818,
145,-0.264,-1.216,
146,-1.226,-0.868,
147,-2.108,-1.993,
148,-0.986,-0.022,
149,1.832,-0.839,
150,-0.307,-0.357,
151,-0.838,0.434,
152,-0.907,-0.453,
153,0.612,0.817,
154,1.333,0.346,
155,-0.445,-0.139,
156,-0.056,-0.2,
157,-0.338,-0.773,
158,-2.23,-0.962,
159,-0.217,0.087,
160,0.595,-0.895,
161,-1.428,-0.371,
162,-0.764,-0.642,
163,1.05,-0.716,
