1,0.814,-0.626,
2,1.537,-1.488,
3,1.187,0.492,
4,1.059,0.529,
5,0.693,1.492,
6,-0.597,0.75,
7,1.291,1.158,
8,0.356,1.304,
9,-1.252,0.177,
10,1.525,-0.159,
11,0.132,1.941,
12,0.633,-0.335,
13,0.744,0.298,
14,0.892,0.91,
15,-0.743,0.837,
16,0.747,1.358,
17,-1.335,0.2,
18,0.84,-0.64,
19,0.533,0.735,
20,-0.006,-0.383,
21,0.923,-0.644,
22,0.155,-0.465,
23,0.612,0.465,
24,0.116,0.48,
25,-0.565,1.06,
26,0.434,0.449,
27,0.338,-0.323,
28,-0.634,0.97,
29,1.343,1.453,
30,1.223,0.032,
31,0.319,-0.424,
32,0.237,-0.521,
33,-0.122,0.643,
34,-0.92,-1.11,
35,-0.861,-0.285,
36,-0.081,1.877,
37,-0.175,1.189,
38,1.362,0.756,
39,0.346,0.388,
40,0.753,-0.737,
41,0.878,1.03,
42,-0.2,0.703,
43,-0.611,0.903,
44,-0.095,0.729,
45,-0.968,0.895,
46,0.915,-0.035,
47,-0.915,0.048,
48,0.842,0.1,
49,-0.547,-1.176,
50,-0.66,0.227,
51,1.342,0.021,
52,-0.808,-0.662,
53,0.546,-0.684,
54,0.351,-0.568,
55,0.288,0.601,
56,-0.013,1.008,
57,-0.218,0.701,
58,0.466,0.414,
59,0.109,1.378,
60,0.331,0.439,
61,-0.71,-0.565,
62,1.127,0.66,
63,-0.298,0.667,
64,0.103,0.725,
65,-0.716,-0.605,
66,0.308,0.654,
67,0.159,-0.293,
68,1.5,0.438,
69,0.053,0.955,
70,-0.232,-1.3,
71,0.394,1.613,
72,0.076,-0.029,
73,-0.091,0.107,
74,0.631,0.312,
75,0.228,0.084,
76,0.751,0.028,
77,-0.314,0.653,
78,0.157,0.924,
79,-0.349,0.551,
80,0.402,0.313,
81,0.74,0.749,
82,0.601,0.262,
83,-1.036,0.182,
84,0.424,0.335,
85,0.341,0.195,
86,0.726,2.635,
87,0.556,-0.11,
88,0.894,0.113,
89,1.377,-0.688,
90,0.434,1.482,
91,2.438,0.055,
92,0.278,-0.75,
93,-0.077,-0.18,
94,0.034,0.649,
95,-0.057,0.406,
96,0.156,0.57,
97,0.535,0.615,
98,0.508,-2.187,
99,1.01,0.695,
100,-0.995,1.612,
101,1.168,-0.091,
102,-0.9,0.029,
103,1.825,0.094,
104,-0.003,1.771,
105,0.166,0.005,
106,1.039,0.617,
107,-0.746,1.442,
108,-0.224,-0.247,
109,0.443,0.607,
110,1.84,-0.25,
111,-0.064,1.274,
112,-0.475,-0.161,
113,0.801,0.559,
114,1.556,0.295,
115,-0.167,0.171,
116,0.541,0.101,
117,1.629,0.966,
118,0.635,0.207,
119,1.323,0.979,
120,-0.229,-0.406,
121,0.988,0.745,
122,0.818,-0.749,
123,-0.789,-1.194,
124,0.79,0.015,
125,0.872,-0.667,
126,0.106,-0.621,
127,-0.719,0.246,
128,-0.201,1.163,
129,-0.204,0.177,
130,0.351,0.185,
131,1.639,0.5,
132,0.511,0.499,
133,-0.541,0.553,
134,0.27,0.182,
135,-0.135,0.967,
136,0.226,-0.211,
137,-0.737,1.676,
138,-0.479,-0.014,
139,0.039,-0.066,
140,0.211,0.361,
141,-0.19,0.599,
142,0.2,0.114,
143,-0.479,1.897,
144,0.232,0.276,
145,0.525,-0.456,
146,-0.156,0.937,
147,0.02,0.324,
148,-0.409,-0.215,
149,0.127,-1.769,
150,-1.166,0.824,
151,-0.322,1.218,
152,0.557,0.193,
153,-0.822,0.17,
154,-0.614,1.228,
155,0.466,1.686,
156,0.01,-0.692,
157,-0.505,-1.658,
158,1.337,-0.107,
159,2.846,-0.946,
160,0.919,1.448,
161,1.144,0.508,
162,0.338,-0.873,
163,0.216,-0.433,
