1,0.118,-1.474,
2,1.528,-2.134,
3,1.769,1.113,
4,1.32,1.361,
5,0.762,1.626,
6,-0.576,-0.047,
7,1.243,1.205,
8,0.019,1.254,
9,-1.457,0.686,
10,2.434,-0.076,
11,0.441,1.98,
12,0.086,0.188,
13,0.303,1.087,
14,1.395,1.589,
15,-0.408,0.204,
16,0.83,1.631,
17,-1.306,0.207,
18,1.358,-0.158,
19,0.786,0.502,
20,-0.343,-0.942,
21,1.381,-0.938,
22,-0.279,-1.566,
23,-0.014,0.507,
24,-0.601,0.939,
25,-0.502,0.665,
26,0.557,0.48,
27,0.517,-0.212,
28,-1.629,0.763,
29,2.52,1.444,
30,1.755,-1.02,
31,0.245,-1.599,
32,0.466,-1.278,
33,-0.28,0.625,
34,-0.8,-1.496,
35,-2.209,-0.357,
36,-0.676,2.932,
37,0.313,1.518,
38,2.138,0.926,
39,-0.002,0.153,
40,0.744,-1.725,
41,0.893,0.617,
42,-1.159,-0.084,
43,-1.501,1.212,
44,-0.457,0.817,
45,-1.86,1.107,
46,0.92,-0.383,
47,-1.192,0.162,
48,0.355,0.074,
49,-0.742,-1.562,
50,-0.406,0.447,
51,0.943,-0.573,
52,-1.196,-1.484,
53,0.229,-1.659,
54,0.199,-1.46,
55,0.414,1.06,
56,-0.496,0.532,
57,-0.132,0.692,
58,0.971,0.083,
59,0.064,1.899,
60,-0.377,0.581,
61,-0.217,-1.214,
62,0.842,0.934,
63,0.232,0.914,
64,-0.164,1.371,
65,-1.767,-1.48,
66,-0.101,0.31,
67,0.166,-0.43,
68,2.085,0.306,
69,-0.057,1.068,
70,-0.727,-1.792,
71,0.422,2.241,
72,-0.068,-0.338,
73,0.075,-0.457,
74,-0.582,0.268,
75,1.204,-0.588,
76,-0.075,-0.396,
77,-0.197,0.797,
78,0.037,1.107,
79,-0.428,0.454,
80,0.694,0.304,
81,0.813,0.773,
82,0.073,0.099,
83,-1.969,0.002,
84,0.531,0.174,
85,0.602,-0.305,
86,0.937,3.815,
87,0.085,-0.359,
88,1.151,0.125,
89,1.015,-1.167,
90,1.669,1.856,
91,2.512,0.096,
92,0.389,-1.495,
93,-0.232,-0.598,
94,0.105,0.313,
95,-0.592,0.471,
96,-0.183,0.44,
97,0.527,0.408,
98,1.075,-2.493,
99,1.143,1.466,
100,-0.753,2.322,
101,0.957,-0.637,
102,-1.085,0.822,
103,2.08,-0.32,
104,0.608,2.02,
105,0.03,-0.2,
106,0.674,1.259,
107,-1.467,1.915,
108,-1.047,-0.121,
109,0.672,0.957,
110,2.262,-0.679,
111,0.197,1.91,
112,-0.347,-0.171,
113,0.605,0.637,
114,1.95,0.332,
115,0.072,0.27,
116,1.155,-0.056,
117,1.961,1.104,
118,0.878,0.112,
119,1.619,1.563,
120,-0.365,-0.624,
121,1.7,1.288,
122,0.667,-1.447,
123,-1.013,-1.26,
124,1.037,0.049,
125,0.988,-1.405,
126,-0.289,-1.082,
127,-1.534,0.14,
128,0.197,0.913,
129,0.335,-0.172,
130,-0.076,0.146,
131,1.971,0.465,
132,0.7,0.926,
133,-1.072,1.176,
134,0.47,0.007,
135,-0.588,1.467,
136,0.129,-0.385,
137,-1.952,1.289,
138,-1.184,-0.492,
139,-0.089,-0.196,
140,0.754,-0.559,
141,-0.15,0.507,
142,-0.072,0.207,
143,-0.665,1.665,
144,0.145,0.551,
145,0.631,-0.3,
146,-0.76,0.467,
147,-0.754,-0.362,
148,-0.35,0.063,
149,-0.414,-1.435,
150,-1.841,0.475,
151,-0.607,0.761,
152,0.177,-0.315,
153,-1.964,-0.015,
154,-1.265,0.957,
155,0.303,1.601,
156,0.028,-1.94,
157,0.152,-1.263,
158,1.013,0.71,
159,3.609,-0.805,
160,1.52,1.5,
161,1.626,0.293,
162,0.045,-1.019,
163,0.314,-0.505,
