1,-0.478,-0.055,
2,0.078,-0.057,
3,0.666,0.064,
4,0.185,0.236,
5,-0.118,0.136,
6,-0.222,-0.081,
7,0.168,-0.007,
8,-0.109,-0.384,
9,-0.286,0.027,
10,0.26,-0.299,
11,-0.428,0.272,
12,0.385,-0.086,
13,-0.196,0.019,
14,0.273,-0.344,
15,0.002,-0.32,
16,-0.152,0.094,
17,-0.771,0.047,
18,-0.178,0.138,
19,-0.166,0.12,
20,-0.26,-0.1,
21,0.211,-0.153,
22,0.107,-0.015,
23,0.024,-0.122,
24,-0.362,0.253,
25,0.4,-0.092,
26,0.26,-0.226,
27,0.037,-0.232,
28,-0.062,0.122,
29,-0.055,0.63,
30,0.63,0.075,
31,0.105,-0.594,
32,-0.311,-0.413,
33,-0.123,0.037,
34,-0.296,-0.171,
35,-0.429,0.104,
36,0.35,0.757,
37,-0.224,0.107,
38,0.049,-0.377,
39,0.317,-0.224,
40,-0.147,-0.335,
41,0.013,0.137,
42,-0.029,-0.391,
43,-0.259,-0.021,
44,-0.354,0.016,
45,-0.549,0.027,
46,0.127,-0.043,
47,-0.162,0.003,
48,0.223,0.139,
49,-0.306,0.079,
50,-0.067,0.069,
51,-0.397,-0.078,
52,-0.138,-0.216,
53,0.026,-0.163,
54,0.192,-0.741,
55,0.011,0.085,
56,0.125,0.557,
57,-0.305,-0.061,
58,0.118,-0.108,
59,0.061,0.149,
60,-0.48,0.196,
61,-0.105,-0.522,
62,0.308,0.061,
63,-0.15,0.208,
64,0.042,0.42,
65,-0.183,-0.066,
66,-0.004,0.061,
67,-0.112,0.249,
68,0.023,0.116,
69,0.43,0.018,
70,-0.243,-0.856,
71,-0.17,-0.044,
72,-0.104,-0.188,
73,0.107,0.017,
74,0.391,0.093,
75,0.179,-0.129,
76,0.176,-0.049,
77,-0.073,0.335,
78,-0.177,0.271,
79,-0.139,0.223,
80,-0.188,-0.116,
81,0.101,0.018,
82,0.24,-0.12,
83,-0.175,-0.198,
84,0.65,0.009,
85,-0.638,-0.138,
86,-0.064,-0.289,
87,0.036,-0.176,
88,0.061,-0.101,
89,-0.063,-0.366,
90,0.037,0.386,
91,0.26,-0.022,
92,0.128,-0.182,
93,0.089,-0.109,
94,0.057,0.149,
95,-0.157,0.17,
96,0.149,-0.059,
97,-0.288,-0.259,
98,-0.021,-0.341,
99,0.321,-0.085,
100,-0.453,0.597,
101,0.007,-0.211,
102,-0.423,0.669,
103,0.157,-0.45,
104,-0.048,0.824,
105,0.062,-0.175,
106,-0.396,-1.098,
107,-0.419,0.06,
108,-0.064,-0.128,
109,-0.266,-0.265,
110,0.642,0.012,
111,-0.318,0.035,
112,0.15,-0.131,
113,0.152,0.193,
114,-0.032,0.234,
115,-0.271,0.364,
116,0.251,-0.184,
117,0.492,-0.034,
118,0.098,-0.061,
119,0.294,0.343,
120,-0.249,-0.24,
121,0.091,-0.367,
122,0.354,0.073,
123,-0.401,-0.398,
124,0.27,0.2,
125,0.122,-0.161,
126,-0.5,-0.214,
127,0.061,-0.176,
128,-0.232,0.45,
129,0.195,-0.169,
130,-0.072,0.213,
131,0.103,-0.108,
132,0.093,0.123,
133,-0.312,0.01,
134,-0.349,0.047,
135,-0.031,0.149,
136,-0.192,-0.224,
137,-0.374,0.54,
138,0.026,-0.045,
139,0.108,0.462,
140,-0.167,-0.006,
141,-0.326,0.431,
142,-0.057,-0.136,
143,0.099,0.163,
144,0.845,-0.629,
145,0.121,-0.146,
146,-0.107,-0.113,
147,-0.231,0.007,
148,0.073,0.08,
149,0.032,-0.038,
150,-0.406,-0.024,
151,-0.323,0.206,
152,0.07,-0.096,
153,-0.236,0.129,
154,-0.558,0.254,
155,0.289,-0.062,
156,-0.38,0.015,
157,0.026,-0.283,
158,-0.141,0.319,
159,0.037,-0.227,
160,0.32,0.723,
161,0.557,0.095,
162,0.086,0.157,
163,0.243,-0.237,
