1,-2.981,-2.801,
2,0.537,-0.786,
3,-1.329,-1.357,
4,0.522,-0.956,
5,-0.291,-2.3,
6,0.05,1.799,
7,1.724,0.49,
8,0.701,-0.408,
9,-1.276,0.036,
10,0.529,-0.675,
11,0.423,2.446,
12,-1.699,-2.12,
13,1.919,1.328,
14,-0.159,-0.524,
15,-2.277,-0.119,
16,0.428,-2.639,
17,0.609,0.151,
18,0.194,-0.337,
19,1.496,0.831,
20,2.83,1.386,
21,0.945,0.312,
22,1.495,0.561,
23,0.131,-0.088,
24,-0.362,0.427,
25,-0.372,2.959,
26,0.407,-0.772,
27,0.18,-0.207,
28,0.635,0.006,
29,-0.162,-2.575,
30,0.559,0.228,
31,0.883,0.592,
32,-0.087,-1.175,
33,-0.242,-0.793,
34,-2.364,1.453,
35,-2.561,-0.749,
36,-0.742,0.885,
37,0.66,0.328,
38,-0.261,-1.29,
39,0.612,0.226,
40,-1.345,1.877,
41,0.365,0.582,
42,0.357,0.435,
43,-0.04,1.685,
44,-0.247,-0.584,
45,-0.404,0.209,
46,-2.524,-0.901,
47,0.113,0.937,
48,-1.988,-0.842,
49,-0.66,-1.84,
50,-1.097,-0.76,
51,-1.222,-0.104,
52,0.693,1.249,
53,-0.287,-0.38,
54,1.798,-0.713,
55,-0.229,1.298,
56,-0.065,0.607,
57,-0.843,-0.619,
58,0.965,0.442,
59,1.72,0.937,
60,-0.117,-0.197,
61,0.421,-0.613,
62,-1.249,1.007,
63,-0.963,1.552,
64,-0.219,0.117,
65,-0.297,0.275,
66,0.442,0.334,
67,-0.418,-0.994,
68,-0.145,0.639,
69,-1.768,0.306,
70,-0.368,-0.326,
71,0.236,-1.186,
72,0.732,-0.878,
73,-0.336,-0.196,
74,-0.729,-0.26,
75,-2.846,-0.054,
76,0.198,-0.15,
77,0.397,-0.198,
78,-0.176,0.261,
79,-1.057,-0.351,
80,-1.325,-0.159,
81,-0.881,1.47,
82,-0.828,-1.41,
83,-2.776,-0.28,
84,1.473,0.309,
85,-0.647,-0.247,
86,-0.046,-0.549,
87,0.774,0.293,
88,0.367,0.641,
89,0.355,0.031,
90,-0.376,0.386,
91,0.09,1.524,
92,0.958,-1.631,
93,2.799,-0.147,
94,0.679,1.027,
95,0.273,1.998,
96,-1.36,1.328,
97,1.453,1.503,
98,0.225,-0.11,
99,0.393,0.775,
100,-1.358,0.276,
101,0.187,0.315,
102,-0.42,-1.289,
103,-0.694,-1.697,
104,-0.852,-0.434,
105,1.352,0.801,
106,-0.574,-1.343,
107,-0.632,0.031,
108,0.837,0.204,
109,0.009,0.005,
110,-2.041,0.843,
111,-1.516,1.191,
112,-1.337,2.275,
113,0.661,-0.261,
114,0.018,0.87,
115,-1.232,0.738,
116,-0.214,-0.61,
117,1.766,0.29,
118,0.519,-1.105,
119,-0.683,0.258,
120,-0.03,-0.855,
121,-0.217,2.219,
122,-0.939,-0.192,
123,-0.933,-0.763,
124,-0.511,0.673,
125,-0.912,-0.406,
126,0.03,-0.568,
127,-0.275,0.964,
128,-0.272,-0.264,
129,0.675,1.353,
130,-1.389,-1.952,
131,0.98,2.066,
132,-0.818,2.126,
133,-0.38,0.506,
134,-1.012,-0.88,
135,-1.349,0.7,
136,-2.473,-0.638,
137,-1.368,0.552,
138,-0.784,0.105,
139,0.617,-1.129,
140,0.001,0.191,
141,-0.107,-1.01,
142,-0.224,0.493,
143,-0.447,-0.504,
144,0.034,0.094,
145,-0.249,-1.089,
146,-1.511,-0.904,
147,-2.319,-1.524,
148,-0.738,-0.123,
149,1.638,-0.674,
150,-0.386,-0.141,
151,-1.266,0.523,
152,-1.059,-0.649,
153,0.262,0.282,
154,1.757,0.334,
155,-0.363,0.046,
156,-0.398,-0.223,
157,-0.652,-0.27,
158,-1.37,-1.567,
159,-0.13,0.211,
160,0.535,-1.082,
161,-1.571,-0.365,
162,-1.329,-0.33,
163,0.681,-1.063,
