1,-0.213,-1.228,
2,1.532,-1.567,
3,1.944,1.065,
4,1.328,1.414,
5,0.363,1.666,
6,-0.771,-0.151,
7,1.236,0.936,
8,-0.339,0.972,
9,-1.74,0.776,
10,2.278,-0.747,
11,0.146,1.989,
12,0.032,0.202,
13,0.1,1.104,
14,1.387,1.967,
15,-0.585,-0.234,
16,0.499,1.855,
17,-1.609,0.118,
18,1.247,0.047,
19,0.676,0.111,
20,-0.561,-0.923,
21,1.171,-1.087,
22,-0.629,-1.703,
23,0.123,0.306,
24,-0.941,0.885,
25,-0.322,0.59,
26,0.406,0.189,
27,0.404,-0.519,
28,-1.559,0.645,
29,2.537,1.567,
30,1.441,-1.332,
31,0.254,-2.514,
32,-0.314,-1.837,
33,-0.387,0.647,
34,-1.027,-1.43,
35,-2.841,-0.477,
36,-0.579,2.971,
37,0.05,1.078,
38,1.903,0.341,
39,-0.116,-0.173,
40,0.293,-2.168,
41,0.411,0.362,
42,-1.491,-0.666,
43,-2.059,1.052,
44,-1.114,0.496,
45,-2.468,0.864,
46,0.647,-0.427,
47,-1.53,0.145,
48,0.19,0.067,
49,-0.057,-1.418,
50,-0.497,0.383,
51,0.562,-0.526,
52,-1.492,-1.855,
53,0.221,-2.21,
54,0.366,-1.982,
55,0.284,1.095,
56,-0.324,0.018,
57,-0.626,0.252,
58,1.046,-0.524,
59,-0.121,1.69,
60,-0.848,0.518,
61,-0.594,-1.901,
62,1.612,1.12,
63,0.247,0.838,
64,-0.304,1.779,
65,-1.926,-1.47,
66,-0.214,0.321,
67,0.051,0.09,
68,1.654,0.288,
69,0.108,0.589,
70,-0.698,-2.227,
71,0.083,1.949,
72,-0.083,-0.743,
73,0.06,-0.907,
74,-0.715,0.082,
75,1.407,-0.968,
76,-0.018,-0.41,
77,-0.265,0.925,
78,-0.294,0.968,
79,-0.361,0.269,
80,0.773,-0.066,
81,0.618,0.431,
82,-0.11,-0.357,
83,-2.213,-0.031,
84,0.797,0.02,
85,0.259,-0.437,
86,0.48,3.475,
87,0.144,-0.285,
88,0.8,-0.172,
89,0.84,-1.421,
90,1.743,1.547,
91,2.376,-0.042,
92,0.244,-1.775,
93,0.032,-1.47,
94,0.39,0.234,
95,-1.015,0.603,
96,-0.188,0.425,
97,0.041,0.293,
98,0.994,-2.481,
99,0.991,1.323,
100,-0.919,2.521,
101,0.66,-0.837,
102,-1.477,0.865,
103,2.629,-0.362,
104,0.816,2.219,
105,0.114,-0.527,
106,0.347,0.572,
107,-1.629,2.049,
108,-1.175,-0.182,
109,0.23,0.788,
110,2.296,-0.893,
111,0.201,2.007,
112,-0.082,-0.323,
113,0.378,0.773,
114,1.453,0.376,
115,-0.184,1.025,
116,1.178,-0.028,
117,1.967,0.854,
118,0.969,-0.191,
119,1.446,1.564,
120,-0.68,-0.909,
121,1.763,0.988,
122,0.84,-1.579,
123,-1.254,-1.225,
124,1.24,0.024,
125,0.612,-1.552,
126,-1.307,-0.719,
127,-1.527,-0.172,
128,0.001,0.832,
129,0.156,-0.568,
130,-0.526,0.193,
131,1.693,0.031,
132,0.697,1.041,
133,-1.331,1.256,
134,0.192,0.039,
135,-1.035,1.145,
136,-0.217,-0.808,
137,-2.238,1.341,
138,-1.497,-0.825,
139,0.18,-0.123,
140,0.588,-0.779,
141,-0.004,0.424,
142,-0.31,0.048,
143,-0.491,1.39,
144,0.363,0.188,
145,0.448,-0.385,
146,-0.645,0.011,
147,-1.144,-0.484,
148,-0.419,-0.027,
149,-0.172,-1.328,
150,-1.678,-0.327,
151,-1.182,0.469,
152,0.151,-0.666,
153,-1.862,-0.278,
154,-1.919,0.953,
155,0.275,1.134,
156,-0.448,-2.544,
157,0.042,-1.781,
158,0.767,0.363,
159,3.773,-1.012,
160,1.851,1.755,
161,1.632,0.548,
162,-0.117,-1.166,
163,0.012,-1.041,
