1,-0.978,-0.485,
2,0.038,0.042,
3,0.242,-0.33,
4,0.151,-0.377,
5,0.053,-0.733,
6,0.066,0.137,
7,0.086,-0.26,
8,0.094,-0.405,
9,-0.002,-0.177,
10,-0.211,-0.118,
11,0.087,0.523,
12,-0.196,-0.662,
13,0.417,0.248,
14,0.283,-0.509,
15,-0.717,-0.044,
16,0.278,-0.515,
17,-0.2,0.216,
18,-0.146,0.275,
19,-0.215,0.25,
20,0.321,0.221,
21,0.237,0.064,
22,0.247,0.065,
23,-0.028,-0.127,
24,-0.058,0.272,
25,0.507,0.676,
26,0.235,-0.459,
27,0.064,-0.006,
28,0.192,0.052,
29,-0.344,-0.137,
30,0.742,0.339,
31,0.271,-0.046,
32,-0.104,-0.272,
33,-0.029,-0.083,
34,-0.445,0.252,
35,-0.556,-0.739,
36,0.263,0.331,
37,0.197,0.138,
38,-0.066,-0.324,
39,0.49,-0.207,
40,-0.524,0.183,
41,0.127,0.19,
42,0.16,-0.31,
43,0.218,0.134,
44,-0.01,-0.022,
45,0.101,0.15,
46,-0.046,-0.158,
47,0.308,0.135,
48,-0.265,-0.255,
49,-0.026,0.04,
50,-0.154,0.012,
51,-0.468,-0.044,
52,0.226,0.307,
53,-0.068,0.213,
54,0.294,-0.268,
55,0.104,0.024,
56,-0.103,0.561,
57,-0.244,-0.031,
58,0.09,0.111,
59,0.408,0.329,
60,-0.088,0.161,
61,0.055,-0.138,
62,-0.021,0.432,
63,-0.075,0.147,
64,0.006,0.069,
65,-0.226,0.068,
66,0.107,0.005,
67,-0.23,0.01,
68,0.192,-0.016,
69,0.206,0.022,
70,-0.208,-0.271,
71,0.077,-0.265,
72,0.09,-0.119,
73,0.16,0.318,
74,0.323,-0.016,
75,-0.379,0.183,
76,0.273,-0.422,
77,0.033,0.255,
78,0.272,0.834,
79,-0.387,0.202,
80,-0.518,0.06,
81,-0.058,0.238,
82,-0.047,-0.413,
83,-0.437,0.056,
84,0.836,0.191,
85,-0.7,-0.092,
86,0.042,-0.468,
87,0.194,0.029,
88,0.07,0.027,
89,-0.211,-0.161,
90,-0.273,0.135,
91,0.181,0.28,
92,0.157,-0.433,
93,0.585,0.369,
94,0.115,0.288,
95,-0.25,0.55,
96,0.1,0.155,
97,0.194,-0.183,
98,0.001,0.188,
99,0.413,-0.083,
100,0.368,0.044,
101,-0.089,-0.016,
102,0.105,0.021,
103,-0.044,-0.445,
104,-0.348,0.068,
105,0.389,0.189,
106,-0.529,-1.153,
107,-0.19,-0.232,
108,0.145,0.108,
109,-0.017,-0.278,
110,-0.271,0.084,
111,-0.363,-0.003,
112,-0.243,0.267,
113,-0.02,0.111,
114,0.132,0.349,
115,-0.327,0.291,
116,-0.127,-0.036,
117,0.248,0.349,
118,0.189,-0.195,
119,-0.019,0.063,
120,-0.051,-0.056,
121,-0.122,0.042,
122,0.019,-0.277,
123,-0.337,0.012,
124,-0.1,0.444,
125,0.045,-0.263,
126,0.115,-0.195,
127,-0.083,0.059,
128,-0.277,0.326,
129,0.501,0.247,
130,-0.277,-0.419,
131,0.062,0.4,
132,-0.209,0.226,
133,-0.194,0.096,
134,-0.388,-0.192,
135,-0.048,0.142,
136,-0.307,-0.243,
137,-0.202,0.265,
138,0.149,0.087,
139,0.058,-0.381,
140,-0.126,0.004,
141,-0.33,0.174,
142,-0.07,-0.072,
143,0.053,-0.299,
144,0.873,-0.776,
145,0.017,-0.236,
146,-0.463,-0.072,
147,-0.465,0.001,
148,-0.111,0.027,
149,-0.056,0.005,
150,-0.196,0.032,
151,-0.368,0.434,
152,-0.288,-0.088,
153,-0.014,-0.15,
154,0.55,0.154,
155,0.099,0.058,
156,-0.256,0.44,
157,0.076,0.052,
158,-0.181,0.176,
159,-0.272,0.07,
160,0.02,0.037,
161,-0.01,-0.196,
162,-0.541,0.174,
163,0.498,-0.321,
