1,-2.378,-2.474,
2,0.713,-0.537,
3,-1.018,-0.788,
4,0.179,-0.442,
5,-0.223,-1.94,
6,-0.332,1.65,
7,1.593,0.451,
8,0.537,-0.49,
9,-1.142,-0.153,
10,0.099,-0.541,
11,0.421,2.226,
12,-1.33,-2.041,
13,1.69,1.017,
14,0.011,-0.993,
15,-1.839,-0.395,
16,0.612,-2.193,
17,0.185,0.035,
18,0.117,-0.32,
19,0.897,0.942,
20,2.332,0.889,
21,0.542,0.292,
22,1.135,0.648,
23,0.18,-0.502,
24,-0.001,0.319,
25,-0.377,2.428,
26,0.394,-0.399,
27,0.023,-0.257,
28,0.655,0.177,
29,-0.192,-1.896,
30,0.683,0.431,
31,0.639,0.403,
32,-0.142,-0.995,
33,-0.087,-0.633,
34,-2.137,1.471,
35,-2.015,-0.973,
36,-0.315,0.707,
37,0.641,0.277,
38,-0.068,-0.999,
39,0.703,0.337,
40,-1.052,1.583,
41,0.276,0.564,
42,0.378,0.229,
43,0.104,1.431,
44,-0.17,-0.185,
45,-0.097,0.27,
46,-2.143,-0.867,
47,0.299,0.859,
48,-1.549,-0.713,
49,-0.533,-1.529,
50,-1.024,-0.648,
51,-0.834,0.025,
52,0.519,0.986,
53,-0.251,-0.441,
54,1.516,-0.645,
55,-0.193,0.654,
56,-0.023,0.69,
57,-0.523,-0.377,
58,0.623,0.4,
59,1.469,0.953,
60,-0.012,-0.203,
61,-0.029,-0.527,
62,-1.315,0.832,
63,-0.905,1.092,
64,0.014,0.276,
65,-0.168,0.103,
66,0.383,0.288,
67,-0.525,-0.779,
68,0.012,0.74,
69,-1.308,0.237,
70,-0.254,-0.437,
71,0.094,-0.676,
72,0.508,-0.79,
73,-0.449,-0.211,
74,-0.074,-0.164,
75,-2.176,-0.072,
76,0.116,0.098,
77,0.132,0.005,
78,-0.09,0.481,
79,-1.038,-0.112,
80,-1.132,-0.189,
81,-0.506,1.281,
82,-0.75,-1.272,
83,-2.215,-0.266,
84,1.464,0.291,
85,-0.657,-0.113,
86,-0.178,-0.392,
87,0.772,0.277,
88,0.151,0.916,
89,0.419,0.273,
90,-0.523,0.308,
91,0.243,1.126,
92,0.824,-1.507,
93,2.354,-0.033,
94,0.226,0.992,
95,0.355,1.787,
96,-0.803,1.02,
97,1.258,1.028,
98,0.19,0.056,
99,0.498,0.469,
100,-1.051,0.413,
101,0.2,0.304,
102,-0.562,-1.057,
103,-0.44,-1.423,
104,-0.946,-0.195,
105,1.391,0.5,
106,-0.596,-1.174,
107,-0.371,0.061,
108,0.548,0.22,
109,0.107,-0.119,
110,-1.8,0.765,
111,-1.225,0.94,
112,-1.05,1.822,
113,0.65,-0.251,
114,0.2,0.854,
115,-0.956,0.677,
116,0.161,-0.571,
117,1.275,0.377,
118,0.637,-0.741,
119,-0.419,0.035,
120,-0.068,-0.606,
121,0.033,1.802,
122,-0.543,-0.179,
123,-0.693,-0.739,
124,-0.331,0.595,
125,-0.637,-0.763,
126,0.11,-0.43,
127,-0.395,0.637,
128,-0.23,-0.253,
129,0.462,1.225,
130,-1.034,-1.539,
131,0.633,2.029,
132,-0.502,1.596,
133,-0.327,0.385,
134,-1.032,-0.719,
135,-1.103,0.621,
136,-2.061,-0.845,
137,-0.889,0.716,
138,-0.617,-0.097,
139,0.721,-1.018,
140,-0.167,0.005,
141,-0.133,-0.724,
142,-0.159,0.243,
143,-0.372,-0.54,
144,0.353,-0.346,
145,-0.167,-1.17,
146,-1.133,-0.423,
147,-1.682,-0.922,
148,-0.632,-0.401,
149,1.289,-0.52,
150,-0.702,0.081,
151,-0.898,0.65,
152,-0.973,-0.24,
153,0.115,0.261,
154,1.544,0.438,
155,-0.276,0.198,
156,-0.227,0.011,
157,-0.774,-0.332,
158,-1.257,-0.994,
159,0.177,0.009,
160,0.491,-0.806,
161,-1.532,-0.401,
162,-1.156,-0.369,
163,0.504,-0.771,
