1,-1.972,-2.699,
2,0.972,-0.78,
3,-1.161,-0.827,
4,0.185,-0.579,
5,0.041,-1.61,
6,-0.483,1.584,
7,2.084,1.018,
8,0.7,-0.258,
9,-1.33,-0.438,
10,0.316,-0.749,
11,0.385,2.203,
12,-1.369,-2.123,
13,1.999,0.829,
14,-0.103,-1.057,
15,-1.632,-0.207,
16,0.766,-2.211,
17,0.154,-0.138,
18,0.089,-0.597,
19,1.243,0.955,
20,2.754,1.119,
21,0.623,0.293,
22,1.128,0.728,
23,0.315,-0.638,
24,0.152,0.396,
25,-0.485,2.445,
26,0.372,-0.255,
27,-0.158,-0.518,
28,0.669,0.193,
29,-0.18,-1.873,
30,0.608,0.493,
31,0.682,0.639,
32,-0.108,-1.076,
33,-0.14,-0.521,
34,-2.275,1.492,
35,-1.921,-0.85,
36,-0.51,0.725,
37,0.555,0.276,
38,-0.274,-1.059,
39,0.516,0.562,
40,-1.033,1.816,
41,0.34,0.648,
42,0.709,0.585,
43,0.067,1.653,
44,-0.224,-0.17,
45,-0.176,0.25,
46,-2.302,-0.963,
47,0.085,0.826,
48,-1.345,-0.803,
49,-0.864,-1.954,
50,-1.227,-0.894,
51,-0.777,-0.037,
52,0.575,1.101,
53,-0.029,-0.99,
54,1.64,-0.594,
55,-0.258,0.535,
56,-0.444,0.601,
57,-0.334,-0.422,
58,0.693,0.5,
59,1.707,0.819,
60,0.175,-0.383,
61,-0.135,-0.449,
62,-1.607,0.688,
63,-1.08,1.441,
64,0.047,0.138,
65,-0.129,0.083,
66,0.4,0.509,
67,-0.623,-0.922,
68,0.001,0.717,
69,-1.542,0.435,
70,-0.134,-0.397,
71,-0.049,-0.859,
72,0.565,-0.873,
73,-0.589,-0.26,
74,0.092,-0.185,
75,-2.06,-0.069,
76,-0.018,0.274,
77,0.037,-0.136,
78,-0.142,0.361,
79,-1.066,-0.202,
80,-1.162,-0.392,
81,-0.395,1.498,
82,-0.848,-1.105,
83,-2.094,-0.325,
84,1.199,0.111,
85,-0.828,-0.097,
86,-0.236,-0.26,
87,0.971,0.038,
88,0.161,0.898,
89,0.726,0.404,
90,-0.678,0.335,
91,0.192,1.215,
92,0.897,-1.498,
93,2.1,-0.148,
94,0.16,1.049,
95,0.543,2.003,
96,-0.915,1.046,
97,1.353,0.997,
98,0.291,-0.292,
99,0.377,0.658,
100,-1.719,0.379,
101,0.564,0.488,
102,-0.676,-0.991,
103,-0.471,-1.373,
104,-1.085,-0.235,
105,1.067,0.469,
106,-0.533,-1.066,
107,-0.212,0.372,
108,0.424,0.223,
109,-0.069,-0.06,
110,-2.213,1.041,
111,-1.03,1.027,
112,-1.248,1.858,
113,1.014,-0.378,
114,0.309,0.811,
115,-0.882,0.739,
116,0.074,-0.688,
117,1.618,0.149,
118,0.657,-0.705,
119,-0.524,0.046,
120,0.054,-0.862,
121,0.223,2.077,
122,-0.544,-0.058,
123,-0.724,-1.008,
124,-0.119,0.462,
125,-0.804,-0.851,
126,0.165,-0.544,
127,-0.091,0.739,
128,-0.297,-0.17,
129,0.383,1.314,
130,-0.966,-1.35,
131,0.706,2.193,
132,-0.529,1.522,
133,-0.424,0.267,
134,-1.134,-0.752,
135,-1.188,0.531,
136,-2.059,-0.678,
137,-0.938,0.774,
138,-0.651,0.049,
139,0.763,-0.93,
140,-0.258,0.201,
141,-0.216,-0.801,
142,-0.121,0.26,
143,-0.399,-0.584,
144,0.269,-0.027,
145,-0.205,-1.339,
146,-1.057,-0.41,
147,-1.662,-1.016,
148,-0.896,-0.4,
149,1.512,-0.773,
150,-0.62,-0.106,
151,-0.935,0.865,
152,-1.073,0.008,
153,0.228,0.576,
154,1.513,0.568,
155,-0.281,0.387,
156,-0.1,-0.093,
157,-0.727,-0.974,
158,-1.834,-0.873,
159,0.251,-0.109,
160,0.528,-0.725,
161,-1.602,-0.288,
162,-0.924,-0.485,
163,0.498,-0.779,
