1,-0.111,-1.433,
2,1.41,-1.837,
3,1.755,1.003,
4,1.257,1.27,
5,0.583,1.507,
6,-0.547,-0.376,
7,1.12,1.013,
8,-0.175,1.04,
9,-1.486,0.751,
10,2.289,-0.225,
11,0.199,1.945,
12,0.126,0.175,
13,0.152,1.154,
14,1.353,1.707,
15,-0.418,-0.123,
16,0.642,1.713,
17,-1.491,0.057,
18,1.236,-0.138,
19,0.696,0.347,
20,-0.445,-0.885,
21,1.042,-0.991,
22,-0.27,-1.554,
23,0.141,0.468,
24,-0.655,0.971,
25,-0.316,0.568,
26,0.473,0.315,
27,0.531,-0.429,
28,-1.531,0.717,
29,2.273,1.582,
30,1.475,-0.974,
31,0.256,-1.781,
32,0.086,-1.395,
33,-0.317,0.636,
34,-0.911,-1.387,
35,-2.364,-0.471,
36,-0.52,2.964,
37,0.093,1.266,
38,2.016,0.648,
39,-0.085,0.17,
40,0.519,-1.774,
41,0.602,0.627,
42,-1.245,-0.255,
43,-1.6,1.118,
44,-0.684,0.63,
45,-1.837,0.891,
46,0.795,-0.314,
47,-1.337,0.092,
48,0.323,0.062,
49,-0.344,-1.449,
50,-0.391,0.378,
51,0.841,-0.353,
52,-1.292,-1.595,
53,0.332,-1.794,
54,0.296,-1.658,
55,0.324,0.989,
56,-0.306,0.394,
57,-0.428,0.518,
58,0.906,-0.153,
59,-0.009,1.813,
60,-0.529,0.526,
61,-0.383,-1.624,
62,1.127,1.083,
63,0.219,0.814,
64,-0.164,1.4,
65,-1.664,-1.372,
66,-0.094,0.327,
67,0.102,-0.135,
68,1.886,0.29,
69,-0.031,0.776,
70,-0.59,-1.905,
71,0.204,2.099,
72,0.043,-0.515,
73,-0.025,-0.639,
74,-0.511,0.189,
75,1.581,-0.747,
76,-0.091,-0.432,
77,-0.196,0.818,
78,-0.108,1.063,
79,-0.41,0.431,
80,0.693,0.085,
81,0.67,0.572,
82,0.181,-0.078,
83,-1.929,0.043,
84,0.726,0.118,
85,0.291,-0.283,
86,0.703,3.487,
87,0.142,-0.284,
88,0.998,-0.056,
89,0.651,-1.226,
90,1.482,1.671,
91,2.366,0.03,
92,0.231,-1.467,
93,-0.053,-0.93,
94,0.242,0.296,
95,-0.663,0.501,
96,-0.153,0.425,
97,0.198,0.476,
98,0.927,-2.38,
99,1.027,1.21,
100,-1.026,2.275,
101,0.884,-0.61,
102,-1.248,0.827,
103,2.226,-0.364,
104,0.603,2.079,
105,0.104,-0.324,
106,0.65,0.788,
107,-1.484,1.777,
108,-0.979,-0.139,
109,0.414,0.779,
110,2.222,-0.703,
111,0.113,1.788,
112,-0.201,-0.202,
113,0.572,0.735,
114,1.558,0.349,
115,0.068,0.624,
116,1.124,-0.081,
117,1.947,1.004,
118,0.848,-0.037,
119,1.52,1.434,
120,-0.58,-0.681,
121,1.588,0.972,
122,0.792,-1.375,
123,-1.077,-1.26,
124,1.072,0.069,
125,0.936,-1.52,
126,-0.755,-0.967,
127,-1.474,-0.006,
128,0.065,0.873,
129,0.192,-0.4,
130,-0.211,0.153,
131,1.7,0.278,
132,0.634,0.931,
133,-1.063,1.115,
134,0.29,0.096,
135,-0.802,1.287,
136,0.003,-0.557,
137,-1.946,1.364,
138,-1.236,-0.593,
139,0.009,-0.071,
140,0.611,-0.573,
141,-0.069,0.433,
142,-0.146,0.09,
143,-0.572,1.603,
144,0.27,0.321,
145,0.528,-0.408,
146,-0.619,0.259,
147,-0.784,-0.427,
148,-0.331,0.113,
149,-0.395,-1.243,
150,-1.647,0.154,
151,-0.785,0.634,
152,0.326,-0.333,
153,-1.809,-0.145,
154,-1.474,1.002,
155,0.238,1.388,
156,-0.132,-2.093,
157,0.05,-1.66,
158,0.775,0.781,
159,3.577,-0.917,
160,1.59,1.598,
161,1.59,0.322,
162,0.059,-1.015,
163,0.227,-0.667,
