1,-0.261,-0.182,
2,-0.207,0.012,
3,0.514,-0.061,
4,-0.071,0.128,
5,-0.063,-0.289,
6,0.026,0.034,
7,0.237,-0.218,
8,0.063,-0.413,
9,1.105,-0.209,
10,-0.05,-0.144,
11,-0.191,-0.149,
12,0.42,0.055,
13,-0.06,-0.026,
14,0.165,-0.445,
15,-0.145,0.077,
16,0.48,-0.292,
17,-0.289,0.078,
18,-0.074,0.403,
19,-0.559,0.436,
20,-0.116,0.067,
21,0.057,0.085,
22,0.131,0.028,
23,0.182,-0.628,
24,-0.306,-0.064,
25,0.377,-0.182,
26,-0.272,-0.453,
27,-0.439,-0.081,
28,0.146,0.057,
29,-0.14,0.387,
30,0.611,0.337,
31,-0.042,-0.26,
32,0.127,-0.163,
33,-0.236,-0.019,
34,0.112,-0.487,
35,-0.157,0.166,
36,0.353,0.347,
37,0.334,0.085,
38,0.063,-0.156,
39,0.502,-0.371,
40,0.151,-0.167,
41,0.115,0.473,
42,0.14,-0.064,
43,0.376,0.265,
44,0.137,-0.324,
45,-0.092,0.03,
46,0.042,-0.034,
47,0.04,0.339,
48,-0.186,-0.354,
49,-0.009,-0.119,
50,0.339,0.243,
51,-0.48,-0.409,
52,-0.125,0.323,
53,-0.221,0.429,
54,-0.044,-0.081,
55,-0.082,0.091,
56,-0.361,0.415,
57,0.126,0.01,
58,-0.502,0.155,
59,0.098,-0.173,
60,-0.062,0.124,
61,-0.351,-0.117,
62,0.263,-0.074,
63,0.293,0.519,
64,0.125,0.458,
65,0.067,0.101,
66,0.195,0.132,
67,0.408,0.434,
68,0.227,-0.142,
69,0.346,-0.004,
70,0.13,-0.34,
71,0.359,-0.17,
72,0.005,-0.355,
73,0.609,0.191,
74,0.698,0.015,
75,0.112,0.482,
76,0.208,-0.532,
77,-0.016,0.536,
78,0.254,0.417,
79,0.224,0.507,
80,-0.266,0.336,
81,-0.078,-0.353,
82,-0.012,0.421,
83,0.138,0.128,
84,0.379,0.181,
85,-0.381,0,
86,0.347,-0.404,
87,0.046,-0.241,
88,0.024,0.166,
89,-0.443,0.238,
90,-0.472,0.345,
91,0.15,0.274,
92,-0.014,0.012,
93,0.376,0.739,
94,-0.241,0.351,
95,0.329,-0.066,
96,0.197,-0.365,
97,-0.243,-0.261,
98,0.007,-0.548,
99,0.205,0.039,
100,0.202,-0.479,
101,-0.224,-0.127,
102,-0.159,0.02,
103,0.098,-0.505,
104,0.321,-0.097,
105,-0.069,0.529,
106,-0.251,-1.032,
107,-0.23,-0.359,
108,0.38,-0.394,
109,-0.056,-0.644,
110,-0.46,-0.846,
111,0.023,-0.295,
112,0.613,0.026,
113,0.115,0.176,
114,0.001,0.11,
115,-0.168,0.493,
116,-0.21,-0.046,
117,0.801,-0.264,
118,-0.033,-0.042,
119,0.132,0.123,
120,-0.136,-0.036,
121,-0.081,-0.288,
122,0.185,0.072,
123,0.025,0.005,
124,-0.257,0.096,
125,0.196,0.002,
126,0.12,-0.249,
127,0.086,0.005,
128,-0.355,0.413,
129,0.391,0.126,
130,0.044,0.093,
131,0.207,-0.27,
132,-0.086,0.232,
133,-0.062,-0.501,
134,-0.48,0.314,
135,-0.155,0.04,
136,0.01,-0.179,
137,0.218,0.077,
138,0.061,0.096,
139,-0.089,0.235,
140,-0.372,-0.084,
141,-0.431,0.422,
142,0.26,-0.244,
143,0.175,-0.302,
144,0.815,-0.711,
145,-0.167,0.288,
146,-0.351,0.014,
147,-0.094,0.202,
148,-0.563,-0.307,
149,0.005,-0.104,
150,0.24,-0.588,
151,-0.07,0.204,
152,0.393,-0.252,
153,-0.017,-0.053,
154,-0.439,0.141,
155,0.174,-0.213,
156,0.026,0.54,
157,0.186,0.085,
158,-0.099,0.189,
159,0,0.344,
160,-0.231,0.186,
161,0.016,-0.162,
162,0.288,0.424,
163,0.225,-0.281,
