1,-2.122,-1.527,
2,0.197,-0.412,
3,-0.638,-1.069,
4,0.407,-0.759,
5,0.046,-1.914,
6,-0.132,1.131,
7,0.751,-0.048,
8,0.25,-0.42,
9,-0.694,-0.093,
10,-0.103,-0.329,
11,0.241,1.665,
12,-1.128,-1.727,
13,1.361,0.835,
14,0.179,-0.609,
15,-1.763,-0.047,
16,0.324,-1.774,
17,0.101,0.092,
18,0.079,0.099,
19,0.353,0.559,
20,1.482,0.563,
21,0.461,0.154,
22,0.811,0.346,
23,-0.008,-0.222,
24,-0.028,0.287,
25,0.272,1.885,
26,0.159,-0.83,
27,0.176,-0.079,
28,0.436,0.044,
29,-0.276,-1.281,
30,0.708,0.329,
31,0.54,0.184,
32,-0.136,-0.734,
33,-0.044,-0.503,
34,-1.44,0.982,
35,-1.512,-1.287,
36,0.085,0.456,
37,0.368,0.232,
38,-0.097,-0.749,
39,0.641,-0.061,
40,-0.959,1.015,
41,0.232,0.389,
42,0.167,-0.004,
43,0.129,0.851,
44,-0.078,-0.211,
45,0.058,0.218,
46,-1.237,-0.598,
47,0.392,0.565,
48,-1.045,-0.639,
49,-0.36,-0.762,
50,-0.638,-0.305,
51,-0.756,-0.013,
52,0.437,0.755,
53,-0.312,0.019,
54,1.013,-0.674,
55,-0.095,0.564,
56,0.09,0.625,
57,-0.544,-0.261,
58,0.444,0.258,
59,0.985,0.769,
60,-0.153,0.057,
61,0.462,-0.349,
62,-0.511,0.753,
63,-0.592,0.669,
64,-0.161,0.215,
65,-0.263,0.158,
66,0.289,0.101,
67,-0.333,-0.416,
68,0.169,0.463,
69,-0.575,0.099,
70,-0.321,-0.349,
71,0.167,-0.717,
72,0.392,-0.5,
73,-0.013,0.138,
74,-0.031,-0.149,
75,-1.684,-0.025,
76,0.356,-0.432,
77,0.218,0.125,
78,0.109,0.624,
79,-0.877,0.072,
80,-0.898,-0.033,
81,-0.528,0.654,
82,-0.363,-1.158,
83,-1.536,-0.158,
84,1.406,0.336,
85,-0.701,-0.131,
86,0.007,-0.491,
87,0.427,0.28,
88,-0.099,0.725,
89,0.002,-0.058,
90,-0.462,0.248,
91,0.245,0.664,
92,0.603,-1.23,
93,1.791,0.191,
94,0.287,0.722,
95,-0.146,1.404,
96,-0.508,0.73,
97,0.843,0.762,
98,0.051,0.214,
99,0.608,0.204,
100,-0.192,0.278,
101,0.055,0.111,
102,-0.273,-0.615,
103,-0.563,-0.974,
104,-0.677,-0.145,
105,0.931,0.643,
106,-0.589,-1.256,
107,-0.423,-0.258,
108,0.47,0.17,
109,0.179,-0.21,
110,-1.093,0.415,
111,-1.056,0.638,
112,-0.722,1.283,
113,0.193,-0.064,
114,0.13,0.718,
115,-0.388,0.456,
116,-0.255,-0.288,
117,0.759,0.544,
118,0.354,-0.647,
119,-0.277,0.086,
120,-0.137,-0.337,
121,-0.161,1.027,
122,-0.474,-0.511,
123,-0.639,-0.404,
124,-0.293,0.687,
125,-0.376,-0.345,
126,0.156,-0.316,
127,-0.214,0.46,
128,-0.399,0.085,
129,0.567,0.895,
130,-0.886,-1.24,
131,0.416,1.323,
132,-0.461,1.281,
133,-0.261,0.374,
134,-0.684,-0.581,
135,-0.635,0.441,
136,-1.463,-0.821,
137,-0.726,0.539,
138,-0.192,0.128,
139,0.261,-0.845,
140,-0.114,0.06,
141,-0.121,-0.472,
142,-0.173,0.173,
143,-0.239,-0.365,
144,0.531,-0.507,
145,-0.072,-0.697,
146,-0.963,-0.415,
147,-1.331,-0.583,
148,-0.302,0.133,
149,0.628,-0.437,
150,-0.421,0.113,
151,-0.869,0.594,
152,-0.723,-0.32,
153,0.205,-0.036,
154,1.345,0.379,
155,-0.145,0.165,
156,-0.355,0.145,
157,-0.332,0.063,
158,-0.44,-0.749,
159,-0.255,0.333,
160,0.371,-0.438,
161,-0.877,-0.154,
162,-1.035,0.085,
163,0.507,-0.769,
