1,-0.574,-0.783,
2,1.008,-0.747,
3,1.462,0.592,
4,0.883,0.914,
5,0.091,1.049,
6,-0.668,-0.363,
7,0.86,0.433,
8,-0.396,0.253,
9,-1.408,0.781,
10,1.562,-0.689,
11,-0.442,1.54,
12,0.217,0.077,
13,-0.056,0.866,
14,0.898,1.134,
15,-0.239,-0.892,
16,0.112,1.375,
17,-1.752,-0.292,
18,0.747,-0.194,
19,0.26,0.003,
20,-0.697,-0.75,
21,0.647,-0.901,
22,-0.389,-0.993,
23,0.312,0.185,
24,-0.714,0.752,
25,0.099,0.267,
26,0.267,-0.095,
27,0.253,-0.692,
28,-0.879,0.43,
29,1.375,1.552,
30,0.887,-0.732,
31,0.232,-1.844,
32,-0.595,-1.406,
33,-0.345,0.462,
34,-0.839,-0.946,
35,-2.054,-0.401,
36,-0.033,2.279,
37,-0.401,0.797,
38,1,-0.32,
39,0.044,-0.105,
40,0.029,-1.574,
41,0.052,0.415,
42,-1.03,-0.476,
43,-1.467,0.606,
44,-0.991,0.209,
45,-1.704,0.392,
46,0.454,-0.249,
47,-1.116,-0.007,
48,0.323,0.202,
49,-0.048,-0.981,
50,-0.327,0.198,
51,0.094,-0.144,
52,-1.061,-1.531,
53,0.367,-1.566,
54,0.282,-2.157,
55,0.123,0.668,
56,0.086,0.237,
57,-0.818,0.154,
58,0.641,-0.491,
59,-0.078,1.423,
60,-0.863,0.38,
61,-0.493,-1.759,
62,1.157,0.735,
63,0.049,0.549,
64,-0.14,1.314,
65,-1.158,-0.825,
66,0.017,0.43,
67,-0.128,0.353,
68,0.819,0.234,
69,0.305,0.26,
70,-0.384,-1.927,
71,-0.269,1.148,
72,0.028,-0.68,
73,-0.087,-0.788,
74,-0.165,0.047,
75,1.043,-0.979,
76,0.08,-0.266,
77,-0.171,0.752,
78,-0.465,0.744,
79,-0.273,0.264,
80,0.345,-0.228,
81,0.345,0.138,
82,0.307,-0.401,
83,-1.666,-0.351,
84,0.958,-0.016,
85,-0.29,-0.252,
86,0.037,1.681,
87,0.195,-0.17,
88,0.378,-0.28,
89,0.255,-1.123,
90,0.829,1.216,
91,1.482,-0.241,
92,0.16,-1.165,
93,0.234,-1.235,
94,0.386,0.26,
95,-0.68,0.441,
96,-0.205,0.264,
97,-0.439,0.337,
98,0.216,-1.985,
99,0.868,0.475,
100,-1.243,2.283,
101,0.532,-0.527,
102,-1.249,0.967,
103,1.926,-0.514,
104,0.373,1.944,
105,0.139,-0.468,
106,0.145,-0.318,
107,-1.075,1.099,
108,-0.669,-0.206,
109,-0.134,0.284,
110,1.942,-0.485,
111,-0.173,1.459,
112,0.105,-0.271,
113,0.27,0.722,
114,0.556,0.35,
115,-0.237,1.264,
116,0.886,-0.196,
117,1.419,0.618,
118,0.712,-0.221,
119,1.047,1.019,
120,-0.782,-0.76,
121,0.951,0.209,
122,0.767,-0.921,
123,-1.127,-1.147,
124,0.966,0.12,
125,0.796,-0.858,
126,-1.316,-0.265,
127,-0.845,-0.29,
128,-0.187,0.695,
129,-0.05,-0.736,
130,-0.465,0.253,
131,0.935,-0.102,
132,0.424,0.736,
133,-0.947,0.742,
134,-0.119,0.137,
135,-0.746,0.604,
136,-0.273,-0.69,
137,-1.668,1.389,
138,-1.149,-0.735,
139,0.241,0.263,
140,0.198,-0.422,
141,-0.04,0.363,
142,-0.218,-0.091,
143,-0.518,1.348,
144,0.668,-0.189,
145,0.274,-0.404,
146,-0.295,-0.183,
147,-0.725,-0.409,
148,-0.18,0.101,
149,-0.162,-0.647,
150,-1.081,-0.526,
151,-0.997,0.305,
152,0.291,-0.32,
153,-0.979,-0.187,
154,-1.648,0.887,
155,0.347,0.583,
156,-0.556,-1.747,
157,-0.077,-1.635,
158,0.276,0.316,
159,2.552,-1.027,
160,1.41,1.555,
161,1.307,0.423,
162,0.057,-0.633,
163,0.071,-0.731,
