1,0.739,0.621,
2,0.661,0.226,
3,0.306,0.552,
4,0.679,0.648,
5,0.892,0.851,
6,-0.619,0.322,
7,0.583,1.019,
8,0.97,0.852,
9,0.188,0.099,
10,0.233,1.248,
11,1.069,1.097,
12,0.752,0.228,
13,1.1,0.587,
14,0.187,0.385,
15,0.241,0.58,
16,0.673,0.201,
17,-0.041,0.672,
18,0.564,0.425,
19,0.576,0.718,
20,0.59,0.511,
21,0.257,0.269,
22,0.283,0.455,
23,0.539,0.52,
24,0.494,0.531,
25,0.207,0.866,
26,0.783,1.094,
27,0.862,0.607,
28,0.463,0.84,
29,0.352,0.497,
30,0.803,0.952,
31,0.458,1.073,
32,0.858,0.235,
33,0.488,0.432,
34,-0.068,-0.013,
35,0.673,1.288,
36,0.118,0.877,
37,0.706,0.925,
38,0.625,0.746,
39,0.471,0.54,
40,0.639,0.454,
41,1.005,0.774,
42,0.918,1.001,
43,0.885,1.01,
44,0.93,1.101,
45,0.5,0.801,
46,0.608,0.427,
47,-0.013,0.172,
48,1.04,0.439,
49,-0.007,0.032,
50,0.177,0.232,
51,0.984,0.38,
52,0.189,0.443,
53,1.017,0.159,
54,0.633,0.736,
55,0.303,-0.078,
56,0.246,0.985,
57,0.226,0.778,
58,0.348,1.017,
59,0.411,0.487,
60,0.39,0.608,
61,0.445,0.773,
62,0.579,0.598,
63,0.564,0.788,
64,0.166,0.023,
65,0.466,0.236,
66,0.894,1.26,
67,0.171,0.088,
68,0.879,0.45,
69,0.599,1.157,
70,0.195,0.486,
71,0.499,0.526,
72,0.683,0.669,
73,0.217,0.828,
74,0.689,0.76,
75,0.7,0.316,
76,0.501,0.718,
77,0.366,0.408,
78,0.408,0.913,
79,-0.35,0.626,
80,0.261,0.184,
81,0.776,0.788,
82,0.704,0.796,
83,0.674,0.685,
84,0.306,0.619,
85,0.697,0.69,
86,0.454,1.175,
87,0.434,0.083,
88,0.792,0.572,
89,0.508,0.486,
90,0.752,0.457,
91,0.765,0.912,
92,0.532,0.232,
93,-0.003,1.269,
94,0.083,0.997,
95,0.517,0.348,
96,0.419,0.375,
97,1.063,0.57,
98,-0.032,-0.356,
99,0.69,0.571,
100,0.356,0.489,
101,0.553,0.771,
102,0.592,0.161,
103,0.438,0.932,
104,0.51,0.617,
105,0.272,0.383,
106,0.598,1.036,
107,1.056,1.329,
108,0.312,0.388,
109,0.653,0.583,
110,1.027,0.979,
111,0.333,0.728,
112,-0.378,0.27,
113,0.639,0.436,
114,0.642,0.3,
115,0.632,-0.601,
116,0.678,0.2,
117,0.81,0.689,
118,0.345,0.508,
119,0.625,0.71,
120,0.529,0.34,
121,0.258,0.595,
122,0.97,0.558,
123,0.123,-0.391,
124,0.835,0.29,
125,0.656,0.264,
126,1.155,0.266,
127,0.648,0.26,
128,0.486,0.859,
129,0.549,0.526,
130,0.746,0.534,
131,0.931,1.546,
132,0.165,0.514,
133,0.1,0.61,
134,0.521,0.748,
135,0.253,0.454,
136,0.541,0.55,
137,0.097,0.741,
138,0.189,0.516,
139,0.09,-0.237,
140,0.501,0.51,
141,0.204,0.153,
142,0.312,0.25,
143,0.416,0.914,
144,0.283,0.816,
145,0.367,0.379,
146,0.983,0.986,
147,0.426,0.549,
148,-0.005,0.699,
149,0.355,-0.92,
150,-0.735,0.739,
151,1.23,0.988,
152,0.204,0.987,
153,0.554,0.335,
154,0.312,0.463,
155,0.223,0.707,
156,0.365,0.954,
157,0.302,0.446,
158,0.868,1.044,
159,0.716,0.264,
160,0.35,0.724,
161,0.801,0.322,
162,0.521,0.509,
163,1.18,0.28,
