1,-0.669,-0.473,
2,0.665,-0.413,
3,1.218,0.372,
4,0.647,0.697,
5,-0.031,0.767,
6,-0.597,-0.241,
7,0.626,0.283,
8,-0.364,-0.064,
9,-1.158,0.596,
10,1.145,-0.667,
11,-0.564,1.12,
12,0.281,0.013,
13,-0.113,0.575,
14,0.633,0.586,
15,-0.141,-1.052,
16,-0.086,0.975,
17,-1.562,-0.287,
18,0.431,-0.149,
19,0.04,-0.012,
20,-0.742,-0.627,
21,0.51,-0.689,
22,-0.255,-0.631,
23,0.246,0.053,
24,-0.625,0.583,
25,0.227,0.122,
26,0.23,-0.195,
27,0.161,-0.639,
28,-0.572,0.294,
29,0.865,1.365,
30,0.731,-0.486,
31,0.188,-1.529,
32,-0.629,-1.153,
33,-0.311,0.314,
34,-0.692,-0.674,
35,-1.561,-0.247,
36,0.156,1.805,
37,-0.451,0.546,
38,0.594,-0.507,
39,0.137,-0.153,
40,-0.064,-1.193,
41,-0.012,0.344,
42,-0.736,-0.452,
43,-1.173,0.373,
44,-0.883,0.108,
45,-1.421,0.229,
46,0.315,-0.171,
47,-0.789,-0.011,
48,0.352,0.271,
49,-0.327,-0.602,
50,-0.247,0.137,
51,-0.155,-0.109,
52,-0.776,-1.172,
53,0.26,-1.137,
54,0.194,-2.045,
55,0.061,0.478,
56,0.218,0.341,
57,-0.692,0.035,
58,0.47,-0.433,
59,-0.062,1.051,
60,-0.839,0.319,
61,-0.374,-1.427,
62,0.836,0.374,
63,-0.047,0.434,
64,-0.1,1.083,
65,-0.822,-0.52,
66,0.027,0.339,
67,-0.154,0.397,
68,0.424,0.232,
69,0.4,0.15,
70,-0.343,-1.764,
71,-0.332,0.685,
72,-0.021,-0.585,
73,-0.024,-0.595,
74,0.051,0.042,
75,0.559,-0.784,
76,0.133,-0.17,
77,-0.139,0.641,
78,-0.473,0.513,
79,-0.22,0.232,
80,0.145,-0.288,
81,0.252,0.053,
82,0.347,-0.386,
83,-1.247,-0.501,
84,0.955,-0.003,
85,-0.446,-0.223,
86,-0.081,0.855,
87,0.149,-0.151,
88,0.216,-0.251,
89,0.138,-0.932,
90,0.511,1.003,
91,0.991,-0.246,
92,0.19,-0.882,
93,0.23,-0.98,
94,0.306,0.247,
95,-0.504,0.345,
96,-0.168,0.172,
97,-0.477,0.163,
98,0.036,-1.497,
99,0.832,0.226,
100,-1.273,2.033,
101,0.372,-0.445,
102,-1.078,1.003,
103,1.291,-0.557,
104,0.175,1.761,
105,0.121,-0.413,
106,-0.066,-0.683,
107,-0.925,0.683,
108,-0.47,-0.2,
109,-0.247,0.074,
110,1.673,-0.21,
111,-0.317,1.034,
112,0.176,-0.254,
113,0.219,0.463,
114,0.249,0.326,
115,-0.281,1.003,
116,0.74,-0.291,
117,1.116,0.374,
118,0.589,-0.184,
119,0.795,0.798,
120,-0.674,-0.692,
121,0.626,-0.055,
122,0.643,-0.526,
123,-1.015,-1.09,
124,0.792,0.147,
125,0.66,-0.502,
126,-1.262,-0.167,
127,-0.504,-0.31,
128,-0.235,0.617,
129,-0.036,-0.651,
130,-0.392,0.276,
131,0.626,-0.143,
132,0.315,0.543,
133,-0.752,0.499,
134,-0.23,0.115,
135,-0.507,0.382,
136,-0.302,-0.567,
137,-1.325,1.244,
138,-0.822,-0.641,
139,0.233,0.478,
140,0.039,-0.269,
141,-0.105,0.374,
142,-0.203,-0.123,
143,-0.367,1.05,
144,0.767,-0.355,
145,0.205,-0.339,
146,-0.189,-0.232,
147,-0.574,-0.312,
148,-0.083,0.121,
149,-0.052,-0.407,
150,-0.842,-0.35,
151,-0.861,0.236,
152,0.22,-0.257,
153,-0.661,-0.042,
154,-1.417,0.725,
155,0.425,0.306,
156,-0.581,-1.209,
157,-0.05,-1.225,
158,0.062,0.272,
159,1.636,-0.823,
160,1.14,1.366,
161,1.096,0.393,
162,0.118,-0.33,
163,0.11,-0.588,
