1,-2.383,-2.041,
2,0.366,-0.68,
3,-1.081,-1.567,
4,0.604,-1.066,
5,0.02,-2.166,
6,-0.257,1.578,
7,1.283,0.223,
8,0.438,-0.446,
9,-1.033,-0.257,
10,0.02,-0.477,
11,0.26,1.999,
12,-1.383,-2.177,
13,1.748,0.853,
14,0.108,-0.76,
15,-1.996,-0.155,
16,0.319,-2.251,
17,0.097,-0.086,
18,0.119,-0.052,
19,0.699,0.762,
20,1.984,0.704,
21,0.51,0.222,
22,1.033,0.528,
23,0.026,-0.34,
24,0.062,0.146,
25,0.14,2.306,
26,-0.037,-1.06,
27,0.13,-0.175,
28,0.531,0.085,
29,-0.223,-1.776,
30,0.674,0.333,
31,0.62,0.309,
32,-0.122,-0.899,
33,-0.022,-0.671,
34,-1.824,1.271,
35,-1.772,-1.228,
36,0.11,0.338,
37,0.137,0.213,
38,-0.099,-0.875,
39,0.649,0.046,
40,-1.014,1.336,
41,0.27,0.46,
42,0.223,0.128,
43,0.101,1.161,
44,-0.126,-0.258,
45,-0.04,0.22,
46,-1.824,-0.772,
47,0.271,0.724,
48,-1.063,-0.827,
49,-0.648,-1.256,
50,-0.92,-0.49,
51,-0.857,-0.012,
52,0.505,0.905,
53,-0.325,-0.177,
54,1.344,-0.682,
55,-0.206,0.755,
56,0.066,0.659,
57,-0.645,-0.349,
58,0.579,0.332,
59,1.199,0.853,
60,-0.095,-0.057,
61,0.436,-0.436,
62,-0.855,0.813,
63,-0.996,0.917,
64,-0.141,0.262,
65,-0.189,0.147,
66,0.332,0.187,
67,-0.391,-0.64,
68,0.111,0.675,
69,-0.981,0.167,
70,-0.339,-0.349,
71,0.159,-0.819,
72,0.488,-0.643,
73,-0.222,-0.041,
74,-0.064,-0.186,
75,-2.094,-0.088,
76,0.284,-0.22,
77,0.241,0.014,
78,-0.075,0.379,
79,-0.994,0.011,
80,-1.024,-0.075,
81,-0.653,0.906,
82,-0.556,-1.281,
83,-1.926,-0.232,
84,1.437,0.314,
85,-0.674,-0.147,
86,-0.036,-0.47,
87,0.536,0.239,
88,0.091,0.823,
89,0.211,0.097,
90,-0.681,0.301,
91,0.239,0.941,
92,0.713,-1.391,
93,2.126,0.084,
94,0.312,0.844,
95,0.095,1.63,
96,-0.78,0.878,
97,1.016,1.023,
98,0.104,0.093,
99,0.519,0.381,
100,-0.687,0.322,
101,0.335,0.227,
102,-0.504,-0.885,
103,-0.713,-1.172,
104,-0.827,-0.205,
105,1.148,0.655,
106,-0.59,-1.249,
107,-0.483,-0.147,
108,0.562,0.166,
109,0.177,-0.201,
110,-1.491,0.559,
111,-1.223,0.863,
112,-0.905,1.66,
113,0.416,-0.152,
114,0.181,0.807,
115,-0.541,0.616,
116,-0.537,-0.339,
117,1.062,0.419,
118,0.418,-0.794,
119,-0.384,0.115,
120,-0.101,-0.493,
121,-0.107,1.458,
122,-0.591,-0.363,
123,-0.672,-0.579,
124,-0.317,0.662,
125,-0.633,-0.451,
126,0.143,-0.399,
127,0.062,0.695,
128,-0.609,0.217,
129,0.503,1.225,
130,-1.018,-1.42,
131,0.553,1.69,
132,-0.499,1.608,
133,-0.32,0.377,
134,-0.866,-0.634,
135,-0.933,0.601,
136,-1.9,-0.863,
137,-0.833,0.642,
138,-0.183,0.34,
139,0.352,-0.979,
140,-0.232,0.219,
141,-0.083,-0.689,
142,-0.136,0.256,
143,-0.307,-0.461,
144,0.316,-0.323,
145,-0.088,-0.912,
146,-1.092,-0.5,
147,-1.52,-0.678,
148,-0.448,0.095,
149,1.064,-0.59,
150,-0.56,0.054,
151,-1.05,0.808,
152,-0.881,-0.293,
153,0.175,0.109,
154,1.525,0.513,
155,-0.153,0.349,
156,-0.332,0.042,
157,-0.529,-0.086,
158,-0.774,-1.081,
159,-0.145,0.352,
160,0.468,-0.324,
161,-1.206,0.112,
162,-1.16,0.029,
163,0.471,-0.892,
