1,-0.53,-0.299,
2,-0.432,-0.019,
3,0.551,-0.506,
4,-0.455,0.439,
5,-0.038,-0.225,
6,-0.055,0.384,
7,0.518,-0.147,
8,-0.067,-0.638,
9,1.961,0.091,
10,-0.042,-0.199,
11,-0.198,-0.579,
12,0.502,0.131,
13,0.129,0.251,
14,-0.1,-0.141,
15,-0.65,0.336,
16,0.796,-0.047,
17,-0.203,-0.583,
18,0.23,0.277,
19,-0.492,0.488,
20,-0.11,0.126,
21,0.04,-0.058,
22,0.127,0.088,
23,0.18,-1.257,
24,-0.173,-0.518,
25,0.27,-0.497,
26,-1.16,-0.977,
27,-1.053,-0.398,
28,0.624,-0.144,
29,0.19,0.713,
30,0.807,0.177,
31,-0.283,-0.62,
32,0.453,-0.356,
33,-0.831,-0.327,
34,0.249,-1.243,
35,-0.216,-0.018,
36,0.462,0.324,
37,0.882,0.415,
38,0.514,-0.345,
39,0.32,-0.358,
40,0.676,-0.345,
41,0.396,0.859,
42,0.12,0.531,
43,0.429,0.78,
44,0.018,-0.756,
45,-0.237,0.002,
46,-0.364,0.031,
47,0.084,0.715,
48,-0.535,-0.541,
49,0.35,-0.559,
50,0.694,0.335,
51,-0.549,-0.896,
52,-0.553,0.564,
53,-0.529,0.993,
54,-0.704,-0.174,
55,-0.473,0.046,
56,-0.569,0.231,
57,0.163,-0.052,
58,-1.123,0.145,
59,0.074,-0.532,
60,0.055,0.023,
61,-0.872,-0.056,
62,0.541,-0.258,
63,0.96,1.044,
64,-0.042,0.638,
65,0.274,0.194,
66,0.689,0.186,
67,0.737,0.805,
68,0.236,-0.307,
69,0.251,-0.098,
70,0.781,-0.504,
71,0.8,-0.418,
72,0.086,-0.926,
73,1.319,0.082,
74,1.22,-0.092,
75,0.146,0.684,
76,0.31,-1.162,
77,0.148,1.473,
78,0.397,0.596,
79,0.67,0.712,
80,0.164,0.575,
81,-0.677,-0.67,
82,-0.115,0.745,
83,0.181,0.12,
84,0.267,0.124,
85,0.217,-0.043,
86,0.814,-0.328,
87,-0.003,-0.305,
88,0.11,0.399,
89,-1.024,0.059,
90,-0.668,0.612,
91,-0.156,0.066,
92,-0.07,0.004,
93,0.997,1.187,
94,-0.631,1.402,
95,0.979,-0.355,
96,0.097,-0.551,
97,-0.519,-0.201,
98,-0.106,-1.312,
99,0.547,-0.073,
100,0.341,-1.037,
101,-0.17,-0.28,
102,-0.568,-0.607,
103,0.263,-1.086,
104,0.636,-0.536,
105,-0.789,0.759,
106,0.255,-0.865,
107,-0.336,-0.339,
108,0.644,-0.712,
109,0.255,-1.232,
110,-1.011,-1.99,
111,0.129,-0.079,
112,1.209,-0.027,
113,0.283,-0.028,
114,-0.043,-0.008,
115,-0.257,0.079,
116,-0.134,-0.285,
117,1.529,-0.285,
118,0.09,-0.014,
119,0.309,-0.148,
120,-0.185,0.04,
121,-0.06,-0.118,
122,0.226,0.06,
123,0.064,-0.409,
124,-0.734,-0.463,
125,0.328,0.172,
126,0.218,-0.322,
127,0.389,-0.296,
128,-0.36,0.368,
129,0.251,0.042,
130,-0.231,0.085,
131,0.588,-0.224,
132,-0.082,0.707,
133,0.045,-0.884,
134,-0.433,0.534,
135,-0.681,-0.286,
136,0.078,-0.307,
137,0.754,0.31,
138,-0.204,-0.023,
139,-0.183,0.222,
140,-0.763,-0.313,
141,-0.422,0.279,
142,0.704,-0.576,
143,0.049,-0.131,
144,0.597,-0.801,
145,-0.516,0.549,
146,-0.292,0.05,
147,-0.079,0.169,
148,-1.352,-0.455,
149,0.134,-0.645,
150,0.565,-1.438,
151,-0.213,0.158,
152,0.444,-0.578,
153,0.154,-0.001,
154,-1.016,0.371,
155,-0.199,-0.506,
156,0.442,0.468,
157,0.27,-0.086,
158,0.041,-0.238,
159,0.217,0.435,
160,-0.57,-0.089,
161,-0.174,-0.16,
162,0.71,0.416,
163,0.192,-0.721,
