1,-2.765,-3.224,
2,0.701,-1.199,
3,-1.437,-1.215,
4,0.636,-0.809,
5,-0.171,-1.878,
6,-0.009,1.56,
7,2.091,0.831,
8,0.772,-0.355,
9,-1.227,-0.088,
10,1.024,-0.744,
11,0.288,2.313,
12,-1.691,-1.931,
13,1.986,1.246,
14,-0.147,-0.697,
15,-2.089,-0.17,
16,0.426,-2.59,
17,0.687,0.209,
18,0.178,-0.548,
19,1.868,0.766,
20,3.259,1.57,
21,1.126,0.268,
22,1.484,0.633,
23,0.18,-0.173,
24,-0.406,0.836,
25,-0.656,2.899,
26,0.532,-0.45,
27,0.026,-0.364,
28,0.535,-0.055,
29,-0.136,-2.565,
30,0.38,0.191,
31,0.881,0.84,
32,0.052,-1.189,
33,-0.315,-0.688,
34,-2.45,1.352,
35,-2.354,-0.498,
36,-1.191,1.111,
37,0.587,0.338,
38,-0.62,-1.374,
39,0.3,0.406,
40,-1.173,1.931,
41,0.409,0.59,
42,0.714,0.934,
43,-0.126,1.879,
44,-0.312,-0.618,
45,-0.555,0.062,
46,-2.647,-0.994,
47,-0.157,0.844,
48,-1.834,-0.875,
49,-1.115,-2.238,
50,-1.101,-0.974,
51,-1.174,-0.251,
52,0.711,1.225,
53,-0.009,-1.001,
54,1.852,-0.702,
55,-0.28,1.213,
56,-0.65,0.438,
57,-0.647,-0.696,
58,1.039,0.55,
59,2.051,0.747,
60,-0.086,-0.386,
61,0.442,-0.64,
62,-1.771,0.892,
63,-0.95,2.078,
64,-0.291,-0.168,
65,-0.245,0.247,
66,0.449,0.597,
67,-0.431,-1.132,
68,-0.089,0.591,
69,-1.958,0.541,
70,-0.248,-0.197,
71,0.083,-1.522,
72,0.788,-0.84,
73,-0.392,-0.261,
74,-0.669,-0.201,
75,-2.589,-0.043,
76,-0.219,0.045,
77,0.344,-0.397,
78,-0.162,0.098,
79,-1.063,-0.276,
80,-1.335,-0.341,
81,-0.818,1.674,
82,-0.943,-1.284,
83,-2.525,-0.297,
84,1.135,0.051,
85,-1.001,-0.266,
86,-0.103,-0.468,
87,0.889,-0.099,
88,0.507,0.566,
89,0.428,0.092,
90,-0.184,0.373,
91,-0.056,1.642,
92,1.001,-1.547,
93,2.451,-0.261,
94,0.543,0.931,
95,0.362,2.156,
96,-1.518,1.351,
97,1.375,1.361,
98,0.335,-0.565,
99,0.076,1.021,
100,-2.06,0.202,
101,0.345,0.481,
102,-0.33,-1.235,
103,-0.724,-1.689,
104,-0.709,-0.46,
105,0.777,0.825,
106,-0.47,-1.129,
107,-0.482,0.348,
108,0.671,0.209,
109,-0.302,0.073,
110,-2.435,1.071,
111,-1.259,1.271,
112,-1.441,2.248,
113,1.017,-0.39,
114,-0.072,0.691,
115,-1.099,0.734,
116,-0.286,-0.748,
117,2.17,0.005,
118,0.456,-1.075,
119,-0.8,0.362,
120,0.124,-1.148,
121,-0.061,2.393,
122,-1.001,-0.084,
123,-0.838,-0.948,
124,-0.137,0.56,
125,-1.13,-0.39,
126,0.097,-0.679,
127,0.083,1.059,
128,-0.223,-0.23,
129,0.663,1.456,
130,-1.43,-1.555,
131,1.085,2.146,
132,-0.803,2.031,
133,-0.479,0.252,
134,-1.055,-0.783,
135,-1.451,0.545,
136,-2.413,-0.427,
137,-1.461,0.33,
138,-0.907,0.253,
139,0.69,-0.987,
140,0.037,0.277,
141,-0.222,-1.072,
142,-0.186,0.529,
143,-0.45,-0.57,
144,-0.083,0.566,
145,-0.257,-1.193,
146,-1.403,-0.935,
147,-2.312,-1.901,
148,-0.899,-0.044,
149,1.825,-0.731,
150,-0.307,-0.268,
151,-1.056,0.476,
152,-1.002,-0.56,
153,0.451,0.679,
154,1.575,0.367,
155,-0.447,-0.067,
156,-0.173,-0.188,
157,-0.572,-0.696,
158,-2.131,-1.277,
159,-0.184,0.19,
160,0.565,-1.028,
161,-1.567,-0.378,
162,-1.009,-0.545,
163,0.872,-0.885,
