1,0.888,0.181,
2,1.323,-0.595,
3,0.744,0.846,
4,0.894,0.848,
5,0.949,1.23,
6,-0.698,0.355,
7,0.996,1.185,
8,0.842,1.343,
9,-0.264,0.346,
10,1.131,1.308,
11,0.806,1.832,
12,0.477,0.205,
13,0.849,0.787,
14,0.211,0.39,
15,0.183,0.868,
16,1.161,0.734,
17,-0.666,0.329,
18,0.965,0.067,
19,0.628,1.093,
20,0.352,0.174,
21,1.104,-0.159,
22,0.242,0.128,
23,0.307,0.905,
24,0.255,0.709,
25,-0.285,0.882,
26,0.78,0.992,
27,0.815,0.603,
28,-0.433,0.841,
29,0.999,0.775,
30,1.477,0.337,
31,0.35,0.679,
32,1.392,0.072,
33,0.134,0.504,
34,-0.373,-0.942,
35,-0.017,0.729,
36,-0.313,1.613,
37,0.783,1.616,
38,1.592,1.316,
39,0.396,0.554,
40,0.956,-0.188,
41,1.359,0.825,
42,0.526,1.239,
43,0.44,1.126,
44,0.895,1.199,
45,0.087,1.065,
46,0.919,0.059,
47,-0.378,0.103,
48,0.698,0.146,
49,-0.786,-0.439,
50,-0.002,0.38,
51,1.725,-0.062,
52,-0.442,-0.17,
53,0.719,-0.19,
54,0.43,0.183,
55,0.487,0.29,
56,-0.146,1.637,
57,0.285,1.078,
58,0.511,1.088,
59,0.468,1.312,
60,0.428,0.608,
61,0.38,0.632,
62,0.134,0.701,
63,0.447,0.881,
64,0.368,0.276,
65,-0.35,-0.593,
66,0.699,1.075,
67,0.167,-0.743,
68,1.599,0.178,
69,0.053,1.44,
70,-0.452,-0.203,
71,0.605,1.103,
72,0.299,0.594,
73,0.091,0.651,
74,0.252,0.679,
75,0.689,-0.303,
76,0.418,0.244,
77,0.146,0.43,
78,0.516,0.877,
79,-0.427,0.647,
80,0.328,0.62,
81,0.872,1.009,
82,0.387,0.885,
83,-0.106,0.592,
84,0.1,0.572,
85,0.746,0.472,
86,0.654,2.107,
87,0.234,-0.173,
88,0.636,0.51,
89,0.697,-0.051,
90,1.027,1.152,
91,1.934,0.541,
92,0.039,-0.169,
93,-0.225,1.187,
94,-0.131,0.686,
95,0.37,0.233,
96,0.241,0.454,
97,1.152,0.483,
98,0.147,-1.761,
99,1.097,0.884,
100,-0.289,0.992,
101,0.888,0.3,
102,-0.066,0.419,
103,0.972,0.728,
104,0.408,0.819,
105,0.043,0.429,
106,0.967,1.615,
107,0.499,1.554,
108,-0.021,0.041,
109,1.008,0.81,
110,1.419,0.565,
111,-0.023,1.247,
112,-0.603,0.215,
113,0.713,0.327,
114,1.608,0.292,
115,0.253,-0.276,
116,0.758,0.109,
117,1.347,0.908,
118,0.742,0.538,
119,1.086,1.003,
120,0.47,0.169,
121,0.658,0.996,
122,0.85,-0.094,
123,-0.197,-0.896,
124,0.662,0.208,
125,0.862,-0.152,
126,1.75,-0.579,
127,-0.374,0.446,
128,0.509,0.85,
129,0.664,0.621,
130,0.755,0.292,
131,1.636,1.192,
132,0.349,0.57,
133,-0.223,0.725,
134,0.673,0.365,
135,0.334,0.93,
136,0.411,0.453,
137,-0.392,0.723,
138,-0.228,0.244,
139,0.163,-0.495,
140,0.659,0.202,
141,-0.117,0.394,
142,0.385,0.299,
143,-0.336,1.536,
144,0.099,0.858,
145,0.644,-0.012,
146,0.017,1.058,
147,0.234,0.262,
148,-0.265,0.346,
149,0.332,-1.303,
150,-1.132,0.68,
151,0.87,1.066,
152,0.169,0.867,
153,-0.161,0.165,
154,0.238,0.56,
155,0.248,1.538,
156,0.39,-0.028,
157,0.195,-0.309,
158,0.944,1.071,
159,1.657,-0.402,
160,0.445,0.801,
161,1.08,0.04,
162,0.46,-0.364,
163,0.772,0.253,
