1,-2.117,-1.631,
2,0.195,-0.555,
3,-0.484,-0.517,
4,0.289,-0.104,
5,-0.2,-1.719,
6,-0.256,0.931,
7,0.7,-0.247,
8,0.214,-0.557,
9,-0.484,-0.016,
10,-0.127,-0.031,
11,-0.273,1.139,
12,-0.687,-1.302,
13,0.803,0.758,
14,0.097,-0.831,
15,-1.387,-0.618,
16,0.341,-1.672,
17,-0.009,0.279,
18,-0.006,0.231,
19,0.358,0.466,
20,1.183,0.048,
21,0.223,0.012,
22,0.673,0.396,
23,-0.083,-0.27,
24,0.047,0.66,
25,-0.215,1.39,
26,0.327,-0.411,
27,0.261,0.132,
28,0.241,-0.033,
29,-0.274,-1.318,
30,0.632,0.296,
31,0.354,0.078,
32,0.013,-0.587,
33,0.218,-0.619,
34,-1.035,0.874,
35,-1.401,-0.906,
36,0.036,0.466,
37,0.361,0.185,
38,-0.175,-0.337,
39,0.452,-0.566,
40,-0.597,0.623,
41,0.179,0.271,
42,0.078,-0.09,
43,0.195,0.639,
44,-0.002,-0.106,
45,0.009,0.007,
46,-1.213,-0.585,
47,0.043,0.309,
48,-0.917,-0.417,
49,-0.583,-0.621,
50,-0.457,-0.242,
51,-0.794,-0.01,
52,0.291,0.473,
53,-0.174,0.179,
54,0.887,-0.617,
55,-0.103,0.464,
56,0.09,0.58,
57,-0.869,-0.116,
58,0.302,0.258,
59,0.375,0.456,
60,-0.307,0.115,
61,0.175,-0.472,
62,-0.887,0.755,
63,-0.525,0.557,
64,-0.362,0.297,
65,-0.052,0.007,
66,0.197,0.04,
67,-0.28,-0.405,
68,0.235,0.448,
69,-0.209,-0.002,
70,-0.352,-0.292,
71,0.002,-1.187,
72,0.317,-0.311,
73,0.086,0.232,
74,0.135,0.003,
75,-1.352,0.062,
76,0.146,-0.074,
77,0.204,0.049,
78,-0.299,0.068,
79,-0.774,0.228,
80,-0.748,0.19,
81,-0.772,0.085,
82,-0.169,-0.947,
83,-1.039,-0.155,
84,1.179,0.231,
85,-0.809,-0.125,
86,0.103,-0.519,
87,0.154,0.091,
88,-0.323,1.047,
89,-0.083,-0.008,
90,-0.22,0.173,
91,0.362,0.334,
92,0.342,-0.918,
93,1.06,0.319,
94,0.157,0.493,
95,-0.065,1.17,
96,-0.683,0.385,
97,0.479,0.603,
98,-0.059,-0.048,
99,0.313,0.198,
100,-0.291,0.058,
101,-0.146,0.086,
102,-0.119,-0.67,
103,-0.228,-1.125,
104,-0.359,-0.059,
105,0.561,0.979,
106,-0.534,-1.044,
107,-0.571,-0.543,
108,0.32,0.13,
109,0.156,-0.316,
110,-0.701,0.086,
111,-0.775,0.427,
112,-0.5,1.095,
113,0.34,0.116,
114,-0.024,0.503,
115,-0.098,0.425,
116,0.081,-0.367,
117,0.456,0.265,
118,-0.031,-0.628,
119,-0.136,0.141,
120,-0.153,-0.202,
121,-0.209,0.575,
122,-0.591,-0.795,
123,-0.304,-0.208,
124,-0.245,0.625,
125,-0.733,0.111,
126,0.439,-0.489,
127,-0.329,0.319,
128,-0.227,-0.018,
129,0.48,0.687,
130,-0.598,-0.682,
131,0.309,0.939,
132,-0.25,1.082,
133,-0.216,0.26,
134,-0.656,-0.338,
135,-0.635,0.535,
136,-1.254,-0.874,
137,-0.474,0.315,
138,-0.261,-0.044,
139,0.424,-0.469,
140,-0.142,-0.078,
141,-0.12,-0.382,
142,0.243,0.317,
143,-0.011,-0.394,
144,0.052,-0.23,
145,0.219,-0.309,
146,-0.807,-0.314,
147,-1.067,-0.549,
148,-0.02,0.027,
149,0.494,-0.178,
150,-0.583,0.217,
151,-0.438,0.349,
152,-0.472,-0.327,
153,0.225,0.128,
154,0.85,0.17,
155,-0.117,-0.061,
156,-0.241,0.232,
157,-0.521,0.241,
158,-0.649,-0.321,
159,-0.146,0.374,
160,0.242,-0.363,
161,-0.829,-0.304,
162,-0.757,0.058,
163,0.691,-0.406,
