1,-0.74,-1.374,
2,1.045,-1.157,
3,-0.92,-0.024,
4,0.253,0.536,
5,0.601,-0.373,
6,-1.056,1.231,
7,1.68,1.303,
8,0.574,0.273,
9,-0.526,-0.146,
10,0.248,0.384,
11,-0.451,0.794,
12,-0.294,-0.63,
13,0.724,0.663,
14,-0.43,-1.201,
15,-0.501,-0.234,
16,0.779,-1.422,
17,0.008,0.415,
18,0.032,-0.034,
19,0.838,0.538,
20,1.784,0.436,
21,-0.069,-0.156,
22,0.454,0.467,
23,-0.009,-0.42,
24,-0.076,1.293,
25,-0.758,1.062,
26,0.569,0.455,
27,0.351,0.097,
28,0.27,0.125,
29,-0.201,-0.63,
30,0.109,0.314,
31,0.214,0.546,
32,0.419,-0.642,
33,0.35,-0.129,
34,-1.194,0.795,
35,-0.869,0.679,
36,-0.722,0.648,
37,0.313,0.135,
38,-0.501,0.066,
39,-0.086,-0.329,
40,-0.145,0.568,
41,0.324,0.314,
42,0.991,0.59,
43,0.335,0.758,
44,0.123,0.073,
45,-0.165,-0.678,
46,-1.083,-0.728,
47,-0.727,-0.15,
48,-0.446,-0.302,
49,-1.359,-1.403,
50,-0.437,-0.7,
51,-0.604,0.02,
52,0.206,0.312,
53,0.471,-1.446,
54,1.197,-0.522,
55,-0.31,0.133,
56,-0.506,0.743,
57,-0.386,0.174,
58,0.261,0.563,
59,0.393,-0.166,
60,-0.362,-0.088,
61,-0.265,-0.086,
62,-1.463,0.289,
63,-0.288,1.268,
64,-0.358,0.688,
65,0.228,-0.151,
66,0.229,0.582,
67,-0.35,-0.722,
68,0.232,0.409,
69,-0.334,0.477,
70,-0.223,-0.006,
71,-0.727,-1.559,
72,0.584,-0.164,
73,-0.454,-0.148,
74,0.07,0.171,
75,-0.86,-0.047,
76,-0.038,0.489,
77,0.149,-0.344,
78,-0.995,-0.677,
79,-0.937,0.215,
80,-0.521,-0.2,
81,-0.903,-0.195,
82,-0.153,0.17,
83,-0.185,-0.105,
84,-0.051,-0.294,
85,-0.631,-0.025,
86,-0.276,0.134,
87,0.103,-0.494,
88,-0.397,0.868,
89,0.494,0.449,
90,0.285,0.028,
91,0.21,0.43,
92,0.186,-0.774,
93,-0.462,0.259,
94,-0.045,0.442,
95,0.377,1.13,
96,-0.714,0.229,
97,0.5,0.515,
98,-0.105,-0.997,
99,-0.014,0.489,
100,-1.837,0.077,
101,-0.07,0.432,
102,-0.371,-0.341,
103,-0.369,-0.783,
104,0.013,-0.13,
105,-0.401,0.727,
106,-0.195,-0.141,
107,0.016,0.27,
108,-0.237,0.125,
109,0.074,-0.321,
110,-1.182,0.472,
111,0.162,0.387,
112,-0.85,0.965,
113,1.629,-0.011,
114,-0.343,-0.021,
115,0.528,-0.142,
116,0.298,-0.865,
117,0.852,-0.226,
118,-0.177,-0.134,
119,-0.234,0.269,
120,0.042,-0.51,
121,0.38,0.748,
122,-0.358,-0.658,
123,-0.097,-0.713,
124,0.194,0.153,
125,-0.998,0.016,
126,0.967,-0.697,
127,0.049,0.224,
128,0.003,-0.053,
129,0.226,0.651,
130,-0.028,-0.046,
131,0.916,1.919,
132,-0.268,0.834,
133,-0.333,-0.042,
134,-0.559,0.087,
135,-0.821,0.276,
136,-0.913,-0.355,
137,-0.599,0.006,
138,-0.663,-0.055,
139,0.625,-0.158,
140,-0.117,-0.059,
141,-0.068,-0.863,
142,0.04,-0.123,
143,0.101,0.096,
144,-0.357,0.757,
145,0.199,-0.659,
146,-0.429,-0.201,
147,-0.947,-1.449,
148,-0.487,-0.008,
149,1.434,-1.314,
150,-0.685,-0.166,
151,0.384,0.156,
152,-0.355,-0.11,
153,0.425,1.155,
154,0.181,-0.09,
155,-0.368,-0.395,
156,0.162,-0.07,
157,0.405,-0.789,
158,-1.163,0.101,
159,0.048,0.125,
160,0.185,-0.327,
161,-0.88,-0.372,
162,0.237,-0.4,
163,0.959,-0.191,
