1,-0.384,-1,
2,1.28,-1.127,
3,1.682,0.818,
4,1.096,1.136,
5,0.228,1.325,
6,-0.684,-0.384,
7,1.049,0.636,
8,-0.406,0.58,
9,-1.563,0.837,
10,1.919,-0.66,
11,-0.2,1.832,
12,0.147,0.14,
13,-0.02,1.087,
14,1.142,1.582,
15,-0.413,-0.581,
16,0.33,1.679,
17,-1.766,-0.171,
18,1.002,-0.13,
19,0.47,0.053,
20,-0.568,-0.776,
21,0.81,-1.051,
22,-0.433,-1.363,
23,0.294,0.299,
24,-0.803,0.864,
25,-0.071,0.41,
26,0.333,0.04,
27,0.362,-0.69,
28,-1.224,0.546,
29,1.906,1.628,
30,1.103,-0.971,
31,0.257,-2.102,
32,-0.476,-1.594,
33,-0.373,0.574,
34,-0.955,-1.201,
35,-2.451,-0.496,
36,-0.26,2.7,
37,-0.24,0.988,
38,1.465,-0.035,
39,-0.072,-0.065,
40,0.134,-1.84,
41,0.186,0.447,
42,-1.258,-0.536,
43,-1.717,0.839,
44,-1.037,0.337,
45,-1.969,0.585,
46,0.565,-0.298,
47,-1.35,0.027,
48,0.238,0.089,
49,0.051,-1.245,
50,-0.397,0.275,
51,0.363,-0.239,
52,-1.288,-1.718,
53,0.381,-1.888,
54,0.332,-2.065,
55,0.193,0.851,
56,-0.074,0.17,
57,-0.805,0.231,
58,0.812,-0.499,
59,-0.119,1.604,
60,-0.845,0.443,
61,-0.558,-1.9,
62,1.469,1.034,
63,0.151,0.672,
64,-0.188,1.503,
65,-1.484,-1.127,
66,-0.037,0.446,
67,-0.044,0.254,
68,1.234,0.252,
69,0.189,0.394,
70,-0.494,-2.034,
71,-0.156,1.622,
72,0.044,-0.74,
73,-0.064,-0.875,
74,-0.392,0.066,
75,1.409,-1.036,
76,0.008,-0.356,
77,-0.203,0.835,
78,-0.408,0.895,
79,-0.331,0.307,
80,0.548,-0.159,
81,0.453,0.257,
82,0.187,-0.374,
83,-1.934,-0.141,
84,0.913,-0.057,
85,-0.092,-0.316,
86,0.226,2.526,
87,0.2,-0.208,
88,0.579,-0.262,
89,0.384,-1.268,
90,1.213,1.357,
91,1.928,-0.166,
92,0.16,-1.438,
93,0.187,-1.38,
94,0.412,0.259,
95,-0.816,0.516,
96,-0.159,0.344,
97,-0.271,0.398,
98,0.528,-2.282,
99,0.93,0.793,
100,-1.17,2.373,
101,0.653,-0.626,
102,-1.404,0.871,
103,2.344,-0.436,
104,0.575,2.069,
105,0.145,-0.499,
106,0.324,0.078,
107,-1.274,1.54,
108,-0.879,-0.201,
109,0.025,0.508,
110,2.108,-0.673,
111,-0.01,1.717,
112,0.016,-0.28,
113,0.375,0.822,
114,0.932,0.368,
115,-0.197,1.253,
116,1.027,-0.113,
117,1.686,0.781,
118,0.809,-0.222,
119,1.265,1.247,
120,-0.795,-0.808,
121,1.289,0.519,
122,0.853,-1.253,
123,-1.203,-1.207,
124,1.098,0.088,
125,0.797,-1.236,
126,-1.312,-0.479,
127,-1.175,-0.242,
128,-0.106,0.759,
129,0.016,-0.702,
130,-0.485,0.22,
131,1.254,-0.028,
132,0.534,0.894,
133,-1.108,0.975,
134,0.018,0.127,
135,-0.913,0.858,
136,-0.218,-0.759,
137,-1.941,1.409,
138,-1.33,-0.775,
139,0.218,0.076,
140,0.369,-0.573,
141,-0.005,0.373,
142,-0.251,-0.035,
143,-0.567,1.49,
144,0.529,-0.01,
145,0.351,-0.424,
146,-0.431,-0.093,
147,-0.894,-0.432,
148,-0.283,0.077,
149,-0.163,-0.975,
150,-1.328,-0.49,
151,-1.072,0.388,
152,0.306,-0.413,
153,-1.365,-0.235,
154,-1.782,0.969,
155,0.284,0.867,
156,-0.476,-2.172,
157,-0.012,-1.797,
158,0.456,0.456,
159,3.243,-1.105,
160,1.62,1.662,
161,1.473,0.441,
162,-0.001,-0.897,
163,0.026,-0.912,
