1,0.985,0.958,
2,-0.483,0.582,
3,0.068,0.379,
4,0.18,-0.053,
5,-0.64,0.919,
6,1.032,-0.331,
7,0.758,1.269,
8,0.841,-0.146,
9,-0.45,-0.242,
10,-0.25,0.56,
11,0.137,0.929,
12,-0.254,-0.831,
13,0.784,0.693,
14,-0.445,0.833,
15,-0.474,-0.231,
16,-0.116,0.98,
17,-0.59,0.698,
18,-0.059,0.492,
19,0.339,-0.323,
20,0.007,-0.778,
21,-0.176,-0.083,
22,0.174,-0.526,
23,0.289,0.313,
24,0.061,0.779,
25,0.449,-0.449,
26,0.205,1.767,
27,0.442,0.633,
28,0.555,1.126,
29,0.62,0.598,
30,0.06,0.725,
31,0.449,1.548,
32,0.335,0.413,
33,-0.453,-0.171,
34,-0.738,-0.022,
35,0.431,1.036,
36,-0.265,0.692,
37,0.09,0.069,
38,0.046,0.069,
39,0.205,0.222,
40,0.244,0.44,
41,1.009,-0.203,
42,0.808,1.311,
43,0.005,0.237,
44,0.07,1.198,
45,-0.634,1.091,
46,-0.016,0.339,
47,-1.176,0.776,
48,0.479,0.634,
49,0.435,0.282,
50,-0.213,0.271,
51,0.163,0.786,
52,0.162,0.364,
53,0.421,-0.156,
54,0.583,0.381,
55,0.372,-0.382,
56,0.198,0.611,
57,0.847,0.505,
58,0.601,0.928,
59,0.127,0.627,
60,-0.264,0.767,
61,-0.261,0.515,
62,0.772,-0.033,
63,-0.619,0.858,
64,-0.208,-0.077,
65,0.355,0.271,
66,0.579,1.131,
67,-0.096,0.51,
68,0.435,0.97,
69,-0.096,1.469,
70,-0.305,0.404,
71,-0.199,0.602,
72,0.798,1.071,
73,-0.269,-0.294,
74,-0.139,0.603,
75,-1.073,0.126,
76,-0.024,0.647,
77,0.401,1.36,
78,-0.144,0.834,
79,-1.598,-0.352,
80,0.551,0.355,
81,0.08,0.622,
82,0.057,0.433,
83,0.631,0.736,
84,-0.278,-0.149,
85,0.411,1.007,
86,-0.107,0.733,
87,0.727,0.227,
88,-0.072,-0.229,
89,1.166,0.048,
90,0.202,0.617,
91,0.046,1.05,
92,-0.187,0.183,
93,-0.487,0.891,
94,-0.363,1.008,
95,0.384,-0.354,
96,-0.365,0.338,
97,-0.397,0.061,
98,-0.404,-0.372,
99,0.341,-1.23,
100,0.13,0.595,
101,-0.083,1.125,
102,-0.396,-0.185,
103,-0.498,1.391,
104,0.299,0.24,
105,-0.66,-0.74,
106,-0.122,0.812,
107,-0.29,1.243,
108,0.191,-0.335,
109,-0.212,0.329,
110,0.738,0.654,
111,0.342,0.376,
112,-0.003,0.097,
113,0.93,-0.29,
114,0.201,-0.165,
115,0.033,-1.219,
116,1.758,0.217,
117,0.719,0.524,
118,0.755,0.137,
119,0.513,0.003,
120,0.115,0.113,
121,-0.169,0.133,
122,1.115,0.653,
123,-0.274,-1.019,
124,0.501,0.142,
125,-0.247,-0.312,
126,0.579,0.36,
127,-0.513,0.19,
128,0.04,0.34,
129,-0.174,0.105,
130,0.533,-0.937,
131,1.436,1.001,
132,-0.177,0.385,
133,-0.133,0.835,
134,-0.073,-0.291,
135,1.38,-0.422,
136,1.027,0.255,
137,0.469,0.587,
138,0.249,0.1,
139,-0.191,-0.377,
140,-0.345,0.91,
141,-0.041,-0.277,
142,-1.054,-0.064,
143,-0.081,0.176,
144,-0.571,1.66,
145,-0.292,0.13,
146,0.214,1.186,
147,-0.505,1.044,
148,-1.443,-0.024,
149,-0.8,-0.705,
150,-1.144,0.131,
151,0.967,0.531,
152,-1.093,1.086,
153,-0.241,0.325,
154,-0.296,-0.236,
155,0.222,0.584,
156,-0.824,1.122,
157,-0.026,-0.511,
158,1.126,0.209,
159,0.602,0.066,
160,0.054,0.437,
161,0.087,0.102,
162,-0.255,0.594,
163,1.021,1,
