1,-0.96,-0.477,
2,0.04,0.045,
3,0.238,-0.344,
4,0.156,-0.388,
5,0.043,-0.719,
6,0.048,0.141,
7,0.091,-0.263,
8,0.094,-0.407,
9,-0.008,-0.196,
10,-0.211,-0.125,
11,0.081,0.518,
12,-0.189,-0.67,
13,0.423,0.227,
14,0.28,-0.511,
15,-0.704,-0.054,
16,0.276,-0.503,
17,-0.214,0.2,
18,-0.15,0.27,
19,-0.215,0.252,
20,0.317,0.214,
21,0.234,0.063,
22,0.244,0.07,
23,-0.026,-0.133,
24,-0.049,0.251,
25,0.499,0.672,
26,0.222,-0.468,
27,0.057,-0.012,
28,0.191,0.054,
29,-0.343,-0.135,
30,0.743,0.341,
31,0.269,-0.045,
32,-0.104,-0.269,
33,-0.03,-0.084,
34,-0.44,0.251,
35,-0.54,-0.735,
36,0.277,0.316,
37,0.175,0.135,
38,-0.066,-0.321,
39,0.486,-0.21,
40,-0.517,0.18,
41,0.126,0.189,
42,0.16,-0.31,
43,0.218,0.131,
44,-0.011,-0.019,
45,0.099,0.151,
46,-0.044,-0.157,
47,0.304,0.134,
48,-0.241,-0.258,
49,-0.025,0.041,
50,-0.161,0.011,
51,-0.468,-0.046,
52,0.225,0.305,
53,-0.066,0.212,
54,0.291,-0.266,
55,0.102,0.02,
56,-0.105,0.559,
57,-0.245,-0.031,
58,0.087,0.112,
59,0.404,0.325,
60,-0.078,0.157,
61,0.041,-0.14,
62,-0.021,0.426,
63,-0.096,0.143,
64,0.008,0.068,
65,-0.22,0.065,
66,0.106,0.005,
67,-0.231,0.01,
68,0.191,-0.016,
69,0.208,0.022,
70,-0.205,-0.271,
71,0.075,-0.266,
72,0.087,-0.118,
73,0.157,0.319,
74,0.341,-0.016,
75,-0.365,0.182,
76,0.27,-0.406,
77,0.027,0.254,
78,0.271,0.829,
79,-0.384,0.204,
80,-0.517,0.061,
81,-0.058,0.236,
82,-0.045,-0.408,
83,-0.43,0.055,
84,0.829,0.189,
85,-0.7,-0.091,
86,0.042,-0.469,
87,0.197,0.022,
88,0.054,0.039,
89,-0.203,-0.157,
90,-0.291,0.135,
91,0.184,0.277,
92,0.154,-0.424,
93,0.578,0.37,
94,0.11,0.285,
95,-0.245,0.545,
96,0.1,0.147,
97,0.188,-0.186,
98,-0.001,0.185,
99,0.405,-0.083,
100,0.362,0.04,
101,-0.068,-0.012,
102,0.092,0.023,
103,-0.032,-0.441,
104,-0.354,0.072,
105,0.383,0.189,
106,-0.528,-1.152,
107,-0.19,-0.232,
108,0.142,0.108,
109,-0.02,-0.28,
110,-0.269,0.083,
111,-0.361,-0.004,
112,-0.241,0.262,
113,-0.02,0.112,
114,0.141,0.35,
115,-0.326,0.291,
116,-0.145,-0.029,
117,0.247,0.342,
118,0.184,-0.195,
119,-0.018,0.063,
120,-0.048,-0.056,
121,-0.121,0.037,
122,0.02,-0.276,
123,-0.333,0.011,
124,-0.097,0.438,
125,0.043,-0.258,
126,0.113,-0.196,
127,-0.06,0.062,
128,-0.29,0.343,
129,0.493,0.255,
130,-0.271,-0.411,
131,0.06,0.391,
132,-0.203,0.222,
133,-0.195,0.09,
134,-0.392,-0.19,
135,-0.048,0.141,
136,-0.305,-0.242,
137,-0.191,0.268,
138,0.163,0.102,
139,0.061,-0.385,
140,-0.138,0.019,
141,-0.334,0.18,
142,-0.063,-0.073,
143,0.055,-0.299,
144,0.869,-0.771,
145,0.019,-0.235,
146,-0.456,-0.066,
147,-0.449,0.021,
148,-0.112,0.02,
149,-0.057,0.003,
150,-0.201,0.027,
151,-0.371,0.453,
152,-0.288,-0.077,
153,-0.015,-0.152,
154,0.545,0.162,
155,0.109,0.075,
156,-0.256,0.436,
157,0.059,0.048,
158,-0.18,0.186,
159,-0.266,0.063,
160,0.016,0.061,
161,-0.004,-0.176,
162,-0.54,0.17,
163,0.492,-0.319,
