1,0.015,-0.017,
2,-0.024,0.268,
3,0.665,-0.045,
4,-0.616,-0.671,
5,-0.563,0.447,
6,-0.092,-0.701,
7,1.153,-0.104,
8,-0.099,-0.794,
9,-0.135,-1.433,
10,-0.033,-1.057,
11,-0.448,0.006,
12,-0.228,0.09,
13,0.289,-0.56,
14,-0.301,-1.439,
15,-0.329,0.274,
16,0.26,0.918,
17,-0.738,0.1,
18,0.23,0.089,
19,-0.536,0.073,
20,-0.236,0.37,
21,0.007,-0.04,
22,-0.443,0.074,
23,0.087,-0.005,
24,-0.266,0.226,
25,1.459,-0.039,
26,0.235,-0.094,
27,-0.09,0.394,
28,-0.289,0.373,
29,-0.108,0.326,
30,-0.359,-0.419,
31,0.134,-0.145,
32,-0.079,0.524,
33,-0.471,-1.27,
34,-0.956,0.444,
35,-0.018,0.475,
36,0.572,0.745,
37,-0.183,0.097,
38,0.788,0.094,
39,0.201,0.019,
40,0.291,-0.899,
41,0.161,0.029,
42,0.111,0.011,
43,0.054,-0.267,
44,0.457,-0.032,
45,-0.451,0.346,
46,0.108,-0.174,
47,-0.333,0.048,
48,0.111,-0.098,
49,0.188,0.283,
50,-0.001,0.384,
51,-0.222,0.337,
52,-0.231,0.026,
53,0.186,0.769,
54,0.169,-0.095,
55,0.48,-0.279,
56,-0.403,0.3,
57,0.056,-0.077,
58,0.294,0.922,
59,0.833,0.665,
60,-0.168,0.489,
61,-0.679,-0.543,
62,0.545,0.022,
63,-0.262,-0.178,
64,0.022,-0.673,
65,0.18,0.151,
66,-0.256,0.169,
67,-0.129,-0.027,
68,0.382,0.019,
69,0.036,0.445,
70,0.007,-0.078,
71,0.894,-0.08,
72,0.001,0.31,
73,0.183,-0.432,
74,0.156,0.271,
75,-0.289,0.59,
76,1.007,-0.324,
77,0.27,1.368,
78,0.374,0.515,
79,-0.983,-0.25,
80,-0.212,-0.029,
81,-0.131,0.53,
82,0.208,0.212,
83,0.127,0.306,
84,-0.343,-0.94,
85,-0.203,0.048,
86,0.203,-0.059,
87,0.001,-0.182,
88,0.236,0.111,
89,0.227,0.391,
90,-0.561,0.547,
91,0.679,0.378,
92,-0.028,0.065,
93,-0.118,0.237,
94,-0.205,0.182,
95,-0.109,-0.428,
96,-0.024,-0.169,
97,-0.747,-0.986,
98,0.151,-0.291,
99,-0.052,-0.482,
100,0.268,0.022,
101,-0.195,0.281,
102,-0.301,0.27,
103,-0.197,0.395,
104,0.566,-0.227,
105,-0.186,0.61,
106,-0.718,-1.679,
107,-1.313,-0.414,
108,0.605,-0.592,
109,-0.74,-0.682,
110,0.316,-0.34,
111,0.145,0.287,
112,0.136,-0.015,
113,0.691,0.453,
114,-0.336,-0.339,
115,-0.204,0.036,
116,-0.185,0.688,
117,0.087,0.551,
118,0.143,-0.555,
119,0.681,-0.118,
120,0.068,-0.363,
121,-0.21,-0.385,
122,0.224,-0.181,
123,-0.303,-0.022,
124,0.068,0.464,
125,-0.251,-0.041,
126,-0.137,-0.239,
127,-0.592,0.368,
128,-0.329,0.371,
129,0.316,-0.266,
130,0.139,-0.435,
131,0.535,-0.227,
132,0.098,-0.068,
133,0.169,-0.069,
134,-0.423,-0.3,
135,0.968,0.069,
136,0.224,0.191,
137,1.18,-0.151,
138,0.233,0.219,
139,0.206,-0.616,
140,-0.875,0.996,
141,-0.74,0.451,
142,-0.117,-0.358,
143,0.46,-0.883,
144,0.793,-0.511,
145,-0.802,-0.117,
146,-0.903,0.195,
147,-0.636,0.584,
148,-0.523,-0.626,
149,-0.329,0.523,
150,-0.123,-0.227,
151,0.454,-0.435,
152,-0.648,-0.647,
153,-0.527,0.131,
154,0.005,0.004,
155,0.161,0.306,
156,-0.518,0.719,
157,-0.047,-0.716,
158,0.011,0.045,
159,-0.124,-0.024,
160,-0.469,-0.159,
161,-0.182,0.424,
162,0.322,1.001,
163,0.325,0.885,
