1,-2.773,-2.256,
2,0.401,-0.521,
3,-1.045,-1.26,
4,0.468,-0.873,
5,-0.22,-2.184,
6,-0.027,1.659,
7,1.308,0.266,
8,0.515,-0.426,
9,-1.081,0.025,
10,0.222,-0.545,
11,0.381,2.324,
12,-1.547,-2.072,
13,1.748,1.215,
14,-0.056,-0.523,
15,-2.169,-0.081,
16,0.456,-2.332,
17,0.437,0.125,
18,0.168,-0.14,
19,1.036,0.745,
20,2.347,1.089,
21,0.762,0.29,
22,1.264,0.471,
23,0.06,-0.125,
24,-0.261,0.306,
25,-0.128,2.66,
26,0.319,-0.832,
27,0.219,-0.131,
28,0.59,0.026,
29,-0.209,-2.134,
30,0.637,0.268,
31,0.775,0.419,
32,-0.129,-1.025,
33,-0.138,-0.711,
34,-2.051,1.336,
35,-2.236,-0.992,
36,-0.406,0.728,
37,0.61,0.298,
38,-0.128,-1.102,
39,0.697,0.1,
40,-1.264,1.579,
41,0.318,0.518,
42,0.216,0.207,
43,0.035,1.358,
44,-0.176,-0.464,
45,-0.192,0.24,
46,-2.094,-0.792,
47,0.254,0.859,
48,-1.728,-0.768,
49,-0.396,-1.379,
50,-0.947,-0.57,
51,-1.048,-0.038,
52,0.609,1.097,
53,-0.388,-0.129,
54,1.546,-0.756,
55,-0.191,1.08,
56,0.093,0.652,
57,-0.769,-0.493,
58,0.778,0.361,
59,1.385,0.929,
60,-0.138,-0.071,
61,0.378,-0.512,
62,-0.875,0.937,
63,-0.881,1.168,
64,-0.212,0.227,
65,-0.295,0.253,
66,0.388,0.207,
67,-0.387,-0.765,
68,-0.024,0.664,
69,-1.351,0.194,
70,-0.373,-0.356,
71,0.27,-0.984,
72,0.615,-0.756,
73,-0.19,-0.022,
74,-0.461,-0.233,
75,-2.546,-0.055,
76,0.327,-0.318,
77,0.353,-0.047,
78,-0.062,0.36,
79,-1.032,-0.208,
80,-1.161,-0.09,
81,-0.795,1.145,
82,-0.63,-1.411,
83,-2.389,-0.301,
84,1.511,0.368,
85,-0.604,-0.209,
86,-0.011,-0.536,
87,0.642,0.374,
88,0.194,0.763,
89,0.237,0.006,
90,-0.428,0.342,
91,0.181,1.193,
92,0.856,-1.558,
93,2.534,-0.008,
94,0.578,0.949,
95,0.075,1.844,
96,-1.023,1.106,
97,1.28,1.377,
98,0.149,0.085,
99,0.529,0.532,
100,-0.818,0.29,
101,0.102,0.216,
102,-0.393,-1.061,
103,-0.578,-1.46,
104,-0.822,-0.34,
105,1.308,0.756,
106,-0.593,-1.353,
107,-0.6,-0.114,
108,0.764,0.172,
109,0.138,-0.066,
110,-1.656,0.65,
111,-1.44,1.028,
112,-1.11,1.968,
113,0.389,-0.18,
114,0.069,0.864,
115,-1.012,0.614,
116,-0.19,-0.481,
117,1.367,0.427,
118,0.477,-1.012,
119,-0.531,0.181,
120,-0.101,-0.631,
121,-0.237,1.791,
122,-0.771,-0.329,
123,-0.874,-0.613,
124,-0.514,0.701,
125,-0.738,-0.371,
126,0.049,-0.454,
127,-0.357,0.767,
128,-0.303,-0.2,
129,0.655,1.176,
130,-1.227,-1.818,
131,0.758,1.836,
132,-0.717,1.936,
133,-0.319,0.519,
134,-0.871,-0.81,
135,-1.084,0.642,
136,-2.193,-0.769,
137,-1.152,0.593,
138,-0.579,0.062,
139,0.52,-1.109,
140,-0.032,0.131,
141,-0.073,-0.851,
142,-0.228,0.377,
143,-0.385,-0.445,
144,0.218,-0.2,
145,-0.186,-0.964,
146,-1.351,-0.742,
147,-1.999,-1.156,
148,-0.596,-0.093,
149,1.256,-0.626,
150,-0.412,-0.013,
151,-1.177,0.545,
152,-0.962,-0.56,
153,0.216,0.07,
154,1.674,0.35,
155,-0.287,0.097,
156,-0.418,-0.094,
157,-0.525,-0.053,
158,-0.853,-1.394,
159,-0.148,0.199,
160,0.505,-0.911,
161,-1.355,-0.323,
162,-1.313,-0.208,
163,0.61,-1.01,
