1,-2.041,-2.686,
2,0.863,-1.116,
3,-1.285,-0.744,
4,0.68,-0.438,
5,-0.024,-0.677,
6,-0.334,1.167,
7,1.652,0.888,
8,0.64,-0.049,
9,-0.891,-0.26,
10,1.435,-0.695,
11,-0.095,2.039,
12,-1.285,-1.453,
13,1.791,1.066,
14,-0.337,-0.739,
15,-1.391,-0.168,
16,0.594,-2.042,
17,0.636,0.29,
18,0.055,-0.758,
19,1.889,0.484,
20,3.234,1.648,
21,1.088,0.123,
22,1.051,0.488,
23,0.144,-0.311,
24,-0.409,1.372,
25,-0.637,2.35,
26,0.706,0.071,
27,-0.127,-0.468,
28,0.389,-0.089,
29,-0.097,-1.518,
30,0.159,0.184,
31,0.769,1.04,
32,0.215,-0.97,
33,-0.216,-0.17,
34,-2.082,1.264,
35,-1.811,-0.114,
36,-1.632,1.252,
37,0.47,0.316,
38,-1.045,-1.306,
39,-0.14,0.5,
40,-0.84,1.501,
41,0.422,0.52,
42,1.211,1.342,
43,-0.169,1.639,
44,-0.336,-0.59,
45,-0.48,-0.286,
46,-2.15,-1.1,
47,-0.378,0.45,
48,-1.274,-0.695,
49,-1.031,-2.114,
50,-0.978,-1.039,
51,-0.984,-0.458,
52,0.63,0.994,
53,0.326,-1.648,
54,1.648,-0.836,
55,-0.398,0.943,
56,-1.05,0.364,
57,-0.229,-0.683,
58,0.922,0.598,
59,2.062,0.307,
60,0.102,-0.504,
61,0.162,-0.443,
62,-1.923,0.676,
63,-0.863,2.312,
64,-0.434,-0.058,
65,-0.087,0.219,
66,0.424,0.896,
67,-0.4,-1.096,
68,0.132,0.379,
69,-1.457,0.843,
70,-0.064,-0.031,
71,-0.222,-1.62,
72,0.749,-0.614,
73,-0.401,-0.181,
74,-0.231,-0.066,
75,-1.641,-0.076,
76,-0.327,0.247,
77,0.19,-0.551,
78,-0.003,-0.091,
79,-0.99,-0.132,
80,-1.136,-0.561,
81,-1.057,1.088,
82,-0.791,-0.736,
83,-1.473,-0.102,
84,0.547,-0.244,
85,-1.186,-0.288,
86,-0.146,-0.221,
87,0.92,-0.6,
88,0.039,0.707,
89,0.264,0.212,
90,0.153,0.275,
91,-0.215,1.478,
92,0.896,-1.215,
93,1.494,-0.195,
94,0.397,0.675,
95,0.095,2.115,
96,-1.349,1.155,
97,1.072,1.114,
98,0.289,-0.99,
99,-0.355,1.063,
100,-2.498,-0.044,
101,0.438,0.615,
102,-0.014,-0.95,
103,-0.562,-1.33,
104,-0.424,-0.399,
105,-0.281,0.604,
106,-0.292,-0.779,
107,-0.15,0.762,
108,0.324,0.199,
109,-0.493,0.012,
110,-2.641,1.188,
111,-0.888,1.2,
112,-1.23,1.808,
113,1.101,-0.428,
114,-0.152,0.373,
115,-0.611,0.094,
116,-0.336,-0.78,
117,2.248,-0.1,
118,0.208,-0.843,
119,-0.82,0.429,
120,0.284,-1.32,
121,0.033,2.028,
122,-0.853,-0.062,
123,-0.683,-1.037,
124,0.185,0.264,
125,-1.054,-0.353,
126,0.356,-0.574,
127,0.475,0.879,
128,-0.094,-0.154,
129,0.493,1.392,
130,-0.992,-0.91,
131,1.126,2.001,
132,-0.759,1.707,
133,-0.536,-0.123,
134,-0.873,-0.552,
135,-1.18,0.107,
136,-1.964,-0.039,
137,-1.369,-0.002,
138,-0.937,0.381,
139,0.629,-0.957,
140,0.159,0.301,
141,-0.354,-1.064,
142,-0.3,0.347,
143,-0.294,-0.199,
144,0.039,1.087,
145,-0.329,-1.156,
146,-0.988,-0.777,
147,-1.835,-2.092,
148,-1.096,-0.047,
149,1.853,-0.907,
150,-0.292,-0.557,
151,-0.58,0.362,
152,-0.79,-0.344,
153,0.81,0.909,
154,0.999,0.261,
155,-0.419,-0.236,
156,-0.021,-0.35,
157,-0.033,-0.654,
158,-1.981,-0.6,
159,-0.251,-0.115,
160,0.584,-0.75,
161,-1.168,-0.382,
162,-0.498,-0.723,
163,1.321,-0.482,
