1,-1.908,-2.608,
2,0.738,-1.458,
3,-1.405,-1.125,
4,0.64,-0.663,
5,0.275,-1.715,
6,-0.477,1.711,
7,2.232,1.254,
8,0.733,-0.039,
9,-1.032,-0.263,
10,0.89,-0.559,
11,0.101,2.066,
12,-1.385,-1.777,
13,1.905,0.968,
14,-0.216,-0.771,
15,-1.804,0.251,
16,0.259,-2.349,
17,0.406,0.162,
18,0.11,-0.497,
19,1.539,0.764,
20,2.923,1.266,
21,0.786,0.228,
22,1.126,0.704,
23,0.138,-0.408,
24,-0.18,0.949,
25,-0.443,2.328,
26,0.389,-0.298,
27,-0.016,-0.364,
28,0.515,0.052,
29,-0.154,-1.898,
30,0.331,0.248,
31,0.68,0.776,
32,0.105,-1.024,
33,-0.1,-0.537,
34,-2.167,1.359,
35,-1.739,-0.552,
36,-0.909,0.95,
37,0.32,0.261,
38,-0.609,-1.098,
39,0.179,0.424,
40,-0.814,1.622,
41,0.384,0.513,
42,0.893,0.96,
43,-0.049,1.615,
44,-0.219,-0.398,
45,-0.357,-0.064,
46,-2.311,-1.031,
47,-0.271,0.654,
48,-1.194,-0.861,
49,-1.444,-2.095,
50,-0.976,-0.913,
51,-0.846,-0.221,
52,0.554,0.949,
53,0.109,-1.296,
54,1.721,-0.67,
55,-0.417,0.792,
56,-0.754,0.486,
57,-0.401,-0.544,
58,0.804,0.544,
59,1.784,0.57,
60,-0.073,-0.387,
61,0.713,-0.499,
62,-1.376,0.572,
63,-0.868,1.883,
64,-0.227,0.033,
65,-0.072,0.123,
66,0.377,0.671,
67,-0.441,-1.008,
68,0.07,0.615,
69,-1.502,0.613,
70,-0.155,-0.137,
71,-0.137,-1.355,
72,0.672,-0.651,
73,-0.523,-0.252,
74,-0.305,-0.099,
75,-2.38,-0.103,
76,-0.153,0.038,
77,0.197,-0.37,
78,-0.21,-0.01,
79,-1.046,-0.046,
80,-1.078,-0.411,
81,-0.718,1.251,
82,-0.776,-0.95,
83,-1.754,-0.26,
84,0.811,-0.085,
85,-1.031,-0.175,
86,-0.114,-0.24,
87,0.75,-0.345,
88,0.227,0.661,
89,0.647,0.238,
90,-0.174,0.295,
91,0.038,1.285,
92,0.808,-1.294,
93,1.709,-0.148,
94,0.268,0.787,
95,0.381,2.003,
96,-1.173,1.011,
97,1.075,1.022,
98,0.277,-0.72,
99,0.009,0.866,
100,-2.131,0.193,
101,0.433,0.509,
102,-0.713,-0.733,
103,-0.912,-1.252,
104,-0.579,-0.327,
105,0.366,0.668,
106,-0.412,-0.865,
107,-0.259,0.475,
108,0.39,0.148,
109,-0.233,-0.111,
110,-2.372,0.987,
111,-0.964,1.169,
112,-1.172,1.864,
113,1.073,-0.427,
114,-0.048,0.524,
115,-0.408,0.459,
116,-0.404,-0.684,
117,1.904,-0.068,
118,0.382,-0.836,
119,-0.664,0.314,
120,0.152,-1.04,
121,0.153,2.046,
122,-0.748,-0.108,
123,-0.566,-1.022,
124,0.083,0.347,
125,-1.068,-0.533,
126,0.243,-0.603,
127,0.412,0.881,
128,-0.34,0,
129,0.41,1.539,
130,-1.025,-1.08,
131,0.858,2.067,
132,-0.575,1.656,
133,-0.534,-0.026,
134,-0.957,-0.52,
135,-1.194,0.428,
136,-2.006,-0.401,
137,-1.163,0.248,
138,-0.686,0.363,
139,0.56,-0.816,
140,-0.003,0.17,
141,-0.221,-0.959,
142,-0.145,0.287,
143,-0.332,-0.51,
144,0.031,0.53,
145,-0.19,-1.216,
146,-1.008,-0.639,
147,-1.775,-1.633,
148,-0.714,0.295,
149,1.746,-1.194,
150,-0.393,-0.305,
151,-0.671,0.56,
152,-0.824,-0.277,
153,0.494,0.741,
154,1.229,0.414,
155,-0.376,-0.014,
156,-0.072,-0.093,
157,-0.287,-1.063,
158,-1.89,-1.087,
159,-0.327,0.472,
160,0.59,-0.567,
161,-1.398,-0.146,
162,-0.594,-0.325,
163,0.591,-0.952,
