1,-0.477,-0.052,
2,0.08,-0.054,
3,0.669,0.066,
4,0.185,0.239,
5,-0.12,0.141,
6,-0.223,-0.086,
7,0.165,-0.009,
8,-0.11,-0.382,
9,-0.289,0.028,
10,0.261,-0.303,
11,-0.428,0.274,
12,0.385,-0.086,
13,-0.196,0.019,
14,0.272,-0.341,
15,0.002,-0.318,
16,-0.15,0.099,
17,-0.772,0.047,
18,-0.177,0.138,
19,-0.166,0.118,
20,-0.262,-0.1,
21,0.212,-0.155,
22,0.106,-0.017,
23,0.024,-0.123,
24,-0.365,0.252,
25,0.397,-0.089,
26,0.261,-0.226,
27,0.037,-0.235,
28,-0.064,0.122,
29,-0.052,0.632,
30,0.629,0.073,
31,0.105,-0.599,
32,-0.314,-0.417,
33,-0.123,0.036,
34,-0.298,-0.173,
35,-0.432,0.104,
36,0.349,0.761,
37,-0.224,0.107,
38,0.05,-0.38,
39,0.315,-0.225,
40,-0.148,-0.336,
41,0.012,0.136,
42,-0.028,-0.394,
43,-0.265,-0.023,
44,-0.358,0.015,
45,-0.555,0.028,
46,0.126,-0.043,
47,-0.163,0.003,
48,0.221,0.14,
49,-0.302,0.079,
50,-0.068,0.069,
51,-0.399,-0.08,
52,-0.14,-0.217,
53,0.022,-0.165,
54,0.191,-0.746,
55,0.011,0.086,
56,0.128,0.556,
57,-0.303,-0.064,
58,0.12,-0.111,
59,0.059,0.149,
60,-0.483,0.196,
61,-0.109,-0.522,
62,0.307,0.061,
63,-0.15,0.209,
64,0.041,0.423,
65,-0.184,-0.066,
66,-0.006,0.059,
67,-0.112,0.251,
68,0.021,0.117,
69,0.431,0.018,
70,-0.245,-0.862,
71,-0.17,-0.045,
72,-0.104,-0.191,
73,0.108,0.015,
74,0.389,0.093,
75,0.185,-0.133,
76,0.18,-0.048,
77,-0.074,0.336,
78,-0.181,0.269,
79,-0.139,0.222,
80,-0.188,-0.118,
81,0.102,0.018,
82,0.239,-0.123,
83,-0.177,-0.2,
84,0.653,0.008,
85,-0.638,-0.14,
86,-0.064,-0.289,
87,0.036,-0.176,
88,0.058,-0.102,
89,-0.07,-0.366,
90,0.039,0.387,
91,0.261,-0.024,
92,0.13,-0.185,
93,0.089,-0.112,
94,0.058,0.149,
95,-0.158,0.171,
96,0.148,-0.057,
97,-0.289,-0.26,
98,-0.02,-0.342,
99,0.325,-0.084,
100,-0.457,0.603,
101,0.007,-0.213,
102,-0.428,0.672,
103,0.162,-0.451,
104,-0.047,0.828,
105,0.062,-0.177,
106,-0.398,-1.099,
107,-0.424,0.062,
108,-0.065,-0.129,
109,-0.268,-0.264,
110,0.646,0.013,
111,-0.316,0.037,
112,0.151,-0.131,
113,0.15,0.192,
114,-0.033,0.234,
115,-0.276,0.364,
116,0.254,-0.186,
117,0.494,-0.035,
118,0.1,-0.061,
119,0.294,0.344,
120,-0.249,-0.243,
121,0.095,-0.364,
122,0.354,0.074,
123,-0.404,-0.401,
124,0.272,0.2,
125,0.119,-0.159,
126,-0.506,-0.213,
127,0.06,-0.178,
128,-0.231,0.45,
129,0.195,-0.171,
130,-0.075,0.214,
131,0.104,-0.109,
132,0.094,0.124,
133,-0.313,0.011,
134,-0.35,0.047,
135,-0.031,0.149,
136,-0.193,-0.225,
137,-0.378,0.542,
138,0.023,-0.048,
139,0.111,0.461,
140,-0.167,-0.007,
141,-0.325,0.431,
142,-0.058,-0.135,
143,0.099,0.164,
144,0.845,-0.629,
145,0.121,-0.147,
146,-0.107,-0.115,
147,-0.233,0.006,
148,0.071,0.077,
149,0.033,-0.04,
150,-0.404,-0.025,
151,-0.326,0.205,
152,0.068,-0.098,
153,-0.236,0.131,
154,-0.562,0.254,
155,0.29,-0.064,
156,-0.383,0.009,
157,0.035,-0.277,
158,-0.144,0.329,
159,0.04,-0.232,
160,0.323,0.723,
161,0.557,0.097,
162,0.085,0.153,
163,0.24,-0.24,
