1,-1.557,-0.982,
2,0.077,-0.156,
3,-0.083,-0.46,
4,0.222,-0.322,
5,-0.025,-1.209,
6,-0.054,0.424,
7,0.252,-0.348,
8,0.07,-0.492,
9,-0.233,-0.109,
10,-0.2,-0.092,
11,-0.02,0.851,
12,-0.48,-1.019,
13,0.645,0.489,
14,0.239,-0.643,
15,-1.096,-0.278,
16,0.327,-1.002,
17,-0.114,0.224,
18,-0.073,0.258,
19,-0.009,0.31,
20,0.696,0.165,
21,0.257,0.029,
22,0.428,0.178,
23,-0.053,-0.189,
24,0.025,0.457,
25,0.279,1.057,
26,0.256,-0.483,
27,0.153,0.043,
28,0.223,-0.002,
29,-0.323,-0.612,
30,0.706,0.327,
31,0.319,0.007,
32,-0.066,-0.423,
33,0.043,-0.299,
34,-0.724,0.528,
35,-0.978,-0.982,
36,0.189,0.376,
37,0.279,0.165,
38,-0.128,-0.372,
39,0.491,-0.345,
40,-0.592,0.4,
41,0.152,0.235,
42,0.118,-0.197,
43,0.195,0.366,
44,-0.008,-0.058,
45,0.082,0.105,
46,-0.505,-0.352,
47,0.276,0.224,
48,-0.566,-0.343,
49,-0.188,-0.195,
50,-0.297,-0.096,
51,-0.603,-0.032,
52,0.266,0.403,
53,-0.13,0.206,
54,0.526,-0.479,
55,0.022,0.216,
56,0.001,0.56,
57,-0.496,-0.081,
58,0.187,0.174,
59,0.441,0.431,
60,-0.176,0.148,
61,0.139,-0.261,
62,-0.405,0.615,
63,-0.273,0.315,
64,-0.187,0.152,
65,-0.173,0.052,
66,0.165,0.015,
67,-0.256,-0.162,
68,0.224,0.162,
69,0.051,0.009,
70,-0.275,-0.291,
71,0.039,-0.706,
72,0.196,-0.221,
73,0.177,0.316,
74,0.25,-0.022,
75,-0.774,0.127,
76,0.227,-0.369,
77,0.114,0.181,
78,0.105,0.634,
79,-0.58,0.213,
80,-0.636,0.095,
81,-0.37,0.177,
82,-0.083,-0.714,
83,-0.733,-0.033,
84,1.068,0.239,
85,-0.753,-0.105,
86,0.071,-0.499,
87,0.19,0.088,
88,-0.209,0.498,
89,-0.259,-0.146,
90,-0.278,0.155,
91,0.263,0.268,
92,0.268,-0.703,
93,0.872,0.355,
94,0.142,0.403,
95,-0.245,0.87,
96,-0.222,0.304,
97,0.352,0.181,
98,-0.035,0.145,
99,0.419,0.026,
100,0.173,0.082,
101,-0.105,0.026,
102,0.09,-0.301,
103,-0.146,-0.714,
104,-0.384,0.009,
105,0.469,0.575,
106,-0.54,-1.124,
107,-0.352,-0.407,
108,0.228,0.135,
109,0.076,-0.29,
110,-0.47,0.107,
111,-0.589,0.2,
112,-0.37,0.642,
113,0.079,0.104,
114,0.078,0.443,
115,-0.137,0.318,
116,-0.053,-0.176,
117,0.316,0.407,
118,0.114,-0.386,
119,-0.073,0.084,
120,-0.108,-0.116,
121,-0.175,0.286,
122,-0.283,-0.607,
123,-0.353,-0.095,
124,-0.169,0.548,
125,-0.223,-0.116,
126,0.259,-0.301,
127,-0.207,0.175,
128,-0.271,0.175,
129,0.502,0.442,
130,-0.468,-0.599,
131,0.177,0.641,
132,-0.242,0.62,
133,-0.2,0.194,
134,-0.506,-0.294,
135,-0.276,0.275,
136,-0.715,-0.544,
137,-0.338,0.317,
138,-0.02,0.032,
139,0.189,-0.494,
140,-0.136,-0.027,
141,-0.23,-0.08,
142,0.016,0.097,
143,0.001,-0.313,
144,0.582,-0.582,
145,0.08,-0.284,
146,-0.631,-0.184,
147,-0.749,-0.231,
148,-0.104,0.044,
149,0.104,-0.038,
150,-0.353,0.17,
151,-0.44,0.423,
152,-0.393,-0.193,
153,0.172,-0.066,
154,0.749,0.187,
155,0.001,0.03,
156,-0.247,0.357,
157,-0.149,0.175,
158,-0.351,0.025,
159,-0.23,0.183,
160,0.135,-0.152,
161,-0.379,-0.234,
162,-0.698,0.127,
163,0.633,-0.345,
