1,-0.689,-0.519,
2,0.646,-0.428,
3,1.19,0.34,
4,0.638,0.657,
5,-0.015,0.721,
6,-0.582,-0.21,
7,0.622,0.276,
8,-0.361,-0.089,
9,-1.129,0.584,
10,1.117,-0.646,
11,-0.578,1.092,
12,0.29,0.005,
13,-0.101,0.547,
14,0.642,0.547,
15,-0.126,-1.078,
16,-0.104,0.921,
17,-1.555,-0.281,
18,0.415,-0.162,
19,0.034,0.003,
20,-0.713,-0.61,
21,0.492,-0.662,
22,-0.237,-0.589,
23,0.248,0.055,
24,-0.595,0.584,
25,0.247,0.101,
26,0.217,-0.21,
27,0.153,-0.62,
28,-0.538,0.296,
29,0.818,1.351,
30,0.721,-0.45,
31,0.188,-1.468,
32,-0.613,-1.112,
33,-0.303,0.313,
34,-0.682,-0.656,
35,-1.515,-0.247,
36,0.175,1.754,
37,-0.475,0.536,
38,0.56,-0.499,
39,0.159,-0.136,
40,-0.054,-1.165,
41,-0.001,0.365,
42,-0.732,-0.417,
43,-1.112,0.378,
44,-0.853,0.106,
45,-1.364,0.219,
46,0.32,-0.161,
47,-0.773,-0.011,
48,0.384,0.275,
49,-0.349,-0.593,
50,-0.24,0.131,
51,-0.145,-0.088,
52,-0.75,-1.136,
53,0.285,-1.101,
54,0.193,-2.003,
55,0.057,0.465,
56,0.224,0.37,
57,-0.7,0.042,
58,0.448,-0.412,
59,-0.045,1.028,
60,-0.81,0.315,
61,-0.324,-1.41,
62,0.808,0.371,
63,-0.058,0.421,
64,-0.093,1.05,
65,-0.79,-0.499,
66,0.042,0.357,
67,-0.153,0.383,
68,0.419,0.23,
69,0.396,0.149,
70,-0.331,-1.738,
71,-0.333,0.676,
72,-0.015,-0.559,
73,-0.034,-0.569,
74,0.08,0.046,
75,0.52,-0.755,
76,0.107,-0.168,
77,-0.133,0.629,
78,-0.452,0.517,
79,-0.216,0.236,
80,0.134,-0.276,
81,0.249,0.054,
82,0.367,-0.368,
83,-1.213,-0.487,
84,0.939,0.01,
85,-0.452,-0.205,
86,-0.072,0.829,
87,0.152,-0.15,
88,0.238,-0.239,
89,0.161,-0.934,
90,0.469,0.994,
91,0.974,-0.241,
92,0.179,-0.841,
93,0.234,-0.961,
94,0.296,0.247,
95,-0.481,0.339,
96,-0.155,0.164,
97,-0.481,0.175,
98,0.025,-1.474,
99,0.823,0.199,
100,-1.283,2.004,
101,0.37,-0.422,
102,-1.027,0.986,
103,1.238,-0.553,
104,0.146,1.744,
105,0.124,-0.402,
106,-0.049,-0.696,
107,-0.885,0.655,
108,-0.446,-0.195,
109,-0.246,0.058,
110,1.653,-0.19,
111,-0.332,0.996,
112,0.169,-0.248,
113,0.243,0.452,
114,0.237,0.322,
115,-0.241,0.993,
116,0.713,-0.294,
117,1.095,0.377,
118,0.568,-0.178,
119,0.779,0.776,
120,-0.663,-0.674,
121,0.584,-0.085,
122,0.645,-0.513,
123,-1.006,-1.088,
124,0.769,0.151,
125,0.678,-0.506,
126,-1.232,-0.18,
127,-0.478,-0.297,
128,-0.252,0.63,
129,-0.036,-0.637,
130,-0.369,0.271,
131,0.601,-0.134,
132,0.306,0.527,
133,-0.728,0.471,
134,-0.232,0.116,
135,-0.49,0.376,
136,-0.295,-0.552,
137,-1.279,1.236,
138,-0.783,-0.607,
139,0.212,0.498,
140,0.03,-0.245,
141,-0.116,0.376,
142,-0.19,-0.127,
143,-0.363,1.047,
144,0.766,-0.365,
145,0.2,-0.335,
146,-0.184,-0.223,
147,-0.54,-0.305,
148,-0.057,0.16,
149,-0.077,-0.363,
150,-0.843,-0.324,
151,-0.839,0.246,
152,0.236,-0.233,
153,-0.652,-0.034,
154,-1.38,0.727,
155,0.424,0.309,
156,-0.568,-1.142,
157,-0.107,-1.243,
158,0.063,0.197,
159,1.595,-0.794,
160,1.108,1.365,
161,1.09,0.385,
162,0.134,-0.298,
163,0.132,-0.538,
