1,-1.79,-2.392,
2,0.856,-1.179,
3,-1.289,-0.797,
4,0.648,-0.448,
5,0.105,-0.775,
6,-0.505,1.387,
7,1.791,1.07,
8,0.585,-0.066,
9,-0.853,-0.293,
10,1.219,-0.568,
11,-0.02,2.038,
12,-1.22,-1.444,
13,1.778,0.952,
14,-0.31,-0.82,
15,-1.399,-0.016,
16,0.517,-1.995,
17,0.497,0.253,
18,0.067,-0.616,
19,1.65,0.563,
20,3.011,1.501,
21,0.863,0.231,
22,0.957,0.553,
23,0.127,-0.362,
24,-0.308,1.282,
25,-0.537,2.179,
26,0.583,0.019,
27,-0.086,-0.412,
28,0.412,-0.013,
29,-0.11,-1.399,
30,0.176,0.212,
31,0.678,0.943,
32,0.211,-0.918,
33,-0.139,-0.222,
34,-1.996,1.287,
35,-1.627,-0.187,
36,-1.35,1.133,
37,0.362,0.274,
38,-0.836,-1.151,
39,-0.002,0.544,
40,-0.702,1.435,
41,0.406,0.485,
42,1.119,1.24,
43,-0.108,1.502,
44,-0.257,-0.468,
45,-0.415,-0.278,
46,-2.076,-1.011,
47,-0.408,0.484,
48,-1.071,-0.718,
49,-1.113,-2.03,
50,-0.918,-0.965,
51,-0.749,-0.366,
52,0.56,0.889,
53,0.265,-1.601,
54,1.629,-0.709,
55,-0.405,0.781,
56,-0.998,0.493,
57,-0.195,-0.606,
58,0.807,0.575,
59,1.852,0.338,
60,-0.026,-0.446,
61,0.253,-0.413,
62,-1.587,0.564,
63,-0.829,2.129,
64,-0.353,-0.008,
65,-0.045,0.171,
66,0.37,0.836,
67,-0.394,-1.011,
68,0.113,0.488,
69,-1.372,0.785,
70,-0.076,-0.033,
71,-0.242,-1.449,
72,0.697,-0.539,
73,-0.476,-0.191,
74,-0.189,-0.039,
75,-1.739,-0.094,
76,-0.36,0.138,
77,0.162,-0.486,
78,-0.053,-0.063,
79,-0.988,-0.046,
80,-0.964,-0.535,
81,-0.914,1.047,
82,-0.713,-0.683,
83,-1.339,-0.165,
84,0.485,-0.226,
85,-1.129,-0.225,
86,-0.163,-0.165,
87,0.804,-0.59,
88,0.157,0.641,
89,0.395,0.24,
90,0.098,0.244,
91,-0.121,1.325,
92,0.789,-1.152,
93,1.336,-0.13,
94,0.278,0.654,
95,0.233,1.979,
96,-1.13,0.946,
97,0.976,0.982,
98,0.27,-0.923,
99,-0.224,0.921,
100,-2.37,0.032,
101,0.419,0.584,
102,-0.352,-0.754,
103,-0.646,-1.203,
104,-0.402,-0.345,
105,-0.119,0.505,
106,-0.304,-0.718,
107,-0.119,0.734,
108,0.316,0.075,
109,-0.379,-0.077,
110,-2.525,1.032,
111,-0.8,1.146,
112,-1.178,1.679,
113,0.998,-0.47,
114,-0.133,0.352,
115,-0.418,0.077,
116,-0.364,-0.729,
117,2.062,-0.144,
118,0.308,-0.823,
119,-0.72,0.391,
120,0.253,-1.194,
121,0.125,1.918,
122,-0.733,-0.055,
123,-0.581,-1.049,
124,0.237,0.208,
125,-1.028,-0.46,
126,0.276,-0.539,
127,0.529,0.806,
128,-0.182,-0.055,
129,0.459,1.403,
130,-0.91,-0.83,
131,1.023,1.954,
132,-0.667,1.57,
133,-0.547,-0.173,
134,-0.823,-0.455,
135,-1.101,0.138,
136,-1.835,-0.14,
137,-1.226,0.037,
138,-0.804,0.401,
139,0.583,-0.913,
140,0.108,0.241,
141,-0.303,-1.002,
142,-0.259,0.234,
143,-0.238,-0.304,
144,0.049,0.799,
145,-0.278,-1.162,
146,-0.858,-0.641,
147,-1.649,-1.881,
148,-0.977,0.044,
149,1.771,-1.098,
150,-0.375,-0.365,
151,-0.472,0.411,
152,-0.734,-0.262,
153,0.702,0.823,
154,0.985,0.317,
155,-0.417,-0.188,
156,0.066,-0.129,
157,0.03,-0.769,
158,-1.837,-0.658,
159,-0.258,0.015,
160,0.558,-0.577,
161,-1.153,-0.287,
162,-0.446,-0.631,
163,1.053,-0.644,
