1,-0.417,-0.514,
2,0.683,-0.691,
3,-0.889,-0.174,
4,0.475,-0.035,
5,0.196,0.583,
6,-1.177,1.005,
7,1.077,1.192,
8,0.41,0.273,
9,-0.338,-0.477,
10,1.037,-0.166,
11,0.058,1.355,
12,-0.293,-0.663,
13,1.203,0.416,
14,-0.612,-0.574,
15,-0.419,0.278,
16,0.415,-0.887,
17,0.141,0.286,
18,-0.093,-0.557,
19,0.933,0.312,
20,1.662,1.292,
21,0.345,0.213,
22,0.17,0.308,
23,0.115,-0.395,
24,-0.291,1.19,
25,-0.122,1.023,
26,0.619,0.555,
27,-0.079,-0.334,
28,0.276,0.159,
29,-0.048,-0.012,
30,-0.029,0.305,
31,0.377,0.929,
32,0.247,-0.466,
33,-0.024,0.142,
34,-1.161,0.737,
35,-0.587,0.539,
36,-1.324,0.974,
37,0.199,0.171,
38,-0.584,-0.629,
39,-0.171,0.532,
40,-0.106,0.667,
41,0.383,0.322,
42,1.198,1.143,
43,-0.034,0.595,
44,-0.064,-0.186,
45,-0.173,-0.61,
46,-0.888,-0.523,
47,-0.689,-0.026,
48,-0.093,-0.31,
49,-0.491,-1.228,
50,-0.616,-0.672,
51,-0.16,-0.419,
52,0.33,0.394,
53,0.429,-1.584,
54,0.943,-0.057,
55,-0.468,0.164,
56,-0.818,0.622,
57,0.247,-0.386,
58,0.398,0.508,
59,1.059,-0.187,
60,0.129,-0.362,
61,0.043,-0.07,
62,-0.502,0.051,
63,-0.563,1.489,
64,-0.217,-0.121,
65,0.207,0.093,
66,0.294,0.901,
67,-0.336,-0.743,
68,0.244,0.311,
69,-0.455,0.994,
70,0.075,0.138,
71,-0.422,-0.902,
72,0.494,-0.109,
73,-0.582,0.004,
74,0.24,0.155,
75,-0.686,-0.15,
76,-0.104,0.323,
77,-0.073,-0.478,
78,-0.28,-0.154,
79,-0.815,0.119,
80,-0.405,-0.673,
81,-0.78,0.383,
82,-0.274,0.132,
83,0.022,0.082,
84,-0.224,-0.261,
85,-0.8,-0.127,
86,-0.058,0.248,
87,0.566,-0.994,
88,-0.21,0.267,
89,0.42,0.178,
90,0.424,0.031,
91,-0.135,0.943,
92,0.359,-0.42,
93,0.059,0.196,
94,-0.001,0.326,
95,0.171,0.818,
96,-0.399,0.167,
97,0.469,0.525,
98,-0.119,-0.956,
99,-0.258,0.526,
100,-1.872,-0.306,
101,0.282,0.563,
102,-0.613,-0.202,
103,-0.744,-0.273,
104,-0.034,-0.155,
105,-0.688,-0.193,
106,-0.101,-0.206,
107,0.362,1.128,
108,0.117,-0.21,
109,-0.195,-0.218,
110,-1.614,0.707,
111,-0.229,0.754,
112,-0.826,0.702,
113,0.464,-0.367,
114,-0.166,-0.071,
115,-0.004,-0.926,
116,-0.306,-0.424,
117,1.516,-0.259,
118,0.105,-0.462,
119,-0.502,0.344,
120,0.32,-0.965,
121,0.152,1.072,
122,-0.258,-0.019,
123,-0.343,-0.975,
124,0.526,-0.212,
125,-0.529,-0.549,
126,0.105,-0.201,
127,0.793,0.29,
128,-0.045,0.118,
129,0.178,0.952,
130,-0.052,-0.124,
131,0.733,1.447,
132,-0.578,0.864,
133,-0.567,-0.592,
134,-0.396,0.002,
135,-0.505,-0.258,
136,-0.943,0.105,
137,-0.809,-0.218,
138,-0.62,0.417,
139,0.127,-0.846,
140,0.151,0.267,
141,-0.374,-0.757,
142,-0.401,-0.38,
143,-0.117,0.401,
144,0.17,0.734,
145,-0.347,-0.85,
146,0.128,-0.104,
147,-0.651,-1.428,
148,-0.895,0.069,
149,1.387,-1.507,
150,-0.663,-0.488,
151,0.366,0.302,
152,-0.371,0.107,
153,0.637,0.503,
154,0.132,0.071,
155,-0.312,-0.324,
156,-0.055,-0.038,
157,0.436,-0.493,
158,-0.187,-0.105,
159,-0.349,-0.232,
160,0.295,-0.055,
161,-0.374,-0.252,
162,0.109,-0.433,
163,0.977,-0.564,
