1,0.27,-1.693,
2,1.062,-1.601,
3,1.195,1.072,
4,0.832,0.909,
5,0.972,0.831,
6,-0.146,-0.323,
7,1.197,1.153,
8,0.49,0.868,
9,-0.08,0.906,
10,1.25,0.461,
11,0.764,1.107,
12,0.395,0.396,
13,0.491,1.219,
14,1.408,1.468,
15,-0.596,-0.119,
16,0.908,0.889,
17,-1.081,0.341,
18,1.12,-0.176,
19,0.611,-0.102,
20,0.382,-1.533,
21,-0.288,-0.715,
22,-0.254,-1.288,
23,0.533,0.632,
24,-0.285,0.999,
25,0.047,0.675,
26,0.779,0.625,
27,0.564,0.327,
28,-0.338,1.01,
29,0.974,0.315,
30,0.875,0.116,
31,0.491,-0.344,
32,0.185,-0.585,
33,0.553,0.322,
34,-0.149,-0.377,
35,-1.321,0.207,
36,-0.605,1.956,
37,0.109,1.161,
38,0.407,0.2,
39,0.113,0.187,
40,0.277,-1.112,
41,0.445,0.904,
42,-1.029,-0.375,
43,0.187,1.401,
44,0.128,0.462,
45,-0.056,0.478,
46,1.036,0.039,
47,-0.81,0.247,
48,0.367,0.218,
49,-0.494,-1.536,
50,0.121,0.257,
51,0.384,0.359,
52,-0.7,-0.606,
53,1.189,-0.775,
54,-0.248,-0.88,
55,0.217,0.632,
56,0.324,0.792,
57,-0.931,0.845,
58,0.493,0.1,
59,0.322,0.94,
60,0.173,0.466,
61,-0.817,-1.218,
62,1.454,0.567,
63,0.388,0.311,
64,-0.278,0.331,
65,-0.615,-0.45,
66,0.543,0.792,
67,-0.074,-0.442,
68,1.885,0.013,
69,0.515,0.569,
70,-0.34,-1.135,
71,0.64,1.63,
72,0.847,0.23,
73,-0.004,0.217,
74,-0.379,0.301,
75,1.051,0.063,
76,0.276,0.082,
77,0.194,0.536,
78,0.096,2.048,
79,-0.299,0.546,
80,-0.513,0.094,
81,0.58,0.563,
82,0.282,0.447,
83,-1.063,-0.286,
84,0.517,0.55,
85,0.169,0.277,
86,1.264,2.012,
87,0.356,-0.224,
88,1.24,0.113,
89,0.893,-0.767,
90,0.875,1.188,
91,1.768,0.607,
92,-0.435,-0.144,
93,0.103,0.143,
94,0.444,0.306,
95,-0.325,0.612,
96,-0.264,-0.086,
97,0.036,0.788,
98,0.539,-1.922,
99,1.26,0.871,
100,-0.769,1.44,
101,0.493,0.359,
102,-0.22,0.065,
103,2.075,-0.398,
104,0.188,1.333,
105,0.48,-0.351,
106,0.514,0.453,
107,0.41,0.502,
108,-0.892,1.196,
109,0.267,0.39,
110,1.447,0.773,
111,0.437,0.737,
112,-0.25,0.188,
113,0.799,0.083,
114,0.596,0.084,
115,0.562,0.252,
116,1.137,-0.217,
117,0.64,1.001,
118,-0.136,-0.104,
119,0.561,0.775,
120,-0.082,-0.14,
121,0.658,0.171,
122,0.509,-1.328,
123,-0.663,-0.482,
124,0.556,0.35,
125,1.439,-0.47,
126,-0.433,0.4,
127,-1.383,0.176,
128,0.234,0.732,
129,0.438,-0.23,
130,0.161,0.127,
131,0.46,0.958,
132,0.269,0.772,
133,-0.552,0.761,
134,0.172,0.654,
135,-0.811,1.091,
136,0.576,-0.171,
137,-0.728,0.502,
138,-0.929,-0.436,
139,-0.258,-0.486,
140,0.799,-0.502,
141,0.09,0.026,
142,0.058,-0.004,
143,-0.9,1.079,
144,0.471,0.097,
145,0.235,0.338,
146,-0.694,0.539,
147,-0.222,-0.42,
148,-0.013,0.36,
149,-0.406,-1.169,
150,-1.004,0.028,
151,0.187,0.585,
152,0.426,0.018,
153,-0.322,-0.343,
154,-0.298,0.296,
155,0.206,0.838,
156,0.207,-0.17,
157,-0.325,-1.421,
158,1.112,0.356,
159,2.963,-1.022,
160,0.776,0.573,
161,0.617,-0.392,
162,0.063,-0.518,
163,0.358,0.066,
