1,0.217,0.066,
2,0.083,0.557,
3,0.783,-0.055,
4,-0.986,-1.094,
5,-0.911,0.947,
6,0.045,-0.953,
7,1.732,0.063,
8,-0.048,-1.176,
9,-0.294,-1.84,
10,0.005,-1.498,
11,-0.595,0.25,
12,-0.574,0.061,
13,0.554,-0.573,
14,-0.611,-1.612,
15,-0.508,0.388,
16,0.365,1.374,
17,-0.878,0.127,
18,0.542,-0.004,
19,-0.755,-0.208,
20,-0.373,0.211,
21,-0.103,-0.09,
22,-0.743,-0.048,
23,0.185,0.136,
24,-0.277,0.385,
25,1.972,-0.169,
26,0.154,0.127,
27,-0.118,0.503,
28,-0.694,0.489,
29,0.061,0.381,
30,-0.951,-0.714,
31,0.156,0.03,
32,-0.074,0.813,
33,-0.8,-1.982,
34,-1.619,0.798,
35,0.076,0.596,
36,0.684,0.916,
37,-0.27,0.098,
38,0.844,0.019,
39,0.288,0.217,
40,0.563,-1.224,
41,0.363,-0.172,
42,0.307,0.492,
43,-0.286,-0.372,
44,0.604,0.072,
45,-0.809,0.62,
46,0.16,-0.321,
47,-0.699,0.145,
48,0.078,-0.068,
49,0.599,0.419,
50,0.007,0.553,
51,0.165,0.762,
52,-0.44,-0.016,
53,0.38,0.804,
54,0.265,-0.216,
55,0.849,-0.452,
56,-0.245,0.25,
57,0.424,-0.046,
58,0.665,1.549,
59,1.131,0.772,
60,-0.224,0.804,
61,-0.954,-0.676,
62,0.927,-0.031,
63,-0.312,-0.127,
64,0.084,-1.112,
65,0.25,0.254,
66,-0.359,0.266,
67,-0.123,-0.023,
68,0.451,0.184,
69,-0.322,0.808,
70,0.022,-0.048,
71,1.179,0.152,
72,0.132,0.653,
73,0.295,-0.778,
74,-0.129,0.315,
75,-0.814,0.783,
76,1.634,-0.2,
77,0.492,2.121,
78,0.603,0.702,
79,-1.116,-0.75,
80,0.014,-0.083,
81,-0.31,0.945,
82,0.277,0.261,
83,0.1,0.474,
84,-0.63,-1.449,
85,0.096,0.444,
86,0.239,0.112,
87,0.083,0.138,
88,0.209,0.019,
89,0.437,0.503,
90,-0.693,0.864,
91,0.983,0.359,
92,0.004,-0.055,
93,-0.259,0.015,
94,-0.423,0.359,
95,-0.012,-0.949,
96,-0.115,-0.21,
97,-1.152,-1.07,
98,0.221,-0.564,
99,-0.003,-0.912,
100,0.348,0.144,
101,-0.26,0.522,
102,-0.688,-0.097,
103,-0.342,1.178,
104,0.863,-0.412,
105,-0.408,0.912,
106,-0.8,-1.989,
107,-2.132,-0.537,
108,0.892,-0.859,
109,-0.972,-0.802,
110,0.573,-0.409,
111,0.22,0.326,
112,0.338,-0.035,
113,1.326,0.571,
114,-0.332,-0.654,
115,-0.173,-0.048,
116,0.164,0.977,
117,0.27,0.893,
118,0.357,-0.671,
119,0.947,-0.266,
120,0.049,-0.705,
121,-0.285,-0.506,
122,0.52,-0.325,
123,-0.551,-0.267,
124,0.304,0.697,
125,-0.55,-0.213,
126,-0.195,-0.22,
127,-1.246,0.717,
128,-0.384,0.296,
129,0.336,-0.511,
130,0.247,-0.968,
131,1.276,-0.316,
132,0.197,-0.022,
133,0.312,-0.059,
134,-0.444,-0.726,
135,1.877,-0.013,
136,0.93,0.585,
137,1.741,-0.373,
138,0.306,0.164,
139,0.277,-1,
140,-1.218,1.478,
141,-0.821,0.388,
142,-0.364,-0.484,
143,0.496,-1.186,
144,0.674,-0.205,
145,-1.217,0.03,
146,-1.3,0.354,
147,-0.987,0.894,
148,-1.024,-0.872,
149,-0.6,0.739,
150,-0.302,-0.341,
151,0.662,-0.906,
152,-1.007,-0.821,
153,-1.017,0.428,
154,-0.035,-0.084,
155,0.211,0.491,
156,-0.735,0.653,
157,0.055,-1.255,
158,0.249,-0.061,
159,0.168,-0.317,
160,-0.491,-0.363,
161,-0.385,0.654,
162,0.318,1.399,
163,0.558,1.459,
