1,1.098,0.822,
2,-0.697,0.738,
3,0.282,0.255,
4,-0.101,-0.628,
5,-1.029,1.158,
6,2.032,-0.981,
7,1.331,0.954,
8,0.833,-0.953,
9,-0.636,-0.546,
10,-0.11,-0.172,
11,-0.252,0.888,
12,-0.438,-0.843,
13,0.901,0.495,
14,-0.621,0.507,
15,-0.581,-0.218,
16,-0.282,1.316,
17,-0.711,0.612,
18,0.231,0.353,
19,0.139,-0.844,
20,-0.106,-1.201,
21,-0.235,-0.33,
22,0.018,-0.769,
23,0.344,0.347,
24,0.014,0.8,
25,1.102,-0.986,
26,0.054,1.685,
27,0.332,0.658,
28,0.34,1.189,
29,0.721,0.587,
30,-0.427,0.261,
31,0.486,1.579,
32,0.301,0.609,
33,-0.729,-0.855,
34,-1.284,0.201,
35,0.519,1.003,
36,-0.06,0.774,
37,-0.091,-0.014,
38,0.207,-0.187,
39,0.321,0.21,
40,0.396,0.074,
41,1.1,-0.786,
42,1.04,1.7,
43,-0.231,-0.093,
44,0.082,1.105,
45,-0.833,1.165,
46,0.108,0.139,
47,-1.253,0.87,
48,0.424,0.541,
49,0.543,0.313,
50,-0.158,0.403,
51,0.298,0.996,
52,-0.013,0.199,
53,0.627,-0.056,
54,0.776,0.242,
55,0.8,-0.428,
56,0.192,0.704,
57,1.519,0.453,
58,0.98,1.336,
59,0.555,0.797,
60,-0.31,0.854,
61,-0.391,0.324,
62,0.815,-0.172,
63,-0.749,0.776,
64,-0.085,-0.473,
65,0.304,0.184,
66,0.441,0.992,
67,-0.062,0.475,
68,0.601,1.173,
69,-0.351,1.655,
70,-0.291,0.333,
71,-0.073,0.721,
72,0.906,1.365,
73,-0.074,-0.653,
74,-0.294,0.614,
75,-1.235,0.319,
76,0.272,0.522,
77,0.618,1.982,
78,0.169,0.96,
79,-1.757,-0.86,
80,0.662,0.428,
81,-0.174,0.922,
82,0.052,0.388,
83,0.647,0.875,
84,-0.478,-0.62,
85,0.452,0.849,
86,-0.015,0.567,
87,0.929,0.555,
88,0.017,-0.327,
89,1.095,-0.245,
90,0.001,0.799,
91,0.194,1.069,
92,-0.198,0.093,
93,-0.621,0.653,
94,-0.467,0.991,
95,0.417,-0.83,
96,-0.456,0.194,
97,-0.807,-0.241,
98,-0.35,-0.661,
99,0.466,-1.643,
100,0.255,0.592,
101,-0.107,1.208,
102,-0.552,-0.43,
103,-0.762,1.77,
104,0.576,0.022,
105,-0.857,-0.6,
106,-0.259,0.446,
107,-0.974,0.802,
108,0.529,-0.64,
109,-0.444,0.07,
110,0.924,0.461,
111,0.367,0.275,
112,0.332,0.042,
113,1.426,-0.314,
114,0.173,-0.391,
115,0.157,-1.126,
116,2.014,0.464,
117,0.878,0.689,
118,1.185,-0.153,
119,0.577,-0.169,
120,-0.037,-0.143,
121,-0.161,-0.032,
122,1.273,0.37,
123,-0.398,-1.222,
124,0.603,0.235,
125,-0.676,-0.655,
126,0.403,0.226,
127,-0.926,0.343,
128,-0.083,0.248,
129,-0.211,-0.136,
130,0.567,-1.606,
131,1.809,0.502,
132,0.001,0.355,
133,0.036,0.7,
134,-0.232,-0.748,
135,2.239,-0.588,
136,1.876,0.52,
137,0.943,0.315,
138,0.432,0.033,
139,-0.109,-0.562,
140,-0.721,1.328,
141,-0.164,-0.236,
142,-1.489,-0.079,
143,-0.057,-0.305,
144,-0.535,1.598,
145,-0.442,0.224,
146,-0.226,1.232,
147,-0.837,1.135,
148,-1.944,-0.279,
149,-1.173,-0.08,
150,-1.258,-0.056,
151,0.817,0.132,
152,-1.338,0.816,
153,-0.7,0.448,
154,-0.291,-0.301,
155,0.31,0.685,
156,-0.918,1.245,
157,0.019,-0.961,
158,1.383,-0.001,
159,0.711,-0.225,
160,-0.001,0.24,
161,-0.09,0.245,
162,-0.092,1.048,
163,1.486,1.888,
