1,-0.177,-0.361,
2,0.644,-0.831,
3,-0.905,-0.41,
4,0.465,-0.227,
5,0.545,0.241,
6,-1.333,1.222,
7,1.352,1.512,
8,0.424,0.323,
9,-0.442,-0.539,
10,0.746,-0.106,
11,0.189,1.276,
12,-0.316,-0.849,
13,1.232,0.31,
14,-0.47,-0.689,
15,-0.52,0.503,
16,0.307,-0.988,
17,-0.014,0.192,
18,-0.074,-0.497,
19,0.776,0.428,
20,1.519,1.195,
21,0.237,0.199,
22,0.159,0.34,
23,0.148,-0.455,
24,-0.118,0.957,
25,0.146,0.943,
26,0.414,0.37,
27,-0.04,-0.318,
28,0.359,0.246,
29,-0.08,0.005,
30,0.077,0.367,
31,0.324,0.818,
32,0.189,-0.505,
33,-0.006,0.134,
34,-1.22,0.678,
35,-0.489,0.406,
36,-0.973,0.744,
37,0.073,0.144,
38,-0.432,-0.519,
39,-0.067,0.527,
40,-0.137,0.697,
41,0.378,0.344,
42,1.17,0.972,
43,0.052,0.579,
44,-0.01,-0.058,
45,-0.103,-0.506,
46,-0.779,-0.449,
47,-0.595,0.003,
48,0.074,-0.362,
49,-0.73,-1.22,
50,-0.648,-0.654,
51,-0.12,-0.292,
52,0.285,0.388,
53,0.388,-1.552,
54,0.939,-0.063,
55,-0.448,0.028,
56,-0.706,0.668,
57,0.282,-0.26,
58,0.344,0.495,
59,0.923,-0.116,
60,0.136,-0.336,
61,0.142,0.014,
62,-0.319,-0.063,
63,-0.572,1.3,
64,-0.1,0.024,
65,0.235,0.018,
66,0.284,0.831,
67,-0.399,-0.708,
68,0.226,0.37,
69,-0.455,0.911,
70,0.045,0.071,
71,-0.446,-0.75,
72,0.464,-0.177,
73,-0.638,-0.029,
74,0.293,0.128,
75,-0.889,-0.145,
76,-0.008,0.179,
77,-0.086,-0.39,
78,-0.341,-0.086,
79,-0.87,0.127,
80,-0.386,-0.655,
81,-0.598,0.392,
82,-0.255,0.146,
83,-0.051,0.034,
84,-0.141,-0.224,
85,-0.659,-0.065,
86,-0.118,0.288,
87,0.508,-0.876,
88,-0.119,0.208,
89,0.601,0.312,
90,0.206,0.038,
91,-0.034,0.842,
92,0.325,-0.469,
93,0.03,0.217,
94,-0.066,0.411,
95,0.251,0.788,
96,-0.268,0.148,
97,0.502,0.469,
98,-0.124,-0.843,
99,-0.156,0.469,
100,-1.703,-0.155,
101,0.359,0.558,
102,-0.835,0.016,
103,-0.971,-0.127,
104,-0.15,-0.116,
105,-0.474,-0.212,
106,-0.153,-0.208,
107,0.393,1.049,
108,0.052,-0.153,
109,-0.135,-0.222,
110,-1.446,0.704,
111,-0.154,0.664,
112,-0.819,0.655,
113,0.578,-0.327,
114,-0.088,-0.006,
115,0.243,-0.822,
116,-0.377,-0.4,
117,1.35,-0.191,
118,0.187,-0.339,
119,-0.443,0.253,
120,0.259,-0.822,
121,0.262,1.045,
122,-0.143,-0.044,
123,-0.309,-0.936,
124,0.486,-0.217,
125,-0.448,-0.649,
126,0.169,-0.217,
127,0.821,0.261,
128,-0.205,0.23,
129,0.099,0.913,
130,0.009,-0.212,
131,0.667,1.516,
132,-0.467,0.774,
133,-0.538,-0.478,
134,-0.477,0.028,
135,-0.486,-0.187,
136,-0.883,-0.014,
137,-0.686,-0.062,
138,-0.471,0.429,
139,-0.007,-0.681,
140,0.057,0.172,
141,-0.332,-0.7,
142,-0.359,-0.38,
143,-0.108,0.36,
144,0.246,0.526,
145,-0.322,-0.928,
146,0.114,-0.021,
147,-0.569,-1.192,
148,-0.8,0.254,
149,1.307,-1.604,
150,-0.689,-0.366,
151,0.326,0.465,
152,-0.412,0.223,
153,0.528,0.506,
154,0.191,0.142,
155,-0.262,-0.152,
156,-0.024,0.058,
157,0.513,-0.772,
158,-0.127,-0.138,
159,-0.319,-0.08,
160,0.274,0.124,
161,-0.421,-0.068,
162,0.165,-0.179,
163,0.714,-0.666,
