1,0.618,-0.78,
2,1.421,-1.404,
3,1.022,0.761,
4,1.007,0.802,
5,1.023,1.154,
6,-0.485,0.125,
7,0.985,1.058,
8,0.592,1.34,
9,-0.619,0.448,
10,1.565,0.871,
11,0.554,1.931,
12,0.419,0.14,
13,0.715,0.786,
14,0.62,0.591,
15,0.28,0.503,
16,0.984,0.892,
17,-1.042,0.155,
18,1.065,-0.176,
19,0.634,0.938,
20,0.162,-0.217,
21,1.151,-0.485,
22,0.178,-0.296,
23,0.303,0.829,
24,0.1,0.766,
25,-0.325,0.725,
26,0.629,0.705,
27,0.685,0.313,
28,-0.708,0.894,
29,1.28,0.981,
30,1.483,0.048,
31,0.324,0.125,
32,1.032,-0.274,
33,0.071,0.511,
34,-0.567,-1.092,
35,-0.611,0.312,
36,-0.304,1.917,
37,0.398,1.566,
38,1.64,1.148,
39,0.335,0.507,
40,0.862,-0.597,
41,1.179,0.885,
42,0.064,0.886,
43,-0.034,1.095,
44,0.49,1.018,
45,-0.35,1.013,
46,1.026,-0.041,
47,-0.675,0.1,
48,0.78,0.125,
49,-1.046,-0.907,
50,-0.149,0.367,
51,1.523,-0.071,
52,-0.635,-0.524,
53,0.623,-0.522,
54,0.281,-0.269,
55,0.436,0.515,
56,-0.14,1.408,
57,0.073,0.998,
58,0.576,0.795,
59,0.352,1.503,
60,0.278,0.565,
61,0.359,0.011,
62,-0.148,0.711,
63,0.262,0.786,
64,0.233,0.511,
65,-0.716,-0.824,
66,0.501,0.854,
67,0.157,-0.708,
68,1.775,0.226,
69,-0.03,1.281,
70,-0.483,-0.739,
71,0.61,1.48,
72,0.246,0.319,
73,-0.008,0.321,
74,0.14,0.51,
75,0.936,-0.404,
76,0.246,0.035,
77,0.039,0.526,
78,0.352,1.003,
79,-0.422,0.608,
80,0.29,0.531,
81,0.841,0.936,
82,0.408,0.649,
83,-0.694,0.328,
84,0.211,0.446,
85,0.611,0.313,
86,0.943,2.623,
87,0.245,-0.226,
88,0.887,0.342,
89,0.635,-0.413,
90,0.977,1.459,
91,2.235,0.313,
92,0.079,-0.457,
93,-0.215,0.64,
94,-0.042,0.57,
95,0.137,0.308,
96,0.124,0.459,
97,0.863,0.555,
98,0.425,-2.163,
99,1.101,0.923,
100,-0.681,1.357,
101,1.021,0.088,
102,-0.115,0.601,
103,1.186,0.277,
104,0.306,1.229,
105,0.079,0.233,
106,1.06,1.384,
107,-0.166,1.512,
108,-0.275,0.011,
109,0.844,0.775,
110,1.685,0.218,
111,0.005,1.352,
112,-0.558,0.115,
113,0.758,0.423,
114,1.637,0.289,
115,0.32,-0.126,
116,0.775,0.033,
117,1.52,0.987,
118,0.71,0.387,
119,1.201,1.079,
120,0.174,-0.062,
121,0.896,0.984,
122,0.764,-0.541,
123,-0.461,-1.031,
124,0.726,0.164,
125,1,-0.526,
126,1.162,-0.701,
127,-0.811,0.403,
128,0.277,0.948,
129,0.462,0.356,
130,0.551,0.213,
131,1.658,0.929,
132,0.444,0.647,
133,-0.413,0.769,
134,0.539,0.305,
135,0.096,1.134,
136,0.352,0.161,
137,-0.734,0.97,
138,-0.39,0.123,
139,-0.06,-0.215,
140,0.612,0.067,
141,-0.132,0.417,
142,0.297,0.24,
143,-0.584,1.822,
144,0.122,0.647,
145,0.633,-0.24,
146,-0.343,0.917,
147,0.066,0.11,
148,-0.151,0.35,
149,-0.148,-1.116,
150,-1.279,0.82,
151,0.402,1.06,
152,0.319,0.602,
153,-0.691,0.117,
154,-0.178,0.757,
155,0.276,1.705,
156,0.281,-0.473,
157,-0.045,-0.786,
158,1.05,0.774,
159,2.369,-0.632,
160,0.693,1.123,
161,1.213,0.144,
162,0.491,-0.593,
163,0.727,0.508,
