1,0.205,-0.704,
2,1.352,-1.08,
3,1.429,0.76,
4,0.927,0.835,
5,0.23,1.493,
6,-0.742,0.419,
7,1.257,0.91,
8,-0.099,0.792,
9,-1.422,0.522,
10,1.596,-0.981,
11,-0.415,1.777,
12,0.522,-0.447,
13,0.317,0.597,
14,1.116,1.482,
15,-0.997,0.088,
16,0.513,1.55,
17,-1.614,0.095,
18,0.722,-0.707,
19,0.393,0.312,
20,-0.315,-0.609,
21,0.665,-0.825,
22,-0.143,-0.842,
23,0.6,0.146,
24,-0.391,0.692,
25,-0.237,0.807,
26,0.472,0.271,
27,0.162,-0.727,
28,-0.767,0.732,
29,1.485,1.759,
30,0.965,-0.376,
31,0.277,-1.335,
32,-0.526,-1.035,
33,-0.346,0.66,
34,-1.107,-1.106,
35,-1.681,-0.757,
36,-0.278,2.231,
37,-0.249,0.959,
38,1.137,0.126,
39,0.196,0.107,
40,0.425,-1.3,
41,0.407,0.887,
42,-0.911,0.013,
43,-1.387,0.734,
44,-0.804,0.361,
45,-1.679,0.619,
46,0.641,-0.157,
47,-1.235,-0.003,
48,0.27,0.042,
49,0.176,-1.248,
50,-0.806,0.14,
51,0.721,0,
52,-0.985,-1.15,
53,0.43,-1.38,
54,0.425,-1.582,
55,0.147,0.71,
56,0.029,0.436,
57,-0.682,0.294,
58,0.455,-0.166,
59,-0.054,1.357,
60,-0.102,0.349,
61,-1.082,-1.629,
62,2.024,0.912,
63,-0.127,0.542,
64,-0.066,1.169,
65,-0.977,-0.66,
66,0.031,0.441,
67,0.023,0.172,
68,1.121,0.415,
69,0.166,0.421,
70,-0.2,-1.883,
71,-0.072,1.493,
72,-0.054,-0.483,
73,-0.177,-0.465,
74,0.226,0.108,
75,0.548,-0.399,
76,0.525,-0.182,
77,-0.437,0.773,
78,-0.27,0.851,
79,-0.267,0.373,
80,0.558,-0.052,
81,0.489,0.342,
82,0.533,-0.228,
83,-1.592,0.033,
84,0.792,0.152,
85,-0.121,-0.071,
86,0.256,2.394,
87,0.571,-0.09,
88,0.599,-0.137,
89,1.271,-1.147,
90,0.586,1.25,
91,2.136,-0.209,
92,0.283,-1.178,
93,0.168,-1.156,
94,0.258,0.462,
95,-0.49,0.482,
96,0.07,0.468,
97,-0.132,0.563,
98,0.462,-2.108,
99,0.814,0.424,
100,-1.317,2.048,
101,0.788,-0.346,
102,-1.328,0.227,
103,2.277,-0.228,
104,0.142,2.1,
105,0.208,-0.365,
106,0.715,-0.173,
107,-1.237,1.359,
108,-0.445,-0.375,
109,0.016,0.377,
110,2.023,-0.65,
111,-0.089,1.29,
112,-0.232,-0.391,
113,0.7,0.765,
114,1.162,0.339,
115,-0.348,0.9,
116,0.827,0.044,
117,1.644,0.885,
118,0.651,-0.105,
119,1.333,0.951,
120,-0.698,-0.748,
121,1.131,0.427,
122,0.87,-0.971,
123,-1.165,-1.273,
124,0.879,-0.032,
125,0.826,-1.101,
126,-1.178,-0.604,
127,-1.054,-0.06,
128,-0.194,0.852,
129,-0.504,-0.324,
130,-0.135,0.175,
131,1.306,-0.005,
132,0.497,0.521,
133,-0.836,0.498,
134,-0.026,0.01,
135,-0.646,0.746,
136,-0.12,-0.657,
137,-1.215,1.901,
138,-1.082,-0.624,
139,0.172,-0.048,
140,0.163,-0.084,
141,-0.189,0.662,
142,-0.07,-0.083,
143,-0.447,1.684,
144,0.493,-0.126,
145,0.349,-0.541,
146,-0.138,0.37,
147,-0.483,-0.122,
148,-0.419,-0.262,
149,0.177,-1.575,
150,-1.17,-0.095,
151,-0.881,0.693,
152,0.569,-0.172,
153,-1.072,-0.033,
154,-1.274,1.363,
155,0.377,1.043,
156,-0.371,-1.531,
157,-0.658,-2.393,
158,1.065,-0.477,
159,3.201,-1.117,
160,1.209,1.303,
161,1.077,0.286,
162,-0.01,-0.99,
163,-0.12,-1.065,
