1,-0.573,-0.133,
2,0.269,-0.204,
3,0.842,0.013,
4,0.402,0.278,
5,-0.093,0.377,
6,-0.421,-0.038,
7,0.372,0.119,
8,-0.27,-0.387,
9,-0.731,0.197,
10,0.593,-0.521,
11,-0.567,0.58,
12,0.38,-0.102,
13,-0.107,0.119,
14,0.417,-0.097,
15,-0.13,-0.81,
16,-0.191,0.427,
17,-1.204,-0.176,
18,0.036,-0.06,
19,-0.138,0.055,
20,-0.484,-0.337,
21,0.326,-0.358,
22,-0.012,-0.201,
23,0.143,-0.081,
24,-0.406,0.301,
25,0.367,-0.057,
26,0.131,-0.342,
27,0.037,-0.471,
28,-0.214,0.174,
29,0.258,0.987,
30,0.626,-0.119,
31,0.139,-0.955,
32,-0.491,-0.704,
33,-0.211,0.139,
34,-0.482,-0.355,
35,-0.834,-0.071,
36,0.41,1.077,
37,-0.527,0.229,
38,0.185,-0.507,
39,0.264,-0.188,
40,-0.113,-0.662,
41,-0.006,0.267,
42,-0.302,-0.391,
43,-0.671,0.102,
44,-0.599,0.035,
45,-0.905,0.082,
46,0.194,-0.076,
47,-0.39,-0.001,
48,0.464,0.204,
49,-0.524,-0.157,
50,-0.175,0.076,
51,-0.319,-0.068,
52,-0.375,-0.572,
53,0.105,-0.526,
54,0.168,-1.399,
55,0.011,0.235,
56,0.259,0.53,
57,-0.435,-0.045,
58,0.236,-0.247,
59,0.002,0.467,
60,-0.6,0.238,
61,-0.2,-0.889,
62,0.583,0.1,
63,-0.231,0.287,
64,-0.025,0.694,
65,-0.399,-0.19,
66,0.018,0.17,
67,-0.129,0.329,
68,0.104,0.203,
69,0.447,0.061,
70,-0.29,-1.352,
71,-0.273,0.176,
72,-0.072,-0.356,
73,0.052,-0.221,
74,0.397,0.063,
75,0.143,-0.396,
76,0.127,-0.082,
77,-0.128,0.464,
78,-0.344,0.318,
79,-0.163,0.226,
80,-0.073,-0.232,
81,0.159,0.013,
82,0.345,-0.251,
83,-0.606,-0.406,
84,0.815,0.025,
85,-0.585,-0.156,
86,-0.093,0.064,
87,0.114,-0.153,
88,0.177,-0.166,
89,0.079,-0.652,
90,0.077,0.661,
91,0.496,-0.153,
92,0.174,-0.448,
93,0.16,-0.48,
94,0.156,0.215,
95,-0.261,0.232,
96,0.012,0.036,
97,-0.403,-0.057,
98,-0.037,-0.782,
99,0.642,-0.011,
100,-0.999,1.293,
101,0.236,-0.294,
102,-0.775,0.805,
103,0.524,-0.512,
104,-0.079,1.325,
105,0.097,-0.284,
106,-0.242,-1.002,
107,-0.66,0.266,
108,-0.2,-0.17,
109,-0.294,-0.153,
110,1.139,0.004,
111,-0.36,0.385,
112,0.169,-0.201,
113,0.224,0.238,
114,0.054,0.277,
115,-0.261,0.594,
116,0.354,-0.275,
117,0.729,0.124,
118,0.284,-0.105,
119,0.478,0.506,
120,-0.439,-0.49,
121,0.286,-0.276,
122,0.46,-0.083,
123,-0.729,-0.813,
124,0.487,0.179,
125,0.372,-0.239,
126,-0.899,-0.193,
127,0.01,-0.221,
128,-0.355,0.628,
129,0.032,-0.372,
130,-0.197,0.254,
131,0.279,-0.126,
132,0.184,0.272,
133,-0.476,0.167,
134,-0.325,0.078,
135,-0.19,0.208,
136,-0.26,-0.361,
137,-0.733,0.939,
138,-0.221,-0.207,
139,0.146,0.621,
140,-0.162,0.002,
141,-0.245,0.422,
142,-0.13,-0.144,
143,-0.122,0.593,
144,0.829,-0.534,
145,0.145,-0.239,
146,-0.094,-0.156,
147,-0.291,-0.065,
148,0.028,0.136,
149,0.106,-0.228,
150,-0.625,-0.03,
151,-0.615,0.299,
152,0.136,-0.117,
153,-0.368,0.12,
154,-0.919,0.5,
155,0.469,0.147,
156,-0.46,-0.382,
157,-0.072,-0.749,
158,-0.068,0.186,
159,0.6,-0.511,
160,0.654,1.161,
161,0.82,0.382,
162,0.175,0.022,
163,0.156,-0.429,
