1,-1.928,-2.553,
2,0.86,-1.152,
3,-1.291,-0.754,
4,0.661,-0.429,
5,0.045,-0.72,
6,-0.423,1.28,
7,1.699,0.956,
8,0.609,-0.103,
9,-0.869,-0.276,
10,1.33,-0.629,
11,-0.018,2.052,
12,-1.254,-1.442,
13,1.794,1.007,
14,-0.315,-0.805,
15,-1.4,-0.113,
16,0.556,-2.019,
17,0.567,0.279,
18,0.06,-0.682,
19,1.762,0.531,
20,3.117,1.555,
21,0.969,0.159,
22,1.007,0.524,
23,0.137,-0.334,
24,-0.36,1.328,
25,-0.584,2.256,
26,0.653,0.055,
27,-0.107,-0.441,
28,0.395,-0.05,
29,-0.103,-1.46,
30,0.166,0.198,
31,0.721,0.994,
32,0.215,-0.94,
33,-0.174,-0.201,
34,-2.044,1.277,
35,-1.713,-0.156,
36,-1.507,1.202,
37,0.435,0.299,
38,-0.915,-1.226,
39,-0.085,0.499,
40,-0.768,1.466,
41,0.416,0.502,
42,1.152,1.316,
43,-0.138,1.549,
44,-0.296,-0.527,
45,-0.449,-0.277,
46,-2.093,-1.067,
47,-0.404,0.493,
48,-1.189,-0.699,
49,-1.076,-2.069,
50,-0.947,-1.003,
51,-0.881,-0.412,
52,0.6,0.938,
53,0.284,-1.619,
54,1.634,-0.811,
55,-0.402,0.861,
56,-1.017,0.41,
57,-0.195,-0.63,
58,0.864,0.588,
59,1.965,0.318,
60,0.036,-0.474,
61,0.216,-0.424,
62,-1.766,0.62,
63,-0.853,2.241,
64,-0.398,-0.045,
65,-0.066,0.198,
66,0.402,0.857,
67,-0.397,-1.053,
68,0.095,0.448,
69,-1.449,0.811,
70,-0.069,-0.032,
71,-0.222,-1.537,
72,0.721,-0.572,
73,-0.439,-0.182,
74,-0.215,-0.053,
75,-1.673,-0.072,
76,-0.369,0.193,
77,0.177,-0.518,
78,-0.023,-0.077,
79,-0.987,-0.086,
80,-1.07,-0.547,
81,-0.969,1.107,
82,-0.737,-0.715,
83,-1.421,-0.159,
84,0.532,-0.237,
85,-1.165,-0.255,
86,-0.163,-0.195,
87,0.861,-0.598,
88,0.123,0.668,
89,0.305,0.217,
90,0.129,0.259,
91,-0.164,1.405,
92,0.841,-1.181,
93,1.402,-0.16,
94,0.337,0.662,
95,0.193,2.044,
96,-1.218,1.026,
97,1.02,1.045,
98,0.264,-0.942,
99,-0.284,0.989,
100,-2.432,0.001,
101,0.424,0.599,
102,-0.179,-0.861,
103,-0.61,-1.267,
104,-0.411,-0.371,
105,-0.217,0.554,
106,-0.294,-0.745,
107,-0.131,0.744,
108,0.319,0.154,
109,-0.425,-0.024,
110,-2.573,1.136,
111,-0.83,1.179,
112,-1.215,1.753,
113,1.049,-0.436,
114,-0.145,0.361,
115,-0.512,0.084,
116,-0.335,-0.758,
117,2.169,-0.156,
118,0.244,-0.828,
119,-0.77,0.409,
120,0.268,-1.256,
121,0.084,1.97,
122,-0.797,-0.066,
123,-0.631,-1.044,
124,0.227,0.227,
125,-1.031,-0.401,
126,0.279,-0.553,
127,0.49,0.837,
128,-0.126,-0.115,
129,0.467,1.399,
130,-0.945,-0.868,
131,1.078,1.979,
132,-0.713,1.637,
133,-0.54,-0.149,
134,-0.843,-0.503,
135,-1.147,0.122,
136,-1.898,-0.095,
137,-1.297,0.016,
138,-0.879,0.381,
139,0.61,-0.928,
140,0.128,0.283,
141,-0.326,-1.036,
142,-0.278,0.29,
143,-0.257,-0.229,
144,0.04,0.957,
145,-0.301,-1.169,
146,-0.918,-0.708,
147,-1.742,-1.989,
148,-1.033,0.004,
149,1.798,-0.98,
150,-0.348,-0.449,
151,-0.522,0.382,
152,-0.761,-0.303,
153,0.746,0.848,
154,0.989,0.291,
155,-0.419,-0.217,
156,0.029,-0.236,
157,0.004,-0.69,
158,-1.924,-0.616,
159,-0.264,-0.04,
160,0.569,-0.683,
161,-1.163,-0.362,
162,-0.466,-0.68,
163,1.193,-0.548,
