1,0.11,-1.45,
2,1.441,-2.019,
3,1.651,1.027,
4,1.242,1.24,
5,0.77,1.494,
6,-0.479,-0.246,
7,1.154,1.127,
8,0.043,1.203,
9,-1.335,0.723,
10,2.289,0.109,
11,0.356,1.998,
12,0.16,0.177,
13,0.287,1.109,
14,1.271,1.462,
15,-0.327,0.135,
16,0.801,1.559,
17,-1.339,0.101,
18,1.293,-0.232,
19,0.733,0.547,
20,-0.312,-0.859,
21,1.174,-0.876,
22,-0.133,-1.395,
23,0.09,0.563,
24,-0.48,0.968,
25,-0.417,0.633,
26,0.552,0.468,
27,0.603,-0.22,
28,-1.51,0.775,
29,2.212,1.436,
30,1.615,-0.804,
31,0.26,-1.326,
32,0.455,-1.121,
33,-0.247,0.613,
34,-0.801,-1.386,
35,-1.993,-0.322,
36,-0.567,2.864,
37,0.231,1.489,
38,2.099,0.919,
39,-0.012,0.298,
40,0.71,-1.534,
41,0.853,0.729,
42,-1.027,0.027,
43,-1.285,1.166,
44,-0.356,0.786,
45,-1.539,1.009,
46,0.935,-0.286,
47,-1.194,0.108,
48,0.401,0.067,
49,-0.691,-1.492,
50,-0.344,0.411,
51,1.022,-0.368,
52,-1.117,-1.376,
53,0.333,-1.491,
54,0.225,-1.327,
55,0.388,0.954,
56,-0.354,0.653,
57,-0.187,0.721,
58,0.87,0.142,
59,0.091,1.872,
60,-0.306,0.557,
61,-0.187,-1.192,
62,0.744,0.953,
63,0.228,0.849,
64,-0.085,1.199,
65,-1.555,-1.349,
66,-0.007,0.37,
67,0.149,-0.376,
68,2.054,0.293,
69,-0.089,1.013,
70,-0.628,-1.659,
71,0.401,2.129,
72,0.041,-0.29,
73,-0.003,-0.387,
74,-0.437,0.283,
75,1.376,-0.573,
76,-0.058,-0.387,
77,-0.154,0.752,
78,0.054,1.125,
79,-0.433,0.502,
80,0.613,0.262,
81,0.768,0.741,
82,0.222,0.143,
83,-1.753,0.049,
84,0.565,0.208,
85,0.469,-0.195,
86,0.883,3.583,
87,0.123,-0.314,
88,1.095,0.09,
89,0.749,-1.071,
90,1.457,1.775,
91,2.432,0.079,
92,0.292,-1.299,
93,-0.18,-0.477,
94,0.117,0.346,
95,-0.467,0.445,
96,-0.136,0.442,
97,0.454,0.496,
98,0.933,-2.397,
99,1.132,1.256,
100,-0.96,2.173,
101,0.99,-0.495,
102,-1.043,0.795,
103,1.958,-0.313,
104,0.519,1.939,
105,0.081,-0.163,
106,0.804,1.121,
107,-1.338,1.745,
108,-0.901,-0.092,
109,0.62,0.856,
110,2.157,-0.551,
111,0.105,1.784,
112,-0.332,-0.122,
113,0.648,0.629,
114,1.771,0.327,
115,0.142,0.267,
116,1.104,-0.081,
117,1.929,1.078,
118,0.839,0.096,
119,1.549,1.426,
120,-0.377,-0.534,
121,1.509,1.116,
122,0.708,-1.283,
123,-0.918,-1.246,
124,0.978,0.081,
125,1.04,-1.364,
126,-0.204,-1.087,
127,-1.463,0.144,
128,0.172,0.9,
129,0.3,-0.177,
130,0.008,0.144,
131,1.831,0.481,
132,0.63,0.873,
133,-0.937,1.077,
134,0.422,0.093,
135,-0.572,1.412,
136,0.14,-0.34,
137,-1.742,1.286,
138,-1.073,-0.429,
139,-0.085,-0.133,
140,0.691,-0.459,
141,-0.126,0.464,
142,-0.03,0.165,
143,-0.65,1.73,
144,0.162,0.48,
145,0.619,-0.373,
146,-0.66,0.485,
147,-0.586,-0.352,
148,-0.3,0.126,
149,-0.445,-1.32,
150,-1.681,0.478,
151,-0.482,0.771,
152,0.347,-0.166,
153,-1.788,-0.075,
154,-1.135,0.961,
155,0.263,1.587,
156,0.053,-1.739,
157,0.113,-1.371,
158,0.887,0.921,
159,3.457,-0.842,
160,1.403,1.455,
161,1.553,0.224,
162,0.129,-0.949,
163,0.363,-0.4,
