1,-0.617,-0.147,
2,0.314,-0.161,
3,0.943,0.179,
4,0.395,0.466,
5,-0.119,0.458,
6,-0.448,-0.109,
7,0.367,0.133,
8,-0.265,-0.318,
9,-0.776,0.319,
10,0.668,-0.564,
11,-0.571,0.675,
12,0.34,-0.042,
13,-0.166,0.242,
14,0.397,0.022,
15,-0.077,-0.845,
16,-0.207,0.488,
17,-1.204,-0.148,
18,0.09,-0.014,
19,-0.125,0.024,
20,-0.56,-0.372,
21,0.384,-0.409,
22,-0.075,-0.251,
23,0.13,-0.075,
24,-0.519,0.39,
25,0.321,-0.019,
26,0.225,-0.248,
27,0.08,-0.477,
28,-0.265,0.186,
29,0.361,1.028,
30,0.636,-0.216,
31,0.138,-1.131,
32,-0.561,-0.823,
33,-0.233,0.145,
34,-0.527,-0.378,
35,-0.989,-0.047,
36,0.291,1.247,
37,-0.386,0.273,
38,0.261,-0.538,
39,0.245,-0.219,
40,-0.141,-0.742,
41,-0.031,0.218,
42,-0.344,-0.464,
43,-0.789,0.117,
44,-0.689,0.033,
45,-1.066,0.101,
46,0.182,-0.099,
47,-0.458,0.019,
48,0.311,0.254,
49,-0.476,-0.161,
50,-0.157,0.093,
51,-0.353,-0.106,
52,-0.449,-0.677,
53,0.085,-0.63,
54,0.159,-1.514,
55,0.015,0.276,
56,0.269,0.481,
57,-0.461,-0.092,
58,0.293,-0.32,
59,-0.028,0.51,
60,-0.733,0.256,
61,-0.218,-0.934,
62,0.529,0.113,
63,-0.118,0.317,
64,-0.035,0.79,
65,-0.478,-0.24,
66,-0.005,0.173,
67,-0.134,0.377,
68,0.099,0.211,
69,0.465,0.056,
70,-0.333,-1.461,
71,-0.29,0.204,
72,-0.091,-0.419,
73,0.057,-0.31,
74,0.24,0.053,
75,0.227,-0.48,
76,0.178,-0.086,
77,-0.107,0.499,
78,-0.404,0.283,
79,-0.167,0.203,
80,-0.033,-0.276,
81,0.165,0.005,
82,0.306,-0.309,
83,-0.69,-0.465,
84,0.848,-0.004,
85,-0.563,-0.196,
86,-0.117,0.117,
87,0.084,-0.153,
88,0.094,-0.183,
89,0.006,-0.67,
90,0.253,0.704,
91,0.554,-0.189,
92,0.202,-0.554,
93,0.17,-0.589,
94,0.191,0.21,
95,-0.321,0.251,
96,-0.021,0.071,
97,-0.41,-0.081,
98,-0.022,-0.87,
99,0.706,0.037,
100,-1.066,1.433,
101,0.161,-0.355,
102,-0.806,0.896,
103,0.606,-0.536,
104,0.034,1.384,
105,0.083,-0.325,
106,-0.287,-0.988,
107,-0.733,0.349,
108,-0.247,-0.2,
109,-0.31,-0.12,
110,1.218,-0.023,
111,-0.36,0.486,
112,0.208,-0.215,
113,0.164,0.257,
114,0.025,0.285,
115,-0.323,0.616,
116,0.523,-0.296,
117,0.811,0.092,
118,0.342,-0.119,
119,0.517,0.567,
120,-0.48,-0.546,
121,0.344,-0.244,
122,0.485,-0.128,
123,-0.772,-0.85,
124,0.56,0.169,
125,0.333,-0.232,
126,-1.021,-0.176,
127,-0.175,-0.282,
128,-0.251,0.527,
129,0.055,-0.453,
130,-0.258,0.26,
131,0.329,-0.155,
132,0.204,0.324,
133,-0.533,0.246,
134,-0.317,0.075,
135,-0.227,0.208,
136,-0.302,-0.421,
137,-0.882,0.945,
138,-0.382,-0.367,
139,0.19,0.604,
140,-0.093,-0.128,
141,-0.198,0.396,
142,-0.161,-0.148,
143,-0.127,0.616,
144,0.834,-0.526,
145,0.142,-0.266,
146,-0.123,-0.221,
147,-0.42,-0.164,
148,-0.001,0.108,
149,0.077,-0.222,
150,-0.626,-0.132,
151,-0.64,0.188,
152,0.115,-0.205,
153,-0.399,0.096,
154,-1.056,0.488,
155,0.45,0.05,
156,-0.542,-0.571,
157,0.041,-0.66,
158,-0.115,0.296,
159,0.665,-0.536,
160,0.767,1.074,
161,0.827,0.303,
162,0.156,-0.041,
163,0.16,-0.434,
