1,-0.989,-0.49,
2,0.04,0.049,
3,0.242,-0.332,
4,0.151,-0.378,
5,0.052,-0.73,
6,0.072,0.137,
7,0.086,-0.261,
8,0.093,-0.406,
9,-0.004,-0.176,
10,-0.213,-0.119,
11,0.092,0.53,
12,-0.198,-0.665,
13,0.419,0.251,
14,0.284,-0.509,
15,-0.721,-0.049,
16,0.283,-0.513,
17,-0.198,0.216,
18,-0.146,0.274,
19,-0.214,0.251,
20,0.324,0.227,
21,0.238,0.065,
22,0.248,0.065,
23,-0.028,-0.126,
24,-0.057,0.274,
25,0.506,0.684,
26,0.236,-0.46,
27,0.065,-0.006,
28,0.196,0.054,
29,-0.344,-0.135,
30,0.743,0.339,
31,0.273,-0.045,
32,-0.105,-0.273,
33,-0.032,-0.08,
34,-0.45,0.254,
35,-0.562,-0.744,
36,0.262,0.33,
37,0.199,0.139,
38,-0.061,-0.326,
39,0.492,-0.205,
40,-0.528,0.186,
41,0.127,0.191,
42,0.16,-0.311,
43,0.218,0.136,
44,-0.01,-0.022,
45,0.101,0.151,
46,-0.047,-0.157,
47,0.307,0.14,
48,-0.269,-0.255,
49,-0.02,0.04,
50,-0.155,0.011,
51,-0.469,-0.043,
52,0.227,0.31,
53,-0.069,0.213,
54,0.295,-0.269,
55,0.105,0.026,
56,-0.102,0.562,
57,-0.244,-0.032,
58,0.091,0.112,
59,0.408,0.331,
60,-0.086,0.161,
61,0.049,-0.136,
62,-0.028,0.437,
63,-0.074,0.146,
64,0.008,0.071,
65,-0.227,0.068,
66,0.107,0.005,
67,-0.231,0.01,
68,0.189,-0.012,
69,0.2,0.021,
70,-0.208,-0.272,
71,0.077,-0.265,
72,0.091,-0.121,
73,0.159,0.32,
74,0.324,-0.018,
75,-0.383,0.184,
76,0.273,-0.426,
77,0.034,0.256,
78,0.275,0.839,
79,-0.389,0.2,
80,-0.519,0.059,
81,-0.056,0.245,
82,-0.048,-0.416,
83,-0.444,0.052,
84,0.839,0.193,
85,-0.7,-0.092,
86,0.039,-0.469,
87,0.196,0.032,
88,0.074,0.025,
89,-0.214,-0.164,
90,-0.274,0.135,
91,0.183,0.28,
92,0.159,-0.437,
93,0.589,0.368,
94,0.119,0.29,
95,-0.247,0.553,
96,0.101,0.155,
97,0.198,-0.179,
98,0.001,0.189,
99,0.416,-0.083,
100,0.368,0.045,
101,-0.089,-0.016,
102,0.115,0.018,
103,-0.04,-0.447,
104,-0.35,0.067,
105,0.393,0.19,
106,-0.529,-1.154,
107,-0.191,-0.232,
108,0.146,0.109,
109,-0.016,-0.277,
110,-0.273,0.086,
111,-0.365,-0.002,
112,-0.245,0.27,
113,-0.02,0.111,
114,0.133,0.35,
115,-0.334,0.292,
116,-0.126,-0.037,
117,0.252,0.347,
118,0.191,-0.196,
119,-0.02,0.063,
120,-0.051,-0.056,
121,-0.123,0.045,
122,0.019,-0.278,
123,-0.34,0.011,
124,-0.102,0.445,
125,0.045,-0.264,
126,0.11,-0.196,
127,-0.086,0.06,
128,-0.276,0.324,
129,0.501,0.246,
130,-0.276,-0.426,
131,0.066,0.401,
132,-0.211,0.229,
133,-0.194,0.099,
134,-0.388,-0.195,
135,-0.049,0.14,
136,-0.311,-0.244,
137,-0.204,0.267,
138,0.148,0.085,
139,0.06,-0.386,
140,-0.125,0.004,
141,-0.33,0.173,
142,-0.072,-0.074,
143,0.051,-0.298,
144,0.875,-0.777,
145,0.015,-0.24,
146,-0.466,-0.074,
147,-0.469,-0.001,
148,-0.116,0.022,
149,-0.053,0.012,
150,-0.196,0.034,
151,-0.371,0.435,
152,-0.29,-0.09,
153,-0.016,-0.156,
154,0.552,0.153,
155,0.1,0.059,
156,-0.255,0.441,
157,0.078,0.055,
158,-0.185,0.175,
159,-0.269,0.065,
160,0.021,0.033,
161,-0.012,-0.197,
162,-0.544,0.171,
163,0.505,-0.318,
