1,0.818,0.843,
2,0.756,0.284,
3,0.291,0.484,
4,0.705,0.587,
5,0.778,1.041,
6,-0.736,0.568,
7,0.67,1.124,
8,0.912,0.946,
9,0.041,0.003,
10,0.236,1.23,
11,0.88,1.295,
12,0.768,0.143,
13,1.129,0.483,
14,0.074,0.341,
15,0.139,0.752,
16,0.746,0.38,
17,-0.116,0.613,
18,0.543,0.385,
19,0.565,0.911,
20,0.53,0.714,
21,0.522,0.343,
22,0.322,0.605,
23,0.539,0.532,
24,0.556,0.459,
25,0.076,0.953,
26,0.74,1.081,
27,0.825,0.573,
28,0.364,0.786,
29,0.467,0.74,
30,0.902,0.941,
31,0.432,1.104,
32,0.946,0.286,
33,0.321,0.497,
34,-0.239,-0.203,
35,0.758,1.225,
36,0.167,0.848,
37,0.695,0.988,
38,0.863,0.883,
39,0.513,0.587,
40,0.715,0.486,
41,1.099,0.786,
42,0.997,1.181,
43,0.678,0.927,
44,0.965,1.15,
45,0.433,0.867,
46,0.562,0.4,
47,-0.071,0.121,
48,1.078,0.389,
49,0.06,0.075,
50,0.081,0.237,
51,1.25,0.306,
52,0.144,0.421,
53,0.871,0.099,
54,0.778,0.744,
55,0.334,-0.092,
56,0.194,1.146,
57,0.393,0.728,
58,0.345,1.09,
59,0.36,0.609,
60,0.46,0.598,
61,0.398,0.837,
62,0.632,0.63,
63,0.481,0.844,
64,0.26,0.136,
65,0.44,0.174,
66,0.815,1.203,
67,0.185,0.068,
68,0.844,0.511,
69,0.487,1.243,
70,0.16,0.474,
71,0.42,0.519,
72,0.567,0.664,
73,0.19,0.786,
74,0.8,0.773,
75,0.504,0.308,
76,0.607,0.672,
77,0.293,0.403,
78,0.381,0.663,
79,-0.363,0.635,
80,0.506,0.226,
81,0.797,0.805,
82,0.694,0.826,
83,0.655,0.794,
84,0.267,0.563,
85,0.727,0.688,
86,0.291,1.338,
87,0.451,0.091,
88,0.674,0.562,
89,0.677,0.456,
90,0.689,0.484,
91,0.897,0.783,
92,0.543,0.205,
93,-0.038,1.187,
94,0.008,1.014,
95,0.558,0.292,
96,0.481,0.48,
97,1.15,0.539,
98,-0.026,-0.382,
99,0.675,0.573,
100,0.221,0.586,
101,0.646,0.713,
102,0.317,0.16,
103,0.496,0.983,
104,0.454,0.638,
105,0.206,0.449,
106,0.679,1.113,
107,0.78,1.513,
108,0.42,0.092,
109,0.718,0.615,
110,1.142,0.803,
111,0.199,0.871,
112,-0.439,0.235,
113,0.639,0.494,
114,0.839,0.32,
115,0.434,-0.589,
116,0.577,0.242,
117,1.037,0.692,
118,0.548,0.555,
119,0.714,0.725,
120,0.551,0.325,
121,0.352,0.727,
122,1.025,0.666,
123,0.093,-0.514,
124,0.821,0.239,
125,0.512,0.144,
126,1.284,-0.017,
127,0.748,0.295,
128,0.44,0.906,
129,0.5,0.628,
130,0.775,0.536,
131,1.173,1.439,
132,0.199,0.472,
133,0.096,0.57,
134,0.541,0.677,
135,0.356,0.43,
136,0.427,0.532,
137,0.112,0.86,
138,0.249,0.574,
139,0.18,-0.19,
140,0.432,0.614,
141,0.139,0.231,
142,0.324,0.251,
143,0.481,1.097,
144,0.237,0.852,
145,0.417,0.225,
146,1.05,1.066,
147,0.469,0.65,
148,-0.122,0.529,
149,0.474,-1.065,
150,-0.787,0.812,
151,1.194,1.084,
152,0.195,1.051,
153,0.427,0.387,
154,0.326,0.561,
155,0.265,0.872,
156,0.333,0.737,
157,0.192,0.256,
158,0.941,0.862,
159,0.721,0.159,
160,0.35,0.843,
161,0.867,0.406,
162,0.536,0.374,
163,1.103,0.065,
