1,-2.698,-2.22,
2,0.386,-0.572,
3,-1.037,-1.241,
4,0.467,-0.845,
5,-0.17,-2.198,
6,-0.067,1.659,
7,1.306,0.288,
8,0.497,-0.425,
9,-1.047,0.001,
10,0.193,-0.512,
11,0.373,2.265,
12,-1.521,-2.045,
13,1.741,1.167,
14,-0.035,-0.544,
15,-2.148,-0.054,
16,0.419,-2.321,
17,0.391,0.119,
18,0.167,-0.097,
19,0.944,0.725,
20,2.271,1.02,
21,0.71,0.304,
22,1.227,0.46,
23,0.05,-0.155,
24,-0.23,0.304,
25,-0.092,2.568,
26,0.298,-0.821,
27,0.209,-0.127,
28,0.536,0.012,
29,-0.211,-2.085,
30,0.636,0.274,
31,0.739,0.397,
32,-0.119,-0.992,
33,-0.102,-0.727,
34,-1.985,1.311,
35,-2.134,-1.032,
36,-0.346,0.717,
37,0.583,0.291,
38,-0.129,-1.056,
39,0.706,0.098,
40,-1.206,1.517,
41,0.308,0.501,
42,0.201,0.207,
43,0.047,1.308,
44,-0.161,-0.425,
45,-0.164,0.228,
46,-2.057,-0.786,
47,0.264,0.828,
48,-1.662,-0.773,
49,-0.454,-1.352,
50,-0.918,-0.548,
51,-0.978,-0.023,
52,0.589,1.047,
53,-0.381,-0.142,
54,1.52,-0.736,
55,-0.188,1.013,
56,0.074,0.673,
57,-0.731,-0.468,
58,0.736,0.355,
59,1.344,0.934,
60,-0.171,-0.061,
61,0.436,-0.503,
62,-0.846,0.891,
63,-0.872,1.145,
64,-0.241,0.206,
65,-0.28,0.237,
66,0.368,0.203,
67,-0.38,-0.734,
68,-0.003,0.659,
69,-1.275,0.182,
70,-0.366,-0.351,
71,0.248,-0.945,
72,0.589,-0.718,
73,-0.159,-0.046,
74,-0.438,-0.218,
75,-2.51,-0.064,
76,0.317,-0.343,
77,0.335,-0.035,
78,-0.06,0.367,
79,-1.024,-0.151,
80,-1.107,-0.086,
81,-0.77,1.105,
82,-0.605,-1.396,
83,-2.28,-0.281,
84,1.475,0.351,
85,-0.637,-0.196,
86,-0.014,-0.523,
87,0.613,0.342,
88,0.201,0.749,
89,0.245,0.021,
90,-0.431,0.328,
91,0.153,1.158,
92,0.824,-1.524,
93,2.456,0.013,
94,0.505,0.92,
95,0.075,1.801,
96,-0.959,1.061,
97,1.218,1.293,
98,0.15,0.093,
99,0.544,0.494,
100,-0.754,0.319,
101,0.105,0.211,
102,-0.427,-1.009,
103,-0.625,-1.415,
104,-0.798,-0.314,
105,1.289,0.712,
106,-0.589,-1.325,
107,-0.581,-0.113,
108,0.738,0.141,
109,0.146,-0.091,
110,-1.628,0.613,
111,-1.384,1.002,
112,-1.077,1.899,
113,0.36,-0.193,
114,0.073,0.843,
115,-0.918,0.604,
116,-0.196,-0.468,
117,1.297,0.426,
118,0.489,-0.979,
119,-0.499,0.173,
120,-0.102,-0.603,
121,-0.209,1.717,
122,-0.731,-0.326,
123,-0.828,-0.61,
124,-0.449,0.704,
125,-0.735,-0.397,
126,0.063,-0.437,
127,-0.33,0.737,
128,-0.318,-0.169,
129,0.645,1.193,
130,-1.244,-1.703,
131,0.713,1.813,
132,-0.674,1.87,
133,-0.319,0.487,
134,-0.852,-0.769,
135,-1.059,0.641,
136,-2.104,-0.779,
137,-1.099,0.582,
138,-0.539,0.076,
139,0.498,-1.072,
140,-0.049,0.129,
141,-0.067,-0.828,
142,-0.214,0.385,
143,-0.365,-0.476,
144,0.241,-0.259,
145,-0.156,-0.923,
146,-1.292,-0.695,
147,-1.917,-1.096,
148,-0.543,-0.037,
149,1.209,-0.648,
150,-0.433,0.015,
151,-1.126,0.555,
152,-0.933,-0.525,
153,0.208,0.095,
154,1.661,0.389,
155,-0.29,0.105,
156,-0.396,-0.053,
157,-0.488,-0.065,
158,-0.812,-1.38,
159,-0.174,0.262,
160,0.502,-0.858,
161,-1.332,-0.311,
162,-1.273,-0.182,
163,0.562,-0.985,
