1,-0.173,-0.909,
2,-0.115,-1.229,
3,-0.544,-0.99,
4,-0.31,-0.778,
5,0.097,-0.692,
6,-1.363,-0.886,
7,-0.279,-0.468,
8,0.061,-0.759,
9,-0.569,-1.51,
10,-0.764,-0.165,
11,0.272,-0.503,
12,0.2,-0.787,
13,0.326,-0.484,
14,-0.67,-0.825,
15,-0.32,-1.035,
16,-0.262,-1.175,
17,-1.119,-1.173,
18,-0.201,-1.015,
19,-0.302,-0.645,
20,-0.134,-0.7,
21,-0.26,-1.085,
22,-0.375,-0.83,
23,-0.4,-1.237,
24,0.173,-0.841,
25,-0.546,-0.627,
26,-0.268,-0.196,
27,0.079,-0.831,
28,-0.035,-0.661,
29,0.008,-0.639,
30,-0.066,-0.204,
31,-0.262,-0.355,
32,-0.167,-1.04,
33,-0.665,-1.001,
34,-0.873,-1.327,
35,-0.004,-0.091,
36,-0.436,-0.49,
37,-0.196,-0.806,
38,-0.288,-0.787,
39,-0.458,-0.912,
40,-0.26,-1.087,
41,0.073,-0.376,
42,0.002,-0.253,
43,-0.193,-0.141,
44,-0.119,-0.539,
45,-0.085,-0.807,
46,-0.376,-0.69,
47,-0.761,-1.173,
48,0.439,-0.623,
49,-0.443,-1.055,
50,-0.702,-1.245,
51,-0.151,-0.892,
52,-0.296,-0.73,
53,-0.045,-0.959,
54,-0.187,-0.477,
55,-0.704,-1.494,
56,-0.29,-0.677,
57,-0.167,-0.961,
58,-0.512,-0.358,
59,-0.61,-1.085,
60,-0.248,-0.817,
61,-0.294,-0.576,
62,-0.188,-0.779,
63,-0.141,-0.8,
64,-0.839,-1.146,
65,0.082,-1.011,
66,0.011,-0.178,
67,-1.233,-0.802,
68,-0.242,-0.713,
69,-0.247,-0.184,
70,-0.302,-0.618,
71,-0.362,-0.927,
72,-0.025,-0.783,
73,-0.469,-0.778,
74,-0.06,-0.658,
75,0.089,-0.81,
76,-0.768,-0.698,
77,-0.317,-1.069,
78,-0.549,-0.349,
79,-1.203,-0.686,
80,-0.148,-1.543,
81,-0.006,-0.897,
82,-0.088,-0.448,
83,-0.118,-0.636,
84,-0.338,-0.773,
85,-0.045,-0.751,
86,-0.457,0.139,
87,-0.296,-1.148,
88,0.221,-0.512,
89,-0.329,-0.764,
90,-0.339,-1.047,
91,-0.491,-0.282,
92,-0.297,-1.006,
93,-0.714,-0.322,
94,-0.461,-0.076,
95,-0.194,-1.002,
96,-0.375,-0.974,
97,0.179,-0.66,
98,-0.992,-1.538,
99,-0.462,-0.683,
100,-0.666,-0.736,
101,-0.28,-0.351,
102,-0.21,-1.047,
103,-0.559,-0.597,
104,-0.68,-0.577,
105,-0.512,-1.12,
106,-0.177,-0.448,
107,-0.078,0.146,
108,-0.549,-1.127,
109,-0.298,-0.948,
110,0.096,-0.542,
111,-0.389,-0.23,
112,-1.046,-1.368,
113,-0.248,-0.817,
114,-0.398,-1.092,
115,-0.259,-2.012,
116,-0.211,-1.233,
117,0.096,-0.816,
118,-0.335,-0.936,
119,-0.34,-0.869,
120,-0.265,-0.976,
121,-0.409,-0.851,
122,0.098,-0.493,
123,-0.684,-1.597,
124,0.051,-0.99,
125,-0.474,-1.224,
126,0.009,-0.846,
127,-0.028,-1.25,
128,-0.408,-0.666,
129,-0.401,-0.804,
130,-0.253,-0.689,
131,-0.267,0.102,
132,-0.473,-0.555,
133,-0.723,-0.702,
134,-0.537,-0.662,
135,-0.731,-1.234,
136,-0.434,-0.858,
137,-0.594,-0.441,
138,-0.544,-0.667,
139,-1.005,-1.223,
140,-0.222,-0.93,
141,-0.811,-1.375,
142,-0.634,-1.235,
143,-0.414,-0.299,
144,-0.765,-0.71,
145,-0.679,-1.28,
146,0.347,-0.082,
147,-0.236,-0.813,
148,-0.877,-0.541,
149,-0.485,-1.967,
150,-1.924,-0.996,
151,0.497,-0.384,
152,-0.928,-0.206,
153,-0.106,-1.019,
154,-0.598,-0.798,
155,-0.69,-0.92,
156,-0.499,-0.465,
157,-0.678,-0.805,
158,-0.215,-0.472,
159,-0.344,-0.776,
160,-0.695,-0.504,
161,-0.392,-0.852,
162,-0.194,-0.348,
163,0.588,-1.065,
