1,-0.585,-1.198,
2,1.043,-0.602,
3,-0.965,-0.568,
4,0.268,-0.435,
5,0.552,-0.06,
6,-1.05,1.384,
7,1.672,1.467,
8,0.551,0.306,
9,-0.906,-0.695,
10,0.566,-0.462,
11,0.268,1.668,
12,-0.777,-1.433,
13,1.634,0.451,
14,-0.376,-0.977,
15,-0.784,0.332,
16,0.807,-1.261,
17,-0.01,-0.023,
18,-0.017,-0.63,
19,0.984,0.645,
20,2.209,1.302,
21,0.351,0.219,
22,0.474,0.475,
23,0.269,-0.607,
24,0.174,0.766,
25,-0.148,1.67,
26,0.325,0.119,
27,-0.173,-0.511,
28,0.505,0.247,
29,-0.127,-0.389,
30,0.301,0.475,
31,0.456,0.797,
32,0.086,-0.749,
33,-0.063,0.114,
34,-1.676,1.07,
35,-0.952,-0.238,
36,-0.722,0.611,
37,0.194,0.21,
38,-0.453,-0.745,
39,0.118,0.675,
40,-0.5,1.182,
41,0.385,0.506,
42,1.195,0.934,
43,0.091,1.038,
44,-0.12,-0.051,
45,-0.087,-0.274,
46,-1.271,-0.714,
47,-0.305,0.307,
48,-0.276,-0.608,
49,-0.699,-1.632,
50,-0.97,-0.827,
51,-0.323,-0.18,
52,0.407,0.704,
53,0.294,-1.713,
54,1.255,-0.429,
55,-0.37,0.1,
56,-0.741,0.698,
57,0.251,-0.274,
58,0.469,0.526,
59,1.328,0.212,
60,0.26,-0.404,
61,-0.326,-0.004,
62,-0.958,0.202,
63,-0.906,1.493,
64,-0.019,0.233,
65,0.107,0.039,
66,0.324,0.789,
67,-0.552,-0.8,
68,0.154,0.492,
69,-0.879,0.781,
70,0.035,-0.147,
71,-0.434,-0.777,
72,0.503,-0.483,
73,-0.661,-0.14,
74,0.484,-0.014,
75,-1.139,-0.117,
76,0.084,0.267,
77,-0.092,-0.296,
78,-0.15,0.141,
79,-0.991,-0.016,
80,-0.684,-0.653,
81,-0.534,0.755,
82,-0.49,-0.201,
83,-0.691,-0.12,
84,0.284,-0.189,
85,-0.764,-0.054,
86,-0.286,0.168,
87,0.772,-0.567,
88,-0.209,0.662,
89,0.738,0.458,
90,-0.344,0.16,
91,0.035,0.948,
92,0.591,-0.946,
93,0.657,0.044,
94,-0.039,0.706,
95,0.365,1.459,
96,-0.418,0.521,
97,0.884,0.629,
98,0.093,-0.678,
99,0.029,0.559,
100,-1.904,0.113,
101,0.705,0.609,
102,-0.757,-0.266,
103,-0.561,-0.547,
104,-0.629,-0.165,
105,-0.04,-0.042,
106,-0.291,-0.525,
107,0.282,0.912,
108,0.062,0.046,
109,-0.132,-0.146,
110,-2.04,0.992,
111,-0.361,0.788,
112,-1.029,1.077,
113,0.928,-0.389,
114,0.162,0.33,
115,-0.093,-0.253,
116,-0.228,-0.558,
117,1.516,-0.061,
118,0.428,-0.361,
119,-0.493,0.135,
120,0.207,-0.897,
121,0.395,1.491,
122,-0.215,-0.036,
123,-0.503,-1.036,
124,0.302,-0.014,
125,-0.533,-0.822,
126,0.282,-0.347,
127,0.595,0.461,
128,-0.348,0.161,
129,0.168,1.058,
130,-0.275,-0.585,
131,0.721,1.834,
132,-0.468,0.984,
133,-0.506,-0.195,
134,-0.765,-0.317,
135,-0.711,-0.02,
136,-1.273,-0.21,
137,-0.759,0.345,
138,-0.47,0.375,
139,0.461,-0.849,
140,-0.119,0.26,
141,-0.313,-0.747,
142,-0.274,-0.068,
143,-0.187,0.051,
144,0.398,0.339,
145,-0.316,-1.206,
146,-0.334,-0.142,
147,-0.9,-1.077,
148,-1.091,-0.221,
149,1.457,-1.316,
150,-0.628,-0.321,
151,-0.272,0.84,
152,-0.733,0.3,
153,0.483,0.704,
154,0.737,0.432,
155,-0.216,0.265,
156,0.067,-0.133,
157,0.306,-1.041,
158,-0.908,-0.28,
159,0.088,-0.376,
160,0.385,-0.083,
161,-0.841,-0.041,
162,-0.231,-0.53,
163,0.692,-0.59,
