1,-0.09,-1.448,
2,1.548,-1.936,
3,1.936,1.127,
4,1.377,1.45,
5,0.552,1.715,
6,-0.683,-0.113,
7,1.246,1.12,
8,-0.185,1.2,
9,-1.677,0.71,
10,2.466,-0.503,
11,0.324,1.98,
12,0.026,0.197,
13,0.213,1.072,
14,1.445,1.907,
15,-0.533,-0.024,
16,0.661,1.809,
17,-1.444,0.211,
18,1.34,-0.012,
19,0.753,0.268,
20,-0.509,-0.994,
21,1.298,-1.031,
22,-0.506,-1.752,
23,0.005,0.364,
24,-0.813,0.92,
25,-0.447,0.654,
26,0.476,0.327,
27,0.428,-0.376,
28,-1.67,0.692,
29,2.663,1.521,
30,1.651,-1.292,
31,0.244,-2.24,
32,0.041,-1.661,
33,-0.348,0.649,
34,-0.942,-1.509,
35,-2.685,-0.463,
36,-0.676,3.041,
37,0.214,1.253,
38,2.085,0.676,
39,-0.069,-0.039,
40,0.534,-2.081,
41,0.63,0.44,
42,-1.434,-0.469,
43,-1.928,1.158,
44,-0.869,0.658,
45,-2.341,1.023,
46,0.76,-0.436,
47,-1.412,0.173,
48,0.257,0.072,
49,-0.363,-1.516,
50,-0.488,0.432,
51,0.758,-0.628,
52,-1.422,-1.739,
53,0.179,-2.067,
54,0.312,-1.774,
55,0.355,1.147,
56,-0.43,0.152,
57,-0.358,0.426,
58,1.065,-0.284,
59,-0.049,1.839,
60,-0.65,0.556,
61,-0.453,-1.671,
62,1.295,1.077,
63,0.242,0.904,
64,-0.309,1.675,
65,-1.965,-1.536,
66,-0.241,0.236,
67,0.124,-0.165,
68,1.944,0.309,
69,0.02,0.832,
70,-0.746,-2.131,
71,0.276,2.145,
72,-0.106,-0.592,
73,0.107,-0.738,
74,-0.732,0.157,
75,1.388,-0.778,
76,-0.062,-0.436,
77,-0.258,0.891,
78,-0.13,1.052,
79,-0.389,0.328,
80,0.769,0.098,
81,0.738,0.611,
82,-0.077,-0.17,
83,-2.191,0.003,
84,0.713,0.12,
85,0.483,-0.414,
86,0.752,3.84,
87,0.101,-0.336,
88,1.007,-0.046,
89,0.993,-1.362,
90,1.816,1.729,
91,2.512,0.028,
92,0.322,-1.726,
93,-0.125,-1.134,
94,0.259,0.253,
95,-0.886,0.568,
96,-0.213,0.443,
97,0.283,0.347,
98,1.167,-2.494,
99,1.043,1.542,
100,-0.787,2.483,
101,0.815,-0.812,
102,-1.328,0.86,
103,2.436,-0.341,
104,0.763,2.19,
105,0.077,-0.405,
106,0.463,0.953,
107,-1.69,2.076,
108,-1.222,-0.125,
109,0.453,0.908,
110,2.358,-0.876,
111,0.25,2.018,
112,-0.21,-0.278,
113,0.461,0.704,
114,1.787,0.36,
115,-0.042,0.659,
116,1.198,-0.025,
117,2.04,1.014,
118,0.975,-0.072,
119,1.583,1.636,
120,-0.552,-0.823,
121,1.862,1.219,
122,0.76,-1.594,
123,-1.169,-1.248,
124,1.18,0.018,
125,0.728,-1.61,
126,-0.919,-0.965,
127,-1.618,-0.028,
128,0.093,0.892,
129,0.237,-0.402,
130,-0.358,0.18,
131,1.909,0.21,
132,0.738,1.02,
133,-1.276,1.278,
134,0.342,-0.005,
135,-0.891,1.359,
136,-0.085,-0.627,
137,-2.178,1.324,
138,-1.405,-0.699,
139,0.049,-0.175,
140,0.699,-0.734,
141,-0.077,0.479,
142,-0.244,0.148,
143,-0.535,1.452,
144,0.227,0.366,
145,0.557,-0.325,
146,-0.749,0.217,
147,-1.031,-0.476,
148,-0.422,-0.003,
149,-0.344,-1.408,
150,-1.818,0.067,
151,-0.987,0.611,
152,0.102,-0.599,
153,-2.032,-0.154,
154,-1.692,0.974,
155,0.288,1.391,
156,-0.237,-2.403,
157,0.084,-1.621,
158,0.93,0.514,
159,3.824,-0.883,
160,1.779,1.683,
161,1.68,0.457,
162,-0.078,-1.16,
163,0.151,-0.826,
