1,-1.103,-1.973,
2,1.079,-0.755,
3,-1.069,-0.746,
4,0.255,-0.559,
5,0.422,-0.681,
6,-0.831,1.51,
7,1.917,1.328,
8,0.639,0.107,
9,-1.149,-0.675,
10,0.513,-0.651,
11,0.248,1.949,
12,-1.092,-1.808,
13,1.889,0.581,
14,-0.239,-1.058,
15,-1.13,0.134,
16,0.851,-1.719,
17,0.068,-0.093,
18,0.027,-0.668,
19,1.198,0.772,
20,2.63,1.249,
21,0.489,0.237,
22,0.765,0.594,
23,0.299,-0.661,
24,0.244,0.631,
25,-0.348,2.073,
26,0.305,-0.064,
27,-0.209,-0.573,
28,0.571,0.204,
29,-0.156,-1.033,
30,0.426,0.484,
31,0.565,0.769,
32,0.023,-0.917,
33,-0.071,-0.121,
34,-1.974,1.352,
35,-1.351,-0.605,
36,-0.627,0.628,
37,0.301,0.24,
38,-0.472,-0.921,
39,0.232,0.653,
40,-0.742,1.503,
41,0.381,0.583,
42,1.078,0.89,
43,0.072,1.386,
44,-0.184,-0.11,
45,-0.128,-0.052,
46,-1.794,-0.931,
47,-0.16,0.541,
48,-0.667,-0.754,
49,-0.894,-1.896,
50,-1.135,-0.925,
51,-0.53,-0.132,
52,0.497,0.913,
53,0.202,-1.521,
54,1.486,-0.629,
55,-0.335,0.276,
56,-0.737,0.612,
57,0.035,-0.355,
58,0.589,0.538,
59,1.561,0.454,
60,0.257,-0.432,
61,-0.278,-0.173,
62,-1.366,0.39,
63,-1.066,1.602,
64,-0.042,0.249,
65,0.009,0.054,
66,0.357,0.723,
67,-0.599,-0.879,
68,0.09,0.592,
69,-1.215,0.658,
70,-0.014,-0.253,
71,-0.302,-0.881,
72,0.549,-0.671,
73,-0.632,-0.2,
74,0.423,-0.098,
75,-1.552,-0.093,
76,-0.001,0.285,
77,-0.045,-0.253,
78,-0.096,0.186,
79,-1.048,-0.087,
80,-0.91,-0.576,
81,-0.491,1.064,
82,-0.65,-0.578,
83,-1.26,-0.241,
84,0.629,-0.125,
85,-0.858,-0.074,
86,-0.288,-0.009,
87,0.899,-0.352,
88,-0.118,0.894,
89,0.788,0.509,
90,-0.573,0.249,
91,0.097,1.056,
92,0.759,-1.218,
93,1.222,-0.072,
94,0.039,0.866,
95,0.446,1.87,
96,-0.674,0.779,
97,1.104,0.784,
98,0.231,-0.618,
99,0.118,0.657,
100,-2.017,0.24,
101,0.779,0.601,
102,-0.713,-0.552,
103,-0.448,-0.94,
104,-0.864,-0.209,
105,0.307,0.237,
106,-0.39,-0.757,
107,0.076,0.719,
108,0.169,0.145,
109,-0.148,-0.108,
110,-2.288,1.094,
111,-0.626,0.926,
112,-1.156,1.448,
113,1.07,-0.416,
114,0.254,0.54,
115,-0.328,0.198,
116,-0.159,-0.655,
117,1.649,-0.006,
118,0.518,-0.515,
119,-0.536,0.104,
120,0.166,-0.947,
121,0.372,1.812,
122,-0.371,-0.035,
123,-0.605,-1.072,
124,0.161,0.167,
125,-0.725,-0.819,
126,0.303,-0.47,
127,0.398,0.629,
128,-0.388,0.064,
129,0.241,1.216,
130,-0.577,-0.87,
131,0.754,2.031,
132,-0.486,1.219,
133,-0.494,-0.017,
134,-0.95,-0.521,
135,-0.948,0.19,
136,-1.624,-0.374,
137,-0.851,0.544,
138,-0.519,0.299,
139,0.638,-0.873,
140,-0.222,0.308,
141,-0.288,-0.796,
142,-0.194,0.113,
143,-0.233,-0.288,
144,0.327,0.278,
145,-0.264,-1.307,
146,-0.684,-0.28,
147,-1.226,-1.036,
148,-1.076,-0.285,
149,1.539,-1.181,
150,-0.6,-0.265,
151,-0.625,0.939,
152,-0.908,0.229,
153,0.454,0.726,
154,1.098,0.563,
155,-0.229,0.402,
156,0.053,-0.159,
157,-0.084,-1.173,
158,-1.578,-0.503,
159,0.177,-0.281,
160,0.48,-0.31,
161,-1.193,-0.078,
162,-0.499,-0.564,
163,0.619,-0.659,
