1,-0.605,-0.318,
2,0.753,-0.363,
3,1.322,0.455,
4,0.703,0.809,
5,-0.08,0.916,
6,-0.681,-0.092,
7,0.726,0.362,
8,-0.378,-0.001,
9,-1.279,0.653,
10,1.23,-0.798,
11,-0.546,1.273,
12,0.241,0.056,
13,-0.117,0.618,
14,0.64,0.733,
15,-0.286,-0.909,
16,-0.048,1.093,
17,-1.587,-0.227,
18,0.504,-0.086,
19,0.086,-0.03,
20,-0.824,-0.673,
21,0.604,-0.722,
22,-0.416,-0.698,
23,0.237,0.035,
24,-0.738,0.593,
25,0.146,0.199,
26,0.242,-0.175,
27,0.178,-0.655,
28,-0.634,0.333,
29,1.051,1.379,
30,0.771,-0.641,
31,0.19,-1.811,
32,-0.726,-1.334,
33,-0.33,0.323,
34,-0.76,-0.693,
35,-1.766,-0.233,
36,0.082,1.894,
37,-0.402,0.556,
38,0.718,-0.506,
39,0.121,-0.223,
40,-0.103,-1.353,
41,-0.024,0.249,
42,-0.813,-0.596,
43,-1.365,0.395,
44,-1.021,0.108,
45,-1.689,0.279,
46,0.293,-0.203,
47,-0.936,0.034,
48,0.281,0.263,
49,-0.264,-0.627,
50,-0.281,0.166,
51,-0.174,-0.183,
52,-0.883,-1.316,
53,0.207,-1.302,
54,0.2,-2.148,
55,0.072,0.542,
56,0.17,0.245,
57,-0.723,-0.039,
58,0.561,-0.543,
59,-0.113,1.1,
60,-0.96,0.339,
61,-0.467,-1.455,
62,1.079,0.39,
63,0.003,0.478,
64,-0.104,1.237,
65,-0.958,-0.609,
66,-0.021,0.335,
67,-0.164,0.455,
68,0.429,0.234,
69,0.443,0.153,
70,-0.401,-1.894,
71,-0.332,0.719,
72,-0.074,-0.659,
73,-0.028,-0.707,
74,-0.075,0.021,
75,0.446,-0.817,
76,0.188,-0.177,
77,-0.157,0.694,
78,-0.538,0.501,
79,-0.221,0.19,
80,0.232,-0.331,
81,0.266,0.048,
82,0.249,-0.467,
83,-1.388,-0.564,
84,0.944,-0.043,
85,-0.394,-0.287,
86,-0.115,1,
87,0.142,-0.156,
88,0.163,-0.259,
89,0.283,-0.999,
90,0.683,1.042,
91,1.119,-0.272,
92,0.232,-1.04,
93,0.232,-1.145,
94,0.355,0.24,
95,-0.634,0.388,
96,-0.223,0.218,
97,-0.469,0.117,
98,0.097,-1.618,
99,0.884,0.334,
100,-1.291,2.182,
101,0.317,-0.538,
102,-1.278,1.011,
103,1.468,-0.562,
104,0.289,1.846,
105,0.118,-0.49,
106,-0.127,-0.641,
107,-1.046,0.836,
108,-0.549,-0.241,
109,-0.264,0.14,
110,1.735,-0.33,
111,-0.269,1.218,
112,0.202,-0.286,
113,0.081,0.523,
114,0.287,0.338,
115,-0.4,1.052,
116,0.815,-0.275,
117,1.251,0.327,
118,0.694,-0.228,
119,0.829,0.895,
120,-0.696,-0.779,
121,0.738,0.036,
122,0.66,-0.621,
123,-1.058,-1.094,
124,0.889,0.121,
125,0.542,-0.522,
126,-1.434,-0.156,
127,-0.598,-0.353,
128,-0.211,0.599,
129,-0.022,-0.709,
130,-0.477,0.261,
131,0.707,-0.192,
132,0.36,0.613,
133,-0.86,0.612,
134,-0.222,0.101,
135,-0.585,0.38,
136,-0.377,-0.674,
137,-1.504,1.271,
138,-0.945,-0.741,
139,0.303,0.408,
140,0.084,-0.373,
141,-0.055,0.359,
142,-0.239,-0.157,
143,-0.363,1.023,
144,0.758,-0.357,
145,0.18,-0.364,
146,-0.222,-0.279,
147,-0.712,-0.36,
148,-0.155,0.033,
149,0.082,-0.611,
150,-0.887,-0.465,
151,-0.967,0.191,
152,0.152,-0.378,
153,-0.695,-0.159,
154,-1.594,0.726,
155,0.436,0.276,
156,-0.676,-1.411,
157,0.006,-1.215,
158,0.097,0.202,
159,1.791,-0.899,
160,1.267,1.415,
161,1.141,0.456,
162,0.061,-0.452,
163,0.003,-0.808,
