1,-0.462,-0.038,
2,0.078,-0.053,
3,0.656,0.042,
4,0.19,0.21,
5,-0.12,0.139,
6,-0.225,-0.061,
7,0.173,-0.005,
8,-0.108,-0.388,
9,-0.29,0.007,
10,0.253,-0.303,
11,-0.426,0.267,
12,0.39,-0.096,
13,-0.184,-0.003,
14,0.273,-0.348,
15,-0.021,-0.303,
16,-0.138,0.098,
17,-0.776,0.043,
18,-0.182,0.132,
19,-0.165,0.124,
20,-0.255,-0.1,
21,0.208,-0.147,
22,0.105,-0.012,
23,0.026,-0.125,
24,-0.348,0.235,
25,0.4,-0.088,
26,0.245,-0.24,
27,0.029,-0.236,
28,-0.059,0.122,
29,-0.058,0.625,
30,0.631,0.081,
31,0.105,-0.583,
32,-0.305,-0.405,
33,-0.121,0.036,
34,-0.293,-0.169,
35,-0.416,0.098,
36,0.365,0.735,
37,-0.244,0.101,
38,0.047,-0.372,
39,0.318,-0.222,
40,-0.144,-0.332,
41,0.016,0.14,
42,-0.028,-0.39,
43,-0.255,-0.023,
44,-0.349,0.017,
45,-0.542,0.029,
46,0.128,-0.042,
47,-0.161,0.003,
48,0.243,0.128,
49,-0.307,0.078,
50,-0.075,0.068,
51,-0.392,-0.077,
52,-0.133,-0.209,
53,0.024,-0.159,
54,0.193,-0.734,
55,0.011,0.082,
56,0.118,0.556,
57,-0.3,-0.058,
58,0.114,-0.103,
59,0.063,0.148,
60,-0.464,0.194,
61,-0.118,-0.517,
62,0.34,0.057,
63,-0.171,0.206,
64,0.044,0.415,
65,-0.179,-0.065,
66,-0.004,0.059,
67,-0.112,0.245,
68,0.025,0.114,
69,0.43,0.02,
70,-0.238,-0.845,
71,-0.168,-0.048,
72,-0.105,-0.183,
73,0.105,0.022,
74,0.414,0.093,
75,0.155,-0.118,
76,0.177,-0.048,
77,-0.081,0.332,
78,-0.173,0.276,
79,-0.138,0.224,
80,-0.188,-0.113,
81,0.101,0.019,
82,0.24,-0.116,
83,-0.172,-0.195,
84,0.643,0.01,
85,-0.639,-0.136,
86,-0.063,-0.288,
87,0.042,-0.176,
88,0.065,-0.098,
89,-0.039,-0.366,
90,0.014,0.383,
91,0.258,-0.017,
92,0.128,-0.176,
93,0.087,-0.1,
94,0.054,0.149,
95,-0.155,0.17,
96,0.149,-0.062,
97,-0.286,-0.258,
98,-0.02,-0.333,
99,0.31,-0.087,
100,-0.44,0.584,
101,0.023,-0.208,
102,-0.433,0.654,
103,0.162,-0.447,
104,-0.062,0.82,
105,0.065,-0.174,
106,-0.391,-1.097,
107,-0.418,0.056,
108,-0.062,-0.125,
109,-0.264,-0.265,
110,0.633,0.006,
111,-0.314,0.031,
112,0.145,-0.131,
113,0.149,0.196,
114,-0.021,0.234,
115,-0.276,0.361,
116,0.226,-0.178,
117,0.488,-0.031,
118,0.097,-0.061,
119,0.292,0.339,
120,-0.244,-0.238,
121,0.091,-0.364,
122,0.349,0.077,
123,-0.396,-0.392,
124,0.264,0.2,
125,0.124,-0.163,
126,-0.492,-0.217,
127,0.087,-0.168,
128,-0.248,0.467,
129,0.19,-0.158,
130,-0.068,0.211,
131,0.101,-0.106,
132,0.093,0.119,
133,-0.31,0.004,
134,-0.35,0.045,
135,-0.031,0.149,
136,-0.191,-0.221,
137,-0.361,0.544,
138,0.044,-0.025,
139,0.11,0.451,
140,-0.179,0.014,
141,-0.331,0.436,
142,-0.055,-0.139,
143,0.099,0.157,
144,0.844,-0.629,
145,0.119,-0.144,
146,-0.103,-0.104,
147,-0.215,0.024,
148,0.069,0.073,
149,0.05,-0.059,
150,-0.407,-0.022,
151,-0.328,0.227,
152,0.068,-0.085,
153,-0.232,0.124,
154,-0.547,0.259,
155,0.297,-0.042,
156,-0.373,0.029,
157,0.009,-0.302,
158,-0.127,0.297,
159,0.042,-0.235,
160,0.308,0.741,
161,0.559,0.114,
162,0.081,0.152,
163,0.231,-0.255,
