1,0.849,0.633,
2,0.955,-0.222,
3,0.467,0.507,
4,0.795,0.572,
5,0.936,0.963,
6,-0.77,0.631,
7,0.897,1.23,
8,0.817,1.016,
9,-0.069,0.123,
10,0.615,1.216,
11,0.802,1.559,
12,0.666,0.139,
13,1.034,0.574,
14,0.175,0.179,
15,0.028,0.91,
16,0.838,0.399,
17,-0.423,0.49,
18,0.717,0.201,
19,0.565,1.006,
20,0.444,0.513,
21,0.747,0.085,
22,0.303,0.452,
23,0.474,0.689,
24,0.464,0.535,
25,-0.027,0.828,
26,0.661,0.926,
27,0.768,0.57,
28,0.071,0.864,
29,0.612,0.752,
30,1.142,0.714,
31,0.401,0.91,
32,1.097,0.207,
33,0.259,0.495,
34,-0.319,-0.515,
35,0.435,0.967,
36,0.045,1.083,
37,0.552,1.23,
38,1.131,1.059,
39,0.491,0.56,
40,0.787,0.175,
41,1.181,0.827,
42,0.831,1.257,
43,0.656,1.006,
44,0.946,1.129,
45,0.343,0.935,
46,0.73,0.253,
47,-0.232,0.101,
48,1.069,0.237,
49,-0.48,-0.14,
50,0.015,0.285,
51,1.508,0.167,
52,-0.164,0.162,
53,0.843,0.038,
54,0.615,0.543,
55,0.393,0.071,
56,0.059,1.397,
57,0.277,0.898,
58,0.403,1.058,
59,0.394,0.9,
60,0.52,0.58,
61,0.378,0.832,
62,0.558,0.671,
63,0.407,0.818,
64,0.327,0.164,
65,0.108,-0.154,
66,0.798,1.181,
67,0.162,-0.347,
68,1.16,0.34,
69,0.298,1.305,
70,-0.079,0.174,
71,0.506,0.754,
72,0.47,0.629,
73,0.11,0.741,
74,0.605,0.707,
75,0.41,0.11,
76,0.392,0.48,
77,0.211,0.404,
78,0.446,0.759,
79,-0.396,0.644,
80,0.383,0.434,
81,0.817,0.897,
82,0.565,0.867,
83,0.322,0.707,
84,0.179,0.591,
85,0.709,0.619,
86,0.438,1.616,
87,0.395,-0.022,
88,0.785,0.513,
89,0.791,0.234,
90,0.738,0.78,
91,1.422,0.645,
92,0.257,0.097,
93,-0.108,1.192,
94,-0.039,0.857,
95,0.479,0.277,
96,0.387,0.477,
97,1.111,0.545,
98,0.007,-1.054,
99,0.843,0.696,
100,-0.03,0.732,
101,0.78,0.563,
102,0.005,0.111,
103,0.666,0.937,
104,0.336,0.724,
105,0.132,0.447,
106,0.828,1.276,
107,0.702,1.477,
108,0.278,0.051,
109,0.821,0.673,
110,1.252,0.704,
111,0.08,0.986,
112,-0.519,0.223,
113,0.684,0.435,
114,1.17,0.297,
115,0.505,-0.34,
116,0.574,0.182,
117,1.171,0.779,
118,0.616,0.538,
119,0.826,0.801,
120,0.518,0.254,
121,0.429,0.798,
122,0.962,0.306,
123,-0.045,-0.65,
124,0.724,0.215,
125,0.641,0.058,
126,1.479,-0.225,
127,0.328,0.393,
128,0.369,0.944,
129,0.526,0.63,
130,0.784,0.403,
131,1.345,1.3,
132,0.275,0.511,
133,-0.041,0.608,
134,0.548,0.566,
135,0.371,0.63,
136,0.422,0.457,
137,-0.039,0.811,
138,0.134,0.523,
139,0.11,-0.153,
140,0.498,0.463,
141,0.016,0.304,
142,0.385,0.264,
143,0.075,1.348,
144,0.179,0.794,
145,0.507,0.079,
146,0.551,1.097,
147,0.41,0.511,
148,-0.147,0.537,
149,0.478,-1.22,
150,-0.981,0.883,
151,1.027,1.13,
152,0.179,1.034,
153,0.238,0.3,
154,0.308,0.577,
155,0.273,1.246,
156,0.393,0.508,
157,-0.071,-0.152,
158,1.014,0.629,
159,1.089,-0.105,
160,0.352,0.955,
161,0.96,0.341,
162,0.615,0.155,
163,0.899,0.026,
