1,0.259,-1.456,
2,1.389,-1.868,
3,1.29,0.782,
4,1.101,0.884,
5,0.971,1.192,
6,-0.403,-0.114,
7,0.992,1.023,
8,0.325,1.251,
9,-0.95,0.592,
10,1.877,0.499,
11,0.359,1.952,
12,0.337,0.125,
13,0.541,0.864,
14,0.971,0.96,
15,0.123,0.164,
16,0.856,1.112,
17,-1.293,0.072,
18,1.159,-0.313,
19,0.657,0.756,
20,-0.021,-0.584,
21,1.103,-0.65,
22,0.059,-0.745,
23,0.262,0.721,
24,-0.111,0.854,
25,-0.33,0.624,
26,0.542,0.517,
27,0.605,0.055,
28,-0.993,0.863,
29,1.617,1.187,
30,1.483,-0.268,
31,0.297,-0.484,
32,0.71,-0.627,
33,-0.037,0.545,
34,-0.702,-1.201,
35,-1.203,-0.024,
36,-0.351,2.274,
37,0.168,1.514,
38,1.731,0.992,
39,0.234,0.444,
40,0.769,-0.988,
41,1.007,0.891,
42,-0.471,0.484,
43,-0.557,1.104,
44,0.1,0.868,
45,-0.807,0.964,
46,1.031,-0.135,
47,-0.942,0.101,
48,0.723,0.116,
49,-0.982,-1.287,
50,-0.244,0.365,
51,1.304,-0.103,
52,-0.84,-0.885,
53,0.519,-0.93,
54,0.222,-0.734,
55,0.393,0.708,
56,-0.18,1.111,
57,-0.1,0.888,
58,0.665,0.485,
59,0.253,1.662,
60,0.053,0.541,
61,0.203,-0.618,
62,0.039,0.775,
63,0.181,0.756,
64,0.09,0.776,
65,-1.057,-1.037,
66,0.277,0.635,
67,0.146,-0.521,
68,1.915,0.272,
69,-0.068,1.122,
70,-0.509,-1.183,
71,0.527,1.778,
72,0.183,0.051,
73,-0.06,-0.016,
74,-0.042,0.381,
75,1.146,-0.425,
76,0.064,-0.164,
77,-0.049,0.622,
78,0.196,1.117,
79,-0.417,0.559,
80,0.402,0.391,
81,0.795,0.829,
82,0.399,0.413,
83,-1.189,0.146,
84,0.364,0.357,
85,0.495,0.129,
86,0.966,3.099,
87,0.219,-0.26,
88,1.051,0.201,
89,0.671,-0.725,
90,1.051,1.648,
91,2.317,0.166,
92,0.173,-0.766,
93,-0.19,0.115,
94,0.044,0.466,
95,-0.105,0.369,
96,0.006,0.438,
97,0.607,0.588,
98,0.634,-2.27,
99,1.097,0.97,
100,-0.962,1.729,
101,1.043,-0.138,
102,-0.383,0.754,
103,1.458,-0.082,
104,0.307,1.593,
105,0.111,0.042,
106,1.055,1.159,
107,-0.801,1.522,
108,-0.529,-0.024,
109,0.697,0.76,
110,1.896,-0.131,
111,0.044,1.482,
112,-0.454,0.011,
113,0.758,0.509,
114,1.633,0.296,
115,0.336,0.022,
116,0.872,-0.045,
117,1.682,1.05,
118,0.712,0.239,
119,1.323,1.179,
120,-0.103,-0.271,
121,1.117,0.985,
122,0.711,-0.885,
123,-0.678,-1.121,
124,0.815,0.13,
125,1.093,-0.942,
126,0.51,-0.867,
127,-1.132,0.306,
128,0.147,0.968,
129,0.322,0.08,
130,0.32,0.172,
131,1.67,0.709,
132,0.519,0.731,
133,-0.614,0.857,
134,0.441,0.239,
135,-0.221,1.268,
136,0.268,-0.084,
137,-1.127,1.169,
138,-0.629,-0.072,
139,-0.176,-0.073,
140,0.604,-0.12,
141,-0.127,0.427,
142,0.163,0.175,
143,-0.663,1.905,
144,0.168,0.508,
145,0.605,-0.335,
146,-0.506,0.73,
147,-0.154,-0.095,
148,-0.12,0.301,
149,-0.542,-1.021,
150,-1.44,0.722,
151,-0.017,0.966,
152,0.429,0.284,
153,-1.211,0.024,
154,-0.602,0.897,
155,0.277,1.71,
156,0.192,-0.991,
157,-0.14,-1.173,
158,1.038,0.662,
159,2.934,-0.747,
160,0.984,1.344,
161,1.357,0.195,
162,0.365,-0.721,
163,0.659,0.298,
