1,-0.141,-0.043,
2,-0.024,0.084,
3,0.612,-0.002,
4,-0.264,-0.296,
5,-0.312,0.126,
6,-0.097,-0.399,
7,0.647,-0.171,
8,-0.036,-0.507,
9,0.07,-0.861,
10,-0.002,-0.538,
11,-0.298,-0.068,
12,0.043,0.043,
13,0.056,-0.407,
14,-0.06,-0.829,
15,-0.192,0.138,
16,0.151,0.396,
17,-0.564,0.171,
18,-0.049,0.187,
19,-0.359,0.233,
20,-0.15,0.296,
21,0.08,0.011,
22,-0.186,0.1,
23,0.018,-0.094,
24,-0.259,0.161,
25,0.976,-0.011,
26,0.302,-0.156,
27,-0.044,0.286,
28,-0.07,0.245,
29,-0.212,0.263,
30,0.171,-0.108,
31,0.129,-0.171,
32,-0.049,0.27,
33,-0.227,-0.665,
34,-0.469,0.185,
35,-0.081,0.356,
36,0.418,0.577,
37,-0.08,0.072,
38,0.509,0.063,
39,0.224,-0.134,
40,0.074,-0.582,
41,0.061,0.108,
42,0.063,-0.236,
43,0.258,-0.192,
44,0.275,-0.039,
45,-0.222,0.155,
46,0.099,-0.086,
47,-0.124,-0.016,
48,0.105,-0.093,
49,-0.047,0.211,
50,-0.011,0.238,
51,-0.383,0.065,
52,-0.047,0.044,
53,0.068,0.585,
54,0.154,-0.028,
55,0.211,-0.143,
56,-0.316,0.418,
57,-0.139,-0.046,
58,0.089,0.452,
59,0.516,0.45,
60,-0.127,0.237,
61,-0.46,-0.374,
62,0.344,0.056,
63,-0.203,-0.127,
64,0.024,-0.302,
65,0.098,0.046,
66,-0.14,0.097,
67,-0.14,-0.001,
68,0.302,-0.066,
69,0.244,0.204,
70,-0.051,-0.127,
71,0.549,-0.167,
72,-0.057,0.129,
73,0.129,-0.092,
74,0.321,0.225,
75,-0.031,0.417,
76,0.567,-0.233,
77,0.103,0.778,
78,0.213,0.426,
79,-0.545,0.057,
80,-0.319,0.071,
81,-0.031,0.234,
82,0.137,0.156,
83,0.126,0.161,
84,-0.042,-0.475,
85,-0.437,-0.155,
86,0.145,-0.238,
87,-0.008,-0.307,
88,0.174,0.076,
89,0.101,0.233,
90,-0.364,0.297,
91,0.426,0.35,
92,-0.074,0.121,
93,-0.038,0.347,
94,-0.064,0.074,
95,-0.15,-0.05,
96,0.091,-0.169,
97,-0.4,-0.724,
98,0.052,-0.15,
99,-0.037,-0.186,
100,0.206,-0.078,
101,-0.162,0.108,
102,-0.102,0.426,
103,-0.052,-0.119,
104,0.271,-0.046,
105,-0.059,0.304,
106,-0.606,-1.348,
107,-0.673,-0.307,
108,0.327,-0.328,
109,-0.467,-0.531,
110,0.145,-0.242,
111,0.042,0.133,
112,0.037,-0.011,
113,0.265,0.328,
114,-0.194,-0.085,
115,-0.234,0.144,
116,-0.248,0.388,
117,0.06,0.243,
118,0.054,-0.379,
119,0.436,0.04,
120,0.066,-0.142,
121,-0.157,-0.342,
122,0.12,-0.068,
123,-0.137,0.107,
124,-0.069,0.28,
125,-0.094,-0.017,
126,-0.052,-0.223,
127,-0.136,0.086,
128,-0.259,0.391,
129,0.284,-0.05,
130,0.069,-0.082,
131,0.101,-0.144,
132,0.036,-0.077,
133,0.022,-0.087,
134,-0.38,-0.055,
135,0.4,0.106,
136,-0.078,-0.033,
137,0.64,-0.047,
138,0.197,0.201,
139,0.129,-0.302,
140,-0.532,0.529,
141,-0.621,0.458,
142,0.035,-0.236,
143,0.376,-0.63,
144,0.817,-0.674,
145,-0.404,-0.135,
146,-0.573,0.11,
147,-0.374,0.323,
148,-0.177,-0.362,
149,-0.153,0.27,
150,-0.084,-0.176,
151,0.23,-0.05,
152,-0.304,-0.411,
153,-0.235,0.009,
154,0.01,0.024,
155,0.159,0.135,
156,-0.37,0.674,
157,-0.078,-0.316,
158,-0.087,0.145,
159,-0.261,0.104,
160,-0.386,0.044,
161,0.007,0.158,
162,0.171,0.639,
163,0.263,0.334,
