1,0.074,-1.512,
2,1.401,-1.986,
3,1.59,0.964,
4,1.209,1.155,
5,0.787,1.416,
6,-0.432,-0.376,
7,1.094,1.069,
8,0.07,1.18,
9,-1.28,0.734,
10,2.207,0.161,
11,0.306,1.971,
12,0.196,0.169,
13,0.305,1.081,
14,1.238,1.415,
15,-0.234,0.034,
16,0.762,1.494,
17,-1.375,0.044,
18,1.26,-0.268,
19,0.703,0.554,
20,-0.282,-0.839,
21,1.097,-0.84,
22,-0.101,-1.286,
23,0.143,0.585,
24,-0.422,0.976,
25,-0.366,0.604,
26,0.531,0.444,
27,0.586,-0.192,
28,-1.387,0.785,
29,2.066,1.423,
30,1.546,-0.701,
31,0.268,-1.209,
32,0.44,-1.051,
33,-0.212,0.607,
34,-0.801,-1.339,
35,-1.894,-0.309,
36,-0.499,2.762,
37,0.166,1.462,
38,1.985,0.886,
39,0.055,0.33,
40,0.691,-1.449,
41,0.83,0.78,
42,-0.941,0.061,
43,-1.201,1.104,
44,-0.315,0.766,
45,-1.405,0.965,
46,0.941,-0.266,
47,-1.181,0.103,
48,0.462,0.072,
49,-0.689,-1.464,
50,-0.318,0.39,
51,1.049,-0.274,
52,-1.089,-1.319,
53,0.348,-1.423,
54,0.241,-1.274,
55,0.372,0.906,
56,-0.303,0.71,
57,-0.184,0.736,
58,0.819,0.164,
59,0.126,1.824,
60,-0.267,0.545,
61,-0.157,-1.177,
62,0.573,0.922,
63,0.22,0.815,
64,-0.058,1.127,
65,-1.464,-1.293,
66,0.012,0.364,
67,0.139,-0.354,
68,2.032,0.297,
69,-0.104,0.985,
70,-0.576,-1.601,
71,0.411,1.997,
72,0.078,-0.25,
73,-0.036,-0.361,
74,-0.367,0.288,
75,1.489,-0.564,
76,-0.034,-0.356,
77,-0.137,0.732,
78,0.06,1.137,
79,-0.423,0.501,
80,0.581,0.253,
81,0.752,0.724,
82,0.28,0.161,
83,-1.663,0.063,
84,0.559,0.247,
85,0.42,-0.116,
86,0.866,3.483,
87,0.146,-0.294,
88,1.08,0.082,
89,0.596,-1.026,
90,1.356,1.741,
91,2.384,0.074,
92,0.247,-1.192,
93,-0.177,-0.384,
94,0.125,0.36,
95,-0.411,0.434,
96,-0.111,0.434,
97,0.425,0.529,
98,0.862,-2.331,
99,1.105,1.155,
100,-1.034,2.109,
101,0.984,-0.433,
102,-0.925,0.806,
103,1.906,-0.297,
104,0.468,1.908,
105,0.093,-0.141,
106,0.84,1.05,
107,-1.299,1.666,
108,-0.821,-0.086,
109,0.591,0.809,
110,2.128,-0.495,
111,0.11,1.686,
112,-0.325,-0.103,
113,0.685,0.626,
114,1.684,0.32,
115,0.2,0.278,
116,1.063,-0.093,
117,1.882,1.07,
118,0.785,0.108,
119,1.514,1.359,
120,-0.385,-0.5,
121,1.454,1.068,
122,0.685,-1.177,
123,-0.894,-1.219,
124,0.951,0.093,
125,1.075,-1.34,
126,-0.15,-1.053,
127,-1.416,0.153,
128,0.141,0.909,
129,0.274,-0.182,
130,0.04,0.15,
131,1.77,0.493,
132,0.6,0.847,
133,-0.879,1.028,
134,0.395,0.134,
135,-0.553,1.381,
136,0.146,-0.321,
137,-1.64,1.287,
138,-1.002,-0.38,
139,-0.107,-0.102,
140,0.663,-0.411,
141,-0.115,0.445,
142,-0.005,0.146,
143,-0.643,1.769,
144,0.206,0.445,
145,0.612,-0.406,
146,-0.613,0.493,
147,-0.512,-0.339,
148,-0.267,0.154,
149,-0.531,-1.192,
150,-1.625,0.469,
151,-0.43,0.777,
152,0.408,-0.096,
153,-1.699,-0.07,
154,-1.079,0.967,
155,0.249,1.578,
156,0.058,-1.637,
157,0.07,-1.463,
158,0.865,0.977,
159,3.394,-0.843,
160,1.344,1.462,
161,1.523,0.216,
162,0.171,-0.913,
163,0.425,-0.273,
