1,0.909,0.218,
2,1.345,-0.577,
3,0.76,0.893,
4,0.9,0.901,
5,0.935,1.28,
6,-0.731,0.44,
7,1.03,1.223,
8,0.848,1.365,
9,-0.275,0.358,
10,1.158,1.33,
11,0.825,1.85,
12,0.459,0.214,
13,0.841,0.8,
14,0.191,0.403,
15,0.143,0.915,
16,1.215,0.759,
17,-0.657,0.351,
18,0.985,0.076,
19,0.64,1.108,
20,0.355,0.165,
21,1.157,-0.159,
22,0.234,0.113,
23,0.279,0.92,
24,0.235,0.713,
25,-0.315,0.904,
26,0.805,1.023,
27,0.833,0.616,
28,-0.483,0.825,
29,1.047,0.762,
30,1.521,0.303,
31,0.344,0.678,
32,1.447,0.072,
33,0.118,0.501,
34,-0.362,-0.979,
35,-0.029,0.739,
36,-0.36,1.659,
37,0.843,1.662,
38,1.65,1.351,
39,0.376,0.548,
40,0.985,-0.202,
41,1.398,0.81,
42,0.495,1.256,
43,0.439,1.163,
44,0.911,1.224,
45,0.067,1.089,
46,0.93,0.043,
47,-0.37,0.106,
48,0.647,0.145,
49,-0.79,-0.443,
50,-0.001,0.394,
51,1.724,-0.102,
52,-0.44,-0.178,
53,0.719,-0.205,
54,0.419,0.164,
55,0.502,0.301,
56,-0.169,1.663,
57,0.296,1.093,
58,0.528,1.11,
59,0.48,1.344,
60,0.42,0.616,
61,0.363,0.652,
62,0.202,0.712,
63,0.461,0.905,
64,0.37,0.286,
65,-0.378,-0.622,
66,0.703,1.094,
67,0.171,-0.778,
68,1.616,0.162,
69,0.051,1.471,
70,-0.496,-0.212,
71,0.601,1.147,
72,0.274,0.602,
73,0.107,0.662,
74,0.221,0.689,
75,0.605,-0.308,
76,0.415,0.231,
77,0.143,0.431,
78,0.524,0.874,
79,-0.431,0.651,
80,0.334,0.639,
81,0.882,1.026,
82,0.365,0.899,
83,-0.12,0.596,
84,0.086,0.564,
85,0.772,0.449,
86,0.656,2.14,
87,0.214,-0.186,
88,0.615,0.527,
89,0.8,-0.064,
90,1.071,1.169,
91,1.952,0.546,
92,0.039,-0.193,
93,-0.232,1.19,
94,-0.152,0.68,
95,0.369,0.224,
96,0.231,0.45,
97,1.182,0.468,
98,0.16,-1.796,
99,1.123,0.909,
100,-0.266,1.009,
101,0.884,0.278,
102,-0.106,0.415,
103,0.989,0.726,
104,0.429,0.81,
105,0.027,0.435,
106,0.975,1.671,
107,0.516,1.583,
108,-0.05,0.044,
109,1.042,0.835,
110,1.42,0.567,
111,-0.045,1.288,
112,-0.615,0.217,
113,0.713,0.31,
114,1.662,0.293,
115,0.212,-0.296,
116,0.785,0.106,
117,1.358,0.917,
118,0.767,0.548,
119,1.105,1.03,
120,0.491,0.172,
121,0.66,1.019,
122,0.86,-0.123,
123,-0.196,-0.918,
124,0.658,0.207,
125,0.864,-0.145,
126,1.776,-0.611,
127,-0.385,0.446,
128,0.549,0.832,
129,0.694,0.638,
130,0.76,0.291,
131,1.664,1.202,
132,0.354,0.572,
133,-0.234,0.739,
134,0.701,0.337,
135,0.343,0.947,
136,0.41,0.473,
137,-0.422,0.707,
138,-0.264,0.217,
139,0.185,-0.544,
140,0.674,0.185,
141,-0.133,0.407,
142,0.381,0.312,
143,-0.354,1.535,
144,0.08,0.892,
145,0.656,0.013,
146,-0.004,1.062,
147,0.219,0.248,
148,-0.288,0.324,
149,0.38,-1.363,
150,-1.149,0.662,
151,0.876,1.062,
152,0.145,0.856,
153,-0.182,0.157,
154,0.251,0.545,
155,0.246,1.553,
156,0.395,-0.067,
157,0.231,-0.22,
158,0.977,1.013,
159,1.668,-0.415,
160,0.454,0.762,
161,1.092,0.01,
162,0.433,-0.386,
163,0.75,0.201,
