1,0.854,0.118,
2,1.303,-0.601,
3,0.722,0.775,
4,0.897,0.772,
5,0.955,1.188,
6,-0.679,0.281,
7,0.943,1.125,
8,0.83,1.325,
9,-0.252,0.33,
10,1.1,1.267,
11,0.78,1.812,
12,0.495,0.194,
13,0.865,0.761,
14,0.231,0.38,
15,0.257,0.806,
16,1.11,0.705,
17,-0.673,0.324,
18,0.941,0.063,
19,0.619,1.078,
20,0.353,0.19,
21,1.06,-0.16,
22,0.246,0.151,
23,0.332,0.879,
24,0.274,0.704,
25,-0.262,0.872,
26,0.737,0.942,
27,0.798,0.585,
28,-0.381,0.86,
29,0.951,0.771,
30,1.43,0.37,
31,0.355,0.676,
32,1.329,0.069,
33,0.158,0.494,
34,-0.383,-0.898,
35,-0.011,0.715,
36,-0.256,1.545,
37,0.7,1.56,
38,1.53,1.273,
39,0.414,0.562,
40,0.925,-0.178,
41,1.322,0.838,
42,0.542,1.218,
43,0.452,1.097,
44,0.876,1.173,
45,0.103,1.039,
46,0.912,0.076,
47,-0.386,0.101,
48,0.773,0.151,
49,-0.773,-0.431,
50,-0.007,0.366,
51,1.723,-0.022,
52,-0.447,-0.162,
53,0.721,-0.178,
54,0.436,0.207,
55,0.472,0.28,
56,-0.119,1.605,
57,0.264,1.05,
58,0.495,1.058,
59,0.454,1.279,
60,0.437,0.599,
61,0.4,0.613,
62,0.039,0.692,
63,0.427,0.854,
64,0.36,0.269,
65,-0.322,-0.561,
66,0.697,1.064,
67,0.162,-0.709,
68,1.574,0.194,
69,0.06,1.409,
70,-0.407,-0.196,
71,0.605,1.071,
72,0.324,0.583,
73,0.075,0.638,
74,0.289,0.667,
75,0.742,-0.309,
76,0.421,0.258,
77,0.149,0.43,
78,0.49,0.874,
79,-0.422,0.645,
80,0.32,0.6,
81,0.861,0.992,
82,0.411,0.87,
83,-0.095,0.586,
84,0.116,0.581,
85,0.724,0.488,
86,0.673,2.083,
87,0.258,-0.16,
88,0.652,0.497,
89,0.628,-0.038,
90,0.972,1.133,
91,1.92,0.534,
92,0.042,-0.148,
93,-0.212,1.161,
94,-0.11,0.693,
95,0.369,0.245,
96,0.251,0.459,
97,1.116,0.502,
98,0.146,-1.732,
99,1.062,0.853,
100,-0.302,0.982,
101,0.887,0.325,
102,-0.001,0.436,
103,0.957,0.73,
104,0.383,0.832,
105,0.058,0.42,
106,0.965,1.551,
107,0.48,1.533,
108,0.007,0.036,
109,0.972,0.784,
110,1.412,0.563,
111,-0.001,1.212,
112,-0.591,0.212,
113,0.716,0.345,
114,1.552,0.292,
115,0.284,-0.254,
116,0.71,0.117,
117,1.335,0.9,
118,0.721,0.525,
119,1.061,0.978,
120,0.451,0.165,
121,0.639,0.978,
122,0.853,-0.071,
123,-0.201,-0.875,
124,0.665,0.209,
125,0.855,-0.155,
126,1.725,-0.54,
127,-0.357,0.449,
128,0.448,0.888,
129,0.633,0.6,
130,0.75,0.293,
131,1.585,1.187,
132,0.345,0.568,
133,-0.212,0.709,
134,0.645,0.388,
135,0.331,0.921,
136,0.408,0.426,
137,-0.363,0.741,
138,-0.175,0.286,
139,0.149,-0.444,
140,0.639,0.221,
141,-0.103,0.385,
142,0.386,0.286,
143,-0.317,1.542,
144,0.109,0.822,
145,0.625,-0.026,
146,0.037,1.052,
147,0.249,0.282,
148,-0.24,0.377,
149,0.263,-1.222,
150,-1.11,0.702,
151,0.857,1.075,
152,0.196,0.877,
153,-0.145,0.177,
154,0.219,0.581,
155,0.251,1.522,
156,0.373,0.006,
157,0.142,-0.383,
158,0.976,0.988,
159,1.649,-0.389,
160,0.438,0.859,
161,1.077,0.09,
162,0.487,-0.344,
163,0.804,0.332,
