1,0.64,0.341,
2,-0.267,1.031,
3,0.798,0.017,
4,-0.905,-1.652,
5,-1.412,1.828,
6,1.655,-1.572,
7,2.324,0.357,
8,0.375,-2.063,
9,-0.651,-1.372,
10,0.296,-1.639,
11,-0.778,0.834,
12,-1.071,-0.368,
13,1.024,-0.151,
14,-1.112,-0.634,
15,-0.703,0.135,
16,-0.062,1.784,
17,-0.92,0.486,
18,0.871,0.001,
19,-0.667,-1.069,
20,-0.306,-1.134,
21,-0.399,-0.399,
22,-0.931,-0.626,
23,0.407,0.412,
24,-0.16,0.788,
25,2.322,-1.056,
26,-0.075,1.139,
27,0.025,0.707,
28,-0.84,0.983,
29,0.596,0.562,
30,-1.536,-0.871,
31,0.357,1.081,
32,0.078,1.1,
33,-1.316,-2.517,
34,-2.579,0.939,
35,0.416,0.91,
36,0.444,1.035,
37,-0.392,-0.028,
38,0.479,-0.442,
39,0.535,0.5,
40,0.746,-1.072,
41,0.852,-1.099,
42,1.156,2.019,
43,-0.581,-0.577,
44,0.448,0.705,
45,-1.19,1.117,
46,0.274,-0.378,
47,-1.336,0.525,
48,0.21,0.252,
49,0.97,0.53,
50,-0.026,0.717,
51,0.744,1.404,
52,-0.576,-0.087,
53,0.845,0.347,
54,0.782,-0.295,
55,1.53,-0.563,
56,0.445,0.72,
57,1.796,0.382,
58,1.565,2.436,
59,1.253,0.943,
60,-0.344,0.958,
61,-1.076,-0.385,
62,1.123,-0.229,
63,-0.538,0.338,
64,0.168,-1.367,
65,0.16,0.069,
66,-0.202,0.588,
67,-0.066,0.228,
68,0.685,0.982,
69,-0.955,1.812,
70,-0.17,0.086,
71,0.82,0.78,
72,0.769,1.567,
73,0.447,-1.05,
74,-0.617,0.547,
75,-1.636,0.9,
76,1.859,0.424,
77,0.904,3.181,
78,0.847,1.108,
79,-1.229,-1.587,
80,0.594,0.397,
81,-0.657,1.549,
82,0.305,0.131,
83,0.295,0.809,
84,-0.959,-1.803,
85,0.673,0.783,
86,0.13,0.403,
87,0.717,1.107,
88,0.101,-0.428,
89,0.789,0.16,
90,-0.484,1.226,
91,1.007,0.73,
92,-0.119,-0.117,
93,-0.674,-0.111,
94,-0.7,0.85,
95,0.407,-1.523,
96,-0.374,-0.207,
97,-1.468,-0.633,
98,-0.187,-1.053,
99,0.573,-1.612,
100,0.371,0.385,
101,-0.259,1.176,
102,-1.046,-0.701,
103,-0.917,2.203,
104,1.131,-0.471,
105,-1.003,0.558,
106,-0.69,-1.074,
107,-2.671,-0.314,
108,1.198,-1.144,
109,-0.901,-0.607,
110,1.194,-0.129,
111,0.367,0.213,
112,0.853,-0.039,
113,2.239,0.268,
114,0.105,-0.929,
115,0.219,-0.527,
116,1.751,1.088,
117,0.85,1.252,
118,1.277,-0.672,
119,0.835,-0.364,
120,-0.133,-0.875,
121,-0.259,-0.527,
122,1.303,-0.267,
123,-0.83,-1.109,
124,0.84,0.474,
125,-1.248,-0.843,
126,-0.175,-0.179,
127,-1.873,0.732,
128,-0.316,0.123,
129,-0.106,-0.659,
130,0.367,-2.252,
131,2.524,-0.27,
132,0.39,0.26,
133,0.429,0.224,
134,-0.429,-1.385,
135,3.494,-0.456,
136,2.956,1.02,
137,1.901,-0.657,
138,0.573,-0.032,
139,0.127,-1.199,
140,-1.469,2.056,
141,-0.62,0.035,
142,-1.423,-0.456,
143,0.199,-1.379,
144,-0.143,1.045,
145,-1.335,0.489,
146,-1.428,1.047,
147,-1.529,1.145,
148,-2.186,-0.758,
149,-1.543,1.042,
150,-1.238,-0.38,
151,0.641,-0.957,
152,-1.491,-0.283,
153,-1.768,0.993,
154,-0.223,-0.346,
155,0.365,0.83,
156,-1.016,0.771,
157,0.223,-1.828,
158,1.258,-0.127,
159,0.84,-0.703,
160,-0.301,-0.352,
161,-0.517,0.733,
162,0.167,2.015,
163,1.972,2.509,
