1,0.007,-0.018,
2,-0.027,0.257,
3,0.663,-0.049,
4,-0.611,-0.674,
5,-0.555,0.432,
6,-0.087,-0.697,
7,1.153,-0.11,
8,-0.106,-0.798,
9,-0.14,-1.43,
10,-0.036,-1.051,
11,-0.445,0.013,
12,-0.221,0.088,
13,0.292,-0.559,
14,-0.297,-1.44,
15,-0.334,0.269,
16,0.251,0.899,
17,-0.738,0.089,
18,0.225,0.093,
19,-0.53,0.081,
20,-0.233,0.373,
21,0.009,-0.036,
22,-0.434,0.08,
23,0.084,-0.005,
24,-0.264,0.219,
25,1.461,-0.049,
26,0.231,-0.097,
27,-0.09,0.389,
28,-0.282,0.371,
29,-0.107,0.324,
30,-0.355,-0.416,
31,0.134,-0.14,
32,-0.078,0.517,
33,-0.467,-1.26,
34,-0.947,0.442,
35,-0.019,0.475,
36,0.574,0.74,
37,-0.185,0.096,
38,0.787,0.098,
39,0.204,0.017,
40,0.285,-0.894,
41,0.159,0.031,
42,0.104,0.013,
43,0.064,-0.258,
44,0.454,-0.031,
45,-0.445,0.344,
46,0.105,-0.168,
47,-0.335,0.05,
48,0.117,-0.1,
49,0.169,0.28,
50,0.002,0.379,
51,-0.221,0.334,
52,-0.229,0.025,
53,0.195,0.764,
54,0.17,-0.093,
55,0.475,-0.277,
56,-0.402,0.303,
57,0.045,-0.083,
58,0.291,0.91,
59,0.823,0.661,
60,-0.165,0.487,
61,-0.662,-0.541,
62,0.534,0.028,
63,-0.267,-0.172,
64,0.027,-0.667,
65,0.178,0.151,
66,-0.247,0.179,
67,-0.129,-0.026,
68,0.379,0.025,
69,0.034,0.444,
70,0.011,-0.078,
71,0.879,-0.074,
72,0.001,0.306,
73,0.183,-0.427,
74,0.163,0.274,
75,-0.283,0.595,
76,0.99,-0.322,
77,0.27,1.36,
78,0.371,0.514,
79,-0.976,-0.244,
80,-0.215,-0.027,
81,-0.123,0.531,
82,0.207,0.212,
83,0.126,0.305,
84,-0.34,-0.935,
85,-0.206,0.048,
86,0.203,-0.061,
87,0,-0.185,
88,0.245,0.11,
89,0.221,0.386,
90,-0.561,0.541,
91,0.675,0.376,
92,-0.027,0.073,
93,-0.112,0.23,
94,-0.201,0.181,
95,-0.103,-0.423,
96,-0.019,-0.176,
97,-0.743,-0.985,
98,0.148,-0.3,
99,-0.05,-0.479,
100,0.265,0.019,
101,-0.191,0.278,
102,-0.293,0.266,
103,-0.209,0.391,
104,0.569,-0.223,
105,-0.186,0.601,
106,-0.706,-1.675,
107,-1.302,-0.404,
108,0.603,-0.587,
109,-0.737,-0.68,
110,0.313,-0.336,
111,0.133,0.279,
112,0.136,-0.014,
113,0.683,0.451,
114,-0.341,-0.332,
115,-0.191,0.039,
116,-0.192,0.687,
117,0.094,0.545,
118,0.143,-0.555,
119,0.672,-0.113,
120,0.068,-0.357,
121,-0.215,-0.393,
122,0.225,-0.19,
123,-0.3,-0.021,
124,0.067,0.465,
125,-0.25,-0.043,
126,-0.14,-0.242,
127,-0.581,0.365,
128,-0.335,0.375,
129,0.315,-0.267,
130,0.141,-0.431,
131,0.528,-0.222,
132,0.094,-0.065,
133,0.166,-0.069,
134,-0.422,-0.291,
135,0.957,0.068,
136,0.22,0.191,
137,1.175,-0.132,
138,0.237,0.221,
139,0.195,-0.602,
140,-0.868,0.992,
141,-0.737,0.451,
142,-0.113,-0.356,
143,0.46,-0.878,
144,0.79,-0.516,
145,-0.793,-0.122,
146,-0.896,0.193,
147,-0.631,0.581,
148,-0.514,-0.608,
149,-0.32,0.522,
150,-0.127,-0.217,
151,0.447,-0.421,
152,-0.643,-0.641,
153,-0.522,0.127,
154,0.009,0.013,
155,0.163,0.305,
156,-0.508,0.727,
157,-0.052,-0.711,
158,0.002,0.052,
159,-0.135,-0.01,
160,-0.464,-0.153,
161,-0.178,0.425,
162,0.329,1.012,
163,0.328,0.873,
