1,-0.483,-0.588,
2,1.15,-0.705,
3,1.63,0.728,
4,0.98,1.094,
5,0.026,1.274,
6,-0.802,-0.108,
7,1.017,0.557,
8,-0.419,0.365,
9,-1.581,0.829,
10,1.691,-0.9,
11,-0.364,1.736,
12,0.144,0.137,
13,-0.054,0.923,
14,0.936,1.367,
15,-0.453,-0.673,
16,0.17,1.543,
17,-1.761,-0.17,
18,0.857,-0.065,
19,0.337,-0.04,
20,-0.791,-0.817,
21,0.811,-0.955,
22,-0.636,-1.142,
23,0.279,0.149,
24,-0.891,0.75,
25,-0.027,0.382,
26,0.287,-0.063,
27,0.269,-0.698,
28,-1.009,0.472,
29,1.7,1.538,
30,0.976,-0.993,
31,0.235,-2.291,
32,-0.719,-1.688,
33,-0.378,0.482,
34,-0.926,-1.006,
35,-2.381,-0.38,
36,-0.165,2.414,
37,-0.305,0.809,
38,1.187,-0.307,
39,0.005,-0.238,
40,-0.028,-1.835,
41,0.047,0.245,
42,-1.165,-0.712,
43,-1.762,0.654,
44,-1.196,0.216,
45,-2.134,0.483,
46,0.419,-0.309,
47,-1.316,0.056,
48,0.204,0.173,
49,0.055,-1.032,
50,-0.391,0.246,
51,0.067,-0.289,
52,-1.226,-1.744,
53,0.281,-1.827,
54,0.294,-2.252,
55,0.146,0.78,
56,-0.008,0.068,
57,-0.854,0.036,
58,0.791,-0.655,
59,-0.155,1.477,
60,-1.032,0.411,
61,-0.615,-1.796,
62,1.535,0.766,
63,0.122,0.623,
64,-0.178,1.561,
65,-1.397,-0.982,
66,-0.065,0.422,
67,-0.135,0.419,
68,0.853,0.238,
69,0.359,0.276,
70,-0.497,-2.111,
71,-0.255,1.23,
72,-0.064,-0.784,
73,-0.057,-0.941,
74,-0.372,0.015,
75,0.86,-1.025,
76,0.143,-0.278,
77,-0.206,0.833,
78,-0.539,0.738,
79,-0.275,0.199,
80,0.473,-0.27,
81,0.376,0.14,
82,0.113,-0.516,
83,-1.887,-0.406,
84,0.929,-0.084,
85,-0.191,-0.363,
86,0.004,1.961,
87,0.182,-0.187,
88,0.321,-0.287,
89,0.518,-1.235,
90,1.123,1.257,
91,1.679,-0.258,
92,0.219,-1.422,
93,0.23,-1.494,
94,0.455,0.239,
95,-0.9,0.511,
96,-0.277,0.322,
97,-0.404,0.239,
98,0.352,-2.166,
99,0.919,0.681,
100,-1.199,2.501,
101,0.447,-0.68,
102,-1.52,0.973,
103,2.197,-0.509,
104,0.564,2.045,
105,0.137,-0.576,
106,0.043,-0.221,
107,-1.245,1.371,
108,-0.819,-0.249,
109,-0.143,0.397,
110,2.023,-0.65,
111,-0.076,1.747,
112,0.13,-0.324,
113,0.096,0.777,
114,0.657,0.369,
115,-0.403,1.345,
116,0.99,-0.149,
117,1.592,0.557,
118,0.868,-0.291,
119,1.095,1.183,
120,-0.796,-0.886,
121,1.141,0.368,
122,0.792,-1.11,
123,-1.198,-1.154,
124,1.108,0.079,
125,0.574,-0.921,
126,-1.52,-0.243,
127,-0.999,-0.346,
128,-0.148,0.674,
129,-0.011,-0.791,
130,-0.605,0.241,
131,1.079,-0.177,
132,0.501,0.845,
133,-1.13,0.922,
134,-0.097,0.103,
135,-0.874,0.619,
136,-0.374,-0.836,
137,-1.934,1.389,
138,-1.341,-0.877,
139,0.339,0.142,
140,0.274,-0.59,
141,0.021,0.354,
142,-0.284,-0.117,
143,-0.503,1.275,
144,0.642,-0.177,
145,0.252,-0.41,
146,-0.362,-0.248,
147,-0.958,-0.462,
148,-0.287,-0.027,
149,0.024,-0.948,
150,-1.173,-0.699,
151,-1.167,0.246,
152,0.171,-0.523,
153,-1.076,-0.346,
154,-1.907,0.876,
155,0.356,0.556,
156,-0.69,-2.062,
157,-0.006,-1.607,
158,0.34,0.182,
159,2.806,-1.111,
160,1.604,1.628,
161,1.378,0.525,
162,-0.047,-0.819,
163,-0.084,-1.051,
