1,1.068,-0.137,
2,1.549,-1.129,
3,0.964,0.454,
4,1.001,0.49,
5,0.788,1.405,
6,-0.633,0.849,
7,1.282,1.235,
8,0.585,1.389,
9,-0.913,0.102,
10,1.307,0.29,
11,0.353,1.915,
12,0.655,-0.208,
13,0.87,0.327,
14,0.598,0.571,
15,-0.475,1.048,
16,0.81,1.14,
17,-1.096,0.226,
18,0.815,-0.423,
19,0.528,0.878,
20,0.132,-0.043,
21,0.978,-0.528,
22,0.261,-0.115,
23,0.581,0.573,
24,0.272,0.458,
25,-0.538,1.107,
26,0.49,0.587,
27,0.461,-0.033,
28,-0.419,1.002,
29,1.068,1.244,
30,1.24,0.268,
31,0.344,0.059,
32,0.559,-0.254,
33,0.001,0.598,
34,-0.757,-0.978,
35,-0.407,0.093,
36,-0.015,1.604,
37,0.021,1.246,
38,1.322,0.904,
39,0.419,0.448,
40,0.808,-0.434,
41,1.015,0.993,
42,0.272,1.031,
43,-0.125,0.923,
44,0.271,0.873,
45,-0.53,0.938,
46,0.922,0.039,
47,-0.683,0.058,
48,0.951,0.133,
49,-0.653,-0.826,
50,-0.48,0.252,
51,1.49,0.038,
52,-0.641,-0.384,
53,0.653,-0.345,
54,0.39,-0.152,
55,0.335,0.443,
56,0.006,1.219,
57,-0.064,0.808,
58,0.442,0.664,
59,0.203,1.26,
60,0.447,0.482,
61,-0.452,0.001,
62,0.792,0.612,
63,-0.14,0.709,
64,0.211,0.507,
65,-0.465,-0.474,
66,0.514,0.859,
67,0.171,-0.473,
68,1.412,0.389,
69,0.084,1.109,
70,-0.208,-0.854,
71,0.493,1.378,
72,0.177,0.202,
73,-0.039,0.366,
74,0.679,0.439,
75,0.182,0.062,
76,0.855,0.201,
77,-0.166,0.567,
78,0.296,0.834,
79,-0.37,0.599,
80,0.288,0.437,
81,0.789,0.854,
82,0.591,0.487,
83,-0.615,0.338,
84,0.302,0.412,
85,0.481,0.346,
86,0.756,2.272,
87,0.516,-0.092,
88,0.791,0.237,
89,1.213,-0.392,
90,0.479,1.34,
91,2.314,0.196,
92,0.21,-0.467,
93,-0.106,0.305,
94,-0.023,0.723,
95,0.144,0.361,
96,0.248,0.582,
97,0.766,0.592,
98,0.344,-2.095,
99,0.996,0.721,
100,-0.693,1.3,
101,1.127,0.108,
102,-0.607,-0.048,
103,1.568,0.402,
104,0.06,1.427,
105,0.126,0.181,
106,1.017,0.886,
107,-0.179,1.455,
108,-0.034,-0.181,
109,0.591,0.642,
110,1.665,0.065,
111,-0.073,1.18,
112,-0.536,-0.032,
113,0.792,0.516,
114,1.507,0.282,
115,-0.099,0.038,
116,0.483,0.132,
117,1.502,0.906,
118,0.631,0.346,
119,1.192,0.925,
120,0.025,-0.2,
121,0.808,0.765,
122,0.868,-0.469,
123,-0.565,-1.062,
124,0.74,0.069,
125,0.797,-0.339,
126,0.692,-0.474,
127,-0.433,0.325,
128,-0.058,1.15,
129,0.013,0.37,
130,0.539,0.227,
131,1.627,0.727,
132,0.448,0.488,
133,-0.376,0.548,
134,0.37,0.29,
135,0.138,0.887,
136,0.315,0.006,
137,-0.467,1.405,
138,-0.247,0.192,
139,0.112,-0.146,
140,0.283,0.452,
141,-0.155,0.523,
142,0.312,0.196,
143,-0.419,1.849,
144,0.181,0.426,
145,0.562,-0.368,
146,-0.058,1.057,
147,0.179,0.441,
148,-0.398,-0.085,
149,0.391,-1.721,
150,-1.056,0.94,
151,0.093,1.265,
152,0.435,0.491,
153,-0.433,0.263,
154,-0.278,1.032,
155,0.437,1.664,
156,0.108,-0.25,
157,-0.372,-1.184,
158,1.27,0.11,
159,2.366,-0.87,
160,0.697,1.319,
161,1.084,0.477,
162,0.49,-0.721,
163,0.345,-0.117,
