1,-0.487,-0.648,
2,0.684,-0.645,
3,-0.887,-0.08,
4,0.501,0.04,
5,0.078,0.705,
6,-1.102,0.827,
7,0.948,1.096,
8,0.44,0.307,
9,-0.305,-0.457,
10,1.189,-0.227,
11,-0.016,1.354,
12,-0.292,-0.623,
13,1.197,0.475,
14,-0.677,-0.491,
15,-0.38,0.272,
16,0.443,-0.872,
17,0.217,0.327,
18,-0.111,-0.625,
19,1.027,0.24,
20,1.751,1.357,
21,0.416,0.177,
22,0.177,0.269,
23,0.103,-0.379,
24,-0.357,1.296,
25,-0.189,1.057,
26,0.721,0.637,
27,-0.107,-0.36,
28,0.238,0.111,
29,-0.034,-0.008,
30,-0.062,0.285,
31,0.415,0.989,
32,0.259,-0.461,
33,-0.037,0.167,
34,-1.143,0.75,
35,-0.65,0.589,
36,-1.521,1.081,
37,0.273,0.199,
38,-0.696,-0.7,
39,-0.253,0.511,
40,-0.121,0.669,
41,0.388,0.323,
42,1.237,1.22,
43,-0.076,0.624,
44,-0.106,-0.257,
45,-0.184,-0.658,
46,-0.933,-0.582,
47,-0.705,-0.063,
48,-0.198,-0.281,
49,-0.417,-1.241,
50,-0.625,-0.694,
51,-0.233,-0.483,
52,0.358,0.419,
53,0.464,-1.627,
54,0.936,-0.074,
55,-0.489,0.231,
56,-0.858,0.572,
57,0.235,-0.445,
58,0.439,0.511,
59,1.143,-0.225,
60,0.19,-0.391,
61,-0.013,-0.096,
62,-0.687,0.059,
63,-0.568,1.58,
64,-0.273,-0.175,
65,0.201,0.127,
66,0.312,0.945,
67,-0.327,-0.776,
68,0.269,0.25,
69,-0.44,1.041,
70,0.095,0.157,
71,-0.423,-0.982,
72,0.506,-0.104,
73,-0.539,0.018,
74,0.233,0.156,
75,-0.638,-0.145,
76,-0.07,0.41,
77,-0.069,-0.522,
78,-0.261,-0.191,
79,-0.8,0.101,
80,-0.454,-0.689,
81,-0.886,0.364,
82,-0.299,0.126,
83,0.053,0.132,
84,-0.242,-0.282,
85,-0.859,-0.168,
86,-0.018,0.235,
87,0.616,-1.044,
88,-0.345,0.316,
89,0.388,0.169,
90,0.504,0.036,
91,-0.199,1.008,
92,0.394,-0.399,
93,0.084,0.176,
94,0.045,0.3,
95,0.098,0.86,
96,-0.49,0.229,
97,0.468,0.57,
98,-0.123,-1.017,
99,-0.315,0.582,
100,-1.965,-0.381,
101,0.272,0.576,
102,-0.396,-0.311,
103,-0.697,-0.323,
104,-0.003,-0.176,
105,-0.824,-0.177,
106,-0.077,-0.219,
107,0.361,1.172,
108,0.13,-0.192,
109,-0.225,-0.208,
110,-1.718,0.754,
111,-0.274,0.793,
112,-0.812,0.734,
113,0.451,-0.367,
114,-0.188,-0.089,
115,-0.097,-0.967,
116,-0.277,-0.439,
117,1.604,-0.26,
118,0.041,-0.487,
119,-0.548,0.379,
120,0.351,-1.041,
121,0.101,1.109,
122,-0.317,-0.021,
123,-0.371,-0.978,
124,0.53,-0.204,
125,-0.555,-0.507,
126,0.116,-0.194,
127,0.768,0.31,
128,0.037,0.053,
129,0.189,0.969,
130,-0.061,-0.093,
131,0.753,1.426,
132,-0.629,0.919,
133,-0.591,-0.649,
134,-0.382,-0.027,
135,-0.512,-0.286,
136,-0.979,0.181,
137,-0.88,-0.279,
138,-0.705,0.4,
139,0.154,-0.893,
140,0.194,0.319,
141,-0.404,-0.787,
142,-0.43,-0.347,
143,-0.146,0.462,
144,0.163,0.887,
145,-0.371,-0.815,
146,0.116,-0.161,
147,-0.707,-1.55,
148,-0.951,0.016,
149,1.43,-1.463,
150,-0.64,-0.631,
151,0.358,0.241,
152,-0.374,0.065,
153,0.704,0.522,
154,0.092,0.033,
155,-0.316,-0.382,
156,-0.121,-0.179,
157,0.333,-0.467,
158,-0.178,-0.108,
159,-0.364,-0.316,
160,0.334,-0.156,
161,-0.366,-0.336,
162,0.102,-0.493,
163,1.103,-0.434,
