1,0.745,0.81,
2,0.737,0.325,
3,0.294,0.615,
4,0.705,0.711,
5,0.802,1.064,
6,-0.766,0.519,
7,0.63,1.123,
8,0.942,0.967,
9,0.095,0.097,
10,0.257,1.425,
11,0.954,1.305,
12,0.706,0.223,
13,1.096,0.571,
14,-0.012,0.369,
15,0.255,0.695,
16,0.928,0.341,
17,-0.111,0.61,
18,0.612,0.447,
19,0.605,0.961,
20,0.589,0.664,
21,0.597,0.442,
22,0.273,0.593,
23,0.468,0.646,
24,0.513,0.522,
25,0.099,0.886,
26,0.809,1.172,
27,0.896,0.694,
28,0.281,0.706,
29,0.553,0.632,
30,1.01,0.883,
31,0.419,1.163,
32,1.165,0.331,
33,0.32,0.477,
34,-0.174,-0.293,
35,0.768,1.312,
36,0.05,0.933,
37,0.887,1.145,
38,0.99,1.008,
39,0.499,0.611,
40,0.784,0.49,
41,1.216,0.747,
42,0.923,1.188,
43,0.73,1.005,
44,1.074,1.237,
45,0.487,0.92,
46,0.583,0.376,
47,-0.041,0.141,
48,0.955,0.373,
49,-0.006,0.07,
50,0.162,0.28,
51,1.419,0.259,
52,0.074,0.408,
53,0.855,0.035,
54,0.767,0.712,
55,0.386,-0.094,
56,0.136,1.294,
57,0.478,0.805,
58,0.377,1.174,
59,0.436,0.69,
60,0.427,0.63,
61,0.57,0.91,
62,0.518,0.664,
63,0.591,0.91,
64,0.291,0.119,
65,0.397,0.078,
66,0.816,1.226,
67,0.186,0.008,
68,0.963,0.436,
69,0.457,1.335,
70,0.02,0.508,
71,0.441,0.515,
72,0.532,0.735,
73,0.226,0.818,
74,0.679,0.821,
75,0.552,0.19,
76,0.448,0.626,
77,0.329,0.383,
78,0.43,0.72,
79,-0.374,0.635,
80,0.54,0.266,
81,0.822,0.844,
82,0.63,0.9,
83,0.7,0.83,
84,0.214,0.603,
85,0.785,0.69,
86,0.26,1.424,
87,0.367,0.052,
88,0.623,0.625,
89,0.699,0.448,
90,0.839,0.505,
91,0.884,0.853,
92,0.471,0.217,
93,-0.084,1.361,
94,-0.041,0.984,
95,0.583,0.25,
96,0.445,0.428,
97,1.242,0.502,
98,-0.036,-0.364,
99,0.742,0.61,
100,0.241,0.583,
101,0.612,0.688,
102,0.406,0.339,
103,0.385,0.973,
104,0.533,0.551,
105,0.188,0.477,
106,0.701,1.295,
107,0.834,1.561,
108,0.346,0.157,
109,0.836,0.68,
110,1.132,0.911,
111,0.191,0.95,
112,-0.461,0.269,
113,0.616,0.409,
114,0.952,0.325,
115,0.469,-0.685,
116,0.664,0.216,
117,1.03,0.726,
118,0.611,0.58,
119,0.748,0.778,
120,0.638,0.387,
121,0.357,0.823,
122,0.998,0.697,
123,0.121,-0.571,
124,0.799,0.258,
125,0.566,0.109,
126,1.5,-0.126,
127,0.686,0.317,
128,0.578,0.831,
129,0.644,0.675,
130,0.804,0.546,
131,1.209,1.525,
132,0.191,0.487,
133,0.089,0.622,
134,0.63,0.638,
135,0.353,0.475,
136,0.429,0.647,
137,0.056,0.743,
138,0.186,0.534,
139,0.194,-0.347,
140,0.515,0.537,
141,0.12,0.233,
142,0.312,0.26,
143,0.463,1.022,
144,0.219,0.959,
145,0.442,0.33,
146,1.014,1.057,
147,0.462,0.569,
148,-0.107,0.586,
149,0.441,-1.018,
150,-0.836,0.69,
151,1.305,1.041,
152,0.13,1.09,
153,0.408,0.302,
154,0.413,0.475,
155,0.22,0.914,
156,0.399,0.645,
157,0.336,0.408,
158,0.921,1.016,
159,0.66,0.248,
160,0.333,0.723,
161,0.906,0.287,
162,0.472,0.371,
163,1.174,0.108,
