1,-0.539,-0.695,
2,1.043,-0.731,
3,1.506,0.631,
4,0.906,0.966,
5,0.07,1.112,
6,-0.687,-0.306,
7,0.897,0.462,
8,-0.418,0.287,
9,-1.451,0.794,
10,1.601,-0.731,
11,-0.414,1.578,
12,0.198,0.092,
13,-0.07,0.901,
14,0.898,1.192,
15,-0.323,-0.801,
16,0.142,1.44,
17,-1.748,-0.261,
18,0.774,-0.162,
19,0.278,-0.016,
20,-0.72,-0.76,
21,0.672,-0.929,
22,-0.427,-1.061,
23,0.303,0.182,
24,-0.763,0.749,
25,0.061,0.301,
26,0.277,-0.081,
27,0.269,-0.72,
28,-0.942,0.429,
29,1.467,1.56,
30,0.911,-0.798,
31,0.232,-1.949,
32,-0.62,-1.474,
33,-0.361,0.467,
34,-0.854,-0.976,
35,-2.137,-0.4,
36,-0.067,2.342,
37,-0.37,0.805,
38,1.064,-0.326,
39,0.008,-0.126,
40,0.014,-1.632,
41,0.047,0.371,
42,-1.068,-0.534,
43,-1.538,0.63,
44,-1.038,0.213,
45,-1.801,0.413,
46,0.435,-0.244,
47,-1.144,-0.007,
48,0.281,0.194,
49,-0.012,-0.992,
50,-0.342,0.211,
51,0.093,-0.179,
52,-1.101,-1.587,
53,0.356,-1.626,
54,0.274,-2.197,
55,0.13,0.694,
56,0.07,0.191,
57,-0.833,0.125,
58,0.679,-0.528,
59,-0.123,1.455,
60,-0.907,0.388,
61,-0.534,-1.776,
62,1.299,0.76,
63,0.067,0.569,
64,-0.156,1.372,
65,-1.214,-0.863,
66,0.005,0.437,
67,-0.129,0.369,
68,0.83,0.233,
69,0.313,0.264,
70,-0.413,-1.967,
71,-0.281,1.21,
72,0.017,-0.723,
73,-0.067,-0.825,
74,-0.214,0.04,
75,1.019,-0.993,
76,0.092,-0.269,
77,-0.179,0.772,
78,-0.491,0.735,
79,-0.279,0.261,
80,0.369,-0.242,
81,0.352,0.138,
82,0.265,-0.427,
83,-1.721,-0.364,
84,0.973,-0.047,
85,-0.272,-0.291,
86,0.034,1.75,
87,0.191,-0.174,
88,0.36,-0.29,
89,0.293,-1.15,
90,0.9,1.226,
91,1.518,-0.24,
92,0.178,-1.238,
93,0.242,-1.311,
94,0.4,0.254,
95,-0.728,0.454,
96,-0.225,0.276,
97,-0.433,0.316,
98,0.251,-2.039,
99,0.886,0.526,
100,-1.224,2.335,
101,0.523,-0.563,
102,-1.359,0.96,
103,1.993,-0.519,
104,0.423,1.966,
105,0.143,-0.498,
106,0.127,-0.291,
107,-1.113,1.16,
108,-0.717,-0.212,
109,-0.133,0.313,
110,1.956,-0.513,
111,-0.156,1.538,
112,0.111,-0.282,
113,0.22,0.733,
114,0.582,0.358,
115,-0.291,1.279,
116,0.918,-0.184,
117,1.448,0.611,
118,0.758,-0.244,
119,1.059,1.061,
120,-0.784,-0.788,
121,0.988,0.238,
122,0.789,-0.975,
123,-1.148,-1.157,
124,1.001,0.112,
125,0.756,-0.869,
126,-1.356,-0.251,
127,-0.884,-0.306,
128,-0.173,0.685,
129,-0.038,-0.749,
130,-0.502,0.256,
131,0.962,-0.115,
132,0.441,0.765,
133,-0.989,0.788,
134,-0.111,0.129,
135,-0.774,0.612,
136,-0.284,-0.717,
137,-1.743,1.392,
138,-1.203,-0.776,
139,0.271,0.232,
140,0.215,-0.462,
141,-0.026,0.361,
142,-0.24,-0.085,
143,-0.519,1.332,
144,0.655,-0.179,
145,0.27,-0.389,
146,-0.311,-0.199,
147,-0.785,-0.414,
148,-0.209,0.071,
149,-0.077,-0.757,
150,-1.086,-0.559,
151,-1.037,0.291,
152,0.263,-0.368,
153,-1.005,-0.204,
154,-1.709,0.882,
155,0.347,0.58,
156,-0.576,-1.844,
157,-0.027,-1.61,
158,0.267,0.335,
159,2.612,-1.055,
160,1.461,1.565,
161,1.323,0.445,
162,0.032,-0.683,
163,0.009,-0.852,
