1,-0.06,-0.978,
2,1.113,-1.679,
3,1.353,0.131,
4,1.171,0.444,
5,0.525,0.996,
6,-0.606,0.191,
7,1.205,0.754,
8,-0.492,0.29,
9,-1.465,0.605,
10,1.769,-0.456,
11,-0.293,1.72,
12,0.35,-0.022,
13,0.298,0.65,
14,1.354,0.961,
15,-0.776,-0.2,
16,0.335,1.363,
17,-1.789,0.035,
18,0.973,-0.446,
19,0.467,0.273,
20,-0.299,-0.736,
21,0.663,-0.826,
22,-0.224,-0.994,
23,0.439,0.394,
24,-0.376,0.649,
25,0.055,0.246,
26,-0.056,-0.322,
27,0.261,-0.546,
28,-0.892,0.685,
29,1.545,1.594,
30,1.069,-0.574,
31,0.283,-1.466,
32,-0.272,-1.193,
33,-0.25,0.587,
34,-0.952,-1.101,
35,-1.903,-0.48,
36,0.188,2.08,
37,-0.936,0.881,
38,1.248,0.2,
39,0.131,0.116,
40,0.299,-1.536,
41,0.362,0.776,
42,-1.093,-0.14,
43,-1.261,0.889,
44,-0.692,0.376,
45,-1.372,0.574,
46,0.723,-0.191,
47,-1.283,0.044,
48,1.066,-0.064,
49,-0.452,-1.288,
50,-0.427,0.228,
51,0.67,-0.027,
52,-1.139,-1.301,
53,0.519,-1.522,
54,0.353,-1.67,
55,0.196,0.749,
56,-0.028,0.498,
57,-0.715,0.433,
58,0.654,-0.229,
59,0.029,1.443,
60,-0.346,0.411,
61,-0.475,-1.57,
62,1.785,0.952,
63,-0.16,0.599,
64,-0.092,1.162,
65,-1.178,-0.93,
66,0.065,0.477,
67,0.005,0.067,
68,1.353,0.289,
69,0.159,0.481,
70,-0.316,-1.786,
71,0.013,1.553,
72,0.144,-0.475,
73,-0.167,-0.548,
74,0.121,0.108,
75,0.891,-0.448,
76,-0.317,-0.296,
77,-0.231,0.745,
78,-0.191,1.075,
79,-0.344,0.396,
80,0.493,-0.037,
81,0.5,0.358,
82,0.468,-0.139,
83,-1.664,-0.006,
84,0.751,0.192,
85,-0.041,-0.07,
86,0.34,2.552,
87,0.323,-0.171,
88,1.297,-0.181,
89,0.972,-1.268,
90,0.66,1.363,
91,2.007,-0.11,
92,0.067,-1.013,
93,0.133,-0.969,
94,0.317,0.353,
95,-0.523,0.477,
96,-0.043,0.33,
97,-0.169,0.626,
98,0.509,-2.123,
99,0.887,0.639,
100,-1.24,2.103,
101,0.766,-0.364,
102,-1.345,0.357,
103,2.003,-0.311,
104,0.137,2.09,
105,0.204,-0.364,
106,0.627,0.137,
107,-1.123,1.33,
108,-0.634,-0.133,
109,0.101,0.452,
110,2.074,-0.535,
111,-0.053,1.355,
112,-0.122,-0.201,
113,0.689,0.766,
114,1.04,0.32,
115,0.272,1.021,
116,0.537,-0.136,
117,1.636,0.935,
118,0.641,-0.114,
119,1.137,1.07,
120,-0.621,-0.644,
121,1.145,0.483,
122,0.816,-1.072,
123,-1.091,-1.161,
124,0.932,0.095,
125,0.927,-1.218,
126,-1.068,-0.674,
127,-0.474,-0.007,
128,-0.507,1.197,
129,-0.124,-0.505,
130,-0.172,0.171,
131,1.213,0.13,
132,0.508,0.772,
133,-0.863,0.777,
134,0.011,0.243,
135,-0.739,0.861,
136,-0.08,-0.606,
137,-1.476,1.581,
138,-0.648,-0.09,
139,-0.05,0.411,
140,0.192,-0.142,
141,-0.083,0.406,
142,-0.093,-0.065,
143,-0.569,1.716,
144,0.479,-0.022,
145,0.342,-0.439,
146,-0.337,0.232,
147,-0.365,-0.235,
148,-0.162,0.28,
149,0.038,-1.222,
150,-1.513,0.442,
151,-0.9,0.805,
152,0.473,-0.139,
153,-1.191,-0.164,
154,-1.315,1.045,
155,0.342,1.276,
156,-0.138,-1.309,
157,-0.632,-2.272,
158,0.908,-0.287,
159,3.121,-1.059,
160,1.282,2.17,
161,1.529,0.877,
162,0.318,-0.608,
163,0.03,-0.978,
