1,-2.44,-2.065,
2,0.324,-0.77,
3,-1.039,-1.284,
4,0.499,-0.83,
5,0.027,-2.344,
6,-0.183,1.627,
7,1.282,0.256,
8,0.485,-0.371,
9,-0.967,-0.071,
10,0.091,-0.435,
11,0.28,2.047,
12,-1.409,-2.025,
13,1.677,1.033,
14,0.041,-0.643,
15,-2.073,-0.018,
16,0.258,-2.346,
17,0.247,0.082,
18,0.144,-0.033,
19,0.748,0.757,
20,2.048,0.763,
21,0.559,0.223,
22,1.093,0.532,
23,0.026,-0.262,
24,-0.118,0.275,
25,0.052,2.302,
26,0.185,-0.858,
27,0.185,-0.12,
28,0.528,0.063,
29,-0.22,-1.867,
30,0.651,0.303,
31,0.645,0.323,
32,-0.114,-0.919,
33,-0.047,-0.71,
34,-1.867,1.278,
35,-1.842,-1.164,
36,-0.115,0.587,
37,0.416,0.259,
38,-0.126,-0.921,
39,0.644,0.046,
40,-1.059,1.366,
41,0.28,0.462,
42,0.22,0.151,
43,0.086,1.193,
44,-0.125,-0.313,
45,-0.058,0.206,
46,-1.873,-0.788,
47,0.27,0.735,
48,-1.368,-0.787,
49,-0.701,-1.271,
50,-0.849,-0.484,
51,-0.901,-0.023,
52,0.517,0.918,
53,-0.337,-0.169,
54,1.39,-0.707,
55,-0.21,0.82,
56,0.073,0.653,
57,-0.669,-0.378,
58,0.622,0.336,
59,1.276,0.88,
60,-0.177,-0.044,
61,0.659,-0.475,
62,-0.772,0.826,
63,-0.823,1,
64,-0.169,0.242,
65,-0.223,0.175,
66,0.345,0.192,
67,-0.376,-0.661,
68,0.1,0.655,
69,-1.027,0.175,
70,-0.344,-0.346,
71,0.181,-0.856,
72,0.517,-0.643,
73,-0.211,-0.058,
74,-0.277,-0.178,
75,-2.282,-0.097,
76,0.352,-0.286,
77,0.276,0,
78,-0.072,0.38,
79,-1.006,-0.019,
80,-1.054,-0.075,
81,-0.693,0.936,
82,-0.57,-1.313,
83,-1.999,-0.223,
84,1.442,0.322,
85,-0.668,-0.157,
86,-0.026,-0.481,
87,0.534,0.264,
88,0.096,0.768,
89,0.256,0.047,
90,-0.472,0.297,
91,0.21,0.995,
92,0.737,-1.42,
93,2.216,0.068,
94,0.343,0.855,
95,0.072,1.672,
96,-0.832,0.938,
97,1.063,1.081,
98,0.11,0.087,
99,0.54,0.404,
100,-0.701,0.321,
101,0.135,0.198,
102,-0.523,-0.86,
103,-0.826,-1.237,
104,-0.754,-0.239,
105,1.154,0.681,
106,-0.591,-1.254,
107,-0.505,-0.141,
108,0.596,0.172,
109,0.176,-0.181,
110,-1.522,0.574,
111,-1.273,0.913,
112,-0.931,1.721,
113,0.419,-0.161,
114,0.098,0.796,
115,-0.585,0.592,
116,-0.291,-0.415,
117,1.112,0.435,
118,0.42,-0.828,
119,-0.413,0.139,
120,-0.11,-0.52,
121,-0.135,1.512,
122,-0.626,-0.355,
123,-0.697,-0.598,
124,-0.351,0.68,
125,-0.643,-0.427,
126,0.137,-0.405,
127,-0.18,0.668,
128,-0.415,-0.008,
129,0.564,1.228,
130,-1.099,-1.48,
131,0.591,1.72,
132,-0.543,1.686,
133,-0.323,0.397,
134,-0.839,-0.659,
135,-0.96,0.611,
136,-1.947,-0.837,
137,-0.939,0.567,
138,-0.39,0.159,
139,0.379,-0.923,
140,-0.096,0.09,
141,-0.075,-0.73,
142,-0.16,0.283,
143,-0.335,-0.457,
144,0.306,-0.286,
145,-0.103,-0.909,
146,-1.139,-0.563,
147,-1.684,-0.909,
148,-0.364,0.192,
149,1.116,-0.673,
150,-0.499,0.009,
151,-0.995,0.611,
152,-0.86,-0.413,
153,0.193,0.116,
154,1.551,0.435,
155,-0.247,0.155,
156,-0.381,-0.001,
157,-0.453,-0.093,
158,-0.748,-1.236,
159,-0.262,0.504,
160,0.489,-0.616,
161,-1.253,-0.157,
162,-1.119,0.032,
163,0.451,-0.968,
