1,-0.224,-1.643,
2,1.331,-1.771,
3,1.618,0.844,
4,1.197,1.068,
5,0.611,1.353,
6,-0.507,-0.538,
7,0.973,0.872,
8,-0.126,0.987,
9,-1.373,0.764,
10,2.127,-0.14,
11,0.075,1.876,
12,0.195,0.151,
13,0.203,1.062,
14,1.296,1.591,
15,-0.145,-0.368,
16,0.58,1.553,
17,-1.551,-0.016,
18,1.169,-0.232,
19,0.637,0.378,
20,-0.364,-0.835,
21,0.92,-0.899,
22,-0.205,-1.313,
23,0.234,0.511,
24,-0.523,0.994,
25,-0.228,0.527,
26,0.412,0.244,
27,0.495,-0.367,
28,-1.291,0.734,
29,1.979,1.524,
30,1.352,-0.769,
31,0.267,-1.517,
32,0.078,-1.236,
33,-0.24,0.608,
34,-0.902,-1.295,
35,-2.153,-0.46,
36,-0.38,2.721,
37,-0.066,1.225,
38,1.783,0.59,
39,0.051,0.254,
40,0.504,-1.61,
41,0.592,0.745,
42,-1.125,-0.156,
43,-1.371,1.04,
44,-0.583,0.597,
45,-1.559,0.808,
46,0.832,-0.27,
47,-1.302,0.084,
48,0.48,0.086,
49,-0.357,-1.403,
50,-0.343,0.338,
51,0.888,-0.17,
52,-1.216,-1.474,
53,0.391,-1.644,
54,0.296,-1.547,
55,0.298,0.898,
56,-0.215,0.516,
57,-0.443,0.536,
58,0.797,-0.094,
59,0.079,1.741,
60,-0.436,0.503,
61,-0.289,-1.576,
62,0.723,1.017,
63,0.187,0.743,
64,-0.112,1.247,
65,-1.484,-1.261,
66,-0.038,0.355,
67,0.084,-0.12,
68,1.823,0.292,
69,-0.038,0.738,
70,-0.493,-1.784,
71,0.214,1.89,
72,0.106,-0.42,
73,-0.101,-0.583,
74,-0.356,0.2,
75,1.636,-0.745,
76,-0.066,-0.381,
77,-0.16,0.772,
78,-0.108,1.089,
79,-0.389,0.435,
80,0.619,0.087,
81,0.642,0.547,
82,0.312,-0.028,
83,-1.764,0.056,
84,0.697,0.193,
85,0.211,-0.144,
86,0.696,3.291,
87,0.183,-0.252,
88,0.972,-0.048,
89,0.511,-1.137,
90,1.254,1.62,
91,2.281,0.009,
92,0.15,-1.251,
93,-0.04,-0.776,
94,0.243,0.323,
95,-0.542,0.473,
96,-0.107,0.404,
97,0.136,0.555,
98,0.804,-2.266,
99,0.977,0.989,
100,-1.14,2.182,
101,0.868,-0.481,
102,-0.927,0.883,
103,2.095,-0.342,
104,0.472,2.028,
105,0.126,-0.28,
106,0.752,0.657,
107,-1.386,1.618,
108,-0.824,-0.123,
109,0.37,0.685,
110,2.153,-0.594,
111,0.094,1.607,
112,-0.199,-0.165,
113,0.65,0.752,
114,1.404,0.334,
115,0.174,0.629,
116,1.02,-0.115,
117,1.851,1.01,
118,0.752,-0.012,
119,1.446,1.305,
120,-0.579,-0.608,
121,1.422,0.866,
122,0.77,-1.193,
123,-1.028,-1.219,
124,1,0.094,
125,1.032,-1.482,
126,-0.634,-0.927,
127,-1.356,0.026,
128,-0.021,0.918,
129,0.142,-0.407,
130,-0.13,0.16,
131,1.547,0.32,
132,0.575,0.869,
133,-0.942,1.001,
134,0.246,0.159,
135,-0.734,1.24,
136,0.019,-0.51,
137,-1.74,1.375,
138,-1.066,-0.467,
139,-0.033,-0.012,
140,0.552,-0.463,
141,-0.067,0.41,
142,-0.093,0.056,
143,-0.569,1.69,
144,0.328,0.256,
145,0.504,-0.437,
146,-0.543,0.284,
147,-0.616,-0.406,
148,-0.254,0.196,
149,-0.628,-0.922,
150,-1.547,0.159,
151,-0.679,0.659,
152,0.461,-0.174,
153,-1.677,-0.131,
154,-1.352,1.034,
155,0.228,1.368,
156,-0.13,-1.865,
157,-0.1,-1.801,
158,0.817,0.624,
159,3.445,-0.91,
160,1.457,1.62,
161,1.549,0.302,
162,0.133,-0.927,
163,0.383,-0.328,
