1,-2.129,-2.88,
2,0.89,-1.513,
3,-1.226,-0.352,
4,0.351,0.516,
5,0.012,-1.874,
6,-0.544,1.348,
7,2.056,0.874,
8,0.715,-0.306,
9,-0.818,0.079,
10,0.171,0.229,
11,-0.604,0.979,
12,-0.767,-1.23,
13,0.882,1.081,
14,-0.276,-1.271,
15,-1.275,-0.857,
16,0.617,-2.473,
17,0.147,0.449,
18,0.088,0.095,
19,1.177,0.756,
20,2.172,0.112,
21,0.058,-0.123,
22,1.011,0.755,
23,-0.106,-0.473,
24,0.025,1.257,
25,-1.301,1.769,
26,0.543,0.061,
27,0.429,0.229,
28,0.297,-0.003,
29,-0.214,-2.139,
30,0.33,0.24,
31,0.335,0.353,
32,0.327,-0.868,
33,0.531,-0.861,
34,-1.674,1.242,
35,-1.721,-0.078,
36,-0.493,0.671,
37,0.426,0.189,
38,-0.42,-0.108,
39,0.142,-0.724,
40,-0.405,0.935,
41,0.267,0.327,
42,0.463,0.306,
43,0.268,1.221,
44,0.049,-0.077,
45,-0.234,-0.398,
46,-2.227,-0.996,
47,-0.621,0.232,
48,-1.221,-0.487,
49,-1.736,-1.715,
50,-0.578,-0.685,
51,-1.058,0.072,
52,0.286,0.503,
53,0.213,-0.631,
54,1.498,-0.605,
55,-0.278,0.604,
56,-0.281,0.578,
57,-1.179,-0.006,
58,0.457,0.518,
59,0.468,0.226,
60,-0.569,-0.028,
61,-0.011,-0.596,
62,-2.105,0.754,
63,-0.532,1.268,
64,-0.449,0.505,
65,0.166,-0.164,
66,0.236,0.304,
67,-0.342,-0.874,
68,0.192,0.721,
69,-0.785,0.145,
70,-0.409,-0.161,
71,-0.405,-2.019,
72,0.594,-0.375,
73,-0.322,-0.178,
74,-0.059,0.089,
75,-1.938,0.025,
76,-0.208,0.608,
77,0.325,-0.307,
78,-1.178,-0.845,
79,-1.012,0.255,
80,-0.885,0.169,
81,-1.014,0.193,
82,-0.444,-0.74,
83,-1.242,-0.287,
84,0.732,-0.079,
85,-0.871,-0.098,
86,-0.074,-0.328,
87,0.063,-0.159,
88,-0.141,1.223,
89,0.501,0.386,
90,0.065,0.154,
91,0.389,0.553,
92,0.348,-1.11,
93,0.583,0.141,
94,0.097,0.559,
95,0.58,1.554,
96,-1.382,0.501,
97,0.61,0.818,
98,0.024,-0.835,
99,0.096,0.64,
100,-1.847,0.13,
101,-0.167,0.311,
102,-0.363,-1.039,
103,-0.308,-1.666,
104,-0.143,-0.183,
105,0.344,1.409,
106,-0.393,-0.574,
107,-0.604,-0.393,
108,0.107,0.208,
109,0.198,-0.381,
110,-1.404,0.304,
111,-0.425,0.59,
112,-0.817,1.704,
113,1.619,0.056,
114,-0.328,0.297,
115,-0.012,0.758,
116,0.402,-0.914,
117,0.905,-0.241,
118,-0.214,-0.58,
119,-0.255,0.297,
120,-0.086,-0.466,
121,0.104,1.107,
122,-0.849,-0.814,
123,-0.079,-0.544,
124,-0.123,0.544,
125,-1.592,0.212,
126,0.913,-0.964,
127,-0.331,0.536,
128,-0.066,-0.22,
129,0.368,0.948,
130,-0.573,-0.448,
131,0.716,1.84,
132,-0.202,1.338,
133,-0.288,0.219,
134,-0.883,-0.159,
135,-1.267,0.849,
136,-1.657,-0.833,
137,-0.701,0.161,
138,-0.744,-0.171,
139,0.942,-0.167,
140,-0.184,-0.145,
141,0.053,-0.953,
142,0.502,0.423,
143,0.007,-0.548,
144,-0.801,0.648,
145,0.446,-0.537,
146,-1.001,-0.497,
147,-1.534,-1.392,
148,-0.155,-0.057,
149,1.426,-0.634,
150,-0.747,0.016,
151,-0.102,0.14,
152,-0.503,-0.444,
153,0.241,0.997,
154,0.667,0.018,
155,-0.375,-0.346,
156,-0.005,-0.03,
157,-0.71,-0.661,
158,-2.086,-0.438,
159,0.125,0.521,
160,0.36,-0.666,
161,-1.535,-0.421,
162,-0.367,-0.315,
163,0.79,-0.341,
