1,0.668,0.905,
2,-0.183,0.442,
3,-0.052,0.381,
4,0.265,0.24,
5,-0.266,0.798,
6,0.062,0.045,
7,0.363,1.235,
8,0.668,0.325,
9,-0.326,-0.107,
10,-0.323,0.982,
11,0.397,0.941,
12,-0.124,-0.621,
13,0.768,0.684,
14,-0.377,0.846,
15,-0.372,-0.212,
16,0.031,0.631,
17,-0.508,0.662,
18,-0.191,0.54,
19,0.367,0.187,
20,0.066,-0.32,
21,-0.116,0.169,
22,0.131,-0.173,
23,0.235,0.281,
24,0.078,0.657,
25,0.105,0.027,
26,0.252,1.639,
27,0.467,0.596,
28,0.497,0.978,
29,0.457,0.618,
30,0.243,0.945,
31,0.363,1.442,
32,0.302,0.309,
33,-0.264,0.198,
34,-0.498,-0.059,
35,0.333,1.093,
36,-0.287,0.65,
37,0.15,0.157,
38,-0.036,0.294,
39,0.144,0.331,
40,0.129,0.57,
41,0.789,0.305,
42,0.642,1.08,
43,0.194,0.527,
44,0.17,1.195,
45,-0.408,0.983,
46,-0.067,0.44,
47,-1.019,0.561,
48,0.613,0.606,
49,0.267,0.267,
50,-0.243,0.19,
51,0.092,0.631,
52,0.229,0.473,
53,0.381,-0.141,
54,0.448,0.5,
55,0.045,-0.325,
56,0.172,0.635,
57,0.321,0.488,
58,0.313,0.773,
59,-0.128,0.509,
60,-0.158,0.666,
61,-0.107,0.589,
62,0.597,0.293,
63,-0.406,0.853,
64,-0.271,0.096,
65,0.361,0.332,
66,0.58,1.219,
67,-0.145,0.463,
68,0.32,0.772,
69,0.054,1.334,
70,-0.216,0.439,
71,-0.18,0.515,
72,0.656,0.824,
73,-0.323,0.029,
74,0.051,0.642,
75,-0.725,0.177,
76,-0.134,0.729,
77,0.224,0.936,
78,-0.286,0.732,
79,-1.312,0.019,
80,0.352,0.256,
81,0.257,0.478,
82,0.133,0.464,
83,0.518,0.642,
84,-0.151,0.159,
85,0.383,0.959,
86,-0.133,0.867,
87,0.467,0.027,
88,-0.029,-0.088,
89,0.843,0.365,
90,0.253,0.455,
91,0.04,0.999,
92,-0.131,0.242,
93,-0.356,0.974,
94,-0.279,1.012,
95,0.295,-0.043,
96,-0.24,0.347,
97,-0.012,0.295,
98,-0.462,-0.28,
99,0.276,-0.585,
100,0.001,0.549,
101,-0.034,1.006,
102,-0.131,-0.041,
103,-0.368,1.097,
104,0.152,0.386,
105,-0.475,-0.497,
106,-0.004,0.91,
107,0.117,1.494,
108,0.025,-0.074,
109,-0.061,0.459,
110,0.643,0.752,
111,0.226,0.45,
112,-0.284,0.15,
113,0.589,-0.051,
114,0.151,-0.003,
115,0.046,-1.139,
116,1.216,0.18,
117,0.558,0.514,
118,0.373,0.308,
119,0.369,0.18,
120,0.191,0.255,
121,-0.194,0.221,
122,0.954,0.697,
123,-0.262,-0.77,
124,0.451,0.12,
125,-0.048,-0.02,
126,0.601,0.404,
127,-0.111,0.129,
128,0.016,0.49,
129,-0.132,0.259,
130,0.397,-0.352,
131,1.059,1.309,
132,-0.3,0.414,
133,-0.179,0.829,
134,0.036,0.167,
135,0.672,-0.212,
136,0.506,0.225,
137,0.183,0.783,
138,0.137,0.229,
139,-0.272,-0.226,
140,-0.094,0.682,
141,-0.016,-0.229,
142,-0.607,-0.019,
143,-0.036,0.477,
144,-0.519,1.406,
145,-0.28,0.115,
146,0.466,1.107,
147,-0.287,0.925,
148,-0.981,0.26,
149,-0.487,-0.943,
150,-1.153,0.4,
151,0.971,0.79,
152,-0.758,1.115,
153,0.066,0.286,
154,-0.211,-0.013,
155,0.13,0.527,
156,-0.626,0.955,
157,-0.049,-0.048,
158,0.74,0.532,
159,0.427,0.328,
160,0.045,0.601,
161,0.171,0.188,
162,-0.241,0.482,
163,0.88,0.445,
