1,-2.067,-2.704,
2,0.62,-1.454,
3,-1.51,-1.638,
4,0.755,-1.053,
5,0.298,-2.129,
6,-0.435,1.745,
7,2.299,1.086,
8,0.767,-0.175,
9,-1.203,-0.338,
10,0.592,-0.586,
11,0.217,2.077,
12,-1.522,-2.153,
13,2.02,0.916,
14,-0.115,-0.859,
15,-1.924,0.112,
16,0.167,-2.612,
17,0.277,-0.007,
18,0.139,-0.394,
19,1.395,0.878,
20,2.812,1.114,
21,0.678,0.257,
22,1.2,0.741,
23,0.116,-0.446,
24,-0.001,0.6,
25,-0.138,2.418,
26,0.07,-0.765,
27,0.02,-0.345,
28,0.582,0.098,
29,-0.17,-2.127,
30,0.463,0.286,
31,0.685,0.642,
32,0.02,-1.075,
33,-0.103,-0.678,
34,-2.234,1.401,
35,-1.874,-0.78,
36,-0.444,0.606,
37,0.083,0.231,
38,-0.397,-1.052,
39,0.376,0.354,
40,-0.916,1.696,
41,0.363,0.533,
42,0.676,0.696,
43,-0.001,1.623,
44,-0.198,-0.35,
45,-0.291,0.066,
46,-2.393,-0.966,
47,-0.139,0.754,
48,-1.101,-0.953,
49,-1.53,-2.063,
50,-1.076,-0.856,
51,-0.886,-0.122,
52,0.555,1.011,
53,-0.019,-0.991,
54,1.696,-0.567,
55,-0.368,0.826,
56,-0.515,0.547,
57,-0.549,-0.497,
58,0.794,0.494,
59,1.664,0.717,
60,-0.075,-0.326,
61,0.623,-0.509,
62,-1.378,0.661,
63,-1.023,1.617,
64,-0.108,0.037,
65,-0.1,0.11,
66,0.376,0.523,
67,-0.468,-0.975,
68,0.033,0.704,
69,-1.541,0.467,
70,-0.246,-0.219,
71,-0.048,-1.23,
72,0.649,-0.739,
73,-0.526,-0.26,
74,-0.269,-0.161,
75,-2.406,-0.087,
76,0.01,0.062,
77,0.237,-0.271,
78,-0.277,0.097,
79,-1.076,-0.054,
80,-1.126,-0.305,
81,-0.62,1.353,
82,-0.821,-1.125,
83,-2.048,-0.291,
84,1.084,0.047,
85,-0.916,-0.163,
86,-0.107,-0.322,
87,0.7,-0.141,
88,0.25,0.674,
89,0.646,0.218,
90,-0.494,0.324,
91,0.137,1.265,
92,0.8,-1.389,
93,1.99,-0.128,
94,0.291,0.872,
95,0.484,1.952,
96,-1.157,1.026,
97,1.12,1.053,
98,0.256,-0.49,
99,0.223,0.786,
100,-1.877,0.285,
101,0.537,0.474,
102,-0.779,-0.955,
103,-1.077,-1.252,
104,-0.746,-0.31,
105,0.808,0.691,
106,-0.5,-1.01,
107,-0.354,0.277,
108,0.478,0.162,
109,-0.102,-0.171,
110,-2.235,0.9,
111,-1.067,1.104,
112,-1.154,1.945,
113,1.009,-0.372,
114,0.063,0.661,
115,-0.389,0.726,
116,-0.634,-0.575,
117,1.726,0.027,
118,0.461,-0.842,
119,-0.608,0.254,
120,0.078,-0.899,
121,0.126,2.066,
122,-0.746,-0.146,
123,-0.587,-0.923,
124,-0.037,0.458,
125,-1.02,-0.593,
126,0.174,-0.607,
127,0.457,0.941,
128,-0.593,0.196,
129,0.419,1.526,
130,-1.069,-1.279,
131,0.787,2.067,
132,-0.542,1.71,
133,-0.503,0.123,
134,-1.04,-0.578,
135,-1.236,0.591,
136,-2.109,-0.6,
137,-1.079,0.463,
138,-0.443,0.475,
139,0.412,-0.765,
140,-0.166,0.219,
141,-0.154,-0.935,
142,-0.088,0.318,
143,-0.375,-0.597,
144,0.044,0.249,
145,-0.149,-1.213,
146,-1.118,-0.626,
147,-1.779,-1.308,
148,-0.65,0.313,
149,1.653,-1.003,
150,-0.478,-0.25,
151,-0.902,0.765,
152,-0.925,-0.244,
153,0.324,0.603,
154,1.416,0.515,
155,-0.295,0.234,
156,-0.172,-0.139,
157,-0.579,-0.976,
158,-1.756,-1.178,
159,-0.202,0.495,
160,0.604,-0.365,
161,-1.532,0.141,
162,-0.784,-0.043,
163,0.426,-1.023,
