1,-0.41,-1.041,
2,0.675,-0.732,
3,1.11,0.714,
4,0.625,0.701,
5,0.326,0.534,
6,-0.372,-0.419,
7,0.787,0.299,
8,-0.108,-0.028,
9,-0.472,0.758,
10,0.938,-0.165,
11,0.066,0.711,
12,0.307,0.194,
13,0.097,0.911,
14,1.025,1.052,
15,-0.496,-1.015,
16,0.391,0.76,
17,-1.304,0.049,
18,0.667,-0.122,
19,0.291,-0.232,
20,-0.138,-1.327,
21,-0.173,-0.527,
22,-0.53,-1.074,
23,0.397,0.248,
24,-0.511,0.736,
25,0.469,0.098,
26,0.48,0.116,
27,0.241,-0.093,
28,-0.349,0.432,
29,0.769,0.592,
30,0.713,-0.156,
31,0.351,-0.909,
32,-0.306,-0.826,
33,0.173,0.229,
34,-0.159,-0.334,
35,-1.44,-0.053,
36,-0.23,1.648,
37,-0.222,0.783,
38,0.134,-0.419,
39,0.051,-0.094,
40,-0.027,-1.297,
41,0.065,0.537,
42,-1.215,-0.715,
43,-0.43,0.887,
44,-0.386,0.13,
45,-0.6,0.192,
46,0.581,-0.071,
47,-0.755,0.095,
48,0.187,0.173,
49,-0.334,-1.047,
50,-0.042,0.152,
51,-0.14,0.208,
52,-0.618,-0.933,
53,0.832,-1.121,
54,-0.065,-1.85,
55,0.103,0.482,
56,0.289,0.542,
57,-1.022,0.411,
58,0.382,-0.255,
59,0.179,0.923,
60,-0.294,0.32,
61,-0.707,-1.678,
62,1.674,0.426,
63,0.126,0.254,
64,-0.237,0.661,
65,-0.633,-0.404,
66,0.335,0.614,
67,-0.249,0.022,
68,1.03,-0.078,
69,0.582,0.187,
70,-0.391,-1.48,
71,-0.004,0.913,
72,0.432,-0.166,
73,-0.033,-0.211,
74,-0.187,0.123,
75,0.832,-0.556,
76,0.022,-0.071,
77,0.024,0.534,
78,-0.187,1.536,
79,-0.214,0.348,
80,-0.328,-0.18,
81,0.272,0.111,
82,0.197,0.013,
83,-1.207,-0.516,
84,0.758,0.286,
85,-0.322,-0.021,
86,0.407,0.924,
87,0.265,-0.199,
88,0.608,-0.137,
89,0.438,-0.961,
90,0.479,0.905,
91,0.897,0.329,
92,-0.294,-0.348,
93,0.284,-0.467,
94,0.423,0.157,
95,-0.526,0.465,
96,-0.368,-0.227,
97,-0.491,0.459,
98,0.062,-1.553,
99,1.109,0.422,
100,-1.08,1.705,
101,0.258,0.01,
102,-0.551,0.523,
103,1.724,-0.595,
104,0.02,1.482,
105,0.432,-0.517,
106,0.025,-0.37,
107,0.082,0.289,
108,-0.861,0.779,
109,-0.111,0.069,
110,1.34,0.419,
111,0.052,0.837,
112,-0.026,-0.03,
113,0.371,0.073,
114,0.225,0.164,
115,0.191,0.988,
116,0.879,-0.346,
117,0.453,0.695,
118,0.134,-0.324,
119,0.455,0.62,
120,-0.39,-0.414,
121,0.5,-0.193,
122,0.484,-0.98,
123,-0.883,-0.679,
124,0.499,0.274,
125,1.226,-0.492,
126,-0.884,0.343,
127,-0.851,-0.104,
128,-0.055,0.583,
129,0.225,-0.454,
130,-0.226,0.18,
131,0.111,0.359,
132,0.223,0.598,
133,-0.682,0.478,
134,-0.161,0.359,
135,-0.888,0.593,
136,0.062,-0.352,
137,-0.903,0.706,
138,-1.002,-0.665,
139,0.035,-0.135,
140,0.332,-0.443,
141,-0.086,0.192,
142,-0.161,-0.218,
143,-0.737,0.547,
144,0.761,-0.254,
145,0.033,0.308,
146,-0.46,0.025,
147,-0.402,-0.434,
148,0.083,0.364,
149,-0.075,-0.629,
150,-0.873,-0.779,
151,-0.377,0.286,
152,0.298,-0.212,
153,-0.217,-0.528,
154,-0.768,0.366,
155,0.351,0.316,
156,-0.167,-0.615,
157,-0.335,-1.566,
158,0.432,0.13,
159,2.205,-0.863,
160,0.799,0.821,
161,0.678,-0.161,
162,-0.073,-0.246,
163,0.084,-0.368,
