1,-0.413,-0.242,
2,0.654,-0.261,
3,1.1,0.435,
4,0.514,0.63,
5,-0.083,0.806,
6,-0.61,0.111,
7,0.697,0.313,
8,-0.217,-0.034,
9,-0.915,0.484,
10,0.962,-0.736,
11,-0.649,1.026,
12,0.379,-0.16,
13,-0.036,0.485,
14,0.575,0.579,
15,-0.475,-0.791,
16,0.059,0.88,
17,-1.34,-0.045,
18,0.291,-0.256,
19,-0.014,0.077,
20,-0.634,-0.504,
21,0.444,-0.574,
22,-0.156,-0.417,
23,0.302,-0.007,
24,-0.518,0.552,
25,0.22,0.243,
26,0.343,-0.054,
27,0.101,-0.557,
28,-0.391,0.324,
29,0.67,1.305,
30,0.685,-0.264,
31,0.194,-1.206,
32,-0.616,-0.916,
33,-0.288,0.308,
34,-0.724,-0.604,
35,-1.256,-0.274,
36,0.075,1.586,
37,-0.327,0.527,
38,0.427,-0.489,
39,0.227,-0.131,
40,0.008,-0.998,
41,0.054,0.448,
42,-0.671,-0.357,
43,-0.983,0.319,
44,-0.731,0.088,
45,-1.238,0.21,
46,0.287,-0.117,
47,-0.714,-0.037,
48,0.215,0.21,
49,-0.255,-0.562,
50,-0.335,0.087,
51,-0.086,-0.044,
52,-0.607,-0.93,
53,0.263,-0.945,
54,0.231,-1.863,
55,0.043,0.405,
56,0.272,0.48,
57,-0.637,0.061,
58,0.329,-0.308,
59,-0.069,0.901,
60,-0.566,0.273,
61,-0.631,-1.341,
62,1.255,0.293,
63,-0.06,0.353,
64,-0.053,0.966,
65,-0.619,-0.328,
66,0.055,0.327,
67,-0.154,0.329,
68,0.35,0.242,
69,0.413,0.13,
70,-0.272,-1.639,
71,-0.303,0.571,
72,-0.044,-0.457,
73,-0.055,-0.417,
74,0.167,0.064,
75,0.128,-0.544,
76,0.327,-0.113,
77,-0.175,0.586,
78,-0.42,0.489,
79,-0.194,0.249,
80,0.127,-0.243,
81,0.236,0.052,
82,0.389,-0.294,
83,-1.09,-0.431,
84,0.894,0.043,
85,-0.472,-0.149,
86,-0.091,0.692,
87,0.242,-0.124,
88,0.12,-0.185,
89,0.521,-0.896,
90,0.344,0.846,
91,0.972,-0.256,
92,0.198,-0.741,
93,0.234,-0.833,
94,0.253,0.268,
95,-0.409,0.327,
96,-0.088,0.166,
97,-0.457,0.178,
98,0.001,-1.336,
99,0.781,0.091,
100,-1.331,1.848,
101,0.264,-0.304,
102,-1.051,0.729,
103,1.279,-0.504,
104,0.053,1.654,
105,0.146,-0.378,
106,-0.006,-0.781,
107,-0.837,0.549,
108,-0.332,-0.227,
109,-0.248,-0.021,
110,1.572,-0.163,
111,-0.3,0.845,
112,0.084,-0.275,
113,0.306,0.409,
114,0.265,0.3,
115,-0.383,0.885,
116,0.698,-0.228,
117,1.043,0.373,
118,0.524,-0.166,
119,0.742,0.649,
120,-0.587,-0.63,
121,0.528,-0.113,
122,0.6,-0.408,
123,-0.951,-1.008,
124,0.655,0.115,
125,0.629,-0.438,
126,-1.224,-0.197,
127,-0.511,-0.237,
128,-0.2,0.56,
129,-0.145,-0.494,
130,-0.277,0.251,
131,0.56,-0.138,
132,0.275,0.396,
133,-0.655,0.293,
134,-0.261,0.061,
135,-0.413,0.316,
136,-0.298,-0.537,
137,-1.013,1.262,
138,-0.778,-0.643,
139,0.244,0.314,
140,0.014,-0.177,
141,-0.191,0.474,
142,-0.143,-0.159,
143,-0.305,1.002,
144,0.767,-0.446,
145,0.189,-0.372,
146,-0.126,-0.111,
147,-0.476,-0.251,
148,-0.126,-0.031,
149,0.202,-0.686,
150,-0.745,-0.386,
151,-0.698,0.248,
152,0.3,-0.228,
153,-0.532,0.028,
154,-1.163,0.757,
155,0.423,0.232,
156,-0.512,-0.931,
157,-0.319,-1.439,
158,0.268,-0.115,
159,1.576,-0.814,
160,0.896,1.049,
161,0.849,0.188,
162,0.012,-0.371,
163,-0.021,-0.722,
