1,1.047,0.639,
2,-0.654,0.913,
3,0.489,0.16,
4,-0.395,-1.11,
5,-1.286,1.453,
6,2.204,-1.324,
7,1.791,0.702,
8,0.668,-1.63,
9,-0.707,-0.824,
10,0.049,-0.847,
11,-0.539,0.868,
12,-0.713,-0.7,
13,0.982,0.258,
14,-0.875,0.117,
15,-0.631,-0.12,
16,-0.261,1.602,
17,-0.811,0.577,
18,0.525,0.204,
19,-0.151,-1.1,
20,-0.171,-1.397,
21,-0.345,-0.447,
22,-0.293,-0.822,
23,0.387,0.378,
24,-0.04,0.823,
25,1.683,-1.224,
26,-0.034,1.549,
27,0.221,0.699,
28,-0.077,1.176,
29,0.743,0.587,
30,-0.943,-0.236,
31,0.466,1.466,
32,0.214,0.811,
33,-0.998,-1.535,
34,-1.873,0.462,
35,0.527,0.98,
36,0.122,0.879,
37,-0.234,-0.046,
38,0.304,-0.375,
39,0.427,0.314,
40,0.52,-0.336,
41,1.034,-1.135,
42,1.224,1.987,
43,-0.417,-0.346,
44,0.164,0.999,
45,-0.985,1.202,
46,0.18,-0.069,
47,-1.341,0.851,
48,0.347,0.453,
49,0.697,0.387,
50,-0.106,0.54,
51,0.454,1.202,
52,-0.237,0.057,
53,0.768,0.06,
54,0.867,0.033,
55,1.181,-0.466,
56,0.232,0.83,
57,1.937,0.444,
58,1.311,1.814,
59,0.917,0.917,
60,-0.35,0.917,
61,-0.594,0.079,
62,0.913,-0.236,
63,-0.716,0.631,
64,0.038,-0.873,
65,0.221,0.084,
66,0.185,0.807,
67,-0.048,0.408,
68,0.678,1.196,
69,-0.624,1.799,
70,-0.265,0.257,
71,0.193,0.79,
72,0.93,1.563,
73,0.131,-0.914,
74,-0.449,0.603,
75,-1.45,0.565,
76,0.815,0.44,
77,0.773,2.552,
78,0.456,1.048,
79,-1.687,-1.292,
80,0.697,0.487,
81,-0.39,1.244,
82,0.103,0.296,
83,0.58,0.927,
84,-0.687,-1.087,
85,0.551,0.736,
86,0.066,0.453,
87,0.953,0.889,
88,0.01,-0.37,
89,0.969,-0.202,
90,-0.181,0.99,
91,0.474,0.997,
92,-0.204,0.015,
93,-0.704,0.375,
94,-0.57,0.96,
95,0.43,-1.224,
96,-0.457,0.025,
97,-1.132,-0.459,
98,-0.3,-0.919,
99,0.562,-1.739,
100,0.317,0.541,
101,-0.156,1.261,
102,-0.755,-0.597,
103,-0.969,2.065,
104,0.827,-0.184,
105,-1,-0.218,
106,-0.432,-0.027,
107,-1.678,0.372,
108,0.861,-0.876,
109,-0.654,-0.194,
110,1.097,0.242,
111,0.4,0.203,
112,0.622,0.009,
113,1.874,-0.159,
114,0.14,-0.621,
115,0.248,-0.928,
116,2.11,0.708,
117,0.968,0.927,
118,1.388,-0.386,
119,0.583,-0.305,
120,-0.148,-0.414,
121,-0.171,-0.208,
122,1.384,0.097,
123,-0.597,-1.258,
124,0.73,0.326,
125,-1.018,-0.828,
126,0.188,0.096,
127,-1.33,0.482,
128,-0.168,0.175,
129,-0.217,-0.36,
130,0.51,-2.068,
131,2.125,0.099,
132,0.156,0.341,
133,0.212,0.546,
134,-0.365,-1.087,
135,2.928,-0.611,
136,2.623,0.807,
137,1.358,-0.067,
138,0.534,-0.01,
139,-0.03,-0.798,
140,-1.064,1.671,
141,-0.326,-0.151,
142,-1.68,-0.181,
143,0.003,-0.764,
144,-0.455,1.482,
145,-0.71,0.381,
146,-0.71,1.242,
147,-1.157,1.156,
148,-2.235,-0.473,
149,-1.457,0.455,
150,-1.422,-0.199,
151,0.688,-0.295,
152,-1.456,0.436,
153,-1.144,0.603,
154,-0.287,-0.355,
155,0.352,0.772,
156,-0.962,1.085,
157,0.097,-1.387,
158,1.522,-0.091,
159,0.801,-0.455,
160,-0.105,0.006,
161,-0.265,0.43,
162,0.019,1.542,
163,1.828,2.465,
