1,0.474,0.165,
2,0.13,0.894,
3,0.92,-0.033,
4,-1.186,-1.609,
5,-1.358,1.685,
6,0.753,-1.389,
7,2.321,0.262,
8,0.24,-1.827,
9,-0.438,-1.755,
10,0.373,-1.721,
11,-0.788,0.676,
12,-1.037,-0.123,
13,0.894,-0.402,
14,-1.026,-1.206,
15,-0.677,0.374,
16,0.179,1.697,
17,-0.973,0.334,
18,0.908,-0.082,
19,-0.948,-0.768,
20,-0.474,-0.475,
21,-0.312,-0.264,
22,-1.131,-0.394,
23,0.351,0.353,
24,-0.253,0.68,
25,2.48,-0.572,
26,0.026,0.666,
27,-0.094,0.641,
28,-1.137,0.731,
29,0.376,0.481,
30,-1.588,-1.012,
31,0.242,0.544,
32,-0.014,1.132,
33,-1.255,-2.756,
34,-2.535,1.16,
35,0.265,0.772,
36,0.639,1.076,
37,-0.376,0.056,
38,0.649,-0.269,
39,0.457,0.48,
40,0.838,-1.457,
41,0.727,-0.713,
42,0.806,1.453,
43,-0.597,-0.578,
44,0.65,0.365,
45,-1.24,1.002,
46,0.272,-0.489,
47,-1.191,0.314,
48,0.074,0.078,
49,1.071,0.571,
50,0.002,0.747,
51,0.755,1.34,
52,-0.671,-0.092,
53,0.692,0.641,
54,0.538,-0.378,
55,1.408,-0.615,
56,0.357,0.366,
57,1.252,0.138,
58,1.338,2.415,
59,1.39,0.884,
60,-0.302,0.954,
61,-1.323,-0.664,
62,1.308,-0.162,
63,-0.392,0.083,
64,0.137,-1.478,
65,0.249,0.242,
66,-0.404,0.417,
67,-0.107,0.064,
68,0.584,0.579,
69,-0.858,1.446,
70,-0.073,-0.031,
71,1.257,0.562,
72,0.476,1.263,
73,0.469,-1.059,
74,-0.565,0.424,
75,-1.54,0.955,
76,2.337,0.29,
77,0.805,3.088,
78,0.905,0.998,
79,-1.019,-1.452,
80,0.425,0.062,
81,-0.671,1.495,
82,0.372,0.167,
83,0.121,0.674,
84,-0.945,-1.974,
85,0.506,0.873,
86,0.22,0.321,
87,0.392,0.803,
88,0.18,-0.34,
89,0.71,0.461,
90,-0.697,1.258,
91,1.233,0.463,
92,-0.021,-0.196,
93,-0.533,-0.256,
94,-0.714,0.674,
95,0.203,-1.447,
96,-0.28,-0.267,
97,-1.546,-0.793,
98,0.051,-0.857,
99,0.291,-1.461,
100,0.449,0.302,
101,-0.327,0.939,
102,-1.18,-0.621,
103,-0.522,2.058,
104,1.155,-0.578,
105,-0.795,1.037,
106,-0.9,-1.96,
107,-2.958,-0.671,
108,1.143,-1.171,
109,-0.976,-0.833,
110,1.002,-0.377,
111,0.314,0.281,
112,0.717,-0.067,
113,2.104,0.547,
114,0.007,-1.001,
115,-0.013,-0.251,
116,1.077,1.207,
117,0.638,1.257,
118,0.885,-0.754,
119,1.168,-0.312,
120,-0.041,-1.078,
121,-0.317,-0.642,
122,1.022,-0.37,
123,-0.855,-0.772,
124,0.724,0.695,
125,-1.065,-0.69,
126,-0.244,-0.196,
127,-2.021,0.886,
128,-0.377,0.152,
129,0.108,-0.734,
130,0.269,-1.771,
131,2.411,-0.389,
132,0.403,0.126,
133,0.466,0.008,
134,-0.437,-1.347,
135,3.26,-0.243,
136,2.291,0.99,
137,2.124,-0.832,
138,0.454,0.019,
139,0.277,-1.376,
140,-1.568,2.022,
141,-0.814,0.212,
142,-0.993,-0.585,
143,0.408,-1.522,
144,0.299,0.462,
145,-1.581,0.361,
146,-1.688,0.726,
147,-1.478,1.157,
148,-1.811,-0.986,
149,-1.197,1.063,
150,-0.75,-0.481,
151,0.75,-1.284,
152,-1.402,-0.766,
153,-1.8,1.04,
154,-0.151,-0.287,
155,0.315,0.74,
156,-1.013,0.596,
157,0.241,-1.876,
158,0.821,-0.171,
159,0.687,-0.736,
160,-0.459,-0.514,
161,-0.584,0.816,
162,0.213,1.906,
163,1.354,2.173,
