1,-0.984,-0.488,
2,0.039,0.045,
3,0.242,-0.331,
4,0.151,-0.377,
5,0.053,-0.731,
6,0.069,0.137,
7,0.086,-0.26,
8,0.093,-0.405,
9,-0.003,-0.176,
10,-0.212,-0.118,
11,0.09,0.526,
12,-0.197,-0.663,
13,0.418,0.249,
14,0.283,-0.508,
15,-0.719,-0.046,
16,0.281,-0.514,
17,-0.199,0.216,
18,-0.146,0.274,
19,-0.215,0.25,
20,0.323,0.225,
21,0.238,0.066,
22,0.248,0.064,
23,-0.028,-0.126,
24,-0.058,0.273,
25,0.506,0.68,
26,0.236,-0.459,
27,0.065,-0.006,
28,0.193,0.052,
29,-0.344,-0.136,
30,0.742,0.339,
31,0.272,-0.046,
32,-0.104,-0.272,
33,-0.031,-0.082,
34,-0.447,0.252,
35,-0.559,-0.742,
36,0.262,0.331,
37,0.198,0.139,
38,-0.063,-0.325,
39,0.492,-0.205,
40,-0.526,0.184,
41,0.127,0.191,
42,0.159,-0.311,
43,0.218,0.135,
44,-0.01,-0.022,
45,0.101,0.151,
46,-0.048,-0.157,
47,0.308,0.138,
48,-0.268,-0.255,
49,-0.023,0.04,
50,-0.154,0.012,
51,-0.468,-0.042,
52,0.227,0.308,
53,-0.068,0.212,
54,0.295,-0.268,
55,0.105,0.025,
56,-0.103,0.562,
57,-0.244,-0.032,
58,0.09,0.112,
59,0.407,0.331,
60,-0.087,0.161,
61,0.052,-0.137,
62,-0.024,0.435,
63,-0.075,0.147,
64,0.006,0.069,
65,-0.227,0.068,
66,0.106,0.005,
67,-0.231,0.01,
68,0.19,-0.013,
69,0.202,0.021,
70,-0.208,-0.271,
71,0.077,-0.265,
72,0.091,-0.12,
73,0.161,0.318,
74,0.324,-0.017,
75,-0.382,0.184,
76,0.273,-0.426,
77,0.033,0.256,
78,0.274,0.837,
79,-0.388,0.201,
80,-0.518,0.059,
81,-0.057,0.242,
82,-0.048,-0.415,
83,-0.44,0.054,
84,0.837,0.192,
85,-0.7,-0.092,
86,0.041,-0.468,
87,0.195,0.03,
88,0.072,0.026,
89,-0.212,-0.162,
90,-0.273,0.135,
91,0.181,0.281,
92,0.158,-0.435,
93,0.587,0.368,
94,0.117,0.289,
95,-0.248,0.552,
96,0.101,0.155,
97,0.196,-0.181,
98,0.001,0.189,
99,0.415,-0.083,
100,0.369,0.045,
101,-0.089,-0.016,
102,0.11,0.019,
103,-0.042,-0.446,
104,-0.349,0.068,
105,0.392,0.189,
106,-0.529,-1.153,
107,-0.191,-0.231,
108,0.146,0.108,
109,-0.016,-0.277,
110,-0.273,0.084,
111,-0.364,-0.002,
112,-0.244,0.269,
113,-0.021,0.11,
114,0.133,0.349,
115,-0.33,0.292,
116,-0.126,-0.036,
117,0.25,0.348,
118,0.192,-0.196,
119,-0.02,0.063,
120,-0.051,-0.056,
121,-0.122,0.044,
122,0.019,-0.277,
123,-0.339,0.011,
124,-0.101,0.445,
125,0.044,-0.264,
126,0.112,-0.196,
127,-0.085,0.059,
128,-0.276,0.325,
129,0.5,0.247,
130,-0.278,-0.421,
131,0.064,0.401,
132,-0.21,0.227,
133,-0.194,0.097,
134,-0.388,-0.193,
135,-0.049,0.141,
136,-0.308,-0.243,
137,-0.203,0.266,
138,0.148,0.086,
139,0.059,-0.383,
140,-0.126,0.004,
141,-0.33,0.173,
142,-0.071,-0.072,
143,0.052,-0.3,
144,0.874,-0.778,
145,0.016,-0.237,
146,-0.464,-0.073,
147,-0.467,0,
148,-0.114,0.025,
149,-0.054,0.009,
150,-0.196,0.034,
151,-0.37,0.435,
152,-0.289,-0.089,
153,-0.015,-0.153,
154,0.551,0.153,
155,0.1,0.059,
156,-0.255,0.441,
157,0.077,0.054,
158,-0.183,0.175,
159,-0.271,0.068,
160,0.02,0.034,
161,-0.011,-0.197,
162,-0.542,0.172,
163,0.502,-0.319,
