1,-0.478,-0.054,
2,0.079,-0.055,
3,0.667,0.065,
4,0.185,0.238,
5,-0.119,0.138,
6,-0.223,-0.085,
7,0.166,-0.008,
8,-0.109,-0.383,
9,-0.287,0.028,
10,0.26,-0.301,
11,-0.428,0.273,
12,0.385,-0.086,
13,-0.196,0.019,
14,0.272,-0.343,
15,0.004,-0.32,
16,-0.151,0.096,
17,-0.772,0.046,
18,-0.178,0.138,
19,-0.166,0.118,
20,-0.261,-0.101,
21,0.212,-0.154,
22,0.107,-0.016,
23,0.024,-0.123,
24,-0.363,0.253,
25,0.399,-0.09,
26,0.261,-0.226,
27,0.037,-0.233,
28,-0.063,0.122,
29,-0.054,0.631,
30,0.629,0.074,
31,0.105,-0.596,
32,-0.312,-0.415,
33,-0.123,0.036,
34,-0.297,-0.172,
35,-0.43,0.104,
36,0.349,0.759,
37,-0.223,0.107,
38,0.05,-0.379,
39,0.316,-0.225,
40,-0.147,-0.335,
41,0.012,0.137,
42,-0.029,-0.392,
43,-0.262,-0.022,
44,-0.356,0.016,
45,-0.552,0.027,
46,0.127,-0.044,
47,-0.162,0.003,
48,0.221,0.139,
49,-0.304,0.079,
50,-0.068,0.069,
51,-0.398,-0.079,
52,-0.139,-0.216,
53,0.024,-0.164,
54,0.191,-0.743,
55,0.011,0.086,
56,0.127,0.556,
57,-0.304,-0.063,
58,0.119,-0.109,
59,0.06,0.149,
60,-0.482,0.196,
61,-0.107,-0.522,
62,0.306,0.061,
63,-0.15,0.209,
64,0.041,0.421,
65,-0.183,-0.066,
66,-0.005,0.059,
67,-0.112,0.25,
68,0.022,0.117,
69,0.43,0.018,
70,-0.244,-0.859,
71,-0.17,-0.045,
72,-0.104,-0.189,
73,0.107,0.016,
74,0.39,0.093,
75,0.184,-0.131,
76,0.179,-0.048,
77,-0.074,0.335,
78,-0.179,0.27,
79,-0.139,0.222,
80,-0.188,-0.117,
81,0.102,0.018,
82,0.239,-0.121,
83,-0.176,-0.199,
84,0.651,0.009,
85,-0.638,-0.139,
86,-0.064,-0.289,
87,0.036,-0.176,
88,0.059,-0.102,
89,-0.068,-0.366,
90,0.038,0.387,
91,0.26,-0.023,
92,0.129,-0.184,
93,0.088,-0.11,
94,0.058,0.149,
95,-0.158,0.171,
96,0.148,-0.058,
97,-0.288,-0.26,
98,-0.02,-0.341,
99,0.323,-0.085,
100,-0.455,0.6,
101,0.008,-0.212,
102,-0.425,0.671,
103,0.16,-0.451,
104,-0.048,0.826,
105,0.062,-0.175,
106,-0.397,-1.099,
107,-0.422,0.061,
108,-0.064,-0.128,
109,-0.267,-0.264,
110,0.644,0.013,
111,-0.317,0.035,
112,0.151,-0.131,
113,0.151,0.192,
114,-0.033,0.234,
115,-0.273,0.364,
116,0.253,-0.185,
117,0.493,-0.035,
118,0.098,-0.061,
119,0.294,0.343,
120,-0.249,-0.241,
121,0.094,-0.365,
122,0.353,0.074,
123,-0.403,-0.4,
124,0.271,0.2,
125,0.121,-0.16,
126,-0.503,-0.213,
127,0.06,-0.177,
128,-0.231,0.45,
129,0.195,-0.17,
130,-0.074,0.213,
131,0.104,-0.108,
132,0.094,0.124,
133,-0.313,0.011,
134,-0.35,0.047,
135,-0.031,0.149,
136,-0.193,-0.224,
137,-0.376,0.541,
138,0.025,-0.046,
139,0.11,0.461,
140,-0.167,-0.006,
141,-0.325,0.431,
142,-0.057,-0.135,
143,0.099,0.164,
144,0.845,-0.629,
145,0.121,-0.147,
146,-0.107,-0.114,
147,-0.232,0.006,
148,0.072,0.079,
149,0.032,-0.038,
150,-0.405,-0.024,
151,-0.324,0.205,
152,0.069,-0.097,
153,-0.236,0.13,
154,-0.56,0.254,
155,0.29,-0.063,
156,-0.382,0.012,
157,0.031,-0.279,
158,-0.143,0.326,
159,0.039,-0.229,
160,0.321,0.723,
161,0.557,0.096,
162,0.086,0.155,
163,0.242,-0.237,
