1,-0.124,-0.789,
2,-0.102,-1.177,
3,-0.533,-0.961,
4,-0.303,-0.757,
5,0.052,-0.609,
6,-1.407,-0.786,
7,-0.229,-0.388,
8,0.081,-0.724,
9,-0.528,-1.5,
10,-0.758,-0.162,
11,0.266,-0.498,
12,0.198,-0.77,
13,0.333,-0.49,
14,-0.673,-0.802,
15,-0.388,-0.95,
16,-0.235,-1.126,
17,-1.09,-1.136,
18,-0.191,-0.991,
19,-0.314,-0.628,
20,-0.141,-0.697,
21,-0.256,-1.068,
22,-0.379,-0.826,
23,-0.378,-1.248,
24,0.138,-0.826,
25,-0.572,-0.58,
26,-0.236,-0.189,
27,0.058,-0.827,
28,-0.03,-0.651,
29,0.003,-0.626,
30,-0.082,-0.202,
31,-0.267,-0.35,
32,-0.155,-1.045,
33,-0.656,-0.992,
34,-0.866,-1.327,
35,-0.019,-0.078,
36,-0.46,-0.477,
37,-0.183,-0.798,
38,-0.284,-0.786,
39,-0.445,-0.909,
40,-0.252,-1.079,
41,0.076,-0.357,
42,0.011,-0.25,
43,-0.189,-0.137,
44,-0.105,-0.544,
45,-0.086,-0.797,
46,-0.378,-0.685,
47,-0.765,-1.144,
48,0.419,-0.615,
49,-0.408,-1.045,
50,-0.673,-1.225,
51,-0.159,-0.896,
52,-0.301,-0.722,
53,-0.046,-0.956,
54,-0.192,-0.486,
55,-0.702,-1.485,
56,-0.299,-0.674,
57,-0.165,-0.956,
58,-0.524,-0.353,
59,-0.606,-1.082,
60,-0.257,-0.803,
61,-0.325,-0.573,
62,-0.055,-0.759,
63,-0.119,-0.77,
64,-0.829,-1.134,
65,0.076,-0.995,
66,0.021,-0.172,
67,-1.187,-0.787,
68,-0.238,-0.712,
69,-0.238,-0.188,
70,-0.294,-0.621,
71,-0.352,-0.923,
72,-0.018,-0.786,
73,-0.456,-0.772,
74,-0.043,-0.654,
75,-0.044,-0.81,
76,-0.719,-0.703,
77,-0.309,-1.047,
78,-0.542,-0.356,
79,-1.182,-0.672,
80,-0.164,-1.522,
81,-0.018,-0.898,
82,-0.098,-0.435,
83,-0.117,-0.634,
84,-0.331,-0.759,
85,-0.039,-0.735,
86,-0.441,0.129,
87,-0.307,-1.145,
88,0.143,-0.506,
89,-0.2,-0.831,
90,-0.346,-1.036,
91,-0.477,-0.284,
92,-0.292,-1.01,
93,-0.689,-0.303,
94,-0.477,-0.072,
95,-0.181,-1.03,
96,-0.365,-0.963,
97,0.172,-0.656,
98,-0.988,-1.548,
99,-0.442,-0.678,
100,-0.668,-0.752,
101,-0.286,-0.351,
102,-0.337,-1.059,
103,-0.513,-0.592,
104,-0.636,-0.598,
105,-0.517,-1.104,
106,-0.195,-0.453,
107,-0.09,0.128,
108,-0.533,-1.136,
109,-0.29,-0.953,
110,0.079,-0.561,
111,-0.39,-0.242,
112,-1.079,-1.35,
113,-0.245,-0.811,
114,-0.41,-1.092,
115,-0.306,-2.011,
116,-0.206,-1.229,
117,0.132,-0.833,
118,-0.338,-0.932,
119,-0.337,-0.857,
120,-0.276,-0.971,
121,-0.413,-0.848,
122,0.096,-0.495,
123,-0.681,-1.599,
124,0.047,-0.981,
125,-0.464,-1.21,
126,0.004,-0.854,
127,-0.045,-1.247,
128,-0.4,-0.664,
129,-0.385,-0.807,
130,-0.245,-0.692,
131,-0.247,0.097,
132,-0.485,-0.553,
133,-0.717,-0.71,
134,-0.531,-0.634,
135,-0.733,-1.228,
136,-0.43,-0.859,
137,-0.604,-0.448,
138,-0.561,-0.673,
139,-0.966,-1.269,
140,-0.238,-0.925,
141,-0.791,-1.38,
142,-0.627,-1.228,
143,-0.411,-0.299,
144,-0.758,-0.708,
145,-0.683,-1.261,
146,0.334,-0.1,
147,-0.233,-0.797,
148,-0.892,-0.558,
149,-0.427,-2.083,
150,-1.893,-0.987,
151,0.491,-0.388,
152,-0.897,-0.221,
153,-0.105,-1.022,
154,-0.613,-0.799,
155,-0.682,-0.919,
156,-0.507,-0.485,
157,-0.749,-0.886,
158,-0.16,-0.571,
159,-0.334,-0.837,
160,-0.69,-0.523,
161,-0.383,-0.88,
162,-0.249,-0.45,
163,0.526,-1.178,
