1,-1.239,-2.001,
2,0.765,-1.411,
3,-1.338,-1.132,
4,0.682,-0.689,
5,0.56,-1.157,
6,-0.819,1.658,
7,2.097,1.441,
8,0.644,0.099,
9,-0.905,-0.43,
10,0.833,-0.451,
11,0.065,1.868,
12,-1.128,-1.641,
13,1.77,0.732,
14,-0.252,-0.906,
15,-1.378,0.356,
16,0.282,-2.081,
17,0.22,0.116,
18,0.053,-0.516,
19,1.338,0.69,
20,2.698,1.231,
21,0.549,0.209,
22,0.809,0.604,
23,0.127,-0.502,
24,-0.035,1.004,
25,-0.092,1.866,
26,0.251,-0.231,
27,-0.05,-0.382,
28,0.487,0.117,
29,-0.145,-1.215,
30,0.28,0.293,
31,0.555,0.779,
32,0.153,-0.89,
33,-0.029,-0.238,
34,-1.911,1.292,
35,-1.354,-0.333,
36,-0.807,0.752,
37,0.074,0.212,
38,-0.597,-0.926,
39,0.093,0.48,
40,-0.59,1.376,
41,0.387,0.47,
42,1.063,1.009,
43,0.001,1.354,
44,-0.165,-0.273,
45,-0.243,-0.228,
46,-1.89,-0.959,
47,-0.364,0.475,
48,-0.648,-0.765,
49,-1.476,-1.936,
50,-0.93,-0.894,
51,-0.613,-0.221,
52,0.461,0.791,
53,0.209,-1.562,
54,1.527,-0.613,
55,-0.436,0.529,
56,-0.82,0.559,
57,-0.145,-0.433,
58,0.669,0.535,
59,1.531,0.352,
60,0.018,-0.4,
61,0.444,-0.299,
62,-1.196,0.352,
63,-0.86,1.777,
64,-0.183,0.152,
65,0.046,0.065,
66,0.338,0.748,
67,-0.454,-0.925,
68,0.123,0.574,
69,-1.202,0.699,
70,-0.096,-0.083,
71,-0.307,-1.215,
72,0.614,-0.537,
73,-0.576,-0.19,
74,0.007,-0.04,
75,-1.865,-0.105,
76,-0.116,0.084,
77,0.11,-0.374,
78,-0.195,-0.049,
79,-1.021,0.037,
80,-0.871,-0.502,
81,-0.701,0.93,
82,-0.625,-0.588,
83,-1.186,-0.207,
84,0.498,-0.192,
85,-0.949,-0.139,
86,-0.173,-0.061,
87,0.674,-0.532,
88,0.015,0.67,
89,0.673,0.377,
90,-0.165,0.225,
91,0.044,1.098,
92,0.655,-1.07,
93,1.105,-0.053,
94,0.147,0.681,
95,0.381,1.828,
96,-0.881,0.751,
97,0.878,0.825,
98,0.201,-0.809,
99,-0.047,0.776,
100,-2.199,0.14,
101,0.534,0.577,
102,-0.788,-0.508,
103,-1.024,-0.902,
104,-0.486,-0.258,
105,0.041,0.426,
106,-0.351,-0.665,
107,-0.041,0.651,
108,0.21,0.088,
109,-0.188,-0.198,
110,-2.336,0.957,
111,-0.661,0.999,
112,-1.043,1.506,
113,1.044,-0.419,
114,-0.026,0.377,
115,0.065,0.131,
116,-0.553,-0.627,
117,1.757,-0.123,
118,0.341,-0.641,
119,-0.601,0.289,
120,0.194,-0.986,
121,0.284,1.794,
122,-0.552,-0.108,
123,-0.453,-0.989,
124,0.246,0.149,
125,-0.92,-0.597,
126,0.305,-0.515,
127,0.696,0.73,
128,-0.438,0.188,
129,0.276,1.367,
130,-0.653,-0.779,
131,0.836,1.954,
132,-0.493,1.371,
133,-0.567,-0.196,
134,-0.86,-0.342,
135,-0.982,0.224,
136,-1.664,-0.294,
137,-0.979,0.194,
138,-0.513,0.488,
139,0.33,-0.651,
140,-0.027,0.13,
141,-0.249,-0.897,
142,-0.188,0.117,
143,-0.206,-0.297,
144,0.134,0.537,
145,-0.22,-1.196,
146,-0.721,-0.447,
147,-1.361,-1.464,
148,-0.778,0.364,
149,1.665,-1.358,
150,-0.487,-0.353,
151,-0.416,0.626,
152,-0.724,-0.046,
153,0.552,0.746,
154,0.911,0.391,
155,-0.31,0.045,
156,0.025,-0.128,
157,0.024,-1.112,
158,-1.53,-0.712,
159,-0.272,0.288,
160,0.547,-0.183,
161,-1.154,0.047,
162,-0.283,-0.174,
163,0.602,-0.837,
