1,-1.543,-0.952,
2,0.121,-0.006,
3,-0.082,-0.55,
4,0.199,-0.463,
5,-0.009,-1.153,
6,-0.034,0.457,
7,0.25,-0.306,
8,0.054,-0.478,
9,-0.302,-0.13,
10,-0.221,-0.193,
11,0.193,1.038,
12,-0.599,-1.139,
13,0.801,0.518,
14,0.284,-0.619,
15,-1.169,-0.165,
16,0.391,-0.932,
17,-0.089,0.168,
18,-0.044,0.197,
19,-0.051,0.36,
20,0.782,0.351,
21,0.327,0.085,
22,0.456,0.154,
23,-0.011,-0.192,
24,0.036,0.37,
25,0.378,1.213,
26,0.234,-0.557,
27,0.11,-0.038,
28,0.318,0.051,
29,-0.325,-0.531,
30,0.746,0.356,
31,0.378,0.035,
32,-0.126,-0.47,
33,-0.056,-0.219,
34,-0.89,0.572,
35,-1.034,-1.114,
36,0.194,0.39,
37,0.337,0.186,
38,-0.076,-0.517,
39,0.574,-0.136,
40,-0.722,0.534,
41,0.164,0.282,
42,0.157,-0.183,
43,0.179,0.436,
44,-0.034,-0.066,
45,0.114,0.191,
46,-0.483,-0.349,
47,0.427,0.324,
48,-0.636,-0.397,
49,-0.014,-0.214,
50,-0.357,-0.115,
51,-0.563,-0.02,
52,0.31,0.497,
53,-0.176,0.139,
54,0.552,-0.495,
55,0.044,0.208,
56,0.003,0.585,
57,-0.353,-0.119,
58,0.221,0.173,
59,0.653,0.549,
60,-0.108,0.124,
61,0.087,-0.221,
62,-0.333,0.615,
63,-0.27,0.323,
64,-0.069,0.142,
65,-0.252,0.097,
66,0.198,0.036,
67,-0.29,-0.149,
68,0.202,0.181,
69,-0.083,0.042,
70,-0.255,-0.327,
71,0.092,-0.495,
72,0.211,-0.294,
73,0.123,0.277,
74,0.23,-0.074,
75,-0.816,0.107,
76,0.265,-0.452,
77,0.102,0.232,
78,0.269,0.871,
79,-0.62,0.155,
80,-0.68,0.011,
81,-0.237,0.403,
82,-0.158,-0.783,
83,-0.911,-0.039,
84,1.154,0.277,
85,-0.713,-0.098,
86,0.011,-0.476,
87,0.304,0.176,
88,-0.135,0.419,
89,-0.237,-0.138,
90,-0.359,0.179,
91,0.23,0.381,
92,0.354,-0.815,
93,1.114,0.311,
94,0.17,0.493,
95,-0.265,0.951,
96,-0.106,0.425,
97,0.492,0.205,
98,0.008,0.254,
99,0.536,0.01,
100,0.235,0.193,
101,-0.053,0.037,
102,0.06,-0.293,
103,-0.141,-0.67,
104,-0.514,-0.005,
105,0.625,0.425,
106,-0.565,-1.192,
107,-0.276,-0.296,
108,0.264,0.157,
109,0.077,-0.25,
110,-0.59,0.223,
111,-0.672,0.254,
112,-0.443,0.683,
113,0.029,0.037,
114,0.145,0.528,
115,-0.307,0.317,
116,-0.084,-0.155,
117,0.41,0.528,
118,0.284,-0.36,
119,-0.11,0.044,
120,-0.106,-0.146,
121,-0.14,0.433,
122,-0.212,-0.495,
123,-0.47,-0.16,
124,-0.181,0.574,
125,-0.06,-0.323,
126,0.15,-0.221,
127,-0.234,0.194,
128,-0.293,0.163,
129,0.529,0.471,
130,-0.545,-0.816,
131,0.206,0.801,
132,-0.306,0.652,
133,-0.205,0.242,
134,-0.523,-0.379,
135,-0.263,0.224,
136,-0.776,-0.544,
137,-0.407,0.419,
138,-0.017,0.032,
139,0.194,-0.648,
140,-0.129,-0.013,
141,-0.234,-0.091,
142,-0.157,0.011,
143,-0.08,-0.301,
144,0.795,-0.725,
145,-0.04,-0.46,
146,-0.678,-0.19,
147,-0.822,-0.219,
148,-0.236,-0.042,
149,0.122,-0.066,
150,-0.328,0.163,
151,-0.566,0.501,
152,-0.488,-0.169,
153,0.146,-0.131,
154,0.905,0.245,
155,-0.011,0.107,
156,-0.26,0.354,
157,-0.123,0.125,
158,-0.302,-0.048,
159,-0.192,0.056,
160,0.182,-0.214,
161,-0.41,-0.235,
162,-0.804,0.057,
163,0.594,-0.414,
