1,-0.548,-0.671,
2,0.446,-0.439,
3,0.983,0.484,
4,0.486,0.558,
5,0.139,0.418,
6,-0.381,-0.31,
7,0.552,0.144,
8,-0.17,-0.244,
9,-0.508,0.542,
10,0.737,-0.266,
11,-0.164,0.542,
12,0.327,0.093,
13,-0.009,0.625,
14,0.729,0.561,
15,-0.325,-1.131,
16,0.134,0.554,
17,-1.207,-0.01,
18,0.385,-0.058,
19,0.096,-0.14,
20,-0.34,-1.019,
21,-0.021,-0.407,
22,-0.376,-0.735,
23,0.283,0.111,
24,-0.484,0.578,
25,0.488,-0.015,
26,0.387,-0.027,
27,0.161,-0.19,
28,-0.269,0.275,
29,0.524,0.676,
30,0.669,-0.117,
31,0.266,-0.879,
32,-0.363,-0.743,
33,0.037,0.159,
34,-0.207,-0.29,
35,-1.153,-0.022,
36,-0.013,1.387,
37,-0.267,0.557,
38,0.073,-0.504,
39,0.121,-0.136,
40,-0.081,-1.022,
41,0.027,0.409,
42,-0.884,-0.644,
43,-0.483,0.581,
44,-0.434,0.076,
45,-0.672,0.125,
46,0.413,-0.062,
47,-0.556,0.057,
48,0.22,0.195,
49,-0.545,-0.653,
50,-0.064,0.118,
51,-0.253,0.113,
52,-0.484,-0.782,
53,0.559,-0.874,
54,-0.031,-1.793,
55,0.066,0.36,
56,0.283,0.536,
57,-0.795,0.235,
58,0.304,-0.243,
59,0.125,0.745,
60,-0.412,0.278,
61,-0.504,-1.385,
62,1.183,0.174,
63,0.022,0.247,
64,-0.161,0.646,
65,-0.505,-0.294,
66,0.23,0.447,
67,-0.232,0.138,
68,0.633,-0.003,
69,0.559,0.129,
70,-0.361,-1.414,
71,-0.135,0.552,
72,0.237,-0.219,
73,0.013,-0.201,
74,0.01,0.101,
75,0.462,-0.509,
76,0.058,-0.061,
77,-0.015,0.485,
78,-0.237,1.08,
79,-0.188,0.296,
80,-0.278,-0.229,
81,0.21,0.047,
82,0.227,-0.074,
83,-0.948,-0.571,
84,0.777,0.182,
85,-0.445,-0.075,
86,0.18,0.441,
87,0.191,-0.185,
88,0.382,-0.141,
89,0.254,-0.828,
90,0.321,0.758,
91,0.597,0.189,
92,-0.132,-0.339,
93,0.246,-0.423,
94,0.314,0.161,
95,-0.412,0.356,
96,-0.283,-0.178,
97,-0.473,0.228,
98,-0.031,-1.182,
99,0.941,0.234,
100,-1.072,1.555,
101,0.181,-0.09,
102,-0.576,0.707,
103,1.137,-0.586,
104,-0.014,1.365,
105,0.326,-0.438,
106,-0.127,-0.641,
107,-0.159,0.175,
108,-0.633,0.474,
109,-0.19,-0.049,
110,1.189,0.315,
111,-0.129,0.646,
112,0.054,-0.083,
113,0.237,0.067,
114,0.11,0.198,
115,0.025,0.805,
116,0.693,-0.324,
117,0.46,0.449,
118,0.211,-0.257,
119,0.415,0.541,
120,-0.384,-0.437,
121,0.36,-0.278,
122,0.435,-0.588,
123,-0.808,-0.712,
124,0.456,0.245,
125,0.964,-0.33,
126,-0.871,0.192,
127,-0.535,-0.156,
128,-0.131,0.54,
129,0.184,-0.405,
130,-0.222,0.216,
131,0.095,0.185,
132,0.188,0.453,
133,-0.585,0.329,
134,-0.238,0.248,
135,-0.626,0.412,
136,-0.069,-0.317,
137,-0.802,0.74,
138,-0.729,-0.583,
139,0.088,0.161,
140,0.147,-0.298,
141,-0.16,0.275,
142,-0.167,-0.216,
143,-0.508,0.439,
144,0.812,-0.364,
145,0.043,0.167,
146,-0.325,-0.061,
147,-0.369,-0.307,
148,0.099,0.305,
149,0.008,-0.4,
150,-0.741,-0.554,
151,-0.419,0.24,
152,0.226,-0.191,
153,-0.201,-0.325,
154,-0.794,0.371,
155,0.412,0.17,
156,-0.276,-0.468,
157,-0.221,-1.185,
158,0.18,0.181,
159,1.441,-0.662,
160,0.714,0.867,
161,0.678,-0.024,
162,0.006,-0.077,
163,0.122,-0.333,
