1,0.366,0.749,
2,0.069,0.331,
3,-0.138,0.401,
4,0.302,0.503,
5,0.063,0.748,
6,-0.852,0.276,
7,0.069,1.15,
8,0.535,0.667,
9,-0.17,-0.013,
10,-0.336,1.279,
11,0.57,0.913,
12,-0.075,-0.314,
13,0.749,0.581,
14,-0.339,0.797,
15,-0.22,-0.086,
16,0.111,0.345,
17,-0.458,0.67,
18,-0.23,0.527,
19,0.305,0.567,
20,0.1,0.125,
21,-0.083,0.354,
22,-0.009,0.136,
23,0.198,0.244,
24,0.095,0.555,
25,-0.064,0.401,
26,0.335,1.468,
27,0.479,0.61,
28,0.379,0.846,
29,0.281,0.649,
30,0.274,1.02,
31,0.25,1.277,
32,0.228,0.264,
33,-0.129,0.393,
34,-0.451,-0.029,
35,0.232,1.177,
36,-0.316,0.664,
37,0.212,0.29,
38,-0.039,0.495,
39,0.061,0.466,
40,0.032,0.591,
41,0.532,0.698,
42,0.551,0.925,
43,0.304,0.701,
44,0.313,1.154,
45,-0.17,0.869,
46,-0.095,0.496,
47,-0.83,0.339,
48,0.716,0.591,
49,0.051,0.233,
50,-0.272,0.15,
51,0.049,0.516,
52,0.229,0.572,
53,0.357,-0.068,
54,0.393,0.656,
55,-0.208,-0.268,
56,0.135,0.717,
57,0.012,0.466,
58,0.081,0.719,
59,-0.261,0.412,
60,-0.072,0.556,
61,-0.037,0.638,
62,0.405,0.633,
63,-0.133,0.75,
64,-0.356,0.168,
65,0.335,0.344,
66,0.473,1.221,
67,-0.199,0.389,
68,0.24,0.608,
69,0.163,1.217,
70,-0.124,0.476,
71,-0.034,0.397,
72,0.52,0.626,
73,-0.31,0.295,
74,0.212,0.671,
75,-0.396,0.245,
76,-0.13,0.777,
77,0.067,0.644,
78,-0.357,0.638,
79,-1.014,0.296,
80,0.154,0.166,
81,0.328,0.427,
82,0.233,0.482,
83,0.431,0.577,
84,-0.095,0.367,
85,0.378,0.79,
86,-0.11,0.978,
87,0.244,-0.084,
88,0.09,0.077,
89,0.377,0.555,
90,0.276,0.362,
91,0.043,0.984,
92,-0.073,0.287,
93,-0.306,1.024,
94,-0.217,1.01,
95,0.198,0.191,
96,-0.115,0.341,
97,0.349,0.498,
98,-0.535,-0.225,
99,0.252,0.136,
100,-0.12,0.496,
101,-0.011,0.918,
102,0.118,0.135,
103,-0.263,0.868,
104,0.056,0.481,
105,-0.322,-0.124,
106,0.086,1.015,
107,0.361,1.598,
108,-0.044,0.122,
109,0.044,0.523,
110,0.613,0.785,
111,0.156,0.573,
112,-0.502,0.223,
113,0.339,0.236,
114,0.085,0.103,
115,0.108,-1.005,
116,0.656,0.173,
117,0.417,0.558,
118,0.106,0.395,
119,0.199,0.334,
120,0.212,0.34,
121,-0.183,0.351,
122,0.77,0.74,
123,-0.288,-0.521,
124,0.448,0.112,
125,0.038,0.199,
126,0.56,0.405,
127,0.218,0.054,
128,0.036,0.637,
129,-0.101,0.38,
130,0.298,0.279,
131,0.67,1.45,
132,-0.374,0.445,
133,-0.207,0.823,
134,0.097,0.59,
135,0.112,-0.004,
136,0.181,0.287,
137,-0.049,0.801,
138,-0.029,0.377,
139,-0.361,-0.114,
140,0.043,0.536,
141,-0.044,-0.15,
142,-0.256,0.102,
143,0.016,0.695,
144,-0.434,1.053,
145,-0.318,0.139,
146,0.608,1.046,
147,-0.13,0.773,
148,-0.576,0.499,
149,-0.276,-1.045,
150,-1.145,0.617,
151,0.951,0.945,
152,-0.387,1.02,
153,0.27,0.296,
154,-0.145,0.179,
155,-0.003,0.502,
156,-0.448,0.855,
157,-0.055,0.293,
158,0.452,0.821,
159,0.268,0.542,
160,-0.04,0.67,
161,0.221,0.301,
162,-0.134,0.558,
163,0.81,0.094,
