1,0.076,0.075,
2,0.245,-0.411,
3,-0.361,0.046,
4,0.24,-0.039,
5,0.022,0.65,
6,-1.315,0.08,
7,0.232,0.656,
8,0.374,0.165,
9,-0.112,-0.556,
10,0.314,0.292,
11,0.237,0.715,
12,0.281,-0.313,
13,0.858,0.058,
14,-0.552,-0.122,
15,0,0.024,
16,0.139,-0.315,
17,-0.177,0.251,
18,-0.096,-0.322,
19,0.313,0.063,
20,0.444,0.553,
21,0.108,0.102,
22,-0.204,0.036,
23,0.143,-0.29,
24,-0.169,0.265,
25,-0.194,0.326,
26,0.478,0.661,
27,0.113,-0.202,
28,0.161,0.162,
29,-0.049,0.194,
30,-0.044,0.474,
31,0.187,0.803,
32,0.101,-0.217,
33,0.003,0.002,
34,-0.583,0.028,
35,0.12,0.748,
36,-0.894,0.594,
37,0.179,0.09,
38,-0.28,-0.21,
39,-0.146,0.203,
40,0.002,0.144,
41,0.392,0.269,
42,0.784,0.681,
43,0.03,0.139,
44,0.211,0.171,
45,0.062,-0.011,
46,-0.166,-0.084,
47,-0.642,-0.372,
48,0.586,-0.029,
49,-0.149,-0.512,
50,-0.363,-0.365,
51,0.119,-0.287,
52,0.178,0.151,
53,0.526,-0.581,
54,0.369,0.35,
55,-0.337,-0.435,
56,-0.466,0.275,
57,0.105,-0.24,
58,0.031,0.443,
59,0.152,-0.344,
60,0.16,-0.133,
61,0.044,-0.029,
62,0.021,-0.142,
63,-0.111,0.521,
64,-0.338,-0.452,
65,0.223,0.025,
66,0.311,0.753,
67,-0.342,-0.41,
68,0.23,0.134,
69,0.118,0.843,
70,0.066,0.154,
71,-0.13,-0.335,
72,0.379,0.083,
73,-0.434,0.157,
74,0.36,0.199,
75,-0.042,-0.158,
76,-0.1,0.4,
77,-0.171,-0.29,
78,-0.247,-0.051,
79,-0.792,0.131,
80,-0.119,-0.66,
81,-0.179,0.149,
82,0.141,0.21,
83,0.338,0.202,
84,-0.283,-0.055,
85,-0.214,0.023,
86,0.044,0.414,
87,0.332,-0.852,
88,0.081,0.032,
89,0.216,0.035,
90,0.423,-0.135,
91,-0.078,0.644,
92,0.123,-0.109,
93,-0.373,0.471,
94,-0.157,0.329,
95,0.099,-0.108,
96,-0.101,-0.206,
97,0.398,0.155,
98,-0.442,-0.882,
99,-0.018,0.067,
100,-0.69,-0.364,
101,0.08,0.415,
102,-0.153,-0.199,
103,-0.187,0.184,
104,0.033,-0.021,
105,-0.437,-0.303,
106,0.002,0.117,
107,0.413,1.077,
108,0.077,-0.3,
109,-0.072,-0.134,
110,-0.101,0.369,
111,-0.069,0.374,
112,-0.747,-0.084,
113,-0.059,-0.164,
114,-0.121,-0.283,
115,-0.026,-1.415,
116,-0.173,-0.129,
117,0.785,-0.049,
118,-0.049,-0.321,
119,-0.25,0.139,
120,0.224,-0.534,
121,-0.081,0.399,
122,0.203,0.164,
123,-0.374,-0.901,
124,0.579,-0.342,
125,-0.241,-0.401,
126,0.091,-0.12,
127,0.647,-0.205,
128,0.001,0.265,
129,0.068,0.308,
130,0.201,0.105,
131,0.407,1.053,
132,-0.559,0.225,
133,-0.419,-0.42,
134,-0.036,0.265,
135,-0.272,-0.391,
136,-0.221,0.117,
137,-0.511,-0.088,
138,-0.38,0.266,
139,-0.298,-0.688,
140,0.09,0.248,
141,-0.306,-0.578,
142,-0.273,-0.485,
143,0.031,0.465,
144,-0.153,0.515,
145,-0.28,-0.392,
146,0.767,0.324,
147,-0.002,-0.253,
148,-0.57,0.11,
149,0.287,-1.592,
150,-1.069,-0.179,
151,0.808,0.369,
152,-0.253,0.386,
153,0.448,-0.125,
154,-0.158,-0.074,
155,-0.265,-0.249,
156,-0.276,0.231,
157,-0.069,-0.195,
158,0.284,0.329,
159,-0.211,-0.219,
160,-0.013,0.211,
161,0.222,-0.183,
162,0.179,-0.078,
163,0.85,-0.438,
