1,0.414,-1.306,
2,1.63,-2.079,
3,1.579,1.121,
4,1.264,1.31,
5,0.908,1.602,
6,-0.564,0.214,
7,1.277,1.287,
8,0.309,1.495,
9,-1.233,0.607,
10,2.33,0.289,
11,0.585,2.055,
12,0.133,0.175,
13,0.49,0.962,
14,1.071,1.192,
15,-0.223,0.467,
16,0.992,1.394,
17,-1.126,0.212,
18,1.367,-0.219,
19,0.748,0.707,
20,-0.122,-0.763,
21,1.591,-0.815,
22,-0.095,-1.221,
23,-0.064,0.624,
24,-0.357,0.887,
25,-0.602,0.759,
26,0.646,0.649,
27,0.558,0.084,
28,-1.482,0.751,
29,2.277,1.179,
30,1.892,-0.782,
31,0.253,-0.977,
32,0.911,-0.914,
33,-0.179,0.568,
34,-0.645,-1.508,
35,-1.664,-0.088,
36,-0.687,2.679,
37,0.524,1.725,
38,2.107,1.16,
39,0.12,0.271,
40,0.959,-1.413,
41,1.169,0.669,
42,-0.76,0.296,
43,-1.03,1.202,
44,-0.045,0.998,
45,-1.471,1.219,
46,1.063,-0.339,
47,-0.948,0.165,
48,0.417,0.075,
49,-1.155,-1.455,
50,-0.343,0.48,
51,1.168,-0.581,
52,-0.975,-1.161,
53,0.246,-1.262,
54,0.144,-1.058,
55,0.484,0.958,
56,-0.457,0.822,
57,0.135,0.935,
58,0.9,0.46,
59,0.224,1.928,
60,-0.117,0.611,
61,0.007,-0.612,
62,0.405,0.82,
63,0.253,0.947,
64,-0.092,1.119,
65,-1.563,-1.389,
66,0.073,0.471,
67,0.199,-0.747,
68,2.083,0.251,
69,-0.055,1.322,
70,-0.802,-1.46,
71,0.644,2.083,
72,-0.088,-0.04,
73,0.159,-0.101,
74,-0.445,0.384,
75,0.931,-0.492,
76,0.068,-0.27,
77,-0.139,0.702,
78,0.231,1.109,
79,-0.436,0.507,
80,0.457,0.509,
81,0.917,0.956,
82,0.08,0.362,
83,-1.649,0.044,
84,0.36,0.269,
85,0.795,-0.171,
86,1.086,3.622,
87,0.066,-0.393,
88,1.061,0.261,
89,1.097,-0.939,
90,1.615,1.88,
91,2.512,0.125,
92,0.388,-1.223,
93,-0.362,-0.003,
94,-0.047,0.384,
95,-0.347,0.397,
96,-0.117,0.445,
97,0.81,0.405,
98,1.018,-2.53,
99,1.283,1.465,
100,-0.609,2.148,
101,1.053,-0.48,
102,-0.76,0.741,
103,1.756,-0.133,
104,0.528,1.75,
105,0.01,-0.008,
106,0.854,1.613,
107,-1.106,1.898,
108,-0.972,0.008,
109,0.893,1.004,
110,2.119,-0.399,
111,0.161,1.876,
112,-0.508,-0.072,
113,0.662,0.486,
114,2.139,0.311,
115,0.062,-0.071,
116,1.091,-0.033,
117,1.824,1.156,
118,0.926,0.254,
119,1.596,1.521,
120,-0.088,-0.438,
121,1.53,1.41,
122,0.612,-1.211,
123,-0.784,-1.179,
124,0.906,0.068,
125,1.003,-1.072,
126,0.431,-1.083,
127,-1.397,0.294,
128,0.34,0.92,
129,0.479,0.128,
130,0.169,0.198,
131,2.085,0.669,
132,0.67,0.827,
133,-0.902,1.084,
134,0.62,-0.011,
135,-0.263,1.526,
136,0.227,-0.048,
137,-1.581,1.123,
138,-0.975,-0.302,
139,-0.107,-0.324,
140,0.805,-0.385,
141,-0.236,0.555,
142,0.042,0.342,
143,-0.765,1.783,
144,0.032,0.697,
145,0.763,-0.224,
146,-0.798,0.705,
147,-0.496,-0.26,
148,-0.326,0.05,
149,-0.269,-1.462,
150,-1.752,0.679,
151,-0.228,0.902,
152,0.149,-0.112,
153,-1.735,0.084,
154,-0.821,0.865,
155,0.374,1.695,
156,0.171,-1.493,
157,0.214,-0.938,
158,1.102,0.79,
159,3.274,-0.744,
160,1.235,1.285,
161,1.537,0.188,
162,0.104,-0.919,
163,0.456,-0.136,
