1,-0.011,-1.552,
2,1.193,-2.062,
3,1.4,0.629,
4,1.149,0.808,
5,0.942,1.015,
6,-0.449,-0.02,
7,1.126,1.068,
8,0.008,0.957,
9,-1.148,0.68,
10,1.926,0.124,
11,0.112,1.882,
12,0.326,0.088,
13,0.416,0.885,
14,1.257,1.082,
15,-0.321,0.018,
16,0.639,1.074,
17,-1.505,0.141,
18,1.138,-0.378,
19,0.62,0.57,
20,-0.151,-0.744,
21,0.898,-0.716,
22,-0.051,-0.951,
23,0.326,0.603,
24,-0.262,0.864,
25,-0.14,0.376,
26,0.375,0.272,
27,0.493,-0.177,
28,-1.024,0.831,
29,1.701,1.397,
30,1.354,-0.409,
31,0.292,-0.925,
32,0.314,-0.872,
33,-0.142,0.606,
34,-0.835,-1.196,
35,-1.57,-0.247,
36,-0.235,2.346,
37,-0.195,1.339,
38,1.619,0.751,
39,0.183,0.345,
40,0.606,-1.225,
41,0.76,0.903,
42,-0.831,0.214,
43,-0.877,1.115,
44,-0.227,0.683,
45,-1.073,0.855,
46,0.951,-0.163,
47,-1.156,0.087,
48,0.807,0.104,
49,-0.792,-1.415,
50,-0.321,0.324,
51,1.122,-0.068,
52,-1.018,-1.09,
53,0.558,-1.212,
54,0.261,-1.095,
55,0.32,0.771,
56,-0.144,0.847,
57,-0.358,0.709,
58,0.682,0.189,
59,0.155,1.639,
60,-0.105,0.495,
61,0.209,-1.139,
62,0.773,0.887,
63,0.123,0.703,
64,-0.008,0.95,
65,-1.167,-1.052,
66,0.163,0.526,
67,0.104,-0.303,
68,1.83,0.312,
69,-0.005,0.893,
70,-0.422,-1.46,
71,0.355,1.829,
72,0.174,-0.168,
73,-0.118,-0.259,
74,-0.113,0.276,
75,1.052,-0.342,
76,-0.239,-0.252,
77,-0.125,0.68,
78,0.074,1.163,
79,-0.397,0.498,
80,0.49,0.222,
81,0.703,0.668,
82,0.436,0.204,
83,-1.449,0.081,
84,0.516,0.3,
85,0.314,0.034,
86,0.731,3.145,
87,0.263,-0.222,
88,1.262,0.057,
89,0.878,-1.039,
90,0.979,1.659,
91,2.288,0.055,
92,0.152,-0.905,
93,-0.079,-0.362,
94,0.149,0.409,
95,-0.286,0.425,
96,-0.043,0.412,
97,0.323,0.638,
98,0.664,-2.234,
99,1.022,0.88,
100,-1.118,1.941,
101,0.968,-0.249,
102,-0.756,0.548,
103,1.527,-0.298,
104,0.267,1.838,
105,0.156,-0.131,
106,1.002,0.8,
107,-1.093,1.456,
108,-0.609,-0.065,
109,0.484,0.671,
110,2.028,-0.341,
111,0.013,1.454,
112,-0.33,-0.072,
113,0.756,0.608,
114,1.456,0.302,
115,0.557,0.339,
116,0.839,-0.096,
117,1.741,1.047,
118,0.682,0.095,
119,1.301,1.16,
120,-0.322,-0.43,
121,1.183,0.804,
122,0.755,-1.08,
123,-0.858,-1.143,
124,0.873,0.102,
125,1.056,-1.176,
126,-0.196,-0.887,
127,-1.045,0.185,
128,-0.055,1.027,
129,0.139,-0.18,
130,0.127,0.156,
131,1.574,0.462,
132,0.541,0.767,
133,-0.728,0.868,
134,0.28,0.233,
135,-0.49,1.161,
136,0.155,-0.319,
137,-1.323,1.339,
138,-0.719,-0.159,
139,-0.264,0.258,
140,0.531,-0.228,
141,-0.1,0.417,
142,0.055,0.079,
143,-0.65,1.942,
144,0.265,0.31,
145,0.512,-0.391,
146,-0.471,0.554,
147,-0.299,-0.235,
148,-0.037,0.494,
149,-0.498,-1.09,
150,-1.525,0.678,
151,-0.351,0.861,
152,0.432,0.155,
153,-1.341,-0.065,
154,-0.918,0.972,
155,0.235,1.615,
156,0.095,-1.221,
157,-0.44,-1.634,
158,1.008,0.194,
159,3.142,-0.756,
160,1.175,1.613,
161,1.425,0.37,
162,0.419,-0.656,
163,0.482,-0.164,
