1,0.921,0.236,
2,1.366,-0.565,
3,0.773,0.925,
4,0.908,0.938,
5,0.932,1.331,
6,-0.765,0.515,
7,1.058,1.261,
8,0.859,1.39,
9,-0.289,0.366,
10,1.177,1.335,
11,0.844,1.849,
12,0.442,0.222,
13,0.841,0.798,
14,0.177,0.424,
15,0.12,0.94,
16,1.264,0.781,
17,-0.652,0.37,
18,1.005,0.082,
19,0.647,1.118,
20,0.362,0.16,
21,1.209,-0.16,
22,0.221,0.112,
23,0.253,0.934,
24,0.218,0.714,
25,-0.349,0.918,
26,0.819,1.044,
27,0.83,0.633,
28,-0.509,0.811,
29,1.091,0.743,
30,1.56,0.271,
31,0.338,0.675,
32,1.495,0.072,
33,0.12,0.493,
34,-0.355,-1.014,
35,-0.044,0.745,
36,-0.399,1.683,
37,0.887,1.702,
38,1.669,1.369,
39,0.385,0.524,
40,1.013,-0.216,
41,1.434,0.795,
42,0.475,1.261,
43,0.43,1.17,
44,0.923,1.245,
45,0.041,1.112,
46,0.934,0.021,
47,-0.35,0.112,
48,0.618,0.147,
49,-0.799,-0.446,
50,0,0.406,
51,1.719,-0.138,
52,-0.443,-0.184,
53,0.698,-0.232,
54,0.405,0.141,
55,0.515,0.314,
56,-0.193,1.683,
57,0.323,1.103,
58,0.541,1.13,
59,0.498,1.364,
60,0.413,0.624,
61,0.351,0.679,
62,0.228,0.712,
63,0.473,0.927,
64,0.372,0.296,
65,-0.409,-0.653,
66,0.688,1.097,
67,0.174,-0.815,
68,1.635,0.142,
69,0.05,1.501,
70,-0.536,-0.224,
71,0.618,1.166,
72,0.242,0.618,
73,0.119,0.669,
74,0.193,0.698,
75,0.531,-0.31,
76,0.424,0.23,
77,0.139,0.433,
78,0.524,0.869,
79,-0.438,0.655,
80,0.337,0.66,
81,0.887,1.042,
82,0.344,0.91,
83,-0.133,0.597,
84,0.069,0.563,
85,0.794,0.432,
86,0.669,2.174,
87,0.194,-0.198,
88,0.597,0.546,
89,0.891,-0.079,
90,1.116,1.188,
91,1.971,0.549,
92,0.041,-0.219,
93,-0.253,1.217,
94,-0.171,0.675,
95,0.361,0.228,
96,0.227,0.455,
97,1.213,0.452,
98,0.175,-1.825,
99,1.142,0.933,
100,-0.236,1.027,
101,0.873,0.253,
102,-0.11,0.422,
103,1.013,0.727,
104,0.444,0.807,
105,0.006,0.438,
106,0.977,1.722,
107,0.519,1.614,
108,-0.077,0.043,
109,1.072,0.86,
110,1.429,0.568,
111,-0.043,1.319,
112,-0.625,0.216,
113,0.715,0.295,
114,1.711,0.293,
115,0.178,-0.316,
116,0.803,0.1,
117,1.355,0.925,
118,0.777,0.568,
119,1.125,1.055,
120,0.51,0.172,
121,0.677,1.061,
122,0.86,-0.132,
123,-0.207,-0.929,
124,0.656,0.204,
125,0.87,-0.139,
126,1.793,-0.624,
127,-0.374,0.449,
128,0.578,0.822,
129,0.717,0.654,
130,0.762,0.288,
131,1.689,1.219,
132,0.361,0.573,
133,-0.249,0.749,
134,0.728,0.313,
135,0.363,0.97,
136,0.411,0.491,
137,-0.452,0.695,
138,-0.291,0.202,
139,0.2,-0.595,
140,0.691,0.17,
141,-0.147,0.419,
142,0.382,0.326,
143,-0.373,1.538,
144,0.081,0.923,
145,0.668,0.035,
146,-0.026,1.065,
147,0.202,0.237,
148,-0.314,0.299,
149,0.405,-1.396,
150,-1.165,0.638,
151,0.879,1.058,
152,0.116,0.843,
153,-0.207,0.173,
154,0.259,0.532,
155,0.246,1.565,
156,0.397,-0.104,
157,0.25,-0.17,
158,1.023,0.945,
159,1.677,-0.43,
160,0.46,0.74,
161,1.107,-0.007,
162,0.411,-0.417,
163,0.735,0.168,
