1,0.608,-0.733,
2,1.341,-1.487,
3,0.985,0.639,
4,1.006,0.701,
5,1.087,1.011,
6,-0.538,0.324,
7,1.102,1.174,
8,0.542,1.249,
9,-0.6,0.427,
10,1.5,0.807,
11,0.503,1.905,
12,0.459,0.113,
13,0.736,0.754,
14,0.674,0.487,
15,0.089,0.62,
16,0.906,0.749,
17,-1.07,0.221,
18,1.024,-0.196,
19,0.611,0.92,
20,0.171,-0.186,
21,1.082,-0.479,
22,0.187,-0.245,
23,0.361,0.797,
24,0.121,0.733,
25,-0.244,0.621,
26,0.557,0.631,
27,0.648,0.282,
28,-0.619,0.92,
29,1.208,1.012,
30,1.426,0.116,
31,0.335,0.132,
32,0.937,-0.257,
33,0.07,0.529,
34,-0.594,-1.043,
35,-0.558,0.314,
36,-0.206,1.81,
37,0.251,1.499,
38,1.539,1.087,
39,0.354,0.491,
40,0.82,-0.553,
41,1.119,0.91,
42,0.081,0.911,
43,0.013,1.101,
44,0.476,0.975,
45,-0.309,0.992,
46,1.013,-0.014,
47,-0.685,0.094,
48,0.906,0.12,
49,-1.096,-0.904,
50,-0.169,0.347,
51,1.515,-0.034,
52,-0.643,-0.483,
53,0.686,-0.48,
54,0.306,-0.233,
55,0.413,0.483,
56,-0.091,1.392,
57,0.005,0.977,
58,0.553,0.762,
59,0.325,1.431,
60,0.313,0.548,
61,0.5,0.006,
62,0.151,0.718,
63,0.239,0.756,
64,0.228,0.491,
65,-0.639,-0.748,
66,0.534,0.887,
67,0.148,-0.671,
68,1.702,0.245,
69,0.012,1.236,
70,-0.413,-0.727,
71,0.587,1.456,
72,0.266,0.308,
73,-0.02,0.337,
74,0.186,0.499,
75,0.713,-0.293,
76,0.147,0.065,
77,0.022,0.519,
78,0.358,0.997,
79,-0.418,0.603,
80,0.276,0.504,
81,0.824,0.912,
82,0.445,0.64,
83,-0.664,0.326,
84,0.219,0.444,
85,0.578,0.335,
86,0.872,2.525,
87,0.296,-0.196,
88,0.997,0.322,
89,0.783,-0.451,
90,0.891,1.44,
91,2.227,0.298,
92,0.071,-0.405,
93,-0.181,0.592,
94,-0.026,0.59,
95,0.144,0.321,
96,0.142,0.464,
97,0.83,0.582,
98,0.391,-2.138,
99,1.072,0.876,
100,-0.676,1.33,
101,1.008,0.125,
102,-0.204,0.381,
103,1.058,0.259,
104,0.254,1.238,
105,0.101,0.219,
106,1.065,1.29,
107,-0.12,1.465,
108,-0.227,0.007,
109,0.791,0.741,
110,1.685,0.23,
111,-0.026,1.294,
112,-0.539,0.113,
113,0.77,0.44,
114,1.565,0.283,
115,0.466,-0.095,
116,0.702,0.04,
117,1.498,0.971,
118,0.68,0.372,
119,1.148,1.023,
120,0.169,-0.065,
121,0.842,0.897,
122,0.793,-0.54,
123,-0.465,-0.996,
124,0.723,0.152,
125,0.956,-0.471,
126,1.041,-0.638,
127,-0.672,0.398,
128,0.198,0.998,
129,0.399,0.338,
130,0.552,0.214,
131,1.618,0.887,
132,0.443,0.63,
133,-0.39,0.74,
134,0.486,0.334,
135,0.093,1.062,
136,0.349,0.128,
137,-0.668,1.004,
138,-0.31,0.188,
139,-0.132,-0.032,
140,0.584,0.096,
141,-0.122,0.413,
142,0.302,0.221,
143,-0.57,1.869,
144,0.14,0.591,
145,0.602,-0.254,
146,-0.294,0.938,
147,0.091,0.132,
148,-0.071,0.483,
149,-0.049,-1.198,
150,-1.275,0.921,
151,0.391,1.071,
152,0.287,0.664,
153,-0.597,0.129,
154,-0.174,0.762,
155,0.259,1.704,
156,0.288,-0.364,
157,-0.217,-0.855,
158,1.073,0.517,
159,2.302,-0.579,
160,0.677,1.218,
161,1.19,0.248,
162,0.604,-0.503,
163,0.681,0.399,
