1,-0.487,-1.368,
2,-0.198,-1.347,
3,-0.41,-1.487,
4,-0.745,-0.585,
5,0.226,-0.548,
6,-0.851,-0.782,
7,-0.247,-0.668,
8,-0.119,-1.344,
9,-0.2,-1.038,
10,-1.013,-0.215,
11,0.274,-0.808,
12,0.4,-0.656,
13,0.217,-0.011,
14,-0.779,-0.736,
15,-0.448,-1.012,
16,-0.249,-0.913,
17,-1.313,-1.803,
18,-0.022,-1.08,
19,0.108,-0.49,
20,0.017,-0.443,
21,-0.181,-1.167,
22,-0.2,-0.597,
23,-0.624,-1.365,
24,0.811,-1.313,
25,-0.277,-0.845,
26,-0.807,-0.523,
27,-0.144,-0.883,
28,0.494,-0.634,
29,0.405,-0.327,
30,1.13,-0.274,
31,-0.233,-0.671,
32,0.203,-0.946,
33,-1.181,-1.328,
34,-0.604,-1.673,
35,0.067,-0.54,
36,-0.065,-0.403,
37,0.02,-0.501,
38,0.171,-0.883,
39,-0.587,-0.773,
40,0.057,-1.571,
41,0.268,-0.089,
42,-0.087,0.283,
43,-0.177,0.357,
44,-0.512,-0.76,
45,-0.107,-0.838,
46,-0.648,-0.42,
47,-0.556,-0.884,
48,0.312,-0.498,
49,-0.251,-1.126,
50,-0.548,-1.077,
51,-0.163,-1.04,
52,-0.419,-0.595,
53,-0.377,-0.292,
54,-0.595,-0.371,
55,-1.044,-1.372,
56,-0.245,-0.523,
57,-0.042,-0.926,
58,-0.663,-0.416,
59,-0.484,-1.223,
60,-0.07,-0.844,
61,-0.486,-0.454,
62,-0.336,-0.751,
63,0.298,-0.467,
64,-0.9,-0.951,
65,0.457,-0.903,
66,0.317,-0.242,
67,-1.464,-0.192,
68,-0.223,-0.713,
69,-0.319,-0.156,
70,0.176,-0.538,
71,-0.111,-0.966,
72,-0.092,-1.002,
73,0.061,-0.845,
74,0.298,-0.669,
75,1,-0.544,
76,-0.912,-0.904,
77,-0.087,-0.543,
78,-0.348,0.6,
79,-0.79,-0.466,
80,0.608,-1.21,
81,-0.504,-0.941,
82,-0.238,-0.008,
83,-0.08,-0.495,
84,-0.321,-0.662,
85,0.279,-0.802,
86,-0.001,0.308,
87,-0.271,-1.015,
88,0.536,-0.064,
89,-0.961,-0.718,
90,-0.458,-0.655,
91,-0.979,-0.404,
92,-0.452,-0.669,
93,-0.183,0.106,
94,-0.547,0.658,
95,0.285,-0.917,
96,-0.355,-0.96,
97,-0.331,-0.682,
98,-0.968,-1.702,
99,-0.446,-0.738,
100,-0.454,-1.429,
101,-0.079,-0.336,
102,-0.071,-1.14,
103,-0.551,-0.94,
104,-0.809,-0.459,
105,-0.937,-0.991,
106,0.214,-0.265,
107,-0.202,0.248,
108,-0.542,-1.089,
109,-0.027,-1.374,
110,-0.188,-0.986,
111,-0.213,0.175,
112,-0.571,-1.394,
113,-0.064,-0.853,
114,-0.192,-1.017,
115,-0.278,-2.015,
116,-0.062,-1.219,
117,0.534,-0.729,
118,0.079,-0.844,
119,0.191,-1.065,
120,-0.17,-0.703,
121,-0.228,-0.728,
122,0.188,-0.366,
123,-0.481,-1.529,
124,-0.221,-1.147,
125,-0.437,-1.071,
126,0.206,-0.471,
127,0.255,-1.482,
128,-0.176,-0.62,
129,-0.46,-0.65,
130,-0.418,-0.447,
131,-0.206,-0.003,
132,-0.068,0.228,
133,-0.681,-0.615,
134,-0.3,-0.723,
135,-1.121,-1.294,
136,-0.377,-0.795,
137,0.181,-0.226,
138,-0.394,-0.5,
139,-1.076,-1.023,
140,-0.354,-1.098,
141,-0.991,-1.141,
142,-0.121,-1.377,
143,-0.422,-0.092,
144,-0.804,-0.891,
145,-0.769,-1.165,
146,0.452,0.186,
147,-0.117,-0.812,
148,-0.936,-0.343,
149,-0.62,-1.406,
150,-1.856,-2.102,
151,0.268,-0.244,
152,-1.419,-0.327,
153,0.06,-0.84,
154,-0.829,-0.471,
155,-0.795,-1.065,
156,0.087,-0.279,
157,-0.386,-0.556,
158,-0.311,-0.299,
159,-0.336,-0.416,
160,-1.015,-0.386,
161,-0.487,-0.33,
162,0.1,0.031,
163,0.861,-0.708,
