1,-2.517,-2.492,
2,0.45,-1.084,
3,-1.324,-1.388,
4,0.556,-0.876,
5,0.049,-2.54,
6,-0.189,1.849,
7,1.744,0.573,
8,0.665,-0.303,
9,-1.135,-0.08,
10,0.311,-0.519,
11,0.319,2.178,
12,-1.55,-2.111,
13,1.87,1.119,
14,-0.07,-0.666,
15,-2.193,0.057,
16,0.187,-2.65,
17,0.354,0.091,
18,0.174,-0.17,
19,1.087,0.875,
20,2.45,0.962,
21,0.646,0.262,
22,1.279,0.666,
23,0.072,-0.285,
24,-0.174,0.36,
25,-0.146,2.535,
26,0.228,-0.806,
27,0.157,-0.179,
28,0.576,0.069,
29,-0.18,-2.244,
30,0.582,0.279,
31,0.712,0.457,
32,-0.076,-1.041,
33,-0.088,-0.825,
34,-2.15,1.423,
35,-2.037,-1.008,
36,-0.329,0.712,
37,0.43,0.274,
38,-0.196,-1.044,
39,0.592,0.168,
40,-1.087,1.611,
41,0.319,0.511,
42,0.341,0.34,
43,0.036,1.455,
44,-0.167,-0.381,
45,-0.193,0.173,
46,-2.285,-0.898,
47,0.125,0.813,
48,-1.547,-0.884,
49,-1.02,-1.684,
50,-0.974,-0.642,
51,-0.989,-0.055,
52,0.568,1.019,
53,-0.254,-0.411,
54,1.628,-0.649,
55,-0.276,0.957,
56,-0.059,0.644,
57,-0.719,-0.469,
58,0.753,0.407,
59,1.532,0.908,
60,-0.183,-0.149,
61,0.805,-0.557,
62,-1.018,0.838,
63,-0.896,1.304,
64,-0.156,0.173,
65,-0.199,0.176,
66,0.378,0.301,
67,-0.41,-0.851,
68,0.013,0.693,
69,-1.366,0.268,
70,-0.335,-0.317,
71,0.127,-1.001,
72,0.607,-0.731,
73,-0.383,-0.236,
74,-0.486,-0.193,
75,-2.607,-0.11,
76,0.275,-0.156,
77,0.301,-0.121,
78,-0.202,0.278,
79,-1.044,-0.103,
80,-1.157,-0.137,
81,-0.742,1.2,
82,-0.74,-1.317,
83,-2.28,-0.223,
84,1.399,0.262,
85,-0.718,-0.171,
86,-0.056,-0.459,
87,0.624,0.179,
88,0.229,0.663,
89,0.44,0.088,
90,-0.444,0.329,
91,0.161,1.237,
92,0.807,-1.481,
93,2.409,-0.041,
94,0.369,0.919,
95,0.292,1.801,
96,-1.077,1.079,
97,1.187,1.163,
98,0.171,-0.089,
99,0.451,0.586,
100,-1.186,0.331,
101,0.22,0.285,
102,-0.666,-0.995,
103,-1.009,-1.397,
104,-0.776,-0.305,
105,1.212,0.699,
106,-0.573,-1.215,
107,-0.516,-0.008,
108,0.642,0.176,
109,0.107,-0.157,
110,-1.878,0.719,
111,-1.321,1.066,
112,-1.093,1.986,
113,0.656,-0.251,
114,0.061,0.794,
115,-0.686,0.695,
116,-0.324,-0.52,
117,1.421,0.295,
118,0.476,-0.896,
119,-0.524,0.196,
120,-0.052,-0.693,
121,-0.082,1.866,
122,-0.745,-0.237,
123,-0.707,-0.758,
124,-0.326,0.632,
125,-0.817,-0.521,
126,0.113,-0.496,
127,-0.079,0.826,
128,-0.414,-0.037,
129,0.551,1.451,
130,-1.226,-1.559,
131,0.736,1.958,
132,-0.59,1.837,
133,-0.387,0.357,
134,-0.957,-0.69,
135,-1.181,0.693,
136,-2.165,-0.751,
137,-1.089,0.54,
138,-0.539,0.202,
139,0.459,-0.932,
140,-0.079,0.121,
141,-0.075,-0.888,
142,-0.144,0.356,
143,-0.389,-0.546,
144,0.15,-0.08,
145,-0.135,-1.052,
146,-1.235,-0.663,
147,-1.91,-1.186,
148,-0.434,0.246,
149,1.474,-0.821,
150,-0.509,-0.099,
151,-1.034,0.614,
152,-0.932,-0.457,
153,0.213,0.294,
154,1.63,0.462,
155,-0.318,0.129,
156,-0.361,-0.098,
157,-0.556,-0.375,
158,-1.158,-1.457,
159,-0.281,0.618,
160,0.55,-0.716,
161,-1.487,-0.16,
162,-1.099,-0.037,
163,0.407,-1.073,
