1,-2.52,-2.111,
2,0.357,-0.668,
3,-1.014,-1.218,
4,0.462,-0.798,
5,-0.062,-2.268,
6,-0.124,1.646,
7,1.283,0.28,
8,0.495,-0.353,
9,-0.997,-0.063,
10,0.125,-0.466,
11,0.301,2.099,
12,-1.438,-2.019,
13,1.705,1.069,
14,0.003,-0.578,
15,-2.111,0.021,
16,0.339,-2.302,
17,0.283,0.082,
18,0.161,-0.033,
19,0.811,0.741,
20,2.115,0.826,
21,0.608,0.234,
22,1.135,0.504,
23,0.025,-0.229,
24,-0.144,0.285,
25,-0.021,2.39,
26,0.255,-0.802,
27,0.187,-0.127,
28,0.527,0.042,
29,-0.23,-1.981,
30,0.642,0.29,
31,0.674,0.35,
32,-0.112,-0.939,
33,-0.049,-0.733,
34,-1.892,1.289,
35,-1.947,-1.108,
36,-0.215,0.68,
37,0.513,0.272,
38,-0.149,-0.968,
39,0.65,0.052,
40,-1.105,1.413,
41,0.289,0.472,
42,0.216,0.176,
43,0.071,1.227,
44,-0.135,-0.352,
45,-0.082,0.207,
46,-1.917,-0.792,
47,0.276,0.748,
48,-1.513,-0.788,
49,-0.573,-1.294,
50,-0.876,-0.506,
51,-0.942,-0.029,
52,0.541,0.962,
53,-0.352,-0.16,
54,1.425,-0.726,
55,-0.201,0.887,
56,0.073,0.646,
57,-0.693,-0.409,
58,0.657,0.343,
59,1.336,0.893,
60,-0.184,-0.051,
61,0.562,-0.487,
62,-0.77,0.838,
63,-0.856,1.042,
64,-0.196,0.227,
65,-0.249,0.197,
66,0.349,0.198,
67,-0.37,-0.677,
68,0.084,0.638,
69,-1.076,0.178,
70,-0.354,-0.342,
71,0.205,-0.883,
72,0.541,-0.663,
73,-0.193,-0.058,
74,-0.344,-0.19,
75,-2.374,-0.086,
76,0.37,-0.321,
77,0.299,-0.012,
78,-0.098,0.366,
79,-1.009,-0.056,
80,-1.083,-0.076,
81,-0.73,0.966,
82,-0.584,-1.343,
83,-2.075,-0.219,
84,1.457,0.334,
85,-0.654,-0.171,
86,0.012,-0.482,
87,0.558,0.289,
88,0.118,0.744,
89,0.275,0.04,
90,-0.468,0.311,
91,0.186,1.049,
92,0.764,-1.453,
93,2.316,0.052,
94,0.377,0.872,
95,0.045,1.712,
96,-0.886,0.998,
97,1.111,1.143,
98,0.122,0.084,
99,0.545,0.434,
100,-0.719,0.319,
101,0.138,0.205,
102,-0.519,-0.892,
103,-0.717,-1.312,
104,-0.774,-0.26,
105,1.175,0.699,
106,-0.587,-1.277,
107,-0.525,-0.131,
108,0.639,0.173,
109,0.17,-0.16,
110,-1.55,0.594,
111,-1.31,0.939,
112,-0.976,1.782,
113,0.418,-0.169,
114,0.095,0.81,
115,-0.738,0.589,
116,-0.216,-0.437,
117,1.162,0.451,
118,0.425,-0.862,
119,-0.438,0.152,
120,-0.108,-0.55,
121,-0.16,1.573,
122,-0.654,-0.344,
123,-0.741,-0.607,
124,-0.38,0.69,
125,-0.655,-0.404,
126,0.132,-0.411,
127,-0.268,0.686,
128,-0.358,-0.101,
129,0.623,1.21,
130,-1.18,-1.548,
131,0.605,1.757,
132,-0.58,1.764,
133,-0.322,0.426,
134,-0.835,-0.693,
135,-0.977,0.649,
136,-1.995,-0.814,
137,-0.99,0.575,
138,-0.465,0.102,
139,0.434,-0.995,
140,-0.087,0.114,
141,-0.08,-0.748,
142,-0.182,0.315,
143,-0.356,-0.459,
144,0.291,-0.26,
145,-0.124,-0.902,
146,-1.189,-0.604,
147,-1.748,-0.959,
148,-0.442,0.078,
149,1.151,-0.692,
150,-0.462,-0.006,
151,-1.041,0.607,
152,-0.882,-0.447,
153,0.208,0.124,
154,1.61,0.454,
155,-0.264,0.148,
156,-0.405,-0.022,
157,-0.452,-0.094,
158,-0.742,-1.316,
159,-0.218,0.4,
160,0.503,-0.732,
161,-1.291,-0.249,
162,-1.202,-0.099,
163,0.465,-0.986,
