1,-0.268,-0.202,
2,-0.212,0.006,
3,0.515,-0.066,
4,-0.071,0.125,
5,-0.059,-0.3,
6,0.035,0.015,
7,0.228,-0.235,
8,0.059,-0.42,
9,1.115,-0.21,
10,-0.053,-0.145,
11,-0.192,-0.149,
12,0.42,0.055,
13,-0.059,-0.028,
14,0.168,-0.451,
15,-0.134,0.064,
16,0.479,-0.301,
17,-0.289,0.077,
18,-0.073,0.405,
19,-0.563,0.439,
20,-0.117,0.069,
21,0.055,0.086,
22,0.133,0.029,
23,0.184,-0.63,
24,-0.305,-0.066,
25,0.382,-0.19,
26,-0.282,-0.458,
27,-0.441,-0.082,
28,0.146,0.058,
29,-0.139,0.389,
30,0.61,0.338,
31,-0.044,-0.261,
32,0.129,-0.163,
33,-0.238,-0.019,
34,0.113,-0.49,
35,-0.157,0.165,
36,0.358,0.345,
37,0.334,0.084,
38,0.063,-0.156,
39,0.506,-0.37,
40,0.154,-0.166,
41,0.115,0.478,
42,0.142,-0.061,
43,0.377,0.268,
44,0.139,-0.326,
45,-0.093,0.03,
46,0.043,-0.033,
47,0.041,0.342,
48,-0.184,-0.358,
49,-0.016,-0.122,
50,0.342,0.244,
51,-0.48,-0.412,
52,-0.127,0.327,
53,-0.223,0.433,
54,-0.045,-0.081,
55,-0.082,0.093,
56,-0.362,0.414,
57,0.133,0.011,
58,-0.509,0.156,
59,0.097,-0.174,
60,-0.062,0.123,
61,-0.345,-0.118,
62,0.242,-0.079,
63,0.294,0.522,
64,0.128,0.464,
65,0.067,0.103,
66,0.197,0.132,
67,0.418,0.443,
68,0.229,-0.14,
69,0.345,-0.001,
70,0.133,-0.341,
71,0.362,-0.171,
72,0.006,-0.358,
73,0.613,0.191,
74,0.701,0.014,
75,0.133,0.485,
76,0.203,-0.536,
77,-0.016,0.538,
78,0.255,0.417,
79,0.227,0.51,
80,-0.268,0.338,
81,-0.077,-0.362,
82,-0.013,0.428,
83,0.136,0.129,
84,0.38,0.184,
85,-0.38,0.002,
86,0.351,-0.405,
87,0.046,-0.241,
88,0.033,0.171,
89,-0.468,0.248,
90,-0.477,0.35,
91,0.151,0.275,
92,-0.013,0.011,
93,0.384,0.746,
94,-0.243,0.353,
95,0.338,-0.073,
96,0.197,-0.365,
97,-0.243,-0.259,
98,0.007,-0.553,
99,0.207,0.039,
100,0.201,-0.483,
101,-0.225,-0.127,
102,-0.141,0.015,
103,0.09,-0.507,
104,0.324,-0.098,
105,-0.069,0.539,
106,-0.249,-1.032,
107,-0.233,-0.363,
108,0.384,-0.397,
109,-0.055,-0.647,
110,-0.466,-0.855,
111,0.025,-0.299,
112,0.621,0.028,
113,0.115,0.177,
114,0.001,0.11,
115,-0.158,0.498,
116,-0.215,-0.044,
117,0.806,-0.267,
118,-0.033,-0.042,
119,0.132,0.124,
120,-0.138,-0.036,
121,-0.078,-0.287,
122,0.184,0.073,
123,0.026,0.004,
124,-0.258,0.097,
125,0.198,0.004,
126,0.121,-0.249,
127,0.089,0.009,
128,-0.36,0.416,
129,0.391,0.126,
130,0.046,0.091,
131,0.21,-0.272,
132,-0.089,0.237,
133,-0.06,-0.503,
134,-0.481,0.317,
135,-0.155,0.041,
136,0.01,-0.181,
137,0.218,0.078,
138,0.063,0.099,
139,-0.094,0.245,
140,-0.374,-0.083,
141,-0.431,0.421,
142,0.263,-0.248,
143,0.176,-0.302,
144,0.816,-0.711,
145,-0.169,0.29,
146,-0.352,0.014,
147,-0.094,0.204,
148,-0.565,-0.303,
149,-0.006,-0.086,
150,0.241,-0.584,
151,-0.071,0.205,
152,0.396,-0.254,
153,-0.016,-0.052,
154,-0.442,0.143,
155,0.175,-0.213,
156,0.031,0.546,
157,0.202,0.1,
158,-0.107,0.206,
159,0,0.357,
160,-0.231,0.189,
161,0.014,-0.156,
162,0.298,0.437,
163,0.232,-0.261,
