1,0.734,0.778,
2,0.721,0.275,
3,0.288,0.575,
4,0.705,0.666,
5,0.821,1.008,
6,-0.729,0.438,
7,0.604,1.085,
8,0.922,0.925,
9,0.1,0.077,
10,0.257,1.397,
11,0.948,1.29,
12,0.718,0.21,
13,1.1,0.567,
14,0.036,0.34,
15,0.282,0.665,
16,0.857,0.322,
17,-0.112,0.593,
18,0.596,0.436,
19,0.6,0.952,
20,0.573,0.662,
21,0.568,0.415,
22,0.284,0.585,
23,0.482,0.62,
24,0.527,0.513,
25,0.128,0.859,
26,0.786,1.14,
27,0.884,0.668,
28,0.296,0.73,
29,0.53,0.659,
30,0.981,0.901,
31,0.423,1.156,
32,1.118,0.322,
33,0.319,0.488,
34,-0.179,-0.256,
35,0.765,1.289,
36,0.086,0.913,
37,0.826,1.1,
38,0.959,0.979,
39,0.49,0.611,
40,0.759,0.485,
41,1.182,0.759,
42,0.937,1.183,
43,0.729,0.996,
44,1.054,1.213,
45,0.494,0.902,
46,0.582,0.385,
47,-0.044,0.131,
48,1,0.371,
49,-0.023,0.065,
50,0.152,0.268,
51,1.368,0.275,
52,0.101,0.407,
53,0.872,0.056,
54,0.767,0.726,
55,0.372,-0.093,
56,0.146,1.265,
57,0.447,0.795,
58,0.367,1.152,
59,0.418,0.669,
60,0.439,0.621,
61,0.594,0.884,
62,0.473,0.662,
63,0.568,0.885,
64,0.288,0.114,
65,0.405,0.096,
66,0.824,1.224,
67,0.183,0.018,
68,0.949,0.45,
69,0.459,1.311,
70,0.058,0.511,
71,0.434,0.528,
72,0.557,0.719,
73,0.212,0.811,
74,0.703,0.807,
75,0.631,0.191,
76,0.429,0.627,
77,0.327,0.385,
78,0.432,0.72,
79,-0.374,0.64,
80,0.535,0.257,
81,0.813,0.832,
82,0.644,0.888,
83,0.688,0.818,
84,0.222,0.595,
85,0.765,0.692,
86,0.27,1.398,
87,0.387,0.058,
88,0.671,0.608,
89,0.596,0.453,
90,0.799,0.5,
91,0.882,0.847,
92,0.481,0.218,
93,-0.068,1.324,
94,-0.023,0.985,
95,0.579,0.259,
96,0.448,0.434,
97,1.214,0.513,
98,-0.042,-0.374,
99,0.728,0.604,
100,0.228,0.575,
101,0.631,0.705,
102,0.419,0.332,
103,0.364,0.97,
104,0.512,0.564,
105,0.196,0.476,
106,0.693,1.255,
107,0.838,1.535,
108,0.364,0.146,
109,0.81,0.661,
110,1.124,0.887,
111,0.192,0.924,
112,-0.452,0.267,
113,0.621,0.429,
114,0.918,0.326,
115,0.513,-0.658,
116,0.635,0.225,
117,1.023,0.72,
118,0.585,0.574,
119,0.732,0.761,
120,0.617,0.376,
121,0.353,0.787,
122,1.001,0.68,
123,0.12,-0.549,
124,0.802,0.259,
125,0.571,0.115,
126,1.472,-0.095,
127,0.692,0.319,
128,0.538,0.851,
129,0.616,0.664,
130,0.8,0.537,
131,1.196,1.507,
132,0.192,0.489,
133,0.095,0.613,
134,0.605,0.658,
135,0.345,0.465,
136,0.436,0.616,
137,0.072,0.758,
138,0.213,0.554,
139,0.166,-0.277,
140,0.501,0.55,
141,0.128,0.228,
142,0.319,0.252,
143,0.462,1.035,
144,0.223,0.939,
145,0.431,0.302,
146,1.016,1.056,
147,0.468,0.591,
148,-0.079,0.619,
149,0.406,-0.98,
150,-0.838,0.741,
151,1.287,1.052,
152,0.15,1.096,
153,0.412,0.32,
154,0.396,0.492,
155,0.231,0.908,
156,0.397,0.687,
157,0.322,0.365,
158,0.877,1.08,
159,0.659,0.263,
160,0.331,0.762,
161,0.894,0.317,
162,0.507,0.403,
163,1.185,0.147,
