1,-0.634,-0.191,
2,0.295,-0.176,
3,0.918,0.162,
4,0.382,0.441,
5,-0.105,0.42,
6,-0.422,-0.149,
7,0.34,0.108,
8,-0.262,-0.324,
9,-0.742,0.3,
10,0.65,-0.527,
11,-0.564,0.625,
12,0.348,-0.053,
13,-0.167,0.237,
14,0.396,-0.009,
15,-0.041,-0.879,
16,-0.21,0.463,
17,-1.191,-0.158,
18,0.073,-0.024,
19,-0.136,0.023,
20,-0.535,-0.358,
21,0.357,-0.404,
22,-0.03,-0.254,
23,0.13,-0.069,
24,-0.492,0.386,
25,0.34,-0.037,
26,0.224,-0.25,
27,0.078,-0.475,
28,-0.264,0.169,
29,0.323,1.02,
30,0.632,-0.18,
31,0.137,-1.06,
32,-0.529,-0.777,
33,-0.229,0.144,
34,-0.503,-0.386,
35,-0.939,-0.052,
36,0.305,1.232,
37,-0.392,0.273,
38,0.23,-0.538,
39,0.241,-0.2,
40,-0.131,-0.706,
41,-0.026,0.238,
42,-0.328,-0.431,
43,-0.737,0.116,
44,-0.649,0.036,
45,-0.996,0.091,
46,0.184,-0.086,
47,-0.409,0.001,
48,0.323,0.252,
49,-0.485,-0.159,
50,-0.15,0.087,
51,-0.344,-0.091,
52,-0.422,-0.643,
53,0.1,-0.589,
54,0.155,-1.482,
55,0.014,0.261,
56,0.274,0.494,
57,-0.454,-0.07,
58,0.272,-0.29,
59,-0.02,0.506,
60,-0.698,0.251,
61,-0.194,-0.93,
62,0.468,0.116,
63,-0.131,0.306,
64,-0.043,0.751,
65,-0.449,-0.223,
66,0.008,0.175,
67,-0.131,0.358,
68,0.106,0.209,
69,0.449,0.059,
70,-0.318,-1.414,
71,-0.289,0.211,
72,-0.075,-0.402,
73,0.068,-0.279,
74,0.268,0.059,
75,0.264,-0.471,
76,0.161,-0.084,
77,-0.103,0.485,
78,-0.383,0.291,
79,-0.168,0.217,
80,-0.06,-0.26,
81,0.164,0.009,
82,0.325,-0.285,
83,-0.658,-0.44,
84,0.855,0.002,
85,-0.575,-0.183,
86,-0.105,0.095,
87,0.085,-0.153,
88,0.108,-0.183,
89,-0.033,-0.653,
90,0.214,0.691,
91,0.517,-0.176,
92,0.189,-0.517,
93,0.169,-0.546,
94,0.177,0.209,
95,-0.291,0.239,
96,-0.007,0.055,
97,-0.408,-0.072,
98,-0.031,-0.842,
99,0.68,0.016,
100,-1.029,1.384,
101,0.178,-0.331,
102,-0.75,0.893,
103,0.564,-0.533,
104,0.011,1.353,
105,0.088,-0.303,
106,-0.271,-0.989,
107,-0.698,0.314,
108,-0.236,-0.181,
109,-0.3,-0.134,
110,1.192,0.004,
111,-0.367,0.447,
112,0.198,-0.205,
113,0.197,0.246,
114,0.024,0.282,
115,-0.293,0.605,
116,0.502,-0.294,
117,0.765,0.111,
118,0.318,-0.111,
119,0.508,0.545,
120,-0.47,-0.519,
121,0.316,-0.264,
122,0.483,-0.113,
123,-0.756,-0.84,
124,0.533,0.176,
125,0.36,-0.234,
126,-0.957,-0.172,
127,-0.154,-0.269,
128,-0.255,0.53,
129,0.056,-0.433,
130,-0.239,0.269,
131,0.309,-0.14,
132,0.192,0.308,
133,-0.507,0.22,
134,-0.316,0.077,
135,-0.21,0.214,
136,-0.274,-0.385,
137,-0.836,0.93,
138,-0.353,-0.342,
139,0.172,0.612,
140,-0.103,-0.104,
141,-0.213,0.401,
142,-0.155,-0.13,
143,-0.127,0.617,
144,0.832,-0.52,
145,0.153,-0.247,
146,-0.118,-0.207,
147,-0.388,-0.148,
148,0.018,0.131,
149,0.043,-0.168,
150,-0.611,-0.106,
151,-0.612,0.201,
152,0.131,-0.176,
153,-0.398,0.131,
154,-1.007,0.485,
155,0.442,0.062,
156,-0.511,-0.527,
157,0.031,-0.659,
158,-0.124,0.323,
159,0.632,-0.514,
160,0.734,1.058,
161,0.815,0.284,
162,0.165,-0.014,
163,0.187,-0.375,
