1,0.937,0.953,
2,-0.479,0.56,
3,0.074,0.345,
4,0.155,-0.101,
5,-0.628,0.908,
6,1.089,-0.372,
7,0.766,1.193,
8,0.825,-0.147,
9,-0.478,-0.263,
10,-0.258,0.545,
11,0.133,0.926,
12,-0.226,-0.818,
13,0.81,0.678,
14,-0.434,0.793,
15,-0.495,-0.257,
16,-0.132,0.95,
17,-0.586,0.652,
18,-0.058,0.493,
19,0.343,-0.288,
20,-0.003,-0.766,
21,-0.145,-0.071,
22,0.182,-0.497,
23,0.283,0.314,
24,0.055,0.744,
25,0.455,-0.438,
26,0.168,1.729,
27,0.428,0.612,
28,0.546,1.105,
29,0.609,0.597,
30,0.054,0.734,
31,0.448,1.565,
32,0.341,0.414,
33,-0.447,-0.176,
34,-0.729,-0.003,
35,0.432,1.036,
36,-0.22,0.682,
37,0.064,0.058,
38,0.057,0.074,
39,0.219,0.224,
40,0.252,0.426,
41,1.006,-0.187,
42,0.783,1.318,
43,0.017,0.258,
44,0.082,1.184,
45,-0.627,1.076,
46,0.006,0.335,
47,-1.148,0.751,
48,0.515,0.599,
49,0.42,0.281,
50,-0.208,0.265,
51,0.17,0.776,
52,0.169,0.358,
53,0.459,-0.144,
54,0.573,0.374,
55,0.363,-0.378,
56,0.19,0.598,
57,0.808,0.484,
58,0.591,0.932,
59,0.123,0.631,
60,-0.24,0.765,
61,-0.223,0.503,
62,0.732,-0.007,
63,-0.625,0.872,
64,-0.195,-0.089,
65,0.36,0.283,
66,0.603,1.158,
67,-0.099,0.499,
68,0.447,0.968,
69,-0.093,1.468,
70,-0.278,0.397,
71,-0.218,0.62,
72,0.793,1.061,
73,-0.258,-0.28,
74,-0.112,0.623,
75,-0.992,0.16,
76,-0.058,0.646,
77,0.405,1.349,
78,-0.125,0.839,
79,-1.574,-0.329,
80,0.532,0.335,
81,0.09,0.611,
82,0.068,0.443,
83,0.607,0.741,
84,-0.265,-0.146,
85,0.399,1.002,
86,-0.109,0.734,
87,0.707,0.211,
88,-0.036,-0.227,
89,1.106,0.023,
90,0.179,0.592,
91,0.046,1.047,
92,-0.169,0.178,
93,-0.46,0.876,
94,-0.357,1.007,
95,0.373,-0.359,
96,-0.365,0.322,
97,-0.384,0.058,
98,-0.402,-0.397,
99,0.337,-1.221,
100,0.131,0.589,
101,-0.067,1.102,
102,-0.346,-0.218,
103,-0.505,1.384,
104,0.31,0.244,
105,-0.646,-0.73,
106,-0.103,0.77,
107,-0.28,1.246,
108,0.19,-0.325,
109,-0.212,0.326,
110,0.733,0.659,
111,0.299,0.363,
112,-0.022,0.09,
113,0.918,-0.277,
114,0.185,-0.155,
115,0.047,-1.21,
116,1.686,0.254,
117,0.711,0.523,
118,0.737,0.132,
119,0.523,0.02,
120,0.12,0.11,
121,-0.182,0.115,
122,1.11,0.603,
123,-0.267,-1.026,
124,0.485,0.153,
125,-0.259,-0.318,
126,0.567,0.342,
127,-0.476,0.214,
128,-0.01,0.359,
129,-0.169,0.1,
130,0.522,-0.917,
131,1.432,1.012,
132,-0.179,0.378,
133,-0.118,0.803,
134,-0.064,-0.277,
135,1.357,-0.425,
136,1.01,0.263,
137,0.484,0.642,
138,0.281,0.113,
139,-0.189,-0.359,
140,-0.33,0.923,
141,-0.04,-0.272,
142,-1.031,-0.06,
143,-0.071,0.172,
144,-0.56,1.618,
145,-0.294,0.115,
146,0.225,1.168,
147,-0.504,1.046,
148,-1.432,-0.004,
149,-0.775,-0.66,
150,-1.145,0.165,
151,0.945,0.546,
152,-1.081,1.079,
153,-0.233,0.327,
154,-0.265,-0.183,
155,0.232,0.581,
156,-0.8,1.146,
157,-0.034,-0.451,
158,1.059,0.232,
159,0.574,0.073,
160,0.066,0.468,
161,0.079,0.145,
162,-0.225,0.591,
163,1.079,1.014,
