1,0.028,-0.561,
2,1.224,-0.783,
3,1.384,0.746,
4,0.817,0.848,
5,0.101,1.344,
6,-0.757,0.324,
7,1.18,0.721,
8,-0.165,0.548,
9,-1.301,0.619,
10,1.473,-1.008,
11,-0.548,1.649,
12,0.459,-0.368,
13,0.193,0.689,
14,0.994,1.356,
15,-0.903,-0.198,
16,0.419,1.46,
17,-1.598,0.039,
18,0.641,-0.613,
19,0.287,0.201,
20,-0.411,-0.569,
21,0.603,-0.813,
22,-0.204,-0.77,
23,0.544,0.085,
24,-0.493,0.714,
25,-0.086,0.657,
26,0.458,0.193,
27,0.138,-0.728,
28,-0.685,0.614,
29,1.311,1.707,
30,0.86,-0.398,
31,0.265,-1.416,
32,-0.646,-1.085,
33,-0.36,0.591,
34,-1.043,-0.992,
35,-1.702,-0.667,
36,-0.225,2.135,
37,-0.267,0.888,
38,0.93,-0.133,
39,0.185,0.004,
40,0.287,-1.342,
41,0.256,0.752,
42,-0.953,-0.134,
43,-1.37,0.614,
44,-0.852,0.255,
45,-1.656,0.492,
46,0.525,-0.169,
47,-1.166,-0.028,
48,0.171,0.068,
49,0.21,-1.139,
50,-0.697,0.117,
51,0.448,-0.012,
52,-0.915,-1.189,
53,0.41,-1.383,
54,0.415,-1.793,
55,0.111,0.648,
56,0.108,0.384,
57,-0.774,0.229,
58,0.43,-0.27,
59,-0.085,1.291,
60,-0.283,0.324,
61,-1.02,-1.686,
62,2.037,0.84,
63,-0.06,0.483,
64,-0.076,1.194,
65,-0.918,-0.582,
66,0.045,0.455,
67,-0.052,0.259,
68,0.871,0.364,
69,0.254,0.302,
70,-0.203,-1.889,
71,-0.195,1.259,
72,-0.054,-0.531,
73,-0.169,-0.536,
74,0.123,0.084,
75,0.493,-0.564,
76,0.473,-0.182,
77,-0.356,0.75,
78,-0.375,0.771,
79,-0.243,0.324,
80,0.461,-0.124,
81,0.4,0.221,
82,0.486,-0.297,
83,-1.579,-0.089,
84,0.865,0.094,
85,-0.247,-0.111,
86,0.101,1.929,
87,0.501,-0.092,
88,0.406,-0.184,
89,1.075,-1.148,
90,0.568,1.142,
91,1.835,-0.272,
92,0.266,-1.131,
93,0.236,-1.213,
94,0.31,0.393,
95,-0.544,0.464,
96,0.023,0.393,
97,-0.324,0.504,
98,0.286,-2.019,
99,0.773,0.307,
100,-1.342,2.076,
101,0.601,-0.337,
102,-1.329,0.349,
103,2.233,-0.342,
104,0.142,2.025,
105,0.202,-0.415,
106,0.502,-0.378,
107,-1.125,1.191,
108,-0.443,-0.358,
109,-0.093,0.259,
110,1.985,-0.573,
111,-0.135,1.269,
112,-0.138,-0.387,
113,0.576,0.745,
114,0.87,0.341,
115,-0.407,1.109,
116,0.853,-0.027,
117,1.501,0.777,
118,0.639,-0.169,
119,1.198,0.877,
120,-0.727,-0.751,
121,0.985,0.264,
122,0.826,-0.896,
123,-1.163,-1.213,
124,0.85,-0.001,
125,0.803,-0.948,
126,-1.32,-0.437,
127,-0.984,-0.143,
128,-0.171,0.729,
129,-0.444,-0.45,
130,-0.242,0.2,
131,1.097,-0.097,
132,0.44,0.516,
133,-0.85,0.451,
134,-0.117,0.007,
135,-0.655,0.6,
136,-0.21,-0.689,
137,-1.26,1.785,
138,-1.139,-0.719,
139,0.228,-0.011,
140,0.156,-0.187,
141,-0.176,0.616,
142,-0.113,-0.121,
143,-0.468,1.552,
144,0.591,-0.24,
145,0.292,-0.515,
146,-0.141,0.166,
147,-0.546,-0.249,
148,-0.35,-0.217,
149,0.212,-1.365,
150,-1.065,-0.397,
151,-0.872,0.499,
152,0.501,-0.21,
153,-0.909,-0.058,
154,-1.342,1.234,
155,0.368,0.744,
156,-0.462,-1.513,
157,-0.603,-2.288,
158,0.842,-0.451,
159,2.964,-1.149,
160,1.168,1.212,
161,1.014,0.209,
162,-0.059,-0.877,
163,-0.161,-1.069,
