1,0.326,-1.366,
2,1.436,-1.862,
3,1.333,0.86,
4,1.13,0.966,
5,0.931,1.303,
6,-0.407,-0.218,
7,1.029,1.043,
8,0.329,1.289,
9,-0.975,0.642,
10,1.965,0.538,
11,0.412,1.983,
12,0.292,0.164,
13,0.497,0.956,
14,0.983,1.025,
15,0.054,0.227,
16,0.906,1.213,
17,-1.242,0.086,
18,1.199,-0.284,
19,0.681,0.76,
20,-0.05,-0.617,
21,1.173,-0.683,
22,0.048,-0.834,
23,0.201,0.72,
24,-0.17,0.921,
25,-0.395,0.674,
26,0.566,0.553,
27,0.642,0.068,
28,-1.103,0.847,
29,1.718,1.189,
30,1.55,-0.352,
31,0.29,-0.551,
32,0.767,-0.664,
33,-0.073,0.551,
34,-0.685,-1.246,
35,-1.296,-0.04,
36,-0.416,2.379,
37,0.25,1.564,
38,1.841,1.041,
39,0.202,0.452,
40,0.809,-1.049,
41,1.033,0.863,
42,-0.5,0.446,
43,-0.645,1.089,
44,0.089,0.898,
45,-0.892,1.004,
46,1.038,-0.167,
47,-0.943,0.105,
48,0.637,0.089,
49,-0.996,-1.307,
50,-0.228,0.389,
51,1.281,-0.169,
52,-0.86,-0.957,
53,0.434,-0.981,
54,0.22,-0.79,
55,0.413,0.743,
56,-0.236,1.08,
57,-0.02,0.915,
58,0.703,0.486,
59,0.251,1.713,
60,0.003,0.56,
61,0.091,-0.603,
62,0.054,0.784,
63,0.242,0.794,
64,0.08,0.819,
65,-1.14,-1.111,
66,0.228,0.561,
67,0.156,-0.553,
68,1.995,0.262,
69,-0.119,1.16,
70,-0.554,-1.213,
71,0.558,1.801,
72,0.144,0.037,
73,-0.028,-0.023,
74,-0.149,0.395,
75,1.244,-0.47,
76,0.094,-0.201,
77,-0.051,0.631,
78,0.206,1.11,
79,-0.426,0.562,
80,0.426,0.413,
81,0.811,0.851,
82,0.355,0.411,
83,-1.247,0.138,
84,0.372,0.351,
85,0.529,0.086,
86,0.993,3.176,
87,0.178,-0.283,
88,1.026,0.223,
89,0.595,-0.751,
90,1.188,1.679,
91,2.344,0.17,
92,0.201,-0.847,
93,-0.235,0.158,
94,0.026,0.453,
95,-0.135,0.365,
96,-0.016,0.444,
97,0.65,0.552,
98,0.705,-2.293,
99,1.141,1.041,
100,-0.927,1.804,
101,1.013,-0.192,
102,-0.508,0.752,
103,1.549,-0.091,
104,0.367,1.614,
105,0.089,0.045,
106,1.003,1.255,
107,-0.86,1.58,
108,-0.594,-0.027,
109,0.738,0.805,
110,1.931,-0.172,
111,0.077,1.547,
112,-0.444,0.008,
113,0.754,0.498,
114,1.704,0.3,
115,0.245,-0.013,
116,0.923,-0.052,
117,1.721,1.063,
118,0.744,0.249,
119,1.401,1.239,
120,-0.122,-0.287,
121,1.199,1.085,
122,0.672,-0.877,
123,-0.681,-1.14,
124,0.828,0.128,
125,1.104,-0.962,
126,0.573,-0.932,
127,-1.248,0.301,
128,0.195,0.95,
129,0.377,0.075,
130,0.304,0.169,
131,1.731,0.724,
132,0.536,0.749,
133,-0.655,0.908,
134,0.483,0.201,
135,-0.223,1.344,
136,0.265,-0.073,
137,-1.224,1.138,
138,-0.695,-0.119,
139,-0.138,-0.164,
140,0.672,-0.199,
141,-0.14,0.442,
142,0.148,0.197,
143,-0.672,1.87,
144,0.147,0.553,
145,0.641,-0.337,
146,-0.554,0.718,
147,-0.226,-0.158,
148,-0.194,0.212,
149,-0.468,-1.117,
150,-1.492,0.685,
151,-0.021,0.912,
152,0.417,0.211,
153,-1.315,0.019,
154,-0.637,0.88,
155,0.264,1.666,
156,0.19,-1.083,
157,0.053,-1.168,
158,0.97,0.936,
159,3.001,-0.773,
160,1.024,1.314,
161,1.398,0.168,
162,0.313,-0.784,
163,0.602,0.176,
