1,-0.646,-0.224,
2,0.28,-0.195,
3,0.899,0.146,
4,0.376,0.418,
5,-0.091,0.384,
6,-0.409,-0.14,
7,0.339,0.103,
8,-0.258,-0.342,
9,-0.718,0.289,
10,0.633,-0.507,
11,-0.566,0.608,
12,0.352,-0.058,
13,-0.16,0.224,
14,0.405,-0.034,
15,-0.028,-0.901,
16,-0.224,0.424,
17,-1.183,-0.158,
18,0.063,-0.029,
19,-0.137,0.035,
20,-0.515,-0.35,
21,0.347,-0.389,
22,-0.019,-0.232,
23,0.13,-0.067,
24,-0.472,0.387,
25,0.359,-0.056,
26,0.219,-0.255,
27,0.072,-0.458,
28,-0.244,0.171,
29,0.295,1.01,
30,0.628,-0.157,
31,0.137,-1.016,
32,-0.511,-0.748,
33,-0.224,0.145,
34,-0.493,-0.374,
35,-0.908,-0.052,
36,0.315,1.202,
37,-0.402,0.27,
38,0.212,-0.526,
39,0.253,-0.191,
40,-0.123,-0.687,
41,-0.019,0.251,
42,-0.323,-0.406,
43,-0.698,0.12,
44,-0.625,0.036,
45,-0.955,0.086,
46,0.192,-0.086,
47,-0.4,0.001,
48,0.34,0.251,
49,-0.502,-0.158,
50,-0.145,0.084,
51,-0.337,-0.08,
52,-0.406,-0.62,
53,0.116,-0.565,
54,0.159,-1.444,
55,0.013,0.253,
56,0.27,0.511,
57,-0.456,-0.059,
58,0.258,-0.272,
59,-0.004,0.492,
60,-0.676,0.248,
61,-0.161,-0.921,
62,0.443,0.114,
63,-0.136,0.299,
64,-0.036,0.727,
65,-0.431,-0.213,
66,0.017,0.184,
67,-0.13,0.345,
68,0.109,0.206,
69,0.444,0.06,
70,-0.309,-1.386,
71,-0.287,0.205,
72,-0.071,-0.382,
73,0.06,-0.26,
74,0.284,0.063,
75,0.251,-0.451,
76,0.14,-0.086,
77,-0.1,0.476,
78,-0.362,0.301,
79,-0.167,0.22,
80,-0.066,-0.248,
81,0.162,0.011,
82,0.335,-0.27,
83,-0.635,-0.424,
84,0.84,0.012,
85,-0.578,-0.17,
86,-0.1,0.083,
87,0.086,-0.154,
88,0.127,-0.174,
89,-0.024,-0.654,
90,0.191,0.682,
91,0.509,-0.168,
92,0.179,-0.489,
93,0.169,-0.524,
94,0.169,0.209,
95,-0.277,0.235,
96,0.003,0.048,
97,-0.408,-0.066,
98,-0.039,-0.825,
99,0.666,0.003,
100,-1.021,1.351,
101,0.178,-0.317,
102,-0.714,0.88,
103,0.527,-0.528,
104,-0.005,1.333,
105,0.088,-0.292,
106,-0.261,-0.992,
107,-0.669,0.295,
108,-0.22,-0.177,
109,-0.296,-0.143,
110,1.173,0.01,
111,-0.374,0.42,
112,0.191,-0.2,
113,0.215,0.242,
114,0.022,0.279,
115,-0.258,0.601,
116,0.484,-0.292,
117,0.751,0.116,
118,0.3,-0.105,
119,0.501,0.531,
120,-0.463,-0.503,
121,0.295,-0.28,
122,0.48,-0.108,
123,-0.744,-0.829,
124,0.515,0.179,
125,0.372,-0.241,
126,-0.928,-0.182,
127,-0.14,-0.259,
128,-0.262,0.536,
129,0.057,-0.42,
130,-0.222,0.264,
131,0.299,-0.134,
132,0.186,0.297,
133,-0.492,0.202,
134,-0.317,0.078,
135,-0.202,0.212,
136,-0.268,-0.374,
137,-0.803,0.918,
138,-0.329,-0.32,
139,0.154,0.625,
140,-0.107,-0.09,
141,-0.221,0.404,
142,-0.144,-0.133,
143,-0.124,0.612,
144,0.832,-0.524,
145,0.153,-0.247,
146,-0.115,-0.198,
147,-0.367,-0.142,
148,0.037,0.157,
149,0.022,-0.136,
150,-0.615,-0.089,
151,-0.594,0.208,
152,0.142,-0.159,
153,-0.394,0.13,
154,-0.978,0.484,
155,0.438,0.067,
156,-0.497,-0.48,
157,-0.006,-0.673,
158,-0.123,0.286,
159,0.606,-0.487,
160,0.711,1.053,
161,0.809,0.274,
162,0.175,0.013,
163,0.207,-0.341,
