1,-0.28,-1.718,
2,1.267,-1.795,
3,1.561,0.768,
4,1.159,0.984,
5,0.672,1.212,
6,-0.496,-0.366,
7,0.977,0.9,
8,-0.139,0.926,
9,-1.344,0.733,
10,2.043,-0.148,
11,0.007,1.84,
12,0.242,0.109,
13,0.252,0.96,
14,1.274,1.469,
15,-0.147,-0.389,
16,0.535,1.411,
17,-1.598,-0.021,
18,1.137,-0.296,
19,0.608,0.392,
20,-0.32,-0.807,
21,0.862,-0.849,
22,-0.182,-1.195,
23,0.288,0.522,
24,-0.454,0.922,
25,-0.154,0.452,
26,0.394,0.214,
27,0.458,-0.361,
28,-1.174,0.742,
29,1.863,1.524,
30,1.295,-0.668,
31,0.273,-1.398,
32,0.059,-1.167,
33,-0.21,0.609,
34,-0.907,-1.251,
35,-2.018,-0.43,
36,-0.321,2.603,
37,-0.145,1.207,
38,1.665,0.556,
39,0.09,0.252,
40,0.485,-1.528,
41,0.596,0.792,
42,-1.094,-0.078,
43,-1.246,1.073,
44,-0.543,0.577,
45,-1.438,0.768,
46,0.844,-0.237,
47,-1.291,0.08,
48,0.569,0.124,
49,-0.384,-1.393,
50,-0.352,0.314,
51,0.913,-0.105,
52,-1.17,-1.375,
53,0.49,-1.564,
54,0.279,-1.489,
55,0.282,0.857,
56,-0.167,0.572,
57,-0.528,0.525,
58,0.748,-0.065,
59,0.104,1.705,
60,-0.369,0.484,
61,-0.133,-1.577,
62,0.797,1.005,
63,0.125,0.705,
64,-0.091,1.18,
65,-1.385,-1.178,
66,0.031,0.45,
67,0.073,-0.116,
68,1.748,0.295,
69,0.006,0.716,
70,-0.452,-1.728,
71,0.179,1.875,
72,0.137,-0.382,
73,-0.141,-0.56,
74,-0.239,0.194,
75,1.468,-0.654,
76,-0.129,-0.341,
77,-0.155,0.754,
78,-0.095,1.109,
79,-0.379,0.435,
80,0.581,0.082,
81,0.627,0.533,
82,0.371,-0.007,
83,-1.698,0.058,
84,0.668,0.202,
85,0.183,-0.096,
86,0.644,3.186,
87,0.218,-0.233,
88,1.022,-0.067,
89,0.636,-1.126,
90,1.097,1.604,
91,2.243,-0.003,
92,0.124,-1.147,
93,0.009,-0.8,
94,0.244,0.335,
95,-0.491,0.467,
96,-0.086,0.391,
97,0.098,0.603,
98,0.713,-2.255,
99,0.945,0.896,
100,-1.184,2.137,
101,0.897,-0.419,
102,-0.81,0.838,
103,1.955,-0.342,
104,0.392,1.995,
105,0.145,-0.272,
106,0.835,0.58,
107,-1.3,1.537,
108,-0.752,-0.114,
109,0.344,0.636,
110,2.104,-0.545,
111,0.036,1.533,
112,-0.218,-0.155,
113,0.674,0.747,
114,1.346,0.327,
115,0.293,0.644,
116,0.967,-0.117,
117,1.803,1.011,
118,0.717,-0.013,
119,1.361,1.238,
120,-0.539,-0.58,
121,1.314,0.752,
122,0.809,-1.209,
123,-1.014,-1.206,
124,0.968,0.1,
125,1.047,-1.461,
126,-0.645,-0.886,
127,-1.239,0.041,
128,-0.06,0.932,
129,0.092,-0.393,
130,-0.093,0.16,
131,1.496,0.303,
132,0.554,0.838,
133,-0.886,0.934,
134,0.212,0.188,
135,-0.72,1.152,
136,0.027,-0.497,
137,-1.626,1.407,
138,-0.99,-0.414,
139,-0.087,0.093,
140,0.486,-0.372,
141,-0.068,0.402,
142,-0.067,0.035,
143,-0.593,1.768,
144,0.345,0.218,
145,0.473,-0.428,
146,-0.502,0.306,
147,-0.518,-0.357,
148,-0.161,0.313,
149,-0.656,-0.871,
150,-1.503,0.229,
151,-0.652,0.716,
152,0.482,-0.079,
153,-1.575,-0.128,
154,-1.282,1.045,
155,0.249,1.408,
156,-0.1,-1.728,
157,-0.319,-1.807,
158,0.854,0.338,
159,3.355,-0.889,
160,1.395,1.626,
161,1.503,0.303,
162,0.192,-0.829,
163,0.43,-0.23,
