1,-0.406,-1.536,
2,1.237,-1.521,
3,1.578,0.722,
4,1.116,0.974,
5,0.504,1.154,
6,-0.571,-0.353,
7,0.999,0.758,
8,-0.302,0.697,
9,-1.42,0.766,
10,1.951,-0.392,
11,-0.177,1.798,
12,0.227,0.095,
13,0.143,0.957,
14,1.25,1.488,
15,-0.244,-0.592,
16,0.391,1.443,
17,-1.738,-0.107,
18,1.047,-0.262,
19,0.524,0.239,
20,-0.382,-0.773,
21,0.778,-0.919,
22,-0.272,-1.195,
23,0.328,0.429,
24,-0.564,0.895,
25,-0.04,0.361,
26,0.332,0.083,
27,0.38,-0.509,
28,-1.109,0.657,
29,1.782,1.607,
30,1.15,-0.741,
31,0.269,-1.647,
32,-0.217,-1.316,
33,-0.271,0.609,
34,-0.946,-1.201,
35,-2.179,-0.494,
36,-0.242,2.574,
37,-0.279,1.07,
38,1.477,0.258,
39,0.061,0.129,
40,0.322,-1.65,
41,0.391,0.688,
42,-1.193,-0.233,
43,-1.388,0.984,
44,-0.759,0.438,
45,-1.591,0.639,
46,0.732,-0.256,
47,-1.333,0.056,
48,0.492,0.128,
49,-0.173,-1.325,
50,-0.37,0.274,
51,0.669,-0.096,
52,-1.208,-1.486,
53,0.506,-1.699,
54,0.322,-1.726,
55,0.222,0.832,
56,-0.095,0.414,
57,-0.741,0.398,
58,0.732,-0.261,
59,0.054,1.619,
60,-0.544,0.45,
61,-0.244,-1.807,
62,1.115,1.05,
63,0.105,0.655,
64,-0.125,1.285,
65,-1.373,-1.11,
66,0.033,0.497,
67,0.015,0.066,
68,1.48,0.275,
69,0.091,0.516,
70,-0.42,-1.855,
71,-0.008,1.738,
72,0.124,-0.523,
73,-0.158,-0.716,
74,-0.237,0.127,
75,1.44,-0.808,
76,-0.138,-0.342,
77,-0.174,0.779,
78,-0.226,1.034,
79,-0.347,0.373,
80,0.559,-0.043,
81,0.526,0.381,
82,0.35,-0.171,
83,-1.779,0.001,
84,0.773,0.108,
85,0.011,-0.152,
86,0.416,2.83,
87,0.231,-0.208,
88,0.87,-0.175,
89,0.547,-1.216,
90,1.039,1.474,
91,2.078,-0.09,
92,0.095,-1.207,
93,0.131,-1.101,
94,0.328,0.302,
95,-0.605,0.487,
96,-0.077,0.354,
97,-0.131,0.572,
98,0.59,-2.23,
99,0.895,0.756,
100,-1.229,2.209,
101,0.789,-0.476,
102,-0.967,0.809,
103,2.084,-0.378,
104,0.421,2.028,
105,0.159,-0.375,
106,0.656,0.263,
107,-1.233,1.49,
108,-0.76,-0.149,
109,0.166,0.531,
110,2.091,-0.6,
111,-0.019,1.513,
112,-0.111,-0.209,
113,0.605,0.814,
114,1.099,0.339,
115,0.178,0.955,
116,0.947,-0.122,
117,1.721,0.916,
118,0.709,-0.108,
119,1.285,1.19,
120,-0.676,-0.67,
121,1.243,0.558,
122,0.86,-1.221,
123,-1.113,-1.204,
124,0.999,0.102,
125,0.981,-1.431,
126,-0.998,-0.715,
127,-1.152,-0.083,
128,-0.134,0.879,
129,0.013,-0.55,
130,-0.249,0.18,
131,1.331,0.13,
132,0.526,0.841,
133,-0.949,0.899,
134,0.091,0.179,
135,-0.827,0.973,
136,-0.09,-0.624,
137,-1.702,1.44,
138,-1.087,-0.537,
139,0.007,0.16,
140,0.39,-0.415,
141,-0.045,0.384,
142,-0.14,-0.021,
143,-0.581,1.698,
144,0.456,0.07,
145,0.395,-0.442,
146,-0.443,0.117,
147,-0.624,-0.39,
148,-0.152,0.304,
149,-0.473,-0.805,
150,-1.419,-0.079,
151,-0.849,0.588,
152,0.45,-0.163,
153,-1.466,-0.175,
154,-1.489,1.049,
155,0.265,1.164,
156,-0.262,-1.864,
157,-0.355,-1.933,
158,0.694,0.185,
159,3.293,-0.983,
160,1.462,1.672,
161,1.485,0.351,
162,0.137,-0.795,
163,0.292,-0.452,
