1,0.81,0.049,
2,1.277,-0.634,
3,0.709,0.715,
4,0.888,0.716,
5,0.979,1.119,
6,-0.676,0.31,
7,0.911,1.097,
8,0.817,1.3,
9,-0.257,0.283,
10,1.067,1.202,
11,0.748,1.794,
12,0.523,0.163,
13,0.891,0.7,
14,0.253,0.355,
15,0.312,0.756,
16,1.044,0.657,
17,-0.7,0.301,
18,0.913,0.046,
19,0.605,1.06,
20,0.349,0.207,
21,1.015,-0.166,
22,0.253,0.172,
23,0.363,0.846,
24,0.308,0.66,
25,-0.225,0.841,
26,0.711,0.905,
27,0.766,0.55,
28,-0.327,0.879,
29,0.904,0.784,
30,1.385,0.406,
31,0.359,0.672,
32,1.256,0.064,
33,0.18,0.491,
34,-0.398,-0.855,
35,0.01,0.7,
36,-0.206,1.491,
37,0.627,1.506,
38,1.465,1.227,
39,0.428,0.554,
40,0.889,-0.165,
41,1.283,0.851,
42,0.557,1.209,
43,0.463,1.086,
44,0.851,1.143,
45,0.113,1.014,
46,0.902,0.093,
47,-0.399,0.098,
48,0.839,0.166,
49,-0.766,-0.428,
50,-0.033,0.348,
51,1.706,0.014,
52,-0.439,-0.141,
53,0.751,-0.16,
54,0.438,0.229,
55,0.453,0.271,
56,-0.087,1.571,
57,0.22,1.021,
58,0.48,1.034,
59,0.435,1.246,
60,0.459,0.585,
61,0.459,0.585,
62,-0.001,0.688,
63,0.374,0.825,
64,0.35,0.265,
65,-0.29,-0.522,
66,0.707,1.079,
67,0.158,-0.676,
68,1.522,0.214,
69,0.091,1.373,
70,-0.36,-0.193,
71,0.593,1.064,
72,0.35,0.568,
73,0.056,0.622,
74,0.356,0.648,
75,0.714,-0.295,
76,0.406,0.275,
77,0.144,0.433,
78,0.466,0.871,
79,-0.416,0.64,
80,0.308,0.577,
81,0.85,0.973,
82,0.437,0.852,
83,-0.092,0.578,
84,0.128,0.574,
85,0.702,0.5,
86,0.68,2.055,
87,0.29,-0.146,
88,0.683,0.475,
89,0.642,-0.027,
90,0.887,1.122,
91,1.909,0.52,
92,0.051,-0.124,
93,-0.189,1.106,
94,-0.088,0.7,
95,0.368,0.259,
96,0.263,0.464,
97,1.076,0.525,
98,0.133,-1.712,
99,1.024,0.827,
100,-0.319,0.96,
101,0.921,0.349,
102,0.064,0.444,
103,0.917,0.728,
104,0.345,0.848,
105,0.073,0.407,
106,0.978,1.473,
107,0.468,1.505,
108,0.037,0.031,
109,0.93,0.756,
110,1.408,0.555,
111,0.003,1.176,
112,-0.593,0.203,
113,0.716,0.37,
114,1.504,0.291,
115,0.34,-0.224,
116,0.677,0.124,
117,1.325,0.888,
118,0.698,0.51,
119,1.021,0.947,
120,0.438,0.157,
121,0.618,0.929,
122,0.87,-0.083,
123,-0.208,-0.856,
124,0.671,0.204,
125,0.84,-0.158,
126,1.631,-0.494,
127,-0.292,0.447,
128,0.401,0.912,
129,0.582,0.591,
130,0.743,0.294,
131,1.549,1.169,
132,0.344,0.564,
133,-0.201,0.683,
134,0.607,0.413,
135,0.323,0.891,
136,0.408,0.394,
137,-0.322,0.779,
138,-0.137,0.315,
139,0.119,-0.366,
140,0.59,0.268,
141,-0.089,0.375,
142,0.389,0.273,
143,-0.305,1.564,
144,0.122,0.782,
145,0.603,-0.045,
146,0.061,1.053,
147,0.277,0.329,
148,-0.195,0.429,
149,0.202,-1.155,
150,-1.088,0.743,
151,0.829,1.113,
152,0.209,0.9,
153,-0.119,0.191,
154,0.205,0.609,
155,0.271,1.543,
156,0.363,0.047,
157,0.021,-0.404,
158,1.037,0.814,
159,1.633,-0.37,
160,0.432,0.907,
161,1.059,0.132,
162,0.522,-0.304,
163,0.837,0.408,
