1,0.77,0.485,
2,1.008,-0.095,
3,0.477,0.639,
4,0.792,0.664,
5,0.906,1.058,
6,-0.749,0.395,
7,0.761,1.1,
8,0.899,1.128,
9,-0.041,0.159,
10,0.641,1.335,
11,0.861,1.568,
12,0.623,0.179,
13,1.013,0.624,
14,0.093,0.311,
15,0.29,0.759,
16,0.972,0.466,
17,-0.407,0.438,
18,0.753,0.241,
19,0.594,1.045,
20,0.472,0.475,
21,0.801,0.135,
22,0.277,0.435,
23,0.424,0.757,
24,0.444,0.575,
25,-0.061,0.873,
26,0.749,1.028,
27,0.82,0.642,
28,0.001,0.819,
29,0.673,0.691,
30,1.205,0.677,
31,0.391,0.957,
32,1.244,0.237,
33,0.257,0.486,
34,-0.276,-0.57,
35,0.433,1.001,
36,-0.066,1.167,
37,0.737,1.331,
38,1.227,1.145,
39,0.473,0.583,
40,0.839,0.172,
41,1.261,0.81,
42,0.8,1.261,
43,0.671,1.047,
44,1.008,1.192,
45,0.36,0.967,
46,0.746,0.234,
47,-0.207,0.107,
48,0.924,0.25,
49,-0.411,-0.145,
50,0.058,0.31,
51,1.616,0.137,
52,-0.191,0.144,
53,0.82,0.004,
54,0.603,0.533,
55,0.424,0.078,
56,0.01,1.486,
57,0.335,0.945,
58,0.414,1.116,
59,0.445,0.966,
60,0.5,0.6,
61,0.538,0.829,
62,0.235,0.678,
63,0.463,0.85,
64,0.352,0.153,
65,0.069,-0.217,
66,0.796,1.188,
67,0.165,-0.392,
68,1.243,0.297,
69,0.261,1.364,
70,-0.168,0.198,
71,0.517,0.763,
72,0.456,0.678,
73,0.125,0.755,
74,0.545,0.735,
75,0.629,-0.066,
76,0.44,0.461,
77,0.235,0.393,
78,0.471,0.785,
79,-0.398,0.646,
80,0.413,0.466,
81,0.834,0.924,
82,0.52,0.91,
83,0.343,0.73,
84,0.145,0.613,
85,0.742,0.616,
86,0.445,1.685,
87,0.343,-0.049,
88,0.633,0.553,
89,0.631,0.257,
90,0.818,0.806,
91,1.433,0.692,
92,0.208,0.082,
93,-0.139,1.294,
94,-0.07,0.834,
95,0.497,0.25,
96,0.365,0.453,
97,1.168,0.516,
98,-0.002,-1.059,
99,0.889,0.718,
100,-0.032,0.722,
101,0.796,0.546,
102,0.217,0.375,
103,0.634,0.936,
104,0.407,0.657,
105,0.118,0.472,
106,0.853,1.388,
107,0.718,1.508,
108,0.238,0.074,
109,0.9,0.71,
110,1.23,0.75,
111,0.084,1.037,
112,-0.542,0.239,
113,0.667,0.384,
114,1.25,0.305,
115,0.424,-0.401,
116,0.629,0.186,
117,1.166,0.8,
118,0.653,0.558,
119,0.866,0.842,
120,0.564,0.287,
121,0.443,0.864,
122,0.942,0.321,
123,-0.027,-0.693,
124,0.705,0.234,
125,0.697,0.021,
126,1.665,-0.296,
127,0.205,0.41,
128,0.466,0.888,
129,0.615,0.672,
130,0.805,0.403,
131,1.38,1.353,
132,0.264,0.516,
133,-0.046,0.634,
134,0.615,0.531,
135,0.37,0.672,
136,0.428,0.525,
137,-0.074,0.732,
138,0.059,0.454,
139,0.172,-0.358,
140,0.545,0.426,
141,0.002,0.311,
142,0.383,0.269,
143,0.057,1.297,
144,0.164,0.87,
145,0.528,0.134,
146,0.517,1.085,
147,0.4,0.484,
148,-0.157,0.532,
149,0.31,-1.071,
150,-0.956,0.703,
151,1.091,1.108,
152,0.166,1.043,
153,0.206,0.255,
154,0.358,0.539,
155,0.26,1.272,
156,0.404,0.406,
157,0.116,-0.054,
158,0.994,0.878,
159,1.077,-0.047,
160,0.335,0.815,
161,0.963,0.207,
162,0.504,0.061,
163,1.011,0.233,
