1,-0.259,-0.171,
2,-0.198,0.024,
3,0.514,-0.048,
4,-0.069,0.136,
5,-0.069,-0.272,
6,0.021,0.043,
7,0.237,-0.213,
8,0.072,-0.399,
9,1.091,-0.204,
10,-0.054,-0.143,
11,-0.191,-0.147,
12,0.419,0.051,
13,-0.062,-0.023,
14,0.157,-0.43,
15,-0.148,0.077,
16,0.478,-0.277,
17,-0.286,0.086,
18,-0.08,0.394,
19,-0.549,0.426,
20,-0.116,0.061,
21,0.059,0.081,
22,0.131,0.023,
23,0.178,-0.623,
24,-0.308,-0.053,
25,0.367,-0.17,
26,-0.25,-0.442,
27,-0.43,-0.078,
28,0.141,0.052,
29,-0.142,0.382,
30,0.613,0.336,
31,-0.04,-0.257,
32,0.126,-0.161,
33,-0.232,-0.02,
34,0.111,-0.479,
35,-0.156,0.165,
36,0.34,0.352,
37,0.334,0.09,
38,0.061,-0.157,
39,0.494,-0.371,
40,0.146,-0.168,
41,0.115,0.463,
42,0.138,-0.071,
43,0.375,0.253,
44,0.133,-0.317,
45,-0.093,0.03,
46,0.044,-0.038,
47,0.039,0.328,
48,-0.189,-0.342,
49,0,-0.11,
50,0.328,0.237,
51,-0.481,-0.401,
52,-0.122,0.314,
53,-0.214,0.424,
54,-0.042,-0.081,
55,-0.08,0.084,
56,-0.356,0.416,
57,0.114,0.008,
58,-0.492,0.153,
59,0.102,-0.17,
60,-0.062,0.123,
61,-0.358,-0.116,
62,0.273,-0.07,
63,0.287,0.509,
64,0.118,0.445,
65,0.067,0.098,
66,0.19,0.13,
67,0.395,0.429,
68,0.223,-0.145,
69,0.349,-0.01,
70,0.125,-0.338,
71,0.352,-0.169,
72,0.002,-0.343,
73,0.599,0.192,
74,0.688,0.017,
75,0.102,0.477,
76,0.222,-0.52,
77,-0.024,0.53,
78,0.251,0.415,
79,0.215,0.498,
80,-0.27,0.331,
81,-0.087,-0.35,
82,-0.015,0.417,
83,0.141,0.125,
84,0.379,0.175,
85,-0.387,-0.004,
86,0.337,-0.405,
87,0.048,-0.242,
88,0.009,0.164,
89,-0.428,0.227,
90,-0.458,0.337,
91,0.145,0.27,
92,-0.016,0.015,
93,0.372,0.735,
94,-0.24,0.347,
95,0.318,-0.066,
96,0.202,-0.353,
97,-0.242,-0.263,
98,0.005,-0.54,
99,0.199,0.032,
100,0.206,-0.472,
101,-0.225,-0.127,
102,-0.168,0.021,
103,0.11,-0.504,
104,0.309,-0.091,
105,-0.077,0.518,
106,-0.257,-1.031,
107,-0.231,-0.361,
108,0.369,-0.383,
109,-0.058,-0.636,
110,-0.45,-0.831,
111,0.017,-0.289,
112,0.594,0.025,
113,0.115,0.174,
114,0.002,0.11,
115,-0.185,0.482,
116,-0.195,-0.051,
117,0.788,-0.265,
118,-0.031,-0.04,
119,0.132,0.12,
120,-0.131,-0.035,
121,-0.084,-0.29,
122,0.187,0.07,
123,0.023,0.008,
124,-0.255,0.096,
125,0.192,0,
126,0.12,-0.247,
127,0.08,-0.001,
128,-0.342,0.407,
129,0.39,0.126,
130,0.042,0.097,
131,0.2,-0.262,
132,-0.086,0.226,
133,-0.067,-0.493,
134,-0.476,0.305,
135,-0.152,0.038,
136,0.011,-0.174,
137,0.217,0.077,
138,0.054,0.089,
139,-0.077,0.216,
140,-0.367,-0.087,
141,-0.432,0.421,
142,0.257,-0.241,
143,0.175,-0.3,
144,0.814,-0.708,
145,-0.16,0.283,
146,-0.345,0.019,
147,-0.096,0.197,
148,-0.557,-0.308,
149,0.008,-0.114,
150,0.234,-0.589,
151,-0.068,0.201,
152,0.381,-0.246,
153,-0.017,-0.053,
154,-0.429,0.138,
155,0.171,-0.215,
156,0.012,0.523,
157,0.176,0.078,
158,-0.095,0.182,
159,-0.004,0.323,
160,-0.231,0.178,
161,0.022,-0.174,
162,0.272,0.406,
163,0.222,-0.29,
