1,-2.613,-3.08,
2,0.699,-1.234,
3,-1.435,-1.234,
4,0.636,-0.792,
5,-0.112,-1.913,
6,-0.091,1.631,
7,2.143,0.92,
8,0.755,-0.28,
9,-1.188,-0.112,
10,0.93,-0.682,
11,0.241,2.263,
12,-1.654,-1.927,
13,1.976,1.191,
14,-0.158,-0.691,
15,-2.077,-0.058,
16,0.378,-2.557,
17,0.61,0.186,
18,0.183,-0.474,
19,1.739,0.786,
20,3.147,1.482,
21,1.011,0.324,
22,1.416,0.673,
23,0.157,-0.223,
24,-0.347,0.821,
25,-0.606,2.792,
26,0.47,-0.468,
27,0.036,-0.34,
28,0.54,-0.021,
29,-0.144,-2.47,
30,0.382,0.204,
31,0.83,0.79,
32,0.055,-1.151,
33,-0.253,-0.71,
34,-2.385,1.373,
35,-2.235,-0.552,
36,-1.04,1.062,
37,0.511,0.314,
38,-0.588,-1.295,
39,0.352,0.45,
40,-1.09,1.859,
41,0.395,0.567,
42,0.697,0.873,
43,-0.098,1.814,
44,-0.277,-0.557,
45,-0.504,0.044,
46,-2.609,-0.959,
47,-0.154,0.796,
48,-1.703,-0.899,
49,-1.159,-2.189,
50,-1.06,-0.931,
51,-1.034,-0.223,
52,0.666,1.157,
53,-0.011,-0.993,
54,1.838,-0.619,
55,-0.296,1.116,
56,-0.645,0.509,
57,-0.632,-0.671,
58,0.97,0.535,
59,1.97,0.753,
60,-0.167,-0.36,
61,0.484,-0.63,
62,-1.618,0.819,
63,-0.922,1.969,
64,-0.254,-0.127,
65,-0.218,0.219,
66,0.416,0.584,
67,-0.423,-1.082,
68,-0.035,0.611,
69,-1.811,0.526,
70,-0.247,-0.193,
71,0.054,-1.44,
72,0.755,-0.788,
73,-0.43,-0.275,
74,-0.62,-0.179,
75,-2.615,-0.07,
76,-0.186,-0.004,
77,0.321,-0.368,
78,-0.187,0.101,
79,-1.062,-0.207,
80,-1.224,-0.331,
81,-0.794,1.553,
82,-0.919,-1.244,
83,-2.373,-0.267,
84,1.092,0.05,
85,-1.005,-0.239,
86,-0.092,-0.427,
87,0.828,-0.118,
88,0.483,0.553,
89,0.497,0.119,
90,-0.202,0.353,
91,-0.022,1.544,
92,0.947,-1.509,
93,2.345,-0.219,
94,0.458,0.904,
95,0.36,2.1,
96,-1.432,1.281,
97,1.302,1.271,
98,0.338,-0.561,
99,0.122,0.947,
100,-2.012,0.222,
101,0.342,0.467,
102,-0.476,-1.124,
103,-0.766,-1.612,
104,-0.683,-0.426,
105,0.819,0.777,
106,-0.473,-1.091,
107,-0.458,0.347,
108,0.643,0.136,
109,-0.265,-0.003,
110,-2.397,0.97,
111,-1.223,1.241,
112,-1.375,2.154,
113,0.968,-0.422,
114,-0.063,0.669,
115,-0.974,0.71,
116,-0.316,-0.716,
117,2.039,0.041,
118,0.501,-1.055,
119,-0.745,0.346,
120,0.114,-1.09,
121,-0.017,2.302,
122,-0.932,-0.078,
123,-0.768,-0.961,
124,-0.105,0.535,
125,-1.118,-0.452,
126,0.133,-0.653,
127,0.135,1.018,
128,-0.273,-0.165,
129,0.664,1.484,
130,-1.399,-1.468,
131,1.007,2.115,
132,-0.743,1.953,
133,-0.486,0.207,
134,-1.025,-0.723,
135,-1.39,0.558,
136,-2.33,-0.464,
137,-1.38,0.334,
138,-0.829,0.279,
139,0.661,-0.977,
140,0.017,0.243,
141,-0.201,-1.04,
142,-0.168,0.465,
143,-0.424,-0.639,
144,-0.065,0.434,
145,-0.226,-1.186,
146,-1.322,-0.858,
147,-2.19,-1.791,
148,-0.833,0.008,
149,1.791,-0.841,
150,-0.343,-0.211,
151,-0.985,0.499,
152,-0.963,-0.511,
153,0.439,0.683,
154,1.564,0.411,
155,-0.449,-0.045,
156,-0.145,-0.098,
157,-0.554,-0.782,
158,-2.013,-1.32,
159,-0.188,0.251,
160,0.578,-0.911,
161,-1.558,-0.305,
162,-0.978,-0.503,
163,0.737,-0.939,
