1,-0.966,-0.479,
2,0.037,0.038,
3,0.238,-0.337,
4,0.155,-0.382,
5,0.052,-0.731,
6,0.056,0.14,
7,0.088,-0.261,
8,0.095,-0.405,
9,0,-0.18,
10,-0.21,-0.118,
11,0.083,0.519,
12,-0.191,-0.66,
13,0.415,0.243,
14,0.281,-0.51,
15,-0.711,-0.046,
16,0.273,-0.513,
17,-0.202,0.215,
18,-0.148,0.274,
19,-0.215,0.251,
20,0.318,0.216,
21,0.235,0.062,
22,0.245,0.068,
23,-0.028,-0.129,
24,-0.06,0.267,
25,0.506,0.671,
26,0.23,-0.463,
27,0.062,-0.007,
28,0.192,0.053,
29,-0.343,-0.135,
30,0.742,0.339,
31,0.269,-0.046,
32,-0.104,-0.27,
33,-0.031,-0.083,
34,-0.442,0.251,
35,-0.547,-0.734,
36,0.268,0.325,
37,0.186,0.137,
38,-0.066,-0.322,
39,0.486,-0.21,
40,-0.52,0.18,
41,0.126,0.189,
42,0.16,-0.31,
43,0.218,0.132,
44,-0.01,-0.021,
45,0.101,0.149,
46,-0.044,-0.158,
47,0.305,0.134,
48,-0.253,-0.256,
49,-0.032,0.04,
50,-0.153,0.013,
51,-0.469,-0.045,
52,0.225,0.304,
53,-0.067,0.212,
54,0.292,-0.268,
55,0.103,0.022,
56,-0.104,0.559,
57,-0.245,-0.031,
58,0.089,0.111,
59,0.407,0.327,
60,-0.086,0.16,
61,0.055,-0.139,
62,-0.017,0.43,
63,-0.077,0.146,
64,0.008,0.068,
65,-0.223,0.066,
66,0.106,0.005,
67,-0.23,0.01,
68,0.192,-0.016,
69,0.208,0.022,
70,-0.207,-0.27,
71,0.076,-0.266,
72,0.089,-0.118,
73,0.158,0.318,
74,0.325,-0.015,
75,-0.373,0.181,
76,0.271,-0.414,
77,0.031,0.255,
78,0.272,0.832,
79,-0.386,0.204,
80,-0.518,0.06,
81,-0.058,0.236,
82,-0.046,-0.41,
83,-0.432,0.056,
84,0.832,0.19,
85,-0.7,-0.092,
86,0.041,-0.469,
87,0.194,0.025,
88,0.062,0.033,
89,-0.205,-0.16,
90,-0.273,0.134,
91,0.183,0.279,
92,0.154,-0.427,
93,0.581,0.37,
94,0.112,0.286,
95,-0.247,0.547,
96,0.1,0.15,
97,0.19,-0.186,
98,0,0.186,
99,0.409,-0.083,
100,0.365,0.042,
101,-0.086,-0.015,
102,0.096,0.023,
103,-0.045,-0.441,
104,-0.347,0.07,
105,0.383,0.19,
106,-0.529,-1.151,
107,-0.19,-0.232,
108,0.143,0.109,
109,-0.019,-0.28,
110,-0.269,0.083,
111,-0.362,-0.004,
112,-0.241,0.264,
113,-0.018,0.112,
114,0.133,0.347,
115,-0.321,0.292,
116,-0.136,-0.034,
117,0.247,0.345,
118,0.185,-0.194,
119,-0.019,0.064,
120,-0.05,-0.056,
121,-0.122,0.039,
122,0.02,-0.277,
123,-0.333,0.012,
124,-0.098,0.441,
125,0.044,-0.259,
126,0.114,-0.196,
127,-0.072,0.059,
128,-0.282,0.335,
129,0.498,0.251,
130,-0.274,-0.413,
131,0.062,0.394,
132,-0.206,0.225,
133,-0.195,0.092,
134,-0.389,-0.19,
135,-0.048,0.14,
136,-0.306,-0.242,
137,-0.198,0.263,
138,0.155,0.094,
139,0.056,-0.379,
140,-0.127,0.005,
141,-0.332,0.177,
142,-0.066,-0.073,
143,0.053,-0.298,
144,0.871,-0.772,
145,0.018,-0.235,
146,-0.459,-0.069,
147,-0.46,0.004,
148,-0.108,0.029,
149,-0.056,0.001,
150,-0.199,0.029,
151,-0.365,0.436,
152,-0.286,-0.086,
153,-0.014,-0.151,
154,0.545,0.155,
155,0.101,0.059,
156,-0.256,0.437,
157,0.069,0.05,
158,-0.179,0.181,
159,-0.272,0.073,
160,0.016,0.048,
161,-0.005,-0.187,
162,-0.538,0.178,
163,0.493,-0.322,
