1,-0.168,-0.771,
2,-0.137,-1.193,
3,-0.456,-1.181,
4,-0.511,-0.64,
5,0.076,-0.435,
6,-1.245,-0.545,
7,-0.117,-0.316,
8,0.005,-1.017,
9,-0.317,-1.275,
10,-0.893,-0.187,
11,0.265,-0.642,
12,0.298,-0.687,
13,0.299,-0.26,
14,-0.729,-0.769,
15,-0.587,-0.758,
16,-0.206,-0.952,
17,-1.168,-1.414,
18,-0.078,-0.992,
19,-0.135,-0.509,
20,-0.067,-0.546,
21,-0.212,-1.083,
22,-0.303,-0.685,
23,-0.482,-1.322,
24,0.443,-1.062,
25,-0.46,-0.65,
26,-0.461,-0.341,
27,-0.073,-0.836,
28,0.251,-0.606,
29,0.2,-0.464,
30,0.516,-0.237,
31,-0.265,-0.507,
32,0.059,-1.008,
33,-0.914,-1.152,
34,-0.741,-1.494,
35,0.005,-0.292,
36,-0.302,-0.421,
37,-0.069,-0.645,
38,-0.041,-0.832,
39,-0.48,-0.836,
40,-0.102,-1.385,
41,0.164,-0.197,
42,-0.004,0.03,
43,-0.185,0.123,
44,-0.296,-0.671,
45,-0.095,-0.802,
46,-0.516,-0.528,
47,-0.68,-0.974,
48,0.341,-0.543,
49,-0.288,-1.072,
50,-0.576,-1.135,
51,-0.164,-0.981,
52,-0.368,-0.64,
53,-0.225,-0.623,
54,-0.398,-0.45,
55,-0.876,-1.413,
56,-0.284,-0.595,
57,-0.091,-0.932,
58,-0.609,-0.368,
59,-0.547,-1.15,
60,-0.167,-0.797,
61,-0.434,-0.51,
62,0.16,-0.715,
63,0.112,-0.595,
64,-0.827,-1.009,
65,0.266,-0.92,
66,0.188,-0.197,
67,-1.26,-0.461,
68,-0.219,-0.697,
69,-0.278,-0.155,
70,-0.047,-0.568,
71,-0.217,-0.946,
72,-0.038,-0.894,
73,-0.186,-0.807,
74,0.167,-0.65,
75,0.17,-0.687,
76,-0.773,-0.806,
77,-0.175,-0.773,
78,-0.45,0.166,
79,-0.957,-0.54,
80,0.219,-1.336,
81,-0.267,-0.923,
82,-0.18,-0.203,
83,-0.12,-0.567,
84,-0.316,-0.7,
85,0.138,-0.746,
86,-0.195,0.202,
87,-0.33,-1.077,
88,0.239,-0.29,
89,-0.179,-0.914,
90,-0.429,-0.834,
91,-0.692,-0.348,
92,-0.363,-0.844,
93,-0.392,-0.063,
94,-0.521,0.295,
95,0.08,-1.035,
96,-0.358,-0.966,
97,-0.097,-0.667,
98,-0.977,-1.639,
99,-0.418,-0.697,
100,-0.588,-1.175,
101,-0.178,-0.34,
102,-0.512,-1.091,
103,-0.472,-0.754,
104,-0.658,-0.555,
105,-0.716,-1.023,
106,-0.021,-0.368,
107,-0.165,0.151,
108,-0.501,-1.144,
109,-0.144,-1.179,
110,-0.086,-0.802,
111,-0.304,-0.049,
112,-0.868,-1.34,
113,-0.155,-0.825,
114,-0.323,-1.055,
115,-0.356,-2.013,
116,-0.132,-1.216,
117,0.392,-0.809,
118,-0.142,-0.899,
119,-0.045,-0.943,
120,-0.245,-0.833,
121,-0.322,-0.79,
122,0.133,-0.44,
123,-0.582,-1.569,
124,-0.085,-1.043,
125,-0.442,-1.127,
126,0.093,-0.656,
127,0.077,-1.361,
128,-0.271,-0.644,
129,-0.398,-0.739,
130,-0.31,-0.579,
131,-0.193,0.042,
132,-0.293,-0.156,
133,-0.692,-0.686,
134,-0.412,-0.632,
135,-0.932,-1.254,
136,-0.415,-0.845,
137,-0.237,-0.347,
138,-0.501,-0.596,
139,-0.968,-1.225,
140,-0.317,-1.002,
141,-0.865,-1.26,
142,-0.364,-1.309,
143,-0.416,-0.196,
144,-0.784,-0.808,
145,-0.744,-1.208,
146,0.38,0.005,
147,-0.154,-0.772,
148,-0.929,-0.47,
149,-0.372,-2.034,
150,-1.839,-1.531,
151,0.369,-0.319,
152,-1.117,-0.303,
153,-0.024,-0.953,
154,-0.743,-0.638,
155,-0.722,-0.982,
156,-0.203,-0.398,
157,-0.752,-0.952,
158,-0.092,-0.683,
159,-0.325,-0.724,
160,-0.843,-0.48,
161,-0.422,-0.6,
162,-0.165,-0.39,
163,0.536,-1.238,
