1,-0.561,-0.446,
2,-0.558,-0.202,
3,0.551,-0.71,
4,-0.485,0.308,
5,0.057,-0.481,
6,0.014,0.247,
7,0.5,-0.228,
8,-0.199,-0.861,
9,2.104,0.013,
10,0.036,-0.225,
11,-0.203,-0.609,
12,0.518,0.174,
13,0.157,0.213,
14,-0.001,-0.371,
15,-0.604,0.319,
16,0.802,-0.253,
17,-0.258,-0.714,
18,0.319,0.376,
19,-0.62,0.635,
20,-0.097,0.217,
21,0.004,-0.012,
22,0.141,0.158,
23,0.219,-1.317,
24,-0.106,-0.664,
25,0.422,-0.676,
26,-1.469,-1.13,
27,-1.145,-0.429,
28,0.705,-0.077,
29,0.225,0.786,
30,0.787,0.191,
31,-0.307,-0.67,
32,0.46,-0.38,
33,-0.888,-0.328,
34,0.247,-1.346,
35,-0.211,-0.022,
36,0.647,0.248,
37,0.861,0.347,
38,0.552,-0.329,
39,0.43,-0.345,
40,0.75,-0.34,
41,0.399,0.998,
42,0.15,0.63,
43,0.438,0.937,
44,0.06,-0.863,
45,-0.222,-0.008,
46,-0.389,0.093,
47,0.093,0.843,
48,-0.47,-0.703,
49,0.214,-0.679,
50,0.821,0.396,
51,-0.533,-0.997,
52,-0.598,0.674,
53,-0.632,1.073,
54,-0.737,-0.167,
55,-0.502,0.138,
56,-0.634,0.212,
57,0.323,-0.032,
58,-1.258,0.165,
59,0.017,-0.575,
60,0.058,0.028,
61,-0.756,-0.076,
62,0.392,-0.312,
63,1.029,1.15,
64,0.065,0.812,
65,0.285,0.224,
66,0.759,0.204,
67,0.879,0.858,
68,0.282,-0.259,
69,0.199,-0.006,
70,0.857,-0.531,
71,0.891,-0.45,
72,0.125,-1.078,
73,1.446,0.057,
74,1.358,-0.123,
75,0.303,0.741,
76,0.075,-1.323,
77,0.254,1.552,
78,0.433,0.624,
79,0.794,0.833,
80,0.227,0.638,
81,-0.542,-0.674,
82,-0.068,0.782,
83,0.125,0.156,
84,0.267,0.195,
85,0.304,0.009,
86,0.947,-0.309,
87,-0.034,-0.293,
88,0.332,0.426,
89,-1.229,0.204,
90,-0.846,0.696,
91,-0.081,0.119,
92,-0.043,-0.031,
93,1.035,1.236,
94,-0.629,1.464,
95,1.122,-0.358,
96,0.018,-0.72,
97,-0.537,-0.181,
98,-0.079,-1.419,
99,0.624,0.008,
100,0.279,-1.119,
101,-0.135,-0.277,
102,-0.442,-0.609,
103,0.06,-1.073,
104,0.759,-0.595,
105,-0.673,0.872,
106,0.338,-0.862,
107,-0.321,-0.298,
108,0.787,-0.855,
109,0.287,-1.344,
110,-1.149,-2.196,
111,0.211,-0.15,
112,1.471,-0.021,
113,0.271,-0.02,
114,-0.054,-0.01,
115,-0.005,0.218,
116,-0.342,-0.22,
117,1.668,-0.223,
118,0.077,-0.046,
119,0.306,-0.123,
120,-0.247,0.024,
121,-0.004,-0.104,
122,0.204,0.089,
123,0.1,-0.46,
124,-0.758,-0.468,
125,0.378,0.192,
126,0.223,-0.339,
127,0.489,-0.221,
128,-0.546,0.464,
129,0.253,0.036,
130,-0.196,0.02,
131,0.679,-0.321,
132,-0.06,0.781,
133,0.098,-0.98,
134,-0.491,0.647,
135,-0.72,-0.269,
136,0.055,-0.385,
137,0.769,0.318,
138,-0.094,0.083,
139,-0.359,0.489,
140,-0.831,-0.259,
141,-0.425,0.274,
142,0.744,-0.622,
143,0.051,-0.159,
144,0.592,-0.853,
145,-0.606,0.595,
146,-0.358,-0.008,
147,-0.044,0.238,
148,-1.421,-0.408,
149,0.09,-0.511,
150,0.608,-1.401,
151,-0.243,0.205,
152,0.581,-0.658,
153,0.168,0.001,
154,-1.142,0.409,
155,-0.176,-0.467,
156,0.645,0.71,
157,0.41,0.006,
158,-0.015,-0.145,
159,0.262,0.73,
160,-0.575,0.026,
161,-0.256,0.013,
162,0.926,0.663,
163,0.233,-0.593,
