1,-0.491,-1.222,
2,1.203,-1.124,
3,1.565,0.692,
4,1.044,0.978,
5,0.267,1.178,
6,-0.656,-0.448,
7,0.949,0.556,
8,-0.363,0.509,
9,-1.467,0.832,
10,1.815,-0.574,
11,-0.304,1.743,
12,0.198,0.108,
13,0.024,0.99,
14,1.125,1.451,
15,-0.199,-0.79,
16,0.272,1.516,
17,-1.789,-0.219,
18,0.945,-0.225,
19,0.421,0.098,
20,-0.504,-0.744,
21,0.73,-0.964,
22,-0.357,-1.168,
23,0.332,0.315,
24,-0.679,0.881,
25,0.006,0.354,
26,0.29,-0.013,
27,0.328,-0.627,
28,-1.05,0.552,
29,1.663,1.599,
30,1.029,-0.803,
31,0.259,-1.85,
32,-0.439,-1.435,
33,-0.322,0.555,
34,-0.925,-1.119,
35,-2.256,-0.499,
36,-0.16,2.507,
37,-0.352,0.963,
38,1.289,-0.046,
39,0.034,0.009,
40,0.165,-1.711,
41,0.2,0.55,
42,-1.187,-0.405,
43,-1.508,0.797,
44,-0.929,0.321,
45,-1.73,0.526,
46,0.598,-0.276,
47,-1.289,0.024,
48,0.369,0.122,
49,-0.012,-1.211,
50,-0.359,0.244,
51,0.381,-0.127,
52,-1.196,-1.594,
53,0.438,-1.745,
54,0.334,-1.97,
55,0.175,0.783,
56,-0.022,0.277,
57,-0.809,0.275,
58,0.717,-0.422,
59,-0.024,1.547,
60,-0.747,0.424,
61,-0.448,-1.852,
62,1.154,0.975,
63,0.11,0.617,
64,-0.148,1.363,
65,-1.335,-1.025,
66,0.008,0.469,
67,-0.05,0.229,
68,1.192,0.253,
69,0.18,0.38,
70,-0.414,-1.941,
71,-0.145,1.485,
72,0.078,-0.642,
73,-0.125,-0.806,
74,-0.262,0.081,
75,1.38,-1.007,
76,-0.011,-0.334,
77,-0.178,0.79,
78,-0.374,0.915,
79,-0.314,0.316,
80,0.484,-0.135,
81,0.436,0.25,
82,0.311,-0.316,
83,-1.808,-0.129,
84,0.878,0.016,
85,-0.14,-0.219,
86,0.241,2.356,
87,0.219,-0.192,
88,0.598,-0.234,
89,0.344,-1.203,
90,1.016,1.34,
91,1.844,-0.179,
92,0.115,-1.256,
93,0.187,-1.239,
94,0.387,0.275,
95,-0.702,0.486,
96,-0.121,0.319,
97,-0.313,0.473,
98,0.44,-2.174,
99,0.883,0.642,
100,-1.234,2.283,
101,0.655,-0.527,
102,-1.12,0.9,
103,2.188,-0.429,
104,0.449,2.021,
105,0.151,-0.446,
106,0.39,-0.006,
107,-1.169,1.392,
108,-0.758,-0.186,
109,0.01,0.432,
110,2.063,-0.6,
111,-0.053,1.549,
112,0.005,-0.251,
113,0.464,0.817,
114,0.842,0.352,
115,-0.082,1.225,
116,0.937,-0.142,
117,1.612,0.801,
118,0.72,-0.185,
119,1.219,1.143,
120,-0.785,-0.742,
121,1.147,0.424,
122,0.828,-1.122,
123,-1.158,-1.188,
124,1.017,0.108,
125,0.896,-1.209,
126,-1.213,-0.499,
127,-1.067,-0.203,
128,-0.166,0.797,
129,-0.02,-0.69,
130,-0.398,0.216,
131,1.149,0.011,
132,0.489,0.828,
133,-1.002,0.865,
134,-0.007,0.156,
135,-0.838,0.828,
136,-0.197,-0.699,
137,-1.767,1.424,
138,-1.183,-0.662,
139,0.16,0.142,
140,0.323,-0.472,
141,-0.029,0.371,
142,-0.201,-0.056,
143,-0.571,1.543,
144,0.56,-0.051,
145,0.341,-0.439,
146,-0.386,-0.062,
147,-0.737,-0.428,
148,-0.208,0.166,
149,-0.367,-0.703,
150,-1.287,-0.433,
151,-0.976,0.419,
152,0.388,-0.287,
153,-1.279,-0.201,
154,-1.653,0.997,
155,0.287,0.863,
156,-0.452,-1.942,
157,-0.178,-1.882,
158,0.491,0.289,
159,3.104,-1.064,
160,1.496,1.66,
161,1.445,0.4,
162,0.059,-0.791,
163,0.168,-0.609,
