1,0.091,0.138,
2,0.249,-0.45,
3,-0.368,-0.025,
4,0.224,-0.103,
5,0.138,0.541,
6,-1.361,0.199,
7,0.343,0.759,
8,0.363,0.161,
9,-0.157,-0.576,
10,0.225,0.31,
11,0.289,0.7,
12,0.265,-0.364,
13,0.872,0.02,
14,-0.487,-0.185,
15,-0.061,0.057,
16,0.125,-0.342,
17,-0.225,0.213,
18,-0.087,-0.304,
19,0.273,0.111,
20,0.415,0.543,
21,0.089,0.097,
22,-0.194,0.055,
23,0.162,-0.304,
24,-0.121,0.191,
25,-0.13,0.331,
26,0.414,0.603,
27,0.121,-0.198,
28,0.193,0.193,
29,-0.06,0.199,
30,-0.011,0.491,
31,0.169,0.769,
32,0.088,-0.236,
33,-0.004,0.01,
34,-0.625,0.006,
35,0.147,0.708,
36,-0.778,0.522,
37,0.138,0.076,
38,-0.236,-0.18,
39,-0.11,0.215,
40,-0.015,0.159,
41,0.39,0.278,
42,0.787,0.636,
43,0.06,0.145,
44,0.225,0.212,
45,0.065,0.014,
46,-0.124,-0.055,
47,-0.604,-0.355,
48,0.636,-0.052,
49,-0.214,-0.522,
50,-0.375,-0.364,
51,0.126,-0.248,
52,0.165,0.146,
53,0.512,-0.593,
54,0.383,0.326,
55,-0.324,-0.467,
56,-0.438,0.303,
57,0.127,-0.194,
58,0.016,0.444,
59,0.14,-0.315,
60,0.15,-0.126,
61,0.103,-0.001,
62,0.1,-0.134,
63,-0.125,0.484,
64,-0.296,-0.393,
65,0.228,-0.001,
66,0.308,0.732,
67,-0.36,-0.404,
68,0.224,0.155,
69,0.1,0.819,
70,0.055,0.132,
71,-0.145,-0.293,
72,0.376,0.057,
73,-0.457,0.138,
74,0.369,0.192,
75,-0.113,-0.158,
76,-0.101,0.329,
77,-0.175,-0.263,
78,-0.26,-0.019,
79,-0.809,0.13,
80,-0.12,-0.656,
81,-0.124,0.161,
82,0.139,0.217,
83,0.296,0.185,
84,-0.251,-0.046,
85,-0.178,0.046,
86,0.006,0.421,
87,0.319,-0.814,
88,0.17,-0.008,
89,0.249,0.057,
90,0.349,-0.129,
91,-0.047,0.62,
92,0.117,-0.142,
93,-0.371,0.471,
94,-0.179,0.36,
95,0.122,-0.104,
96,-0.059,-0.197,
97,0.419,0.144,
98,-0.434,-0.837,
99,0,0.054,
100,-0.644,-0.301,
101,0.109,0.413,
102,-0.261,-0.103,
103,-0.244,0.22,
104,-0.008,-0.008,
105,-0.364,-0.306,
106,-0.015,0.119,
107,0.423,1.049,
108,0.05,-0.273,
109,-0.071,-0.124,
110,-0.045,0.378,
111,-0.042,0.35,
112,-0.758,-0.09,
113,0.002,-0.153,
114,-0.098,-0.256,
115,0.036,-1.37,
116,-0.191,-0.129,
117,0.743,-0.025,
118,-0.013,-0.277,
119,-0.231,0.112,
120,0.201,-0.492,
121,-0.039,0.392,
122,0.236,0.154,
123,-0.365,-0.895,
124,0.562,-0.342,
125,-0.207,-0.432,
126,0.119,-0.127,
127,0.658,-0.206,
128,-0.054,0.301,
129,0.05,0.306,
130,0.202,0.065,
131,0.412,1.096,
132,-0.522,0.205,
133,-0.4,-0.372,
134,-0.072,0.269,
135,-0.276,-0.375,
136,-0.213,0.074,
137,-0.472,-0.036,
138,-0.334,0.273,
139,-0.318,-0.65,
140,0.065,0.201,
141,-0.296,-0.559,
142,-0.266,-0.487,
143,0.035,0.451,
144,-0.118,0.446,
145,-0.275,-0.434,
146,0.748,0.347,
147,0.013,-0.198,
148,-0.543,0.16,
149,0.278,-1.591,
150,-1.056,-0.102,
151,0.789,0.427,
152,-0.266,0.416,
153,0.415,-0.1,
154,-0.122,-0.045,
155,-0.254,-0.194,
156,-0.238,0.303,
157,0.02,-0.249,
158,0.257,0.338,
159,-0.208,-0.15,
160,-0.038,0.265,
161,0.208,-0.126,
162,0.186,-0.03,
163,0.792,-0.509,
