1,0.797,-0.413,
2,1.287,-1.593,
3,0.942,0.441,
4,1.007,0.555,
5,1.079,0.948,
6,-0.535,0.611,
7,1.233,1.23,
8,0.422,1.059,
9,-0.632,0.372,
10,1.425,0.717,
11,0.456,1.882,
12,0.514,0.068,
13,0.778,0.66,
14,0.734,0.265,
15,-0.221,0.792,
16,0.802,0.732,
17,-1.074,0.3,
18,0.988,-0.245,
19,0.585,0.897,
20,0.172,-0.149,
21,1.012,-0.484,
22,0.205,-0.196,
23,0.425,0.761,
24,0.17,0.663,
25,-0.226,0.609,
26,0.418,0.48,
27,0.594,0.23,
28,-0.524,0.951,
29,1.128,1.065,
30,1.365,0.164,
31,0.345,0.112,
32,0.826,-0.265,
33,0.065,0.541,
34,-0.626,-0.991,
35,-0.51,0.301,
36,-0.042,1.666,
37,-0.004,1.384,
38,1.431,1.014,
39,0.379,0.473,
40,0.772,-0.538,
41,1.061,0.919,
42,0.115,0.933,
43,0.031,1.06,
44,0.448,0.918,
45,-0.273,0.948,
46,0.987,0.013,
47,-0.689,0.088,
48,1.115,0.063,
49,-1.185,-0.874,
50,-0.207,0.32,
51,1.494,0.006,
52,-0.664,-0.44,
53,0.713,-0.433,
54,0.327,-0.208,
55,0.39,0.463,
56,-0.046,1.353,
57,-0.043,0.94,
58,0.538,0.714,
59,0.284,1.345,
60,0.358,0.525,
61,0.13,0.078,
62,0.505,0.683,
63,0.152,0.731,
64,0.219,0.478,
65,-0.578,-0.673,
66,0.546,0.891,
67,0.147,-0.617,
68,1.621,0.274,
69,0.056,1.188,
70,-0.344,-0.731,
71,0.569,1.417,
72,0.283,0.275,
73,-0.028,0.356,
74,0.303,0.474,
75,0.458,-0.061,
76,0.088,0.088,
77,0.003,0.525,
78,0.37,1.002,
79,-0.422,0.612,
80,0.254,0.477,
81,0.806,0.884,
82,0.494,0.612,
83,-0.638,0.32,
84,0.238,0.45,
85,0.55,0.361,
86,0.823,2.401,
87,0.339,-0.17,
88,1.21,0.284,
89,0.981,-0.46,
90,0.786,1.358,
91,2.204,0.281,
92,0.079,-0.353,
93,-0.142,0.532,
94,0.001,0.62,
95,0.146,0.337,
96,0.163,0.472,
97,0.786,0.605,
98,0.367,-2.11,
99,1.043,0.847,
100,-0.67,1.311,
101,0.958,0.155,
102,-0.472,0.128,
103,1.162,0.311,
104,0.15,1.298,
105,0.121,0.203,
106,1.006,1.181,
107,-0.069,1.425,
108,-0.174,-0.001,
109,0.722,0.701,
110,1.685,0.228,
111,-0.045,1.234,
112,-0.519,0.099,
113,0.783,0.464,
114,1.492,0.272,
115,0.495,-0.021,
116,0.606,0.033,
117,1.482,0.956,
118,0.645,0.354,
119,1.087,0.979,
120,0.143,-0.081,
121,0.806,0.831,
122,0.807,-0.523,
123,-0.476,-0.966,
124,0.731,0.137,
125,0.9,-0.41,
126,0.898,-0.568,
127,-0.444,0.388,
128,0.064,1.082,
129,0.317,0.317,
130,0.548,0.217,
131,1.578,0.855,
132,0.444,0.622,
133,-0.374,0.701,
134,0.426,0.386,
135,0.095,0.988,
136,0.345,0.087,
137,-0.598,1.085,
138,-0.175,0.326,
139,-0.167,0.148,
140,0.503,0.174,
141,-0.111,0.401,
142,0.308,0.204,
143,-0.519,1.838,
144,0.159,0.528,
145,0.571,-0.28,
146,-0.237,0.966,
147,0.144,0.181,
148,-0.119,0.393,
149,0.238,-1.416,
150,-1.326,1.179,
151,0.336,1.122,
152,0.328,0.621,
153,-0.508,0.155,
154,-0.182,0.788,
155,0.292,1.681,
156,0.308,-0.18,
157,-0.391,-1.021,
158,1.146,0.268,
159,2.283,-0.672,
160,0.666,1.418,
161,1.204,0.449,
162,0.708,-0.379,
163,0.529,0.084,
