1,0.841,0.479,
2,-0.49,1.017,
3,0.665,0.08,
4,-0.672,-1.459,
5,-1.401,1.689,
6,2.005,-1.501,
7,2.124,0.499,
8,0.501,-1.951,
9,-0.704,-1.105,
10,0.187,-1.347,
11,-0.698,0.845,
12,-0.954,-0.519,
13,1.024,0.039,
14,-1.045,-0.271,
15,-0.672,0.002,
16,-0.163,1.754,
17,-0.875,0.545,
18,0.744,0.085,
19,-0.432,-1.14,
20,-0.225,-1.347,
21,-0.403,-0.455,
22,-0.631,-0.744,
23,0.41,0.403,
24,-0.101,0.82,
25,2.084,-1.218,
26,-0.076,1.362,
27,0.117,0.717,
28,-0.505,1.098,
29,0.693,0.583,
30,-1.325,-0.621,
31,0.42,1.297,
32,0.137,0.983,
33,-1.202,-2.106,
34,-2.322,0.72,
35,0.479,0.951,
36,0.293,0.971,
37,-0.336,-0.048,
38,0.389,-0.46,
39,0.501,0.427,
40,0.642,-0.731,
41,0.926,-1.195,
42,1.239,2.081,
43,-0.532,-0.508,
44,0.303,0.865,
45,-1.094,1.158,
46,0.236,-0.247,
47,-1.371,0.716,
48,0.274,0.355,
49,0.854,0.468,
50,-0.062,0.648,
51,0.613,1.347,
52,-0.433,-0.036,
53,0.832,0.197,
54,0.856,-0.163,
55,1.437,-0.501,
56,0.332,0.833,
57,1.959,0.452,
58,1.507,2.199,
59,1.137,0.961,
60,-0.361,0.953,
61,-0.847,-0.187,
62,1.023,-0.247,
63,-0.631,0.481,
64,0.129,-1.182,
65,0.16,0.029,
66,-0.039,0.673,
67,-0.051,0.321,
68,0.699,1.116,
69,-0.836,1.854,
70,-0.221,0.173,
71,0.51,0.808,
72,0.878,1.611,
73,0.315,-1.036,
74,-0.564,0.581,
75,-1.59,0.768,
76,1.38,0.415,
77,0.867,2.961,
78,0.69,1.1,
79,-1.445,-1.509,
80,0.666,0.479,
81,-0.549,1.461,
82,0.205,0.201,
83,0.438,0.878,
84,-0.854,-1.497,
85,0.647,0.744,
86,0.096,0.422,
87,0.861,1.083,
88,0.037,-0.403,
89,0.869,-0.031,
90,-0.34,1.135,
91,0.767,0.873,
92,-0.174,-0.058,
93,-0.712,0.106,
94,-0.651,0.914,
95,0.428,-1.456,
96,-0.417,-0.105,
97,-1.338,-0.565,
98,-0.246,-1.055,
99,0.604,-1.689,
100,0.349,0.461,
101,-0.21,1.245,
102,-0.927,-0.684,
103,-1.018,2.199,
104,1.014,-0.35,
105,-1.044,0.196,
106,-0.577,-0.545,
107,-2.257,-0.005,
108,1.091,-1.043,
109,-0.809,-0.422,
110,1.189,0.042,
111,0.398,0.185,
112,0.796,-0.016,
113,2.153,0.057,
114,0.115,-0.805,
115,0.263,-0.716,
116,2.007,0.922,
117,0.948,1.129,
118,1.388,-0.554,
119,0.671,-0.368,
120,-0.161,-0.668,
121,-0.209,-0.382,
122,1.392,-0.126,
123,-0.749,-1.211,
124,0.813,0.403,
125,-1.197,-0.87,
126,-0.021,-0.06,
127,-1.653,0.615,
128,-0.247,0.134,
129,-0.179,-0.537,
130,0.437,-2.274,
131,2.376,-0.148,
132,0.289,0.309,
133,0.343,0.382,
134,-0.423,-1.299,
135,3.345,-0.549,
136,2.987,0.974,
137,1.669,-0.42,
138,0.578,-0.032,
139,0.051,-1.023,
140,-1.307,1.913,
141,-0.483,-0.057,
142,-1.601,-0.322,
143,0.094,-1.129,
144,-0.322,1.296,
145,-1.046,0.48,
146,-1.124,1.173,
147,-1.402,1.142,
148,-2.264,-0.619,
149,-1.577,0.831,
150,-1.416,-0.308,
151,0.638,-0.668,
152,-1.5,0.052,
153,-1.513,0.795,
154,-0.262,-0.367,
155,0.369,0.821,
156,-0.996,0.908,
157,0.175,-1.666,
158,1.448,-0.121,
159,0.844,-0.611,
160,-0.208,-0.197,
161,-0.411,0.602,
162,0.101,1.871,
163,2,2.61,
