1,-2.242,-2.689,
2,0.871,-0.683,
3,-1.144,-0.813,
4,0.164,-0.524,
5,-0.121,-1.857,
6,-0.389,1.624,
7,1.908,0.77,
8,0.648,-0.395,
9,-1.279,-0.282,
10,0.211,-0.669,
11,0.439,2.242,
12,-1.377,-2.1,
13,1.879,0.946,
14,-0.043,-1.021,
15,-1.77,-0.31,
16,0.691,-2.279,
17,0.184,-0.061,
18,0.106,-0.485,
19,1.112,0.984,
20,2.598,1.023,
21,0.59,0.305,
22,1.183,0.717,
23,0.266,-0.581,
24,0.065,0.34,
25,-0.459,2.486,
26,0.398,-0.324,
27,-0.074,-0.401,
28,0.68,0.19,
29,-0.182,-1.988,
30,0.659,0.471,
31,0.679,0.53,
32,-0.139,-1.065,
33,-0.138,-0.619,
34,-2.262,1.513,
35,-2.042,-0.898,
36,-0.431,0.738,
37,0.625,0.282,
38,-0.149,-1.055,
39,0.637,0.476,
40,-1.075,1.767,
41,0.309,0.626,
42,0.536,0.402,
43,0.082,1.596,
44,-0.207,-0.18,
45,-0.167,0.285,
46,-2.299,-0.919,
47,0.192,0.867,
48,-1.525,-0.769,
49,-0.722,-1.805,
50,-1.149,-0.795,
51,-0.829,0.001,
52,0.561,1.076,
53,-0.145,-0.71,
54,1.614,-0.583,
55,-0.223,0.612,
56,-0.222,0.659,
57,-0.453,-0.413,
58,0.678,0.458,
59,1.635,0.92,
60,0.089,-0.308,
61,-0.072,-0.518,
62,-1.516,0.784,
63,-0.992,1.286,
64,0.058,0.172,
65,-0.164,0.095,
66,0.4,0.397,
67,-0.589,-0.882,
68,-0.02,0.736,
69,-1.496,0.331,
70,-0.198,-0.431,
71,0.031,-0.763,
72,0.547,-0.869,
73,-0.545,-0.265,
74,-0.046,-0.185,
75,-2.179,-0.07,
76,0.041,0.21,
77,0.082,-0.069,
78,-0.136,0.446,
79,-1.054,-0.191,
80,-1.182,-0.292,
81,-0.432,1.472,
82,-0.856,-1.222,
83,-2.266,-0.286,
84,1.373,0.215,
85,-0.741,-0.103,
86,-0.211,-0.336,
87,0.904,0.183,
88,0.204,0.865,
89,0.587,0.325,
90,-0.612,0.331,
91,0.219,1.219,
92,0.884,-1.534,
93,2.325,-0.111,
94,0.201,1.056,
95,0.505,1.904,
96,-0.902,1.071,
97,1.356,1.038,
98,0.249,-0.103,
99,0.47,0.579,
100,-1.428,0.411,
101,0.377,0.4,
102,-0.64,-1.083,
103,-0.492,-1.46,
104,-1.05,-0.223,
105,1.326,0.481,
106,-0.573,-1.137,
107,-0.296,0.215,
108,0.512,0.228,
109,0.035,-0.076,
110,-2.066,0.927,
111,-1.146,0.991,
112,-1.193,1.893,
113,0.86,-0.324,
114,0.262,0.861,
115,-0.982,0.754,
116,0.146,-0.649,
117,1.48,0.258,
118,0.687,-0.72,
119,-0.482,0.03,
120,-0.008,-0.749,
121,0.128,2.01,
122,-0.564,-0.094,
123,-0.728,-0.897,
124,-0.24,0.552,
125,-0.719,-0.837,
126,0.108,-0.504,
127,-0.279,0.712,
128,-0.25,-0.239,
129,0.425,1.304,
130,-1.039,-1.495,
131,0.695,2.16,
132,-0.527,1.587,
133,-0.376,0.347,
134,-1.12,-0.767,
135,-1.187,0.612,
136,-2.116,-0.783,
137,-0.937,0.773,
138,-0.667,-0.048,
139,0.755,-0.988,
140,-0.214,0.094,
141,-0.169,-0.779,
142,-0.138,0.266,
143,-0.397,-0.595,
144,0.302,-0.212,
145,-0.196,-1.271,
146,-1.132,-0.426,
147,-1.73,-0.998,
148,-0.768,-0.422,
149,1.453,-0.61,
150,-0.673,-0.012,
151,-0.945,0.76,
152,-1.053,-0.13,
153,0.15,0.424,
154,1.577,0.508,
155,-0.29,0.292,
156,-0.173,-0.053,
157,-0.815,-0.662,
158,-1.63,-0.984,
159,0.234,-0.042,
160,0.504,-0.814,
161,-1.623,-0.369,
162,-1.074,-0.437,
163,0.484,-0.793,
