1,0.079,0.103,
2,0.248,-0.427,
3,-0.364,0.012,
4,0.233,-0.07,
5,0.069,0.608,
6,-1.332,0.139,
7,0.277,0.682,
8,0.365,0.155,
9,-0.13,-0.564,
10,0.276,0.304,
11,0.258,0.711,
12,0.274,-0.331,
13,0.863,0.042,
14,-0.524,-0.155,
15,-0.014,0.011,
16,0.136,-0.328,
17,-0.196,0.235,
18,-0.091,-0.311,
19,0.297,0.084,
20,0.431,0.547,
21,0.099,0.103,
22,-0.2,0.046,
23,0.15,-0.294,
24,-0.15,0.236,
25,-0.168,0.327,
26,0.447,0.632,
27,0.117,-0.198,
28,0.174,0.175,
29,-0.053,0.195,
30,-0.033,0.479,
31,0.178,0.788,
32,0.099,-0.224,
33,0.001,0.006,
34,-0.6,0.021,
35,0.13,0.735,
36,-0.84,0.56,
37,0.156,0.082,
38,-0.261,-0.196,
39,-0.129,0.211,
40,-0.002,0.148,
41,0.391,0.272,
42,0.784,0.664,
43,0.043,0.139,
44,0.218,0.189,
45,0.059,-0.002,
46,-0.147,-0.071,
47,-0.627,-0.365,
48,0.613,-0.039,
49,-0.176,-0.517,
50,-0.366,-0.364,
51,0.126,-0.272,
52,0.172,0.147,
53,0.519,-0.584,
54,0.375,0.34,
55,-0.329,-0.447,
56,-0.457,0.289,
57,0.114,-0.22,
58,0.024,0.444,
59,0.147,-0.334,
60,0.148,-0.128,
61,0.062,-0.018,
62,0.067,-0.129,
63,-0.118,0.508,
64,-0.321,-0.429,
65,0.224,0.015,
66,0.309,0.743,
67,-0.347,-0.406,
68,0.227,0.144,
69,0.11,0.832,
70,0.06,0.146,
71,-0.135,-0.318,
72,0.379,0.075,
73,-0.444,0.149,
74,0.363,0.197,
75,-0.049,-0.161,
76,-0.11,0.37,
77,-0.171,-0.279,
78,-0.251,-0.037,
79,-0.798,0.131,
80,-0.116,-0.657,
81,-0.157,0.153,
82,0.141,0.214,
83,0.321,0.194,
84,-0.271,-0.052,
85,-0.2,0.033,
86,0.025,0.415,
87,0.323,-0.838,
88,0.127,0.015,
89,0.211,0.037,
90,0.394,-0.134,
91,-0.064,0.633,
92,0.118,-0.124,
93,-0.375,0.472,
94,-0.167,0.34,
95,0.11,-0.109,
96,-0.082,-0.206,
97,0.405,0.149,
98,-0.438,-0.862,
99,-0.011,0.06,
100,-0.671,-0.337,
101,0.09,0.415,
102,-0.218,-0.168,
103,-0.209,0.196,
104,0.019,-0.016,
105,-0.405,-0.304,
106,-0.006,0.119,
107,0.415,1.065,
108,0.067,-0.293,
109,-0.073,-0.131,
110,-0.074,0.369,
111,-0.055,0.363,
112,-0.755,-0.087,
113,-0.035,-0.16,
114,-0.114,-0.273,
115,0.001,-1.395,
116,-0.183,-0.128,
117,0.766,-0.041,
118,-0.033,-0.306,
119,-0.241,0.13,
120,0.215,-0.517,
121,-0.063,0.394,
122,0.216,0.161,
123,-0.369,-0.898,
124,0.574,-0.343,
125,-0.227,-0.411,
126,0.102,-0.123,
127,0.656,-0.205,
128,-0.026,0.284,
129,0.065,0.305,
130,0.199,0.09,
131,0.413,1.071,
132,-0.545,0.216,
133,-0.41,-0.398,
134,-0.05,0.268,
135,-0.276,-0.386,
136,-0.217,0.097,
137,-0.494,-0.067,
138,-0.357,0.274,
139,-0.306,-0.671,
140,0.077,0.23,
141,-0.301,-0.571,
142,-0.269,-0.489,
143,0.037,0.457,
144,-0.142,0.483,
145,-0.277,-0.409,
146,0.759,0.334,
147,0.005,-0.231,
148,-0.559,0.127,
149,0.279,-1.589,
150,-1.066,-0.137,
151,0.802,0.391,
152,-0.257,0.397,
153,0.434,-0.112,
154,-0.141,-0.061,
155,-0.263,-0.228,
156,-0.253,0.27,
157,-0.017,-0.192,
158,0.268,0.338,
159,-0.205,-0.194,
160,-0.027,0.24,
161,0.217,-0.156,
162,0.18,-0.061,
163,0.825,-0.479,
