1,-1.262,-2.152,
2,1.079,-1.383,
3,-1.076,-0.146,
4,0.295,0.564,
5,0.424,-0.978,
6,-0.867,1.321,
7,1.933,1.212,
8,0.658,0.072,
9,-0.656,-0.044,
10,0.244,0.338,
11,-0.598,0.897,
12,-0.509,-0.859,
13,0.789,0.853,
14,-0.365,-1.282,
15,-0.804,-0.491,
16,0.79,-1.896,
17,0.076,0.442,
18,0.063,0.019,
19,1.058,0.632,
20,2.121,0.283,
21,-0.023,-0.176,
22,0.707,0.595,
23,-0.051,-0.454,
24,-0.037,1.34,
25,-1.083,1.398,
26,0.576,0.327,
27,0.392,0.154,
28,0.282,0.055,
29,-0.222,-1.288,
30,0.182,0.274,
31,0.263,0.484,
32,0.425,-0.761,
33,0.453,-0.408,
34,-1.434,1.07,
35,-1.232,0.409,
36,-0.666,0.672,
37,0.362,0.159,
38,-0.545,-0.007,
39,-0.037,-0.511,
40,-0.25,0.747,
41,0.306,0.323,
42,0.845,0.539,
43,0.319,1.029,
44,0.092,0.015,
45,-0.207,-0.597,
46,-1.614,-0.941,
47,-0.702,0.01,
48,-0.778,-0.396,
49,-1.641,-1.633,
50,-0.493,-0.753,
51,-0.826,0.055,
52,0.238,0.395,
53,0.404,-1.216,
54,1.393,-0.692,
55,-0.304,0.326,
56,-0.504,0.643,
57,-0.713,0.116,
58,0.35,0.572,
59,0.462,-0.019,
60,-0.472,-0.075,
61,-0.218,-0.293,
62,-1.885,0.472,
63,-0.371,1.372,
64,-0.445,0.709,
65,0.208,-0.174,
66,0.234,0.5,
67,-0.351,-0.805,
68,0.207,0.531,
69,-0.561,0.338,
70,-0.302,-0.059,
71,-0.636,-1.834,
72,0.615,-0.254,
73,-0.397,-0.18,
74,0.003,0.143,
75,-1.31,-0.013,
76,-0.159,0.566,
77,0.233,-0.348,
78,-1.065,-0.811,
79,-0.978,0.233,
80,-0.693,-0.055,
81,-0.963,-0.065,
82,-0.264,-0.175,
83,-0.606,-0.216,
84,0.217,-0.264,
85,-0.753,-0.052,
86,-0.228,-0.052,
87,0.079,-0.374,
88,-0.357,1.157,
89,0.541,0.499,
90,0.215,0.082,
91,0.292,0.456,
92,0.253,-0.936,
93,-0.108,0.184,
94,0.011,0.491,
95,0.468,1.472,
96,-1.037,0.378,
97,0.55,0.64,
98,-0.007,-1.031,
99,0.023,0.596,
100,-2.053,0.141,
101,-0.099,0.402,
102,-0.332,-0.617,
103,-0.231,-1.213,
104,-0.033,-0.159,
105,-0.19,1.108,
106,-0.267,-0.287,
107,-0.247,-0.007,
108,-0.155,0.196,
109,0.124,-0.357,
110,-1.421,0.457,
111,-0.038,0.483,
112,-0.869,1.298,
113,1.785,0.002,
114,-0.364,0.093,
115,0.391,0.272,
116,0.365,-0.967,
117,0.922,-0.252,
118,-0.212,-0.302,
119,-0.249,0.294,
120,-0.006,-0.518,
121,0.32,0.937,
122,-0.573,-0.742,
123,-0.069,-0.663,
124,0.077,0.31,
125,-1.319,0.145,
126,1.049,-0.862,
127,-0.108,0.368,
128,-0.017,-0.132,
129,0.283,0.776,
130,-0.261,-0.186,
131,0.903,1.991,
132,-0.222,1.042,
133,-0.319,0.067,
134,-0.706,-0.005,
135,-1.05,0.512,
136,-1.225,-0.533,
137,-0.656,0.057,
138,-0.723,-0.116,
139,0.838,-0.125,
140,-0.16,-0.099,
141,-0.009,-0.93,
142,0.231,0.108,
143,0.109,-0.236,
144,-0.58,0.803,
145,0.328,-0.644,
146,-0.728,-0.351,
147,-1.228,-1.489,
148,-0.39,-0.043,
149,1.48,-1.129,
150,-0.687,-0.119,
151,0.19,0.136,
152,-0.415,-0.254,
153,0.401,1.175,
154,0.38,-0.049,
155,-0.388,-0.396,
156,0.149,-0.093,
157,-0.013,-0.883,
158,-1.832,-0.083,
159,0.12,0.272,
160,0.269,-0.491,
161,-1.184,-0.396,
162,0.03,-0.433,
163,0.904,-0.224,
