1,-0.084,-0.126,
2,0.464,-0.495,
3,-0.633,0.042,
4,0.377,0.061,
5,0.02,0.824,
6,-1.291,0.494,
7,0.589,0.946,
8,0.401,0.273,
9,-0.164,-0.515,
10,0.81,0.032,
11,0.095,1.03,
12,0.057,-0.408,
13,0.991,0.242,
14,-0.676,-0.285,
15,-0.112,0.222,
16,0.278,-0.52,
17,0.015,0.302,
18,-0.125,-0.487,
19,0.647,0.144,
20,1.017,0.976,
21,0.225,0.166,
22,-0.068,0.157,
23,0.114,-0.349,
24,-0.283,0.844,
25,-0.158,0.61,
26,0.626,0.706,
27,-0.015,-0.281,
28,0.19,0.157,
29,-0.032,0.143,
30,-0.078,0.369,
31,0.292,0.904,
32,0.196,-0.307,
33,0.01,0.073,
34,-0.805,0.403,
35,-0.22,0.737,
36,-1.255,0.869,
37,0.214,0.141,
38,-0.471,-0.436,
39,-0.214,0.377,
40,0.009,0.368,
41,0.384,0.277,
42,1.026,0.979,
43,-0.03,0.306,
44,0.049,-0.051,
45,-0.057,-0.417,
46,-0.515,-0.315,
47,-0.727,-0.234,
48,0.224,-0.134,
49,-0.227,-0.839,
50,-0.483,-0.518,
51,-0.005,-0.41,
52,0.264,0.262,
53,0.496,-1.091,
54,0.621,0.214,
55,-0.439,-0.106,
56,-0.665,0.455,
57,0.209,-0.348,
58,0.23,0.475,
59,0.62,-0.329,
60,0.186,-0.273,
61,0.001,-0.05,
62,-0.215,-0.122,
63,-0.359,1.059,
64,-0.283,-0.326,
65,0.242,0.075,
66,0.298,0.862,
67,-0.322,-0.597,
68,0.26,0.201,
69,-0.11,0.976,
70,0.1,0.177,
71,-0.292,-0.642,
72,0.426,0.027,
73,-0.516,0.103,
74,0.329,0.198,
75,-0.325,-0.155,
76,-0.059,0.451,
77,-0.138,-0.426,
78,-0.334,-0.177,
79,-0.771,0.138,
80,-0.235,-0.68,
81,-0.569,0.217,
82,-0.06,0.239,
83,0.32,0.175,
84,-0.345,-0.18,
85,-0.558,-0.078,
86,0.058,0.336,
87,0.465,-1.013,
88,-0.235,0.178,
89,0.367,0.108,
90,0.511,-0.058,
91,-0.136,0.811,
92,0.226,-0.179,
93,-0.231,0.34,
94,-0.073,0.266,
95,0.111,0.295,
96,-0.247,-0.072,
97,0.369,0.35,
98,-0.301,-0.966,
99,-0.194,0.321,
100,-1.38,-0.43,
101,0.171,0.502,
102,-0.399,-0.191,
103,-0.492,-0.018,
104,0.057,-0.089,
105,-0.705,-0.301,
106,-0.03,-0.038,
107,0.42,1.171,
108,0.119,-0.3,
109,-0.133,-0.204,
110,-0.916,0.529,
111,-0.143,0.587,
112,-0.753,0.307,
113,0.134,-0.275,
114,-0.165,-0.215,
115,-0.037,-1.265,
116,-0.229,-0.268,
117,1.202,-0.205,
118,-0.019,-0.413,
119,-0.397,0.279,
120,0.307,-0.806,
121,0.011,0.717,
122,-0.059,0.065,
123,-0.333,-0.934,
124,0.581,-0.308,
125,-0.394,-0.467,
126,0.051,-0.12,
127,0.75,0.047,
128,0.037,0.158,
129,0.108,0.659,
130,0.138,0.068,
131,0.563,1.192,
132,-0.587,0.562,
133,-0.522,-0.592,
134,-0.193,0.148,
135,-0.356,-0.349,
136,-0.576,0.171,
137,-0.676,-0.234,
138,-0.55,0.348,
139,-0.087,-0.81,
140,0.125,0.345,
141,-0.369,-0.669,
142,-0.381,-0.511,
143,-0.053,0.512,
144,0.011,0.711,
145,-0.333,-0.59,
146,0.503,0.103,
147,-0.303,-0.939,
148,-0.768,0.057,
149,0.906,-1.611,
150,-0.873,-0.46,
151,0.641,0.277,
152,-0.278,0.234,
153,0.582,0.181,
154,-0.107,-0.038,
155,-0.283,-0.347,
156,-0.223,0.026,
157,0.147,-0.355,
158,0.209,0.086,
159,-0.32,-0.295,
160,0.166,0.055,
161,-0.048,-0.27,
162,0.184,-0.288,
163,0.927,-0.466,
