1,-0.609,-1.01,
2,-0.873,-0.933,
3,0.341,-1.737,
4,-0.997,0.1,
5,0.321,-0.87,
6,-0.089,0.118,
7,0.48,-0.398,
8,-0.537,-1.633,
9,2.057,0.08,
10,-0.038,-0.345,
11,-0.072,-1.122,
12,0.616,0.019,
13,0.304,0.435,
14,-0.299,-0.625,
15,-0.97,0.208,
16,0.678,-0.522,
17,-0.675,-1.832,
18,0.572,-0.085,
19,-0.251,0.589,
20,0.007,0.298,
21,-0.08,-0.391,
22,0.086,0.163,
23,-0.105,-1.75,
24,0.478,-1.351,
25,0.52,-1.221,
26,-2.463,-1.725,
27,-1.431,-0.813,
28,1.298,-0.292,
29,0.646,0.854,
30,1.274,-0.115,
31,-0.481,-1.064,
32,0.618,-0.663,
33,-1.513,-0.973,
34,0.167,-2.128,
35,-0.132,-0.404,
36,0.927,-0.066,
37,0.976,0.352,
38,0.987,-0.621,
39,0.122,-0.352,
40,1.03,-0.825,
41,0.602,1.128,
42,0.137,1.236,
43,0.301,1.398,
44,-0.335,-1.295,
45,-0.293,-0.244,
46,-0.914,0.208,
47,-0.001,0.778,
48,-0.399,-0.952,
49,0.095,-1.306,
50,0.796,0.097,
51,-0.426,-1.518,
52,-0.934,0.671,
53,-1.011,1.277,
54,-1.275,-0.24,
55,-1.074,-0.18,
56,-0.72,-0.065,
57,0.425,-0.27,
58,-1.697,-0.005,
59,-0.174,-1.084,
60,0.217,-0.293,
61,-0.836,-0.138,
62,0.316,-0.64,
63,1.449,1.172,
64,-0.201,0.659,
65,0.578,0.024,
66,1.155,0.084,
67,0.43,0.85,
68,0.242,-0.387,
69,-0.13,0.066,
70,1.35,-0.634,
71,1.04,-0.752,
72,0.151,-1.661,
73,1.734,-0.336,
74,1.711,-0.364,
75,0.868,0.645,
76,-0.542,-1.858,
77,0.343,1.614,
78,0.39,0.907,
79,0.912,0.793,
80,0.932,0.47,
81,-0.875,-0.833,
82,-0.097,0.853,
83,0.01,0.051,
84,0.002,0.085,
85,0.935,-0.235,
86,1.325,-0.068,
87,-0.155,-0.512,
88,0.883,0.509,
89,-1.698,-0.079,
90,-1.073,0.591,
91,-0.547,-0.225,
92,-0.258,-0.107,
93,1.274,1.435,
94,-0.834,2.105,
95,1.667,-0.606,
96,-0.293,-1.214,
97,-0.905,-0.287,
98,-0.345,-2.172,
99,0.604,-0.252,
100,0.214,-1.72,
101,0.08,-0.395,
102,-0.529,-1.138,
103,-0.411,-1.37,
104,0.545,-0.841,
105,-1.097,0.553,
106,0.889,-0.524,
107,-0.383,-0.018,
108,0.751,-1.256,
109,0.561,-2.037,
110,-1.48,-2.871,
111,0.33,0.062,
112,1.809,-0.403,
113,0.309,-0.43,
114,-0.032,-0.357,
115,0.292,-0.568,
116,-0.415,-0.567,
117,1.96,-0.084,
118,0.316,-0.292,
119,0.444,-0.646,
120,-0.262,-0.017,
121,0.092,-0.086,
122,0.23,0.024,
123,0.047,-1.075,
124,-1.06,-1.057,
125,0.254,-0.011,
126,0.355,-0.363,
127,0.845,-0.753,
128,-0.635,0.282,
129,-0.08,-0.169,
130,-0.408,-0.159,
131,0.857,-0.496,
132,0.234,1.054,
133,0.035,-1.261,
134,-0.365,0.501,
135,-1.391,-0.803,
136,-0.039,-0.689,
137,1.328,0.322,
138,-0.151,0.04,
139,-0.911,0.574,
140,-1.092,-0.582,
141,-0.59,-0.188,
142,0.964,-0.974,
143,-0.168,-0.019,
144,0.029,-1.066,
145,-1.038,0.335,
146,-0.044,0.125,
147,0.039,-0.019,
148,-1.856,-0.296,
149,-0.051,-0.958,
150,0.122,-2.251,
151,-0.341,0.157,
152,-0.071,-0.893,
153,0.314,-0.148,
154,-1.599,0.475,
155,-0.598,-0.806,
156,1.234,0.825,
157,0.461,-0.25,
158,-0.022,-0.388,
159,0.258,1.041,
160,-1.086,-0.044,
161,-0.605,0.234,
162,1.375,0.934,
163,0.425,-0.789,
