1,0.133,0.107,
2,0.322,-0.32,
3,-0.335,-0.029,
4,0.171,-0.124,
5,0.181,0.579,
6,-1.359,0.191,
7,0.373,0.772,
8,0.381,0.203,
9,-0.213,-0.598,
10,0.135,0.304,
11,0.352,0.703,
12,0.241,-0.423,
13,0.887,0.018,
14,-0.483,-0.23,
15,-0.025,0.031,
16,0.224,-0.265,
17,-0.25,0.191,
18,-0.075,-0.302,
19,0.234,0.145,
20,0.396,0.558,
21,0.085,0.096,
22,-0.187,0.053,
23,0.185,-0.318,
24,-0.063,0.119,
25,-0.144,0.406,
26,0.386,0.576,
27,0.121,-0.21,
28,0.225,0.219,
29,-0.068,0.228,
30,0.025,0.523,
31,0.165,0.749,
32,0.068,-0.258,
33,-0.021,0.04,
34,-0.667,-0.013,
35,0.135,0.658,
36,-0.701,0.466,
37,0.151,0.084,
38,-0.2,-0.17,
39,-0.067,0.25,
40,-0.055,0.188,
41,0.391,0.301,
42,0.795,0.593,
43,0.088,0.161,
44,0.23,0.248,
45,0.083,0.05,
46,-0.084,-0.034,
47,-0.543,-0.338,
48,0.642,-0.064,
49,-0.144,-0.53,
50,-0.4,-0.368,
51,0.132,-0.211,
52,0.164,0.168,
53,0.501,-0.604,
54,0.389,0.305,
55,-0.299,-0.509,
56,-0.411,0.326,
57,0.168,-0.158,
58,0.006,0.444,
59,0.148,-0.28,
60,0.162,-0.121,
61,-0.081,0.041,
62,0.043,-0.13,
63,-0.134,0.447,
64,-0.255,-0.341,
65,0.219,-0.009,
66,0.311,0.718,
67,-0.39,-0.396,
68,0.217,0.164,
69,0.082,0.798,
70,0.05,0.095,
71,-0.151,-0.222,
72,0.372,0.022,
73,-0.469,0.122,
74,0.396,0.175,
75,-0.059,-0.15,
76,-0.04,0.344,
77,-0.179,-0.234,
78,-0.247,0.042,
79,-0.833,0.108,
80,-0.134,-0.667,
81,-0.062,0.195,
82,0.126,0.219,
83,0.248,0.174,
84,-0.201,-0.031,
85,-0.141,0.061,
86,-0.037,0.43,
87,0.327,-0.761,
88,0.145,0.048,
89,0.273,0.093,
90,0.268,-0.124,
91,-0.034,0.61,
92,0.128,-0.19,
93,-0.342,0.466,
94,-0.196,0.407,
95,0.133,-0.084,
96,-0.01,-0.165,
97,0.464,0.135,
98,-0.42,-0.782,
99,0.036,0.036,
100,-0.583,-0.24,
101,0.142,0.415,
102,-0.232,-0.11,
103,-0.155,0.236,
104,-0.069,-0.005,
105,-0.281,-0.337,
106,-0.031,0.101,
107,0.447,1.046,
108,0.03,-0.244,
109,-0.072,-0.109,
110,-0.011,0.414,
111,-0.023,0.327,
112,-0.778,-0.095,
113,0.051,-0.147,
114,-0.061,-0.223,
115,0,-1.329,
116,-0.149,-0.14,
117,0.711,0.018,
118,0.038,-0.23,
119,-0.219,0.077,
120,0.182,-0.462,
121,0,0.408,
122,0.28,0.16,
123,-0.385,-0.894,
124,0.538,-0.329,
125,-0.157,-0.483,
126,0.141,-0.127,
127,0.61,-0.219,
128,-0.077,0.3,
129,0.053,0.268,
130,0.204,0.016,
131,0.404,1.132,
132,-0.509,0.183,
133,-0.384,-0.316,
134,-0.1,0.244,
135,-0.278,-0.371,
136,-0.205,0.045,
137,-0.455,0.033,
138,-0.317,0.251,
139,-0.253,-0.675,
140,0.045,0.173,
141,-0.284,-0.556,
142,-0.269,-0.468,
143,0.028,0.448,
144,-0.062,0.373,
145,-0.282,-0.479,
146,0.721,0.359,
147,0.012,-0.136,
148,-0.61,0.03,
149,0.214,-1.547,
150,-1.06,-0.066,
151,0.742,0.484,
152,-0.304,0.454,
153,0.385,-0.082,
154,-0.073,-0.019,
155,-0.245,-0.128,
156,-0.217,0.305,
157,0.042,-0.305,
158,0.243,0.349,
159,-0.079,-0.283,
160,-0.045,0.266,
161,0.184,-0.115,
162,0.137,-0.088,
163,0.769,-0.451,
