1,-0.204,-1.514,
2,1.138,-1.936,
3,1.486,0.605,
4,1.157,0.834,
5,0.781,0.997,
6,-0.493,-0.088,
7,1.118,0.957,
8,-0.214,0.747,
9,-1.296,0.734,
10,1.957,-0.161,
11,-0.063,1.806,
12,0.288,0.08,
13,0.282,0.917,
14,1.355,1.24,
15,-0.459,-0.231,
16,0.489,1.18,
17,-1.642,0.1,
18,1.098,-0.347,
19,0.577,0.403,
20,-0.277,-0.779,
21,0.799,-0.806,
22,-0.162,-1.086,
23,0.349,0.522,
24,-0.413,0.877,
25,-0.029,0.274,
26,0.303,0.125,
27,0.421,-0.355,
28,-1.056,0.758,
29,1.739,1.541,
30,1.244,-0.565,
31,0.282,-1.3,
32,0.017,-1.095,
33,-0.227,0.63,
34,-0.92,-1.207,
35,-1.89,-0.398,
36,-0.2,2.434,
37,-0.333,1.179,
38,1.539,0.517,
39,0.125,0.241,
40,0.463,-1.443,
41,0.56,0.844,
42,-1.051,-0.018,
43,-1.155,1.073,
44,-0.506,0.545,
45,-1.326,0.745,
46,0.852,-0.202,
47,-1.284,0.073,
48,0.73,0.107,
49,-0.531,-1.401,
50,-0.358,0.294,
51,0.919,-0.067,
52,-1.139,-1.284,
53,0.551,-1.472,
54,0.301,-1.443,
55,0.265,0.807,
56,-0.119,0.623,
57,-0.562,0.55,
58,0.702,-0.052,
59,0.098,1.619,
60,-0.301,0.466,
61,0.029,-1.537,
62,1.158,1,
63,0.105,0.673,
64,-0.075,1.116,
65,-1.269,-1.076,
66,0.084,0.478,
67,0.061,-0.114,
68,1.674,0.299,
69,0.047,0.69,
70,-0.395,-1.679,
71,0.173,1.799,
72,0.155,-0.353,
73,-0.151,-0.487,
74,-0.178,0.194,
75,1.192,-0.47,
76,-0.334,-0.311,
77,-0.165,0.731,
78,-0.059,1.131,
79,-0.373,0.436,
80,0.549,0.079,
81,0.612,0.518,
82,0.425,0.013,
83,-1.634,0.057,
84,0.653,0.226,
85,0.15,-0.05,
86,0.542,3.036,
87,0.262,-0.207,
88,1.217,-0.064,
89,0.836,-1.213,
90,0.976,1.602,
91,2.211,-0.018,
92,0.108,-1.048,
93,0.03,-0.745,
94,0.24,0.355,
95,-0.449,0.462,
96,-0.066,0.381,
97,0.078,0.636,
98,0.652,-2.218,
99,0.943,0.804,
100,-1.186,2.086,
101,0.874,-0.36,
102,-0.973,0.55,
103,1.729,-0.378,
104,0.31,1.979,
105,0.168,-0.268,
106,0.865,0.508,
107,-1.223,1.447,
108,-0.685,-0.104,
109,0.311,0.594,
110,2.094,-0.498,
111,0.001,1.446,
112,-0.218,-0.145,
113,0.714,0.721,
114,1.281,0.318,
115,0.516,0.655,
116,0.86,-0.126,
117,1.755,1.008,
118,0.683,-0.016,
119,1.287,1.165,
120,-0.508,-0.559,
121,1.245,0.668,
122,0.807,-1.165,
123,-1.001,-1.172,
124,0.932,0.094,
125,1.015,-1.345,
126,-0.689,-0.845,
127,-1.041,0.055,
128,-0.148,1.002,
129,0.039,-0.389,
130,-0.058,0.158,
131,1.467,0.273,
132,0.541,0.803,
133,-0.837,0.88,
134,0.167,0.212,
135,-0.689,1.053,
136,0.031,-0.494,
137,-1.515,1.428,
138,-0.868,-0.307,
139,-0.2,0.336,
140,0.458,-0.326,
141,-0.075,0.404,
142,-0.045,0.012,
143,-0.617,1.869,
144,0.361,0.168,
145,0.442,-0.425,
146,-0.453,0.346,
147,-0.453,-0.343,
148,-0.055,0.501,
149,-0.405,-1.03,
150,-1.53,0.425,
151,-0.622,0.731,
152,0.436,0.01,
153,-1.417,-0.134,
154,-1.205,1.016,
155,0.232,1.41,
156,-0.049,-1.493,
157,-0.511,-1.919,
158,0.896,0.045,
159,3.237,-0.837,
160,1.327,1.724,
161,1.469,0.423,
162,0.349,-0.662,
163,0.343,-0.448,
