1,-0.621,-0.794,
2,-0.819,-0.678,
3,0.444,-1.465,
4,-0.866,0.216,
5,0.23,-0.755,
6,-0.052,0.249,
7,0.553,-0.3,
8,-0.475,-1.423,
9,2.199,0.112,
10,0.094,-0.301,
11,-0.129,-1.008,
12,0.602,0.109,
13,0.284,0.405,
14,-0.192,-0.515,
15,-0.929,0.331,
16,0.779,-0.387,
17,-0.501,-1.531,
18,0.547,0.107,
19,-0.409,0.67,
20,-0.026,0.313,
21,-0.057,-0.241,
22,0.108,0.223,
23,0.013,-1.687,
24,0.285,-1.181,
25,0.51,-1.09,
26,-2.319,-1.63,
27,-1.449,-0.718,
28,1.196,-0.225,
29,0.544,0.92,
30,1.11,-0.025,
31,-0.46,-1,
32,0.622,-0.584,
33,-1.394,-0.771,
34,0.229,-1.965,
35,-0.171,-0.283,
36,0.901,0.034,
37,1.03,0.426,
38,0.923,-0.527,
39,0.235,-0.327,
40,1.045,-0.653,
41,0.596,1.179,
42,0.156,1.137,
43,0.37,1.35,
44,-0.199,-1.221,
45,-0.293,-0.149,
46,-0.794,0.209,
47,0.054,0.911,
48,-0.475,-0.922,
49,0.177,-1.152,
50,0.906,0.258,
51,-0.475,-1.424,
52,-0.898,0.756,
53,-0.946,1.37,
54,-1.218,-0.219,
55,-0.921,-0.025,
56,-0.742,0.02,
57,0.411,-0.162,
58,-1.677,0.064,
59,-0.112,-0.949,
60,0.18,-0.173,
61,-0.867,-0.104,
62,0.41,-0.535,
63,1.417,1.286,
64,-0.081,0.813,
65,0.499,0.135,
66,1.127,0.141,
67,0.673,0.865,
68,0.277,-0.345,
69,-0.028,0.052,
70,1.316,-0.624,
71,1.086,-0.677,
72,0.17,-1.563,
73,1.779,-0.176,
74,1.711,-0.278,
75,0.641,0.733,
76,-0.336,-1.795,
77,0.365,1.811,
78,0.449,0.837,
79,0.991,0.884,
80,0.746,0.625,
81,-0.791,-0.739,
82,-0.097,0.9,
83,0.044,0.108,
84,0.09,0.17,
85,0.816,-0.133,
86,1.311,-0.154,
87,-0.116,-0.426,
88,0.747,0.535,
89,-1.63,-0.003,
90,-1.01,0.652,
91,-0.383,-0.112,
92,-0.18,-0.071,
93,1.307,1.422,
94,-0.816,2.102,
95,1.624,-0.566,
96,-0.227,-1.124,
97,-0.82,-0.228,
98,-0.243,-2.028,
99,0.715,-0.146,
100,0.261,-1.598,
101,0.024,-0.374,
102,-0.583,-1.032,
103,-0.261,-1.324,
104,0.716,-0.841,
105,-1.025,0.679,
106,0.793,-0.634,
107,-0.358,-0.081,
108,0.853,-1.167,
109,0.524,-1.893,
110,-1.467,-2.835,
111,0.332,0.015,
112,1.855,-0.242,
113,0.321,-0.297,
114,-0.042,-0.232,
115,0.215,-0.295,
116,-0.423,-0.44,
117,1.956,-0.026,
118,0.246,-0.193,
119,0.42,-0.473,
120,-0.269,0.028,
121,0.081,-0.043,
122,0.22,0.06,
123,0.093,-0.901,
124,-1.052,-0.936,
125,0.338,0.12,
126,0.322,-0.362,
127,0.825,-0.563,
128,-0.658,0.393,
129,0.028,-0.094,
130,-0.368,-0.104,
131,0.891,-0.464,
132,0.129,1.054,
133,0.101,-1.244,
134,-0.416,0.637,
135,-1.223,-0.631,
136,0.008,-0.611,
137,1.222,0.368,
138,-0.132,0.079,
139,-0.736,0.61,
140,-1.077,-0.467,
141,-0.496,-0.045,
142,0.987,-0.907,
143,-0.095,-0.054,
144,0.229,-1.025,
145,-0.95,0.508,
146,-0.173,0.068,
147,0.021,0.101,
148,-1.823,-0.316,
149,0.041,-0.875,
150,0.373,-1.993,
151,-0.343,0.189,
152,0.232,-0.875,
153,0.3,-0.062,
154,-1.541,0.509,
155,-0.503,-0.701,
156,1.133,0.848,
157,0.471,-0.197,
158,0.023,-0.377,
159,0.304,1.003,
160,-0.951,-0.019,
161,-0.503,0.2,
162,1.311,0.869,
163,0.339,-0.798,
