1,0.513,-0.972,
2,1.232,-2.068,
3,1.157,0.362,
4,1.108,0.54,
5,1.035,0.952,
6,-0.454,0.471,
7,1.28,1.173,
8,0.126,0.891,
9,-0.952,0.493,
10,1.688,0.37,
11,0.251,1.895,
12,0.452,0.039,
13,0.635,0.686,
14,1.082,0.522,
15,-0.47,0.517,
16,0.706,0.93,
17,-1.351,0.249,
18,1.07,-0.406,
19,0.6,0.736,
20,0.025,-0.51,
21,0.952,-0.614,
22,0.089,-0.585,
23,0.415,0.689,
24,-0.004,0.708,
25,-0.206,0.476,
26,0.267,0.23,
27,0.502,-0.009,
28,-0.763,0.915,
29,1.417,1.252,
30,1.359,-0.115,
31,0.321,-0.423,
32,0.534,-0.576,
33,-0.041,0.573,
34,-0.762,-1.109,
35,-1.028,-0.013,
36,-0.017,1.923,
37,-0.337,1.319,
38,1.487,0.867,
39,0.293,0.412,
40,0.684,-0.895,
41,0.903,0.935,
42,-0.396,0.567,
43,-0.439,1.066,
44,0.097,0.77,
45,-0.658,0.889,
46,0.995,-0.068,
47,-0.936,0.087,
48,1.152,0.015,
49,-1.181,-1.239,
50,-0.3,0.313,
51,1.296,-0.016,
52,-0.848,-0.753,
53,0.621,-0.801,
54,0.274,-0.648,
55,0.35,0.634,
56,-0.07,1.131,
57,-0.209,0.851,
58,0.608,0.434,
59,0.196,1.475,
60,0.177,0.497,
61,-0.036,-0.492,
62,0.8,0.723,
63,0.033,0.696,
64,0.098,0.703,
65,-0.873,-0.853,
66,0.342,0.687,
67,0.132,-0.449,
68,1.747,0.307,
69,0.027,1.037,
70,-0.381,-1.159,
71,0.487,1.671,
72,0.224,0.035,
73,-0.078,0.071,
74,0.186,0.349,
75,0.571,-0.028,
76,-0.141,-0.101,
77,-0.088,0.608,
78,0.238,1.13,
79,-0.418,0.57,
80,0.354,0.35,
81,0.757,0.779,
82,0.497,0.399,
83,-1.085,0.149,
84,0.364,0.377,
85,0.428,0.206,
86,0.813,2.802,
87,0.323,-0.2,
88,1.445,0.15,
89,1.087,-0.789,
90,0.795,1.518,
91,2.279,0.146,
92,0.136,-0.609,
93,-0.116,0.065,
94,0.078,0.523,
95,-0.068,0.387,
96,0.051,0.439,
97,0.539,0.641,
98,0.547,-2.204,
99,1.061,0.865,
100,-0.956,1.644,
101,0.972,-0.044,
102,-0.786,0.213,
103,1.391,-0.024,
104,0.108,1.642,
105,0.159,0.023,
106,1.002,0.961,
107,-0.636,1.405,
108,-0.401,-0.025,
109,0.58,0.675,
110,1.882,-0.068,
111,-0.024,1.337,
112,-0.427,0.007,
113,0.794,0.52,
114,1.489,0.277,
115,0.528,0.135,
116,0.626,-0.041,
117,1.615,1.023,
118,0.642,0.211,
119,1.178,1.057,
120,-0.105,-0.272,
121,0.994,0.817,
122,0.749,-0.83,
123,-0.687,-1.065,
124,0.797,0.109,
125,0.989,-0.767,
126,0.295,-0.726,
127,-0.633,0.31,
128,-0.123,1.154,
129,0.174,0.066,
130,0.346,0.174,
131,1.572,0.645,
132,0.508,0.692,
133,-0.549,0.765,
134,0.326,0.33,
135,-0.198,1.091,
136,0.263,-0.133,
137,-0.934,1.282,
138,-0.333,0.213,
139,-0.286,0.312,
140,0.46,0.038,
141,-0.117,0.416,
142,0.188,0.129,
143,-0.598,1.907,
144,0.209,0.388,
145,0.534,-0.358,
146,-0.381,0.804,
147,-0.022,0.009,
148,-0.086,0.354,
149,-0.041,-1.396,
150,-1.504,1.165,
151,-0.067,1.067,
152,0.43,0.328,
153,-0.938,0.048,
154,-0.543,0.909,
155,0.295,1.724,
156,0.25,-0.587,
157,-0.519,-1.47,
158,1.191,0.085,
159,2.79,-0.787,
160,0.906,1.71,
161,1.351,0.584,
162,0.622,-0.476,
163,0.421,-0.217,
