1,0.678,-0.696,
2,1.459,-1.389,
3,1.051,0.833,
4,1.026,0.873,
5,0.992,1.245,
6,-0.488,0.065,
7,1.026,1.088,
8,0.599,1.371,
9,-0.63,0.5,
10,1.631,0.929,
11,0.596,1.959,
12,0.38,0.176,
13,0.679,0.865,
14,0.616,0.629,
15,0.21,0.567,
16,1.046,0.965,
17,-1.004,0.174,
18,1.102,-0.157,
19,0.653,0.952,
20,0.151,-0.244,
21,1.216,-0.501,
22,0.17,-0.351,
23,0.255,0.849,
24,0.052,0.824,
25,-0.378,0.764,
26,0.656,0.743,
27,0.721,0.34,
28,-0.795,0.876,
29,1.356,0.977,
30,1.544,-0.014,
31,0.318,0.1,
32,1.105,-0.287,
33,0.039,0.516,
34,-0.55,-1.141,
35,-0.668,0.312,
36,-0.365,2,
37,0.48,1.624,
38,1.732,1.199,
39,0.312,0.515,
40,0.904,-0.635,
41,1.216,0.866,
42,0.042,0.875,
43,-0.083,1.094,
44,0.5,1.05,
45,-0.397,1.048,
46,1.038,-0.067,
47,-0.667,0.103,
48,0.701,0.104,
49,-1.064,-0.92,
50,-0.127,0.39,
51,1.51,-0.125,
52,-0.64,-0.569,
53,0.564,-0.555,
54,0.276,-0.31,
55,0.456,0.539,
56,-0.185,1.415,
57,0.137,1.03,
58,0.603,0.814,
59,0.363,1.549,
60,0.242,0.582,
61,0.274,0.035,
62,-0.112,0.717,
63,0.32,0.822,
64,0.234,0.534,
65,-0.776,-0.884,
66,0.472,0.81,
67,0.165,-0.749,
68,1.844,0.209,
69,-0.075,1.321,
70,-0.534,-0.758,
71,0.633,1.497,
72,0.211,0.323,
73,0.018,0.33,
74,0.05,0.528,
75,0.995,-0.43,
76,0.265,0.007,
77,0.04,0.528,
78,0.373,1.001,
79,-0.43,0.613,
80,0.304,0.557,
81,0.856,0.959,
82,0.373,0.66,
83,-0.728,0.327,
84,0.206,0.444,
85,0.641,0.285,
86,0.956,2.678,
87,0.206,-0.247,
88,0.862,0.365,
89,0.593,-0.435,
90,1.092,1.484,
91,2.25,0.32,
92,0.096,-0.511,
93,-0.249,0.693,
94,-0.066,0.559,
95,0.124,0.298,
96,0.107,0.459,
97,0.907,0.525,
98,0.468,-2.194,
99,1.146,0.972,
100,-0.657,1.408,
101,0.989,0.048,
102,-0.215,0.591,
103,1.249,0.271,
104,0.355,1.23,
105,0.059,0.242,
106,1.032,1.481,
107,-0.188,1.555,
108,-0.325,0.012,
109,0.89,0.814,
110,1.701,0.195,
111,0.018,1.404,
112,-0.554,0.12,
113,0.758,0.403,
114,1.702,0.291,
115,0.246,-0.163,
116,0.818,0.024,
117,1.544,1.002,
118,0.738,0.401,
119,1.263,1.126,
120,0.172,-0.065,
121,0.949,1.062,
122,0.734,-0.533,
123,-0.456,-1.047,
124,0.728,0.165,
125,1.017,-0.533,
126,1.253,-0.761,
127,-0.907,0.403,
128,0.327,0.926,
129,0.517,0.361,
130,0.549,0.21,
131,1.712,0.945,
132,0.454,0.657,
133,-0.438,0.807,
134,0.583,0.27,
135,0.102,1.189,
136,0.352,0.185,
137,-0.805,0.934,
138,-0.444,0.084,
139,-0.026,-0.3,
140,0.674,0.002,
141,-0.149,0.432,
142,0.289,0.259,
143,-0.602,1.798,
144,0.103,0.691,
145,0.665,-0.233,
146,-0.385,0.911,
147,0.016,0.052,
148,-0.212,0.279,
149,-0.072,-1.205,
150,-1.319,0.786,
151,0.416,1.012,
152,0.305,0.554,
153,-0.758,0.108,
154,-0.185,0.733,
155,0.26,1.674,
156,0.288,-0.536,
157,0.115,-0.77,
158,0.979,1.005,
159,2.411,-0.657,
160,0.715,1.081,
161,1.243,0.106,
162,0.448,-0.647,
163,0.678,0.404,
