1,-0.568,-0.328,
2,-0.486,-0.089,
3,0.521,-0.751,
4,-0.646,0.529,
5,-0.032,-0.158,
6,-0.147,0.555,
7,0.611,-0.083,
8,-0.129,-0.765,
9,2.081,0.201,
10,-0.029,-0.216,
11,-0.17,-0.783,
12,0.542,0.12,
13,0.2,0.384,
14,-0.265,-0.03,
15,-0.901,0.419,
16,0.833,0.082,
17,-0.248,-0.944,
18,0.341,0.143,
19,-0.348,0.453,
20,-0.088,0.13,
21,0.036,-0.19,
22,0.104,0.097,
23,0.095,-1.477,
24,-0.044,-0.739,
25,0.197,-0.597,
26,-1.459,-1.165,
27,-1.254,-0.543,
28,0.866,-0.25,
29,0.347,0.789,
30,0.954,0.059,
31,-0.365,-0.776,
32,0.574,-0.457,
33,-1.089,-0.54,
34,0.262,-1.55,
35,-0.221,-0.134,
36,0.475,0.281,
37,1.042,0.536,
38,0.722,-0.453,
39,0.162,-0.347,
40,0.844,-0.493,
41,0.522,0.942,
42,0.107,0.771,
43,0.404,0.95,
44,-0.112,-0.919,
45,-0.289,-0.055,
46,-0.576,0.059,
47,0.074,0.773,
48,-0.63,-0.56,
49,0.484,-0.73,
50,0.751,0.293,
51,-0.547,-1.079,
52,-0.713,0.574,
53,-0.65,1.174,
54,-0.988,-0.212,
55,-0.677,-0.062,
56,-0.623,0.142,
57,0.112,-0.116,
58,-1.31,0.092,
59,0.049,-0.702,
60,0.109,-0.058,
61,-1.076,-0.044,
62,0.719,-0.331,
63,1.185,1.157,
64,-0.167,0.581,
65,0.378,0.166,
66,0.885,0.161,
67,0.637,0.822,
68,0.207,-0.396,
69,0.181,-0.146,
70,1.028,-0.554,
71,0.905,-0.533,
72,0.103,-1.132,
73,1.502,0.001,
74,1.405,-0.152,
75,0.149,0.675,
76,0.293,-1.365,
77,0.209,1.723,
78,0.409,0.691,
79,0.776,0.717,
80,0.401,0.596,
81,-0.934,-0.699,
82,-0.167,0.809,
83,0.188,0.081,
84,0.185,0.104,
85,0.474,-0.121,
86,0.967,-0.265,
87,-0.053,-0.365,
88,0.155,0.464,
89,-1.105,-0.156,
90,-0.686,0.607,
91,-0.338,-0.081,
92,-0.15,0.007,
93,1.175,1.288,
94,-0.765,1.798,
95,1.191,-0.476,
96,0.032,-0.637,
97,-0.664,-0.217,
98,-0.2,-1.6,
99,0.617,-0.178,
100,0.377,-1.269,
101,-0.102,-0.335,
102,-0.795,-0.86,
103,0.288,-1.266,
104,0.646,-0.689,
105,-1.089,0.602,
106,0.462,-0.754,
107,-0.371,-0.271,
108,0.652,-0.81,
109,0.385,-1.487,
110,-1.167,-2.337,
111,0.147,0.067,
112,1.29,-0.128,
113,0.337,-0.168,
114,-0.052,-0.111,
115,-0.34,-0.263,
116,-0.05,-0.431,
117,1.702,-0.209,
118,0.181,-0.047,
119,0.381,-0.329,
120,-0.181,0.065,
121,-0.056,-0.073,
122,0.242,0.037,
123,0.055,-0.619,
124,-0.915,-0.729,
125,0.311,0.165,
126,0.262,-0.346,
127,0.517,-0.518,
128,-0.314,0.289,
129,0.153,-0.024,
130,-0.356,0.064,
131,0.688,-0.223,
132,-0.027,0.872,
133,0.036,-0.988,
134,-0.374,0.529,
135,-0.938,-0.479,
136,0.08,-0.377,
137,0.996,0.355,
138,-0.31,-0.094,
139,-0.242,0.108,
140,-0.907,-0.441,
141,-0.428,0.116,
142,0.865,-0.734,
143,-0.024,-0.056,
144,0.434,-0.869,
145,-0.651,0.536,
146,-0.209,0.082,
147,-0.06,0.105,
148,-1.579,-0.465,
149,0.18,-0.978,
150,0.504,-1.788,
151,-0.267,0.14,
152,0.288,-0.687,
153,0.235,-0.021,
154,-1.221,0.425,
155,-0.387,-0.646,
156,0.598,0.391,
157,0.199,-0.288,
158,0.13,-0.478,
159,0.242,0.371,
160,-0.768,-0.213,
161,-0.244,-0.19,
162,0.78,0.337,
163,0.191,-0.977,
