1,-0.103,-0.384,
2,0.865,-0.401,
3,-0.777,-0.299,
4,0.253,-0.232,
5,0.507,0.501,
6,-1.309,1.148,
7,1.308,1.463,
8,0.468,0.414,
9,-0.603,-0.663,
10,0.54,-0.195,
11,0.32,1.314,
12,-0.343,-0.978,
13,1.31,0.264,
14,-0.512,-0.76,
15,-0.393,0.404,
16,0.651,-0.729,
17,-0.094,0.082,
18,-0.064,-0.547,
19,0.693,0.488,
20,1.48,1.218,
21,0.223,0.207,
22,0.16,0.333,
23,0.233,-0.518,
24,0.052,0.728,
25,-0.012,1.156,
26,0.387,0.366,
27,-0.096,-0.404,
28,0.419,0.298,
29,-0.092,0.079,
30,0.166,0.472,
31,0.332,0.799,
32,0.119,-0.543,
33,-0.043,0.198,
34,-1.288,0.675,
35,-0.51,0.219,
36,-0.813,0.619,
37,0.147,0.167,
38,-0.356,-0.515,
39,0.025,0.623,
40,-0.246,0.781,
41,0.381,0.413,
42,1.18,0.888,
43,0.103,0.614,
44,-0.015,0.034,
45,-0.043,-0.394,
46,-0.711,-0.417,
47,-0.458,0.047,
48,0.093,-0.388,
49,-0.401,-1.223,
50,-0.752,-0.667,
51,-0.092,-0.224,
52,0.303,0.465,
53,0.376,-1.536,
54,0.934,-0.094,
55,-0.384,-0.104,
56,-0.649,0.703,
57,0.383,-0.202,
58,0.311,0.498,
59,0.954,-0.039,
60,0.237,-0.338,
61,-0.331,0.105,
62,-0.424,-0.016,
63,-0.664,1.206,
64,-0.016,0.103,
65,0.203,0.016,
66,0.296,0.808,
67,-0.486,-0.685,
68,0.206,0.383,
69,-0.485,0.873,
70,0.069,-0.031,
71,-0.443,-0.56,
72,0.439,-0.263,
73,-0.667,-0.051,
74,0.476,0.084,
75,-0.706,-0.132,
76,0.137,0.302,
77,-0.141,-0.316,
78,-0.287,0.063,
79,-0.911,0.055,
80,-0.421,-0.694,
81,-0.46,0.481,
82,-0.278,0.14,
83,-0.141,0.011,
84,-0.036,-0.181,
85,-0.592,-0.024,
86,-0.2,0.313,
87,0.601,-0.749,
88,-0.232,0.396,
89,0.673,0.354,
90,-0.047,0.054,
91,-0.006,0.824,
92,0.384,-0.588,
93,0.119,0.202,
94,-0.119,0.532,
95,0.28,0.828,
96,-0.154,0.199,
97,0.642,0.45,
98,-0.097,-0.719,
99,-0.051,0.403,
100,-1.568,-0.058,
101,0.509,0.565,
102,-0.781,-0.029,
103,-0.597,-0.13,
104,-0.358,-0.102,
105,-0.29,-0.305,
106,-0.183,-0.269,
107,0.454,1.07,
108,0.022,-0.101,
109,-0.122,-0.168,
110,-1.394,0.795,
111,-0.131,0.62,
112,-0.889,0.639,
113,0.635,-0.321,
114,0.053,0.092,
115,0.024,-0.752,
116,-0.219,-0.412,
117,1.284,-0.102,
118,0.301,-0.252,
119,-0.413,0.153,
120,0.228,-0.782,
121,0.325,1.072,
122,-0.036,-0.006,
123,-0.396,-0.971,
124,0.425,-0.189,
125,-0.329,-0.777,
126,0.19,-0.204,
127,0.691,0.224,
128,-0.235,0.211,
129,0.1,0.823,
130,0.023,-0.3,
131,0.627,1.572,
132,-0.46,0.702,
133,-0.492,-0.34,
134,-0.533,-0.076,
135,-0.481,-0.194,
136,-0.866,-0.07,
137,-0.637,0.14,
138,-0.44,0.369,
139,0.22,-0.827,
140,-0.052,0.261,
141,-0.329,-0.671,
142,-0.359,-0.347,
143,-0.129,0.356,
144,0.366,0.363,
145,-0.345,-1.008,
146,0.096,0.04,
147,-0.529,-0.958,
148,-1.004,-0.172,
149,1.202,-1.5,
150,-0.724,-0.324,
151,0.174,0.665,
152,-0.526,0.357,
153,0.465,0.516,
154,0.33,0.239,
155,-0.218,0.065,
156,-0.009,0.021,
157,0.485,-0.84,
158,-0.161,-0.073,
159,-0.003,-0.444,
160,0.239,0.095,
161,-0.445,-0.074,
162,0.003,-0.433,
163,0.703,-0.556,
