1,0.739,0.792,
2,0.726,0.29,
3,0.291,0.59,
4,0.704,0.683,
5,0.815,1.024,
6,-0.74,0.465,
7,0.613,1.098,
8,0.926,0.933,
9,0.1,0.083,
10,0.258,1.408,
11,0.952,1.293,
12,0.714,0.214,
13,1.097,0.571,
14,0.024,0.348,
15,0.27,0.678,
16,0.879,0.328,
17,-0.111,0.6,
18,0.601,0.441,
19,0.603,0.956,
20,0.577,0.66,
21,0.578,0.421,
22,0.281,0.584,
23,0.477,0.628,
24,0.522,0.516,
25,0.12,0.867,
26,0.795,1.152,
27,0.891,0.674,
28,0.286,0.722,
29,0.539,0.653,
30,0.99,0.895,
31,0.422,1.159,
32,1.134,0.325,
33,0.316,0.486,
34,-0.176,-0.267,
35,0.766,1.296,
36,0.072,0.924,
37,0.847,1.115,
38,0.972,0.988,
39,0.486,0.611,
40,0.766,0.486,
41,1.194,0.756,
42,0.929,1.188,
43,0.732,1.006,
44,1.061,1.221,
45,0.494,0.908,
46,0.584,0.382,
47,-0.04,0.132,
48,0.983,0.372,
49,-0.018,0.065,
50,0.155,0.272,
51,1.381,0.268,
52,0.095,0.406,
53,0.873,0.052,
54,0.767,0.722,
55,0.377,-0.093,
56,0.142,1.276,
57,0.452,0.799,
58,0.371,1.158,
59,0.424,0.675,
60,0.436,0.624,
61,0.587,0.891,
62,0.494,0.664,
63,0.575,0.892,
64,0.29,0.115,
65,0.403,0.091,
66,0.826,1.229,
67,0.184,0.015,
68,0.954,0.445,
69,0.458,1.319,
70,0.046,0.511,
71,0.432,0.534,
72,0.551,0.723,
73,0.217,0.814,
74,0.696,0.811,
75,0.604,0.191,
76,0.431,0.625,
77,0.328,0.384,
78,0.433,0.721,
79,-0.375,0.64,
80,0.538,0.259,
81,0.815,0.836,
82,0.64,0.892,
83,0.691,0.822,
84,0.219,0.596,
85,0.771,0.689,
86,0.265,1.405,
87,0.38,0.056,
88,0.658,0.613,
89,0.63,0.452,
90,0.811,0.502,
91,0.883,0.851,
92,0.477,0.216,
93,-0.069,1.33,
94,-0.029,0.985,
95,0.582,0.255,
96,0.446,0.431,
97,1.223,0.51,
98,-0.042,-0.375,
99,0.734,0.606,
100,0.232,0.576,
101,0.625,0.701,
102,0.409,0.332,
103,0.368,0.97,
104,0.519,0.559,
105,0.193,0.478,
106,0.696,1.268,
107,0.842,1.542,
108,0.358,0.149,
109,0.819,0.667,
110,1.124,0.895,
111,0.186,0.933,
112,-0.455,0.268,
113,0.621,0.423,
114,0.929,0.327,
115,0.499,-0.666,
116,0.645,0.223,
117,1.023,0.723,
118,0.592,0.577,
119,0.736,0.767,
120,0.624,0.38,
121,0.351,0.793,
122,1.003,0.679,
123,0.121,-0.557,
124,0.801,0.26,
125,0.573,0.115,
126,1.484,-0.104,
127,0.688,0.318,
128,0.551,0.843,
129,0.626,0.668,
130,0.802,0.539,
131,1.2,1.513,
132,0.191,0.49,
133,0.094,0.617,
134,0.613,0.652,
135,0.347,0.467,
136,0.436,0.625,
137,0.066,0.752,
138,0.203,0.546,
139,0.174,-0.297,
140,0.505,0.546,
141,0.125,0.23,
142,0.317,0.255,
143,0.461,1.032,
144,0.22,0.95,
145,0.433,0.314,
146,1.015,1.057,
147,0.466,0.586,
148,-0.086,0.611,
149,0.421,-0.997,
150,-0.837,0.728,
151,1.293,1.049,
152,0.144,1.095,
153,0.41,0.316,
154,0.402,0.486,
155,0.227,0.91,
156,0.399,0.676,
157,0.336,0.398,
158,0.889,1.061,
159,0.659,0.259,
160,0.331,0.747,
161,0.897,0.305,
162,0.497,0.396,
163,1.179,0.13,
