1,-0.402,-1.026,
2,1.014,-1.323,
3,1.444,0.489,
4,1.019,0.773,
5,0.419,0.875,
6,-0.609,-0.077,
7,1.101,0.622,
8,-0.463,0.248,
9,-1.387,0.792,
10,1.705,-0.557,
11,-0.416,1.654,
12,0.266,0.048,
13,0.085,0.864,
14,1.216,1.085,
15,-0.537,-0.629,
16,0.194,1.205,
17,-1.815,-0.119,
18,0.881,-0.316,
19,0.374,0.138,
20,-0.432,-0.704,
21,0.644,-0.867,
22,-0.305,-0.986,
23,0.385,0.31,
24,-0.581,0.787,
25,0.179,0.112,
26,0.196,-0.12,
27,0.269,-0.595,
28,-0.88,0.562,
29,1.458,1.619,
30,0.965,-0.64,
31,0.264,-1.639,
32,-0.44,-1.292,
33,-0.327,0.572,
34,-0.913,-1.037,
35,-2.019,-0.448,
36,-0.019,2.262,
37,-0.564,0.931,
38,1.111,-0.064,
39,0.095,0.009,
40,0.166,-1.575,
41,0.199,0.635,
42,-1.121,-0.282,
43,-1.344,0.806,
44,-0.84,0.292,
45,-1.526,0.484,
46,0.61,-0.226,
47,-1.243,0.019,
48,0.589,0.148,
49,-0.241,-1.209,
50,-0.363,0.212,
51,0.4,-0.06,
52,-1.1,-1.418,
53,0.517,-1.577,
54,0.338,-1.886,
55,0.154,0.715,
56,0.033,0.379,
57,-0.845,0.311,
58,0.632,-0.359,
59,0.004,1.45,
60,-0.621,0.396,
61,-0.248,-1.813,
62,1.538,0.952,
63,0.042,0.566,
64,-0.116,1.241,
65,-1.167,-0.881,
66,0.086,0.519,
67,-0.061,0.202,
68,1.1,0.256,
69,0.23,0.36,
70,-0.344,-1.848,
71,-0.154,1.394,
72,0.104,-0.567,
73,-0.162,-0.701,
74,-0.123,0.084,
75,1.026,-0.745,
76,-0.308,-0.293,
77,-0.18,0.748,
78,-0.306,0.959,
79,-0.302,0.323,
80,0.428,-0.121,
81,0.417,0.24,
82,0.407,-0.266,
83,-1.7,-0.127,
84,0.837,0.068,
85,-0.175,-0.153,
86,0.144,2.152,
87,0.265,-0.167,
88,0.883,-0.23,
89,0.616,-1.293,
90,0.79,1.35,
91,1.769,-0.19,
92,0.095,-1.087,
93,0.222,-1.15,
94,0.362,0.294,
95,-0.611,0.468,
96,-0.089,0.291,
97,-0.349,0.545,
98,0.339,-2.093,
99,0.849,0.52,
100,-1.266,2.189,
101,0.66,-0.434,
102,-1.249,0.595,
103,1.859,-0.475,
104,0.296,1.988,
105,0.18,-0.423,
106,0.466,-0.097,
107,-1.061,1.232,
108,-0.652,-0.166,
109,-0.013,0.362,
110,2.02,-0.536,
111,-0.103,1.393,
112,-0.022,-0.233,
113,0.528,0.782,
114,0.776,0.336,
115,0.219,1.213,
116,0.792,-0.168,
117,1.531,0.809,
118,0.657,-0.177,
119,1.098,1.035,
120,-0.712,-0.694,
121,1.033,0.304,
122,0.816,-1.07,
123,-1.129,-1.16,
124,0.941,0.11,
125,0.907,-1.124,
126,-1.212,-0.492,
127,-0.809,-0.162,
128,-0.271,0.882,
129,-0.086,-0.652,
130,-0.319,0.206,
131,1.109,-0.015,
132,0.462,0.762,
133,-0.91,0.756,
134,-0.056,0.179,
135,-0.786,0.693,
136,-0.179,-0.663,
137,-1.586,1.468,
138,-1,-0.507,
139,0.001,0.435,
140,0.256,-0.359,
141,-0.058,0.377,
142,-0.156,-0.086,
143,-0.603,1.64,
144,0.575,-0.113,
145,0.303,-0.425,
146,-0.331,-0.004,
147,-0.587,-0.402,
148,-0.059,0.402,
149,-0.104,-0.855,
150,-1.324,-0.123,
151,-0.914,0.481,
152,0.367,-0.149,
153,-1.104,-0.186,
154,-1.499,0.973,
155,0.297,0.897,
156,-0.338,-1.56,
157,-0.464,-2.01,
158,0.554,-0.118,
159,2.913,-0.99,
160,1.367,1.74,
161,1.39,0.492,
162,0.236,-0.537,
163,0.101,-0.802,
