1,-0.35,-0.943,
2,1.322,-1.135,
3,1.736,0.859,
4,1.13,1.194,
5,0.22,1.4,
6,-0.738,-0.277,
7,1.102,0.683,
8,-0.41,0.601,
9,-1.616,0.839,
10,1.951,-0.732,
11,-0.171,1.893,
12,0.12,0.157,
13,-0.016,1.095,
14,1.186,1.674,
15,-0.485,-0.516,
16,0.35,1.738,
17,-1.754,-0.116,
18,1.034,-0.078,
19,0.491,0.033,
20,-0.58,-0.766,
21,0.878,-1.041,
22,-0.506,-1.42,
23,0.278,0.289,
24,-0.869,0.849,
25,-0.115,0.434,
26,0.336,0.049,
27,0.356,-0.705,
28,-1.276,0.548,
29,2.04,1.637,
30,1.137,-1.06,
31,0.256,-2.244,
32,-0.505,-1.681,
33,-0.379,0.58,
34,-0.974,-1.242,
35,-2.56,-0.495,
36,-0.317,2.738,
37,-0.207,0.989,
38,1.528,0.006,
39,-0.066,-0.118,
40,0.117,-1.918,
41,0.188,0.379,
42,-1.304,-0.612,
43,-1.816,0.851,
44,-1.097,0.342,
45,-2.108,0.617,
46,0.532,-0.311,
47,-1.432,0.046,
48,0.21,0.087,
49,0.079,-1.26,
50,-0.417,0.29,
51,0.365,-0.3,
52,-1.328,-1.772,
53,0.344,-1.978,
54,0.327,-2.116,
55,0.202,0.891,
56,-0.106,0.108,
57,-0.808,0.197,
58,0.861,-0.547,
59,-0.167,1.595,
60,-0.895,0.453,
61,-0.584,-1.901,
62,1.595,1.043,
63,0.171,0.698,
64,-0.211,1.581,
65,-1.567,-1.181,
66,-0.073,0.437,
67,-0.042,0.267,
68,1.251,0.229,
69,0.211,0.386,
70,-0.532,-2.09,
71,-0.144,1.677,
72,0.001,-0.753,
73,-0.044,-0.922,
74,-0.461,0.058,
75,1.322,-1.045,
76,0.023,-0.365,
77,-0.216,0.862,
78,-0.43,0.885,
79,-0.341,0.303,
80,0.584,-0.172,
81,0.438,0.258,
82,0.125,-0.408,
83,-1.995,-0.141,
84,0.908,-0.077,
85,-0.066,-0.363,
86,0.23,2.622,
87,0.192,-0.216,
88,0.58,-0.252,
89,0.503,-1.309,
90,1.315,1.369,
91,1.976,-0.156,
92,0.188,-1.543,
93,0.177,-1.449,
94,0.43,0.25,
95,-0.904,0.573,
96,-0.171,0.393,
97,-0.249,0.355,
98,0.58,-2.333,
99,0.937,0.865,
100,-1.119,2.429,
101,0.61,-0.681,
102,-1.47,0.875,
103,2.43,-0.433,
104,0.633,2.103,
105,0.166,-0.524,
106,0.284,0.118,
107,-1.328,1.634,
108,-0.944,-0.214,
109,0.028,0.55,
110,2.136,-0.714,
111,0.021,1.8,
112,0.023,-0.299,
113,0.317,0.814,
114,0.976,0.373,
115,-0.245,1.27,
116,1.055,-0.099,
117,1.758,0.748,
118,0.847,-0.248,
119,1.278,1.303,
120,-0.792,-0.848,
121,1.365,0.579,
122,0.872,-1.321,
123,-1.245,-1.207,
124,1.141,0.075,
125,0.726,-1.267,
126,-1.388,-0.492,
127,-1.218,-0.256,
128,-0.095,0.758,
129,0.033,-0.705,
130,-0.528,0.215,
131,1.301,-0.038,
132,0.562,0.928,
133,-1.171,1.031,
134,0.029,0.113,
135,-0.939,0.873,
136,-0.233,-0.799,
137,-2.037,1.406,
138,-1.388,-0.812,
139,0.24,0.034,
140,0.395,-0.625,
141,0.01,0.373,
142,-0.274,-0.031,
143,-0.557,1.452,
144,0.522,-0.017,
145,0.347,-0.408,
146,-0.456,-0.111,
147,-0.979,-0.43,
148,-0.316,0.041,
149,-0.11,-1.071,
150,-1.377,-0.535,
151,-1.128,0.373,
152,0.26,-0.488,
153,-1.4,-0.292,
154,-1.86,0.958,
155,0.287,0.865,
156,-0.516,-2.274,
157,0.003,-1.761,
158,0.489,0.394,
159,3.32,-1.126,
160,1.681,1.688,
161,1.498,0.481,
162,-0.03,-0.955,
163,-0.03,-1.019,
