1,0.578,0.255,
2,-0.034,1.006,
3,0.893,0.004,
4,-1.091,-1.684,
5,-1.431,1.879,
6,1.188,-1.51,
7,2.401,0.34,
8,0.336,-2.023,
9,-0.524,-1.563,
10,0.412,-1.736,
11,-0.818,0.77,
12,-1.139,-0.238,
13,0.966,-0.296,
14,-1.125,-0.923,
15,-0.691,0.287,
16,0.066,1.822,
17,-0.96,0.462,
18,0.951,-0.068,
19,-0.876,-0.995,
20,-0.419,-0.847,
21,-0.398,-0.364,
22,-1.165,-0.548,
23,0.4,0.402,
24,-0.214,0.78,
25,2.467,-0.79,
26,-0.015,0.934,
27,-0.044,0.701,
28,-1.098,0.873,
29,0.493,0.532,
30,-1.639,-1.022,
31,0.294,0.813,
32,0.023,1.178,
33,-1.358,-2.791,
34,-2.703,1.096,
35,0.349,0.848,
36,0.539,1.091,
37,-0.392,0.019,
38,0.552,-0.398,
39,0.496,0.525,
40,0.834,-1.347,
41,0.818,-0.962,
42,1.036,1.812,
43,-0.631,-0.639,
44,0.573,0.538,
45,-1.273,1.087,
46,0.284,-0.474,
47,-1.292,0.388,
48,0.109,0.178,
49,1.114,0.576,
50,-0.012,0.772,
51,0.829,1.412,
52,-0.674,-0.103,
53,0.774,0.506,
54,0.681,-0.377,
55,1.551,-0.613,
56,0.487,0.543,
57,1.616,0.284,
58,1.539,2.566,
59,1.376,0.907,
60,-0.328,0.935,
61,-1.316,-0.549,
62,1.299,-0.22,
63,-0.437,0.183,
64,0.128,-1.46,
65,0.193,0.134,
66,-0.355,0.476,
67,-0.09,0.14,
68,0.64,0.781,
69,-0.972,1.674,
70,-0.15,-0.009,
71,1.111,0.687,
72,0.64,1.474,
73,0.491,-1.055,
74,-0.659,0.481,
75,-1.703,0.937,
76,2.271,0.398,
77,0.878,3.257,
78,0.929,1.08,
79,-1.08,-1.6,
80,0.545,0.246,
81,-0.757,1.571,
82,0.371,0.103,
83,0.209,0.733,
84,-0.996,-1.974,
85,0.634,0.824,
86,0.182,0.37,
87,0.576,1.041,
88,0.121,-0.418,
89,0.802,0.347,
90,-0.603,1.308,
91,1.193,0.611,
92,-0.072,-0.188,
93,-0.645,-0.231,
94,-0.749,0.783,
95,0.339,-1.501,
96,-0.337,-0.24,
97,-1.566,-0.682,
98,-0.086,-0.95,
99,0.476,-1.548,
100,0.432,0.348,
101,-0.319,1.099,
102,-1.226,-0.671,
103,-0.68,2.182,
104,1.163,-0.567,
105,-0.924,0.886,
106,-0.871,-1.572,
107,-2.936,-0.58,
108,1.197,-1.216,
109,-0.929,-0.755,
110,1.144,-0.288,
111,0.371,0.258,
112,0.842,-0.06,
113,2.23,0.435,
114,0.13,-1.027,
115,0.084,-0.384,
116,1.501,1.179,
117,0.737,1.303,
118,1.13,-0.749,
119,1.052,-0.35,
120,-0.098,-1.049,
121,-0.285,-0.604,
122,1.177,-0.307,
123,-0.892,-0.97,
124,0.839,0.549,
125,-1.205,-0.82,
126,-0.24,-0.205,
127,-2.059,0.82,
128,-0.324,0.106,
129,-0.007,-0.715,
130,0.296,-2.086,
131,2.594,-0.372,
132,0.464,0.194,
133,0.476,0.104,
134,-0.435,-1.449,
135,3.548,-0.347,
136,2.75,1.023,
137,2.063,-0.906,
138,0.508,-0.029,
139,0.236,-1.377,
140,-1.593,2.109,
141,-0.743,0.119,
142,-1.267,-0.556,
143,0.317,-1.522,
144,0.066,0.791,
145,-1.541,0.483,
146,-1.657,0.912,
147,-1.58,1.164,
148,-2.075,-0.938,
149,-1.441,1.112,
150,-0.969,-0.483,
151,0.691,-1.225,
152,-1.47,-0.579,
153,-1.901,1.117,
154,-0.211,-0.368,
155,0.338,0.811,
156,-1.063,0.635,
157,0.259,-1.948,
158,1.109,-0.197,
159,0.843,-0.803,
160,-0.415,-0.479,
161,-0.59,0.788,
162,0.164,1.993,
163,1.726,2.365,
