1,-0.611,-0.171,
2,0.256,-0.232,
3,0.871,0.096,
4,0.385,0.365,
5,-0.074,0.347,
6,-0.41,-0.076,
7,0.369,0.123,
8,-0.283,-0.4,
9,-0.697,0.271,
10,0.616,-0.496,
11,-0.569,0.59,
12,0.36,-0.067,
13,-0.15,0.204,
14,0.434,-0.106,
15,-0.099,-0.85,
16,-0.226,0.393,
17,-1.178,-0.142,
18,0.053,-0.034,
19,-0.138,0.048,
20,-0.494,-0.341,
21,0.333,-0.369,
22,-0.013,-0.211,
23,0.132,-0.066,
24,-0.451,0.369,
25,0.383,-0.088,
26,0.189,-0.289,
27,0.064,-0.444,
28,-0.225,0.173,
29,0.269,1.004,
30,0.626,-0.133,
31,0.138,-0.978,
32,-0.497,-0.72,
33,-0.225,0.148,
34,-0.486,-0.362,
35,-0.87,-0.046,
36,0.347,1.147,
37,-0.45,0.259,
38,0.194,-0.513,
39,0.26,-0.19,
40,-0.119,-0.667,
41,-0.013,0.262,
42,-0.312,-0.395,
43,-0.674,0.116,
44,-0.602,0.035,
45,-0.917,0.083,
46,0.195,-0.08,
47,-0.394,0,
48,0.394,0.243,
49,-0.542,-0.162,
50,-0.146,0.08,
51,-0.326,-0.072,
52,-0.389,-0.591,
53,0.116,-0.538,
54,0.164,-1.412,
55,0.012,0.244,
56,0.265,0.527,
57,-0.448,-0.049,
58,0.245,-0.257,
59,0.003,0.478,
60,-0.649,0.244,
61,-0.156,-0.914,
62,0.529,0.11,
63,-0.148,0.291,
64,-0.029,0.705,
65,-0.411,-0.199,
66,0.023,0.179,
67,-0.131,0.332,
68,0.107,0.202,
69,0.446,0.06,
70,-0.3,-1.357,
71,-0.279,0.189,
72,-0.068,-0.365,
73,0.053,-0.238,
74,0.304,0.065,
75,0.188,-0.412,
76,0.079,-0.085,
77,-0.1,0.468,
78,-0.341,0.316,
79,-0.165,0.222,
80,-0.071,-0.237,
81,0.16,0.012,
82,0.341,-0.256,
83,-0.616,-0.411,
84,0.822,0.017,
85,-0.58,-0.161,
86,-0.107,0.066,
87,0.092,-0.153,
88,0.197,-0.17,
89,0.038,-0.663,
90,0.16,0.678,
91,0.501,-0.159,
92,0.172,-0.461,
93,0.168,-0.494,
94,0.162,0.208,
95,-0.266,0.233,
96,0.01,0.04,
97,-0.406,-0.059,
98,-0.041,-0.798,
99,0.651,-0.008,
100,-1.009,1.317,
101,0.181,-0.302,
102,-0.761,0.83,
103,0.491,-0.529,
104,-0.025,1.314,
105,0.093,-0.286,
106,-0.246,-0.993,
107,-0.659,0.273,
108,-0.208,-0.171,
109,-0.292,-0.152,
110,1.151,0.01,
111,-0.365,0.394,
112,0.181,-0.196,
113,0.224,0.238,
114,0.024,0.276,
115,-0.222,0.6,
116,0.434,-0.288,
117,0.736,0.12,
118,0.289,-0.104,
119,0.484,0.516,
120,-0.447,-0.49,
121,0.288,-0.284,
122,0.468,-0.097,
123,-0.732,-0.812,
124,0.498,0.18,
125,0.374,-0.243,
126,-0.908,-0.189,
127,-0.082,-0.244,
128,-0.29,0.568,
129,0.054,-0.403,
130,-0.206,0.258,
131,0.298,-0.133,
132,0.183,0.286,
133,-0.479,0.185,
134,-0.321,0.079,
135,-0.196,0.197,
136,-0.262,-0.365,
137,-0.769,0.91,
138,-0.283,-0.272,
139,0.131,0.653,
140,-0.115,-0.072,
141,-0.231,0.407,
142,-0.135,-0.139,
143,-0.126,0.61,
144,0.83,-0.53,
145,0.148,-0.242,
146,-0.112,-0.185,
147,-0.345,-0.13,
148,0.049,0.176,
149,0.077,-0.185,
150,-0.636,-0.024,
151,-0.582,0.225,
152,0.14,-0.138,
153,-0.379,0.124,
154,-0.945,0.477,
155,0.436,0.081,
156,-0.462,-0.395,
157,-0.051,-0.713,
158,-0.097,0.22,
159,0.591,-0.485,
160,0.679,1.085,
161,0.808,0.302,
162,0.192,0.046,
163,0.183,-0.396,
