1,-0.088,-1.603,
2,0.942,-1.288,
3,1.241,0.999,
4,0.796,0.875,
5,0.674,0.734,
6,-0.259,-0.492,
7,1.076,0.78,
8,0.12,0.446,
9,-0.315,0.969,
10,1.195,0.11,
11,0.461,0.931,
12,0.321,0.337,
13,0.277,1.193,
14,1.422,1.599,
15,-0.684,-0.634,
16,0.772,0.956,
17,-1.323,0.182,
18,1.034,-0.195,
19,0.535,-0.263,
20,0.247,-1.616,
21,-0.348,-0.681,
22,-0.498,-1.425,
23,0.503,0.476,
24,-0.466,0.945,
25,0.303,0.38,
26,0.651,0.386,
27,0.401,0.116,
28,-0.414,0.747,
29,1.023,0.436,
30,0.801,-0.099,
31,0.453,-0.756,
32,-0.111,-0.801,
33,0.4,0.309,
34,-0.152,-0.384,
35,-1.643,-0.013,
36,-0.527,1.955,
37,-0.084,1.046,
38,0.293,-0.109,
39,0.019,0.036,
40,0.11,-1.416,
41,0.217,0.762,
42,-1.401,-0.713,
43,-0.203,1.296,
44,-0.19,0.271,
45,-0.37,0.33,
46,0.855,-0.035,
47,-0.927,0.196,
48,0.202,0.145,
49,-0.225,-1.484,
50,0.036,0.211,
51,0.114,0.329,
52,-0.752,-0.869,
53,1.111,-1.188,
54,-0.157,-1.469,
55,0.16,0.632,
56,0.298,0.618,
57,-1.124,0.634,
58,0.475,-0.158,
59,0.274,0.943,
60,-0.042,0.396,
61,-0.909,-1.731,
62,1.967,0.683,
63,0.287,0.27,
64,-0.319,0.557,
65,-0.736,-0.514,
66,0.43,0.728,
67,-0.17,-0.222,
68,1.636,-0.087,
69,0.551,0.314,
70,-0.411,-1.432,
71,0.321,1.441,
72,0.72,0.005,
73,-0.044,-0.071,
74,-0.411,0.193,
75,1.24,-0.315,
76,0.063,-0.045,
77,0.105,0.565,
78,-0.087,2.003,
79,-0.262,0.453,
80,-0.395,-0.081,
81,0.416,0.308,
82,0.198,0.226,
83,-1.31,-0.333,
84,0.662,0.446,
85,-0.077,0.113,
86,0.883,1.71,
87,0.334,-0.222,
88,1.029,-0.052,
89,0.72,-1.004,
90,0.748,1.096,
91,1.441,0.514,
92,-0.465,-0.262,
93,0.239,-0.298,
94,0.502,0.19,
95,-0.531,0.595,
96,-0.323,-0.218,
97,-0.307,0.725,
98,0.396,-1.821,
99,1.225,0.719,
100,-0.92,1.622,
101,0.397,0.18,
102,-0.421,0.197,
103,2.244,-0.526,
104,0.1,1.517,
105,0.52,-0.525,
106,0.302,0.068,
107,0.286,0.464,
108,-1.045,1.145,
109,0.067,0.256,
110,1.455,0.571,
111,0.329,0.786,
112,-0.151,0.082,
113,0.697,0.094,
114,0.439,0.108,
115,0.458,0.736,
116,1.103,-0.323,
117,0.539,0.962,
118,-0.054,-0.283,
119,0.518,0.73,
120,-0.288,-0.307,
121,0.705,-0.006,
122,0.529,-1.36,
123,-0.867,-0.578,
124,0.539,0.321,
125,1.362,-0.716,
126,-0.791,0.358,
127,-1.283,0.028,
128,0.091,0.668,
129,0.328,-0.42,
130,-0.086,0.123,
131,0.236,0.681,
132,0.265,0.756,
133,-0.698,0.683,
134,0.001,0.538,
135,-1.071,0.914,
136,0.332,-0.333,
137,-0.931,0.61,
138,-1.103,-0.633,
139,-0.124,-0.44,
140,0.628,-0.585,
141,0.025,0.073,
142,-0.105,-0.148,
143,-0.906,0.812,
144,0.624,-0.079,
145,0.096,0.405,
146,-0.656,0.257,
147,-0.371,-0.535,
148,0.02,0.398,
149,-0.234,-0.967,
150,-1.025,-0.556,
151,-0.179,0.42,
152,0.397,-0.165,
153,-0.359,-0.567,
154,-0.609,0.338,
155,0.259,0.602,
156,0.045,-0.59,
157,-0.429,-1.813,
158,0.869,0.161,
159,2.968,-1.071,
160,0.875,0.698,
161,0.65,-0.358,
162,-0.092,-0.471,
163,0.159,-0.275,
