1,-0.398,-0.264,
2,-0.339,0.014,
3,0.55,-0.251,
4,-0.238,0.28,
5,-0.045,-0.285,
6,0.019,0.17,
7,0.372,-0.215,
8,0.005,-0.515,
9,1.629,-0.068,
10,-0.057,-0.178,
11,-0.209,-0.337,
12,0.454,0.11,
13,0.036,0.088,
14,0.068,-0.314,
15,-0.358,0.198,
16,0.675,-0.205,
17,-0.226,-0.196,
18,0.081,0.385,
19,-0.587,0.492,
20,-0.124,0.106,
21,0.044,0.047,
22,0.138,0.059,
23,0.225,-0.947,
24,-0.276,-0.271,
25,0.344,-0.333,
26,-0.728,-0.719,
27,-0.754,-0.226,
28,0.347,-0.023,
29,0.006,0.565,
30,0.673,0.287,
31,-0.166,-0.421,
32,0.29,-0.249,
33,-0.513,-0.126,
34,0.194,-0.852,
35,-0.196,0.098,
36,0.42,0.349,
37,0.616,0.233,
38,0.262,-0.234,
39,0.465,-0.37,
40,0.416,-0.219,
41,0.236,0.697,
42,0.135,0.223,
43,0.422,0.531,
44,0.124,-0.54,
45,-0.162,0.036,
46,-0.128,-0.005,
47,0.069,0.564,
48,-0.368,-0.477,
49,0.16,-0.341,
50,0.553,0.322,
51,-0.526,-0.653,
52,-0.333,0.479,
53,-0.371,0.699,
54,-0.34,-0.129,
55,-0.25,0.111,
56,-0.476,0.329,
57,0.19,-0.005,
58,-0.833,0.174,
59,0.09,-0.338,
60,-0.012,0.093,
61,-0.597,-0.085,
62,0.349,-0.168,
63,0.633,0.817,
64,0.074,0.607,
65,0.156,0.176,
66,0.43,0.181,
67,0.69,0.684,
68,0.249,-0.208,
69,0.313,-0.04,
70,0.44,-0.428,
71,0.597,-0.27,
72,0.052,-0.645,
73,0.986,0.144,
74,0.96,-0.035,
75,0.149,0.619,
76,0.274,-0.863,
77,0.059,1.001,
78,0.342,0.491,
79,0.472,0.641,
80,-0.09,0.479,
81,-0.352,-0.565,
82,-0.058,0.614,
83,0.161,0.141,
84,0.343,0.178,
85,-0.1,0.011,
86,0.59,-0.381,
87,0.03,-0.259,
88,0.062,0.291,
89,-0.799,0.229,
90,-0.61,0.521,
91,0.033,0.204,
92,-0.013,-0.001,
93,0.709,0.997,
94,-0.442,0.838,
95,0.669,-0.215,
96,0.16,-0.454,
97,-0.36,-0.214,
98,-0.027,-0.933,
99,0.394,0.013,
100,0.269,-0.752,
101,-0.222,-0.203,
102,-0.31,-0.284,
103,0.183,-0.789,
104,0.534,-0.319,
105,-0.393,0.772,
106,-0.013,-0.97,
107,-0.288,-0.383,
108,0.557,-0.574,
109,0.09,-0.921,
110,-0.761,-1.44,
111,0.086,-0.237,
112,0.976,0.037,
113,0.199,0.106,
114,-0.027,0.072,
115,-0.178,0.382,
116,-0.21,-0.137,
117,1.216,-0.327,
118,0.006,-0.012,
119,0.216,0.025,
120,-0.177,-0.003,
121,-0.068,-0.2,
122,0.202,0.073,
123,0.054,-0.181,
124,-0.483,-0.14,
125,0.293,0.112,
126,0.164,-0.289,
127,0.214,-0.091,
128,-0.385,0.418,
129,0.345,0.096,
130,-0.069,0.091,
131,0.417,-0.274,
132,-0.113,0.474,
133,0.014,-0.714,
134,-0.476,0.466,
135,-0.388,-0.09,
136,0.051,-0.238,
137,0.457,0.193,
138,-0.067,0.053,
139,-0.132,0.284,
140,-0.568,-0.178,
141,-0.42,0.391,
142,0.477,-0.396,
143,0.124,-0.224,
144,0.746,-0.736,
145,-0.343,0.465,
146,-0.352,0.017,
147,-0.092,0.211,
148,-0.986,-0.409,
149,0.06,-0.299,
150,0.48,-0.988,
151,-0.14,0.18,
152,0.502,-0.424,
153,0.057,-0.019,
154,-0.734,0.266,
155,0.022,-0.345,
156,0.235,0.534,
157,0.28,0.082,
158,-0.059,0.028,
159,0.135,0.441,
160,-0.362,0.06,
161,-0.088,-0.142,
162,0.544,0.461,
163,0.208,-0.441,
