1,-0.518,-0.368,
2,-0.515,-0.196,
3,0.464,-0.984,
4,-0.804,0.533,
5,-0.021,-0.108,
6,-0.246,0.659,
7,0.65,-0.044,
8,-0.175,-0.904,
9,2.076,0.242,
10,-0.037,-0.247,
11,-0.13,-0.94,
12,0.57,0.092,
13,0.252,0.464,
14,-0.409,-0.014,
15,-1.091,0.439,
16,0.816,0.145,
17,-0.359,-1.269,
18,0.429,0.009,
19,-0.203,0.409,
20,-0.062,0.123,
21,0.025,-0.327,
22,0.074,0.074,
23,0.008,-1.633,
24,0.098,-0.939,
25,0.134,-0.629,
26,-1.651,-1.293,
27,-1.38,-0.666,
28,1.054,-0.325,
29,0.476,0.806,
30,1.094,-0.046,
31,-0.42,-0.88,
32,0.654,-0.554,
33,-1.282,-0.745,
34,0.239,-1.787,
35,-0.216,-0.242,
36,0.469,0.222,
37,1.097,0.569,
38,0.87,-0.551,
39,0.028,-0.348,
40,0.923,-0.652,
41,0.599,0.98,
42,0.098,0.945,
43,0.357,1.065,
44,-0.239,-1.047,
45,-0.314,-0.128,
46,-0.747,0.075,
47,0.042,0.768,
48,-0.657,-0.566,
49,0.554,-0.871,
50,0.752,0.212,
51,-0.527,-1.216,
52,-0.815,0.534,
53,-0.745,1.216,
54,-1.169,-0.251,
55,-0.858,-0.192,
56,-0.65,0.057,
57,0.088,-0.197,
58,-1.421,0.031,
59,0.008,-0.851,
60,0.147,-0.144,
61,-1.201,-0.053,
62,0.85,-0.395,
63,1.335,1.194,
64,-0.28,0.479,
65,0.465,0.106,
66,1.011,0.117,
67,0.477,0.808,
68,0.17,-0.469,
69,0.104,-0.175,
70,1.172,-0.587,
71,0.927,-0.607,
72,0.108,-1.287,
73,1.559,-0.115,
74,1.528,-0.228,
75,0.175,0.614,
76,0.217,-1.5,
77,0.239,1.719,
78,0.391,0.77,
79,0.808,0.683,
80,0.605,0.547,
81,-1.112,-0.716,
82,-0.212,0.826,
83,0.18,0.03,
84,0.105,0.076,
85,0.671,-0.202,
86,1.06,-0.195,
87,-0.12,-0.435,
88,0.194,0.495,
89,-1.081,-0.357,
90,-0.729,0.552,
91,-0.498,-0.217,
92,-0.231,-0.01,
93,1.261,1.331,
94,-0.854,1.985,
95,1.327,-0.592,
96,-0.033,-0.723,
97,-0.786,-0.252,
98,-0.303,-1.819,
99,0.611,-0.282,
100,0.365,-1.459,
101,-0.034,-0.37,
102,-0.966,-1.05,
103,0.255,-1.326,
104,0.607,-0.781,
105,-1.288,0.438,
106,0.602,-0.645,
107,-0.4,-0.198,
108,0.618,-0.91,
109,0.475,-1.692,
110,-1.26,-2.506,
111,0.151,0.162,
112,1.273,-0.25,
113,0.361,-0.304,
114,-0.064,-0.232,
115,-0.401,-0.588,
116,0.007,-0.565,
117,1.826,-0.202,
118,0.263,-0.11,
119,0.432,-0.5,
120,-0.185,0.059,
121,-0.053,-0.069,
122,0.25,0.007,
123,0.03,-0.813,
124,-1.018,-0.91,
125,0.262,0.098,
126,0.292,-0.371,
127,0.571,-0.733,
128,-0.271,0.187,
129,0.061,-0.101,
130,-0.422,0.024,
131,0.734,-0.283,
132,0.039,0.974,
133,0,-1.048,
134,-0.316,0.479,
135,-1.156,-0.657,
136,0.057,-0.454,
137,1.163,0.319,
138,-0.385,-0.155,
139,-0.323,-0.02,
140,-1.01,-0.554,
141,-0.445,-0.078,
142,0.954,-0.861,
143,-0.093,-0.003,
144,0.261,-0.93,
145,-0.761,0.452,
146,-0.126,0.099,
147,-0.032,0.03,
148,-1.708,-0.474,
149,0.192,-1.267,
150,0.35,-2.054,
151,-0.301,0.122,
152,0.09,-0.765,
153,0.29,-0.082,
154,-1.373,0.435,
155,-0.519,-0.762,
156,0.721,0.322,
157,0.089,-0.472,
158,0.187,-0.67,
159,0.233,0.288,
160,-0.935,-0.306,
161,-0.321,-0.218,
162,0.794,0.256,
163,0.205,-1.179,
