1,-0.298,-1.361,
2,1.346,-1.508,
3,1.702,0.878,
4,1.177,1.158,
5,0.426,1.375,
6,-0.585,-0.532,
7,1.045,0.777,
8,-0.299,0.799,
9,-1.503,0.796,
10,2.089,-0.426,
11,-0.037,1.882,
12,0.155,0.151,
13,0.066,1.115,
14,1.282,1.689,
15,-0.34,-0.479,
16,0.449,1.683,
17,-1.677,-0.106,
18,1.11,-0.148,
19,0.578,0.198,
20,-0.47,-0.822,
21,0.878,-1.03,
22,-0.329,-1.428,
23,0.257,0.411,
24,-0.699,0.947,
25,-0.147,0.46,
26,0.383,0.153,
27,0.432,-0.552,
28,-1.32,0.645,
29,2.025,1.636,
30,1.247,-0.93,
31,0.263,-1.902,
32,-0.218,-1.471,
33,-0.329,0.62,
34,-0.96,-1.292,
35,-2.414,-0.519,
36,-0.357,2.814,
37,-0.124,1.097,
38,1.691,0.3,
39,-0.041,0.078,
40,0.325,-1.797,
41,0.372,0.594,
42,-1.247,-0.377,
43,-1.644,0.959,
44,-0.858,0.466,
45,-1.839,0.709,
46,0.708,-0.314,
47,-1.378,0.062,
48,0.319,0.067,
49,-0.113,-1.349,
50,-0.384,0.313,
51,0.631,-0.225,
52,-1.307,-1.645,
53,0.372,-1.859,
54,0.35,-1.846,
55,0.246,0.909,
56,-0.17,0.298,
57,-0.646,0.403,
58,0.833,-0.329,
59,-0.022,1.665,
60,-0.661,0.477,
61,-0.468,-1.836,
62,1.186,1.091,
63,0.185,0.724,
64,-0.166,1.426,
65,-1.552,-1.247,
66,-0.065,0.377,
67,0.031,0.077,
68,1.575,0.274,
69,0.052,0.541,
70,-0.499,-1.965,
71,0.028,1.809,
72,0.075,-0.614,
73,-0.076,-0.761,
74,-0.422,0.125,
75,1.682,-0.917,
76,-0.056,-0.396,
77,-0.196,0.822,
78,-0.248,1,
79,-0.366,0.367,
80,0.632,-0.052,
81,0.549,0.398,
82,0.221,-0.224,
83,-1.905,-0.001,
84,0.824,0.062,
85,0.061,-0.246,
86,0.452,3.019,
87,0.186,-0.234,
88,0.809,-0.176,
89,0.394,-1.248,
90,1.306,1.493,
91,2.159,-0.063,
92,0.141,-1.406,
93,0.074,-1.133,
94,0.341,0.282,
95,-0.715,0.511,
96,-0.115,0.381,
97,-0.064,0.476,
98,0.717,-2.292,
99,0.955,0.935,
100,-1.149,2.277,
101,0.775,-0.592,
102,-1.227,0.852,
103,2.313,-0.378,
104,0.575,2.077,
105,0.131,-0.404,
106,0.536,0.383,
107,-1.387,1.646,
108,-0.894,-0.169,
109,0.198,0.619,
110,2.173,-0.687,
111,0.061,1.664,
112,-0.087,-0.235,
113,0.543,0.8,
114,1.207,0.354,
115,0.001,0.959,
116,1.054,-0.098,
117,1.807,0.896,
118,0.779,-0.118,
119,1.401,1.31,
120,-0.728,-0.733,
121,1.449,0.723,
122,0.823,-1.271,
123,-1.147,-1.222,
124,1.077,0.085,
125,0.902,-1.445,
126,-1.056,-0.731,
127,-1.321,-0.122,
128,-0.051,0.834,
129,0.081,-0.561,
130,-0.334,0.183,
131,1.452,0.124,
132,0.572,0.907,
133,-1.062,1.024,
134,0.136,0.138,
135,-0.887,1.077,
136,-0.108,-0.67,
137,-1.901,1.394,
138,-1.252,-0.66,
139,0.089,0.023,
140,0.477,-0.556,
141,-0.03,0.392,
142,-0.192,0.012,
143,-0.548,1.585,
144,0.431,0.134,
145,0.44,-0.46,
146,-0.506,0.079,
147,-0.811,-0.429,
148,-0.289,0.126,
149,-0.36,-0.987,
150,-1.488,-0.182,
151,-0.928,0.518,
152,0.385,-0.33,
153,-1.613,-0.195,
154,-1.621,1.01,
155,0.243,1.133,
156,-0.3,-2.129,
157,-0.031,-1.865,
158,0.637,0.621,
159,3.452,-1.015,
160,1.592,1.661,
161,1.534,0.376,
162,0.047,-0.948,
163,0.184,-0.689,
