1,-0.512,-0.274,
2,0.593,-0.482,
3,1.037,-0.013,
4,0.687,0.307,
5,-0.007,0.66,
6,-0.603,0.061,
7,0.709,0.306,
8,-0.416,-0.245,
9,-1.143,0.387,
10,1.007,-0.671,
11,-0.608,1.011,
12,0.362,-0.094,
13,0.018,0.301,
14,0.68,0.323,
15,-0.386,-0.856,
16,-0.074,0.888,
17,-1.594,-0.293,
18,0.344,-0.247,
19,0.015,0.047,
20,-0.635,-0.57,
21,0.432,-0.582,
22,-0.196,-0.482,
23,0.285,0.022,
24,-0.442,0.389,
25,0.288,0.064,
26,-0.009,-0.445,
27,0.069,-0.64,
28,-0.435,0.304,
29,0.691,1.304,
30,0.698,-0.342,
31,0.191,-1.307,
32,-0.585,-0.999,
33,-0.272,0.293,
34,-0.662,-0.597,
35,-1.317,-0.267,
36,0.424,1.434,
37,-0.826,0.425,
38,0.457,-0.477,
39,0.198,-0.133,
40,-0.037,-1.084,
41,0.023,0.418,
42,-0.672,-0.361,
43,-1.03,0.327,
44,-0.786,0.094,
45,-1.222,0.195,
46,0.322,-0.129,
47,-0.734,-0.013,
48,0.724,0.171,
49,-0.453,-0.577,
50,-0.294,0.106,
51,-0.118,-0.051,
52,-0.669,-0.996,
53,0.264,-0.981,
54,0.211,-1.91,
55,0.048,0.417,
56,0.237,0.446,
57,-0.65,0.071,
58,0.386,-0.352,
59,-0.034,0.932,
60,-0.642,0.29,
61,-0.387,-1.307,
62,1.151,0.332,
63,-0.27,0.385,
64,-0.069,0.96,
65,-0.686,-0.413,
66,0.052,0.328,
67,-0.15,0.347,
68,0.38,0.23,
69,0.416,0.143,
70,-0.289,-1.678,
71,-0.305,0.584,
72,-0.01,-0.496,
73,-0.049,-0.46,
74,0.345,0.044,
75,0.239,-0.592,
76,0.043,-0.152,
77,-0.184,0.597,
78,-0.416,0.544,
79,-0.206,0.25,
80,0.103,-0.248,
81,0.239,0.054,
82,0.412,-0.326,
83,-1.124,-0.455,
84,0.894,0.054,
85,-0.476,-0.162,
86,-0.067,0.731,
87,0.212,-0.142,
88,0.405,-0.228,
89,0.402,-0.94,
90,0.194,0.937,
91,0.925,-0.22,
92,0.166,-0.723,
93,0.219,-0.849,
94,0.266,0.266,
95,-0.424,0.328,
96,-0.123,0.137,
97,-0.481,0.201,
98,0.013,-1.359,
99,0.81,0.145,
100,-1.301,1.89,
101,0.463,-0.356,
102,-1.191,0.777,
103,1.182,-0.513,
104,-0.044,1.748,
105,0.146,-0.382,
106,-0.014,-0.744,
107,-0.85,0.561,
108,-0.378,-0.18,
109,-0.254,0.018,
110,1.595,-0.16,
111,-0.315,0.88,
112,0.128,-0.246,
113,0.298,0.406,
114,0.272,0.313,
115,-0.21,0.987,
116,0.412,-0.282,
117,1.032,0.388,
118,0.514,-0.173,
119,0.703,0.704,
120,-0.603,-0.643,
121,0.544,-0.098,
122,0.599,-0.432,
123,-0.982,-1.069,
124,0.699,0.152,
125,0.675,-0.467,
126,-1.197,-0.2,
127,-0.081,-0.214,
128,-0.485,0.851,
129,-0.102,-0.54,
130,-0.301,0.253,
131,0.539,-0.117,
132,0.294,0.465,
133,-0.675,0.377,
134,-0.262,0.126,
135,-0.442,0.347,
136,-0.278,-0.519,
137,-1.104,1.292,
138,-0.497,-0.314,
139,0.178,0.561,
140,-0.103,-0.033,
141,-0.166,0.412,
142,-0.155,-0.151,
143,-0.356,1.022,
144,0.767,-0.404,
145,0.179,-0.322,
146,-0.131,-0.132,
147,-0.353,-0.148,
148,-0.059,0.142,
149,0.147,-0.584,
150,-0.871,-0.107,
151,-0.872,0.44,
152,0.233,-0.147,
153,-0.559,-0.03,
154,-1.232,0.747,
155,0.495,0.463,
156,-0.473,-0.84,
157,-0.27,-1.422,
158,0.187,-0.062,
159,1.525,-0.838,
160,0.966,1.643,
161,1.116,0.666,
162,0.175,-0.235,
163,0.009,-0.769,
