1,-0.954,-0.486,
2,0.03,0.016,
3,0.255,-0.262,
4,0.139,-0.301,
5,0.014,-0.713,
6,0.034,0.128,
7,0.088,-0.281,
8,0.095,-0.416,
9,0.028,-0.169,
10,-0.19,-0.09,
11,0.024,0.478,
12,-0.133,-0.602,
13,0.343,0.232,
14,0.262,-0.52,
15,-0.669,-0.095,
16,0.263,-0.505,
17,-0.209,0.243,
18,-0.162,0.282,
19,-0.202,0.242,
20,0.299,0.167,
21,0.219,0.052,
22,0.236,0.078,
23,-0.033,-0.132,
24,-0.082,0.283,
25,0.455,0.617,
26,0.258,-0.401,
27,0.067,0.017,
28,0.169,0.042,
29,-0.341,-0.155,
30,0.729,0.331,
31,0.249,-0.054,
32,-0.085,-0.252,
33,-0.01,-0.103,
34,-0.396,0.243,
35,-0.524,-0.645,
36,0.247,0.339,
37,0.185,0.13,
38,-0.078,-0.288,
39,0.464,-0.26,
40,-0.47,0.136,
41,0.12,0.174,
42,0.15,-0.311,
43,0.219,0.113,
44,-0.005,-0.016,
45,0.082,0.123,
46,-0.053,-0.157,
47,0.261,0.111,
48,-0.244,-0.229,
49,-0.058,0.05,
50,-0.137,0.016,
51,-0.475,-0.051,
52,0.207,0.27,
53,-0.054,0.23,
54,0.285,-0.26,
55,0.091,0.023,
56,-0.108,0.552,
57,-0.284,-0.025,
58,0.078,0.111,
59,0.349,0.295,
60,-0.102,0.159,
61,0.031,-0.159,
62,-0.045,0.42,
63,-0.084,0.146,
64,-0.018,0.068,
65,-0.19,0.049,
66,0.097,0.002,
67,-0.223,0.003,
68,0.191,-0.023,
69,0.236,0.016,
70,-0.207,-0.26,
71,0.063,-0.323,
72,0.079,-0.095,
73,0.167,0.33,
74,0.324,0.006,
75,-0.344,0.188,
76,0.253,-0.367,
77,0.027,0.238,
78,0.23,0.767,
79,-0.367,0.215,
80,-0.503,0.083,
81,-0.093,0.182,
82,-0.023,-0.386,
83,-0.386,0.054,
84,0.793,0.178,
85,-0.702,-0.094,
86,0.057,-0.474,
87,0.166,-0.012,
88,0.025,0.075,
89,-0.202,-0.154,
90,-0.234,0.127,
91,0.195,0.252,
92,0.119,-0.372,
93,0.517,0.381,
94,0.097,0.253,
95,-0.236,0.527,
96,0.072,0.114,
97,0.142,-0.19,
98,-0.012,0.153,
99,0.354,-0.075,
100,0.344,0.01,
101,-0.11,-0.015,
102,0.094,0.023,
103,-0.012,-0.458,
104,-0.304,0.078,
105,0.342,0.228,
106,-0.521,-1.126,
107,-0.21,-0.259,
108,0.135,0.1,
109,-0.033,-0.292,
110,-0.234,0.048,
111,-0.343,-0.016,
112,-0.214,0.247,
113,-0.014,0.128,
114,0.112,0.32,
115,-0.293,0.285,
116,-0.096,-0.041,
117,0.229,0.309,
118,0.143,-0.206,
119,-0.008,0.077,
120,-0.047,-0.049,
121,-0.132,0.001,
122,-0.001,-0.303,
123,-0.289,0.033,
124,-0.093,0.42,
125,0,-0.205,
126,0.135,-0.214,
127,-0.076,0.049,
128,-0.257,0.317,
129,0.485,0.241,
130,-0.251,-0.359,
131,0.05,0.344,
132,-0.181,0.216,
133,-0.195,0.065,
134,-0.39,-0.159,
135,-0.052,0.152,
136,-0.292,-0.241,
137,-0.17,0.225,
138,0.138,0.076,
139,0.072,-0.341,
140,-0.125,-0.012,
141,-0.338,0.189,
142,-0.017,-0.049,
143,0.076,-0.305,
144,0.813,-0.735,
145,0.046,-0.194,
146,-0.437,-0.059,
147,-0.43,-0.002,
148,-0.076,0.02,
149,-0.067,0.014,
150,-0.214,0.029,
151,-0.307,0.399,
152,-0.251,-0.089,
153,-0.008,-0.139,
154,0.478,0.126,
155,0.105,0.025,
156,-0.249,0.439,
157,0.039,0.064,
158,-0.197,0.216,
159,-0.265,0.08,
160,-0.001,0.058,
161,-0.001,-0.209,
162,-0.51,0.177,
163,0.499,-0.293,
