1,0.745,0.809,
2,0.734,0.314,
3,0.293,0.609,
4,0.704,0.703,
5,0.806,1.053,
6,-0.76,0.508,
7,0.627,1.118,
8,0.936,0.95,
9,0.098,0.094,
10,0.258,1.421,
11,0.955,1.297,
12,0.707,0.222,
13,1.095,0.574,
14,0.004,0.365,
15,0.257,0.693,
16,0.917,0.339,
17,-0.112,0.61,
18,0.609,0.446,
19,0.606,0.959,
20,0.587,0.662,
21,0.593,0.434,
22,0.274,0.589,
23,0.47,0.641,
24,0.512,0.521,
25,0.105,0.881,
26,0.806,1.167,
27,0.895,0.689,
28,0.281,0.711,
29,0.553,0.639,
30,1.005,0.885,
31,0.419,1.161,
32,1.158,0.329,
33,0.318,0.481,
34,-0.173,-0.285,
35,0.767,1.306,
36,0.055,0.932,
37,0.876,1.138,
38,0.983,1,
39,0.494,0.61,
40,0.778,0.489,
41,1.211,0.75,
42,0.923,1.191,
43,0.731,1.009,
44,1.071,1.233,
45,0.489,0.917,
46,0.582,0.378,
47,-0.036,0.138,
48,0.962,0.373,
49,-0.008,0.067,
50,0.161,0.278,
51,1.408,0.26,
52,0.08,0.407,
53,0.862,0.04,
54,0.766,0.711,
55,0.383,-0.094,
56,0.135,1.294,
57,0.468,0.804,
58,0.375,1.17,
59,0.431,0.682,
60,0.429,0.629,
61,0.574,0.905,
62,0.513,0.662,
63,0.588,0.905,
64,0.291,0.118,
65,0.397,0.08,
66,0.82,1.229,
67,0.186,0.009,
68,0.961,0.438,
69,0.456,1.331,
70,0.026,0.509,
71,0.435,0.525,
72,0.537,0.731,
73,0.224,0.816,
74,0.682,0.818,
75,0.56,0.191,
76,0.442,0.627,
77,0.329,0.384,
78,0.429,0.72,
79,-0.375,0.637,
80,0.544,0.266,
81,0.819,0.842,
82,0.633,0.899,
83,0.695,0.827,
84,0.213,0.6,
85,0.782,0.689,
86,0.263,1.42,
87,0.37,0.053,
88,0.635,0.624,
89,0.683,0.449,
90,0.834,0.506,
91,0.885,0.855,
92,0.471,0.215,
93,-0.078,1.352,
94,-0.038,0.984,
95,0.584,0.25,
96,0.444,0.428,
97,1.239,0.502,
98,-0.042,-0.369,
99,0.739,0.609,
100,0.242,0.579,
101,0.612,0.691,
102,0.406,0.337,
103,0.381,0.971,
104,0.531,0.553,
105,0.189,0.479,
106,0.698,1.289,
107,0.838,1.555,
108,0.35,0.15,
109,0.833,0.677,
110,1.13,0.906,
111,0.189,0.943,
112,-0.459,0.269,
113,0.618,0.413,
114,0.946,0.326,
115,0.476,-0.68,
116,0.658,0.218,
117,1.025,0.725,
118,0.602,0.581,
119,0.744,0.775,
120,0.634,0.385,
121,0.356,0.815,
122,0.998,0.689,
123,0.119,-0.568,
124,0.8,0.26,
125,0.573,0.113,
126,1.497,-0.116,
127,0.688,0.317,
128,0.571,0.833,
129,0.64,0.672,
130,0.804,0.544,
131,1.206,1.525,
132,0.191,0.488,
133,0.09,0.621,
134,0.625,0.642,
135,0.353,0.473,
136,0.435,0.639,
137,0.053,0.745,
138,0.189,0.537,
139,0.188,-0.334,
140,0.514,0.538,
141,0.122,0.232,
142,0.314,0.259,
143,0.461,1.026,
144,0.221,0.96,
145,0.438,0.328,
146,1.014,1.057,
147,0.461,0.576,
148,-0.101,0.592,
149,0.437,-1.016,
150,-0.84,0.701,
151,1.303,1.041,
152,0.132,1.094,
153,0.408,0.312,
154,0.41,0.477,
155,0.22,0.913,
156,0.4,0.653,
157,0.338,0.416,
158,0.915,1.022,
159,0.66,0.249,
160,0.333,0.729,
161,0.903,0.291,
162,0.48,0.377,
163,1.174,0.11,
