1,-0.018,0.027,
2,0.466,-0.583,
3,-0.645,-0.111,
4,0.34,-0.073,
5,0.26,0.58,
6,-1.399,0.746,
7,0.82,1.169,
8,0.38,0.268,
9,-0.251,-0.556,
10,0.598,0.083,
11,0.209,0.998,
12,0.031,-0.514,
13,1.018,0.159,
14,-0.548,-0.405,
15,-0.237,0.318,
16,0.235,-0.574,
17,-0.095,0.225,
18,-0.104,-0.433,
19,0.544,0.25,
20,0.935,0.927,
21,0.164,0.166,
22,-0.053,0.201,
23,0.151,-0.381,
24,-0.173,0.673,
25,-0.025,0.604,
26,0.484,0.58,
27,0.012,-0.267,
28,0.258,0.225,
29,-0.057,0.141,
30,-0.007,0.408,
31,0.25,0.824,
32,0.164,-0.341,
33,0.007,0.07,
34,-0.879,0.36,
35,-0.151,0.639,
36,-0.987,0.711,
37,0.126,0.112,
38,-0.356,-0.36,
39,-0.126,0.396,
40,-0.02,0.396,
41,0.379,0.294,
42,1.012,0.866,
43,0.035,0.307,
44,0.089,0.045,
45,-0.039,-0.346,
46,-0.434,-0.249,
47,-0.656,-0.195,
48,0.339,-0.184,
49,-0.371,-0.848,
50,-0.5,-0.509,
51,0.028,-0.316,
52,0.231,0.247,
53,0.461,-1.088,
54,0.645,0.182,
55,-0.412,-0.191,
56,-0.596,0.511,
57,0.246,-0.25,
58,0.189,0.475,
59,0.558,-0.263,
60,0.157,-0.25,
61,0.137,0.005,
62,-0.018,-0.128,
63,-0.372,0.953,
64,-0.195,-0.209,
65,0.253,0.018,
66,0.288,0.808,
67,-0.36,-0.575,
68,0.24,0.256,
69,-0.143,0.915,
70,0.075,0.131,
71,-0.314,-0.541,
72,0.414,-0.023,
73,-0.567,0.066,
74,0.346,0.184,
75,-0.487,-0.156,
76,-0.056,0.303,
77,-0.148,-0.363,
78,-0.364,-0.111,
79,-0.808,0.141,
80,-0.222,-0.668,
81,-0.434,0.244,
82,-0.053,0.246,
83,0.235,0.129,
84,-0.279,-0.155,
85,-0.47,-0.025,
86,-0.013,0.357,
87,0.427,-0.923,
88,-0.05,0.094,
89,0.454,0.154,
90,0.353,-0.049,
91,-0.06,0.746,
92,0.207,-0.244,
93,-0.232,0.349,
94,-0.125,0.334,
95,0.176,0.288,
96,-0.148,-0.076,
97,0.41,0.314,
98,-0.29,-0.871,
99,-0.136,0.279,
100,-1.261,-0.298,
101,0.223,0.491,
102,-0.645,0.016,
103,-0.607,0.065,
104,-0.03,-0.06,
105,-0.531,-0.308,
106,-0.067,-0.032,
107,0.437,1.105,
108,0.069,-0.256,
109,-0.115,-0.191,
110,-0.785,0.527,
111,-0.085,0.531,
112,-0.774,0.286,
113,0.238,-0.253,
114,-0.114,-0.162,
115,0.103,-1.177,
116,-0.268,-0.262,
117,1.094,-0.159,
118,0.062,-0.327,
119,-0.35,0.215,
120,0.257,-0.704,
121,0.097,0.695,
122,0.021,0.05,
123,-0.311,-0.924,
124,0.548,-0.307,
125,-0.33,-0.539,
126,0.097,-0.137,
127,0.769,0.036,
128,-0.081,0.238,
129,0.067,0.649,
130,0.145,-0.014,
131,0.55,1.27,
132,-0.506,0.506,
133,-0.484,-0.491,
134,-0.259,0.164,
135,-0.358,-0.305,
136,-0.548,0.072,
137,-0.586,-0.121,
138,-0.445,0.358,
139,-0.134,-0.726,
140,0.067,0.249,
141,-0.339,-0.624,
142,-0.353,-0.516,
143,-0.04,0.465,
144,0.07,0.541,
145,-0.315,-0.669,
146,0.475,0.163,
147,-0.259,-0.793,
148,-0.695,0.169,
149,0.878,-1.641,
150,-0.862,-0.294,
151,0.609,0.399,
152,-0.302,0.302,
153,0.501,0.208,
154,-0.033,0.024,
155,-0.259,-0.23,
156,-0.15,0.18,
157,0.309,-0.479,
158,0.172,0.09,
159,-0.318,-0.136,
160,0.117,0.175,
161,-0.077,-0.146,
162,0.201,-0.173,
163,0.775,-0.627,
