1,0.843,0.632,
2,1.067,0.02,
3,0.507,0.802,
4,0.796,0.831,
5,0.855,1.231,
6,-0.834,0.585,
7,0.868,1.23,
8,0.95,1.213,
9,-0.045,0.236,
10,0.678,1.466,
11,0.923,1.599,
12,0.567,0.232,
13,0.979,0.692,
14,-0.01,0.384,
15,0.152,0.891,
16,1.188,0.55,
17,-0.383,0.5,
18,0.818,0.277,
19,0.62,1.084,
20,0.512,0.451,
21,0.927,0.187,
22,0.244,0.42,
23,0.357,0.848,
24,0.379,0.62,
25,-0.15,0.949,
26,0.84,1.148,
27,0.874,0.734,
28,-0.102,0.748,
29,0.789,0.633,
30,1.328,0.598,
31,0.375,0.983,
32,1.443,0.266,
33,0.224,0.48,
34,-0.238,-0.698,
35,0.431,1.062,
36,-0.21,1.283,
37,0.954,1.494,
38,1.357,1.254,
39,0.461,0.575,
40,0.933,0.167,
41,1.388,0.771,
42,0.745,1.309,
43,0.675,1.116,
44,1.088,1.278,
45,0.344,1.035,
46,0.763,0.192,
47,-0.163,0.125,
48,0.748,0.239,
49,-0.399,-0.147,
50,0.098,0.353,
51,1.72,0.048,
52,-0.238,0.13,
53,0.786,-0.048,
54,0.59,0.472,
55,0.475,0.089,
56,-0.059,1.61,
57,0.422,1.009,
58,0.452,1.198,
59,0.506,1.042,
60,0.465,0.632,
61,0.447,0.911,
62,0.412,0.687,
63,0.553,0.934,
64,0.372,0.162,
65,0.011,-0.302,
66,0.788,1.21,
67,0.175,-0.472,
68,1.321,0.242,
69,0.233,1.463,
70,-0.309,0.195,
71,0.524,0.787,
72,0.376,0.734,
73,0.182,0.796,
74,0.43,0.783,
75,0.449,-0.071,
76,0.473,0.443,
77,0.239,0.385,
78,0.51,0.793,
79,-0.408,0.646,
80,0.444,0.524,
81,0.865,0.973,
82,0.454,0.967,
83,0.353,0.762,
84,0.099,0.628,
85,0.814,0.593,
86,0.407,1.764,
87,0.266,-0.083,
88,0.521,0.616,
89,0.868,0.231,
90,0.986,0.838,
91,1.46,0.729,
92,0.162,0.05,
93,-0.186,1.415,
94,-0.138,0.82,
95,0.516,0.207,
96,0.34,0.427,
97,1.28,0.462,
98,-0.002,-1.092,
99,0.969,0.767,
100,0.031,0.747,
101,0.735,0.485,
102,0.112,0.368,
103,0.704,0.945,
104,0.488,0.601,
105,0.077,0.5,
106,0.86,1.566,
107,0.764,1.585,
108,0.167,0.094,
109,1.012,0.785,
110,1.242,0.81,
111,0.053,1.128,
112,-0.566,0.253,
113,0.662,0.314,
114,1.394,0.305,
115,0.289,-0.483,
116,0.728,0.163,
117,1.172,0.829,
118,0.718,0.599,
119,0.932,0.911,
120,0.635,0.319,
121,0.466,0.967,
122,0.927,0.328,
123,-0.021,-0.761,
124,0.687,0.238,
125,0.719,0.031,
126,1.816,-0.395,
127,0.157,0.412,
128,0.614,0.808,
129,0.727,0.721,
130,0.826,0.418,
131,1.462,1.411,
132,0.265,0.516,
133,-0.07,0.677,
134,0.71,0.461,
135,0.399,0.714,
136,0.431,0.625,
137,-0.154,0.658,
138,-0.051,0.372,
139,0.248,-0.576,
140,0.619,0.358,
141,-0.037,0.337,
142,0.371,0.306,
143,0.029,1.258,
144,0.142,0.978,
145,0.571,0.226,
146,0.481,1.096,
147,0.36,0.412,
148,-0.251,0.422,
149,0.462,-1.245,
150,-0.992,0.57,
151,1.16,1.059,
152,0.092,1.024,
153,0.178,0.224,
154,0.426,0.468,
155,0.224,1.289,
156,0.435,0.286,
157,0.266,0.126,
158,1.009,0.929,
159,1.092,-0.094,
160,0.34,0.667,
161,0.994,0.087,
162,0.4,-0.032,
163,0.948,0.055,
