1,-0.311,-1.322,
2,1.106,-1.674,
3,1.502,0.563,
4,1.118,0.824,
5,0.609,0.951,
6,-0.555,-0.099,
7,1.128,0.788,
8,-0.379,0.506,
9,-1.371,0.767,
10,1.881,-0.392,
11,-0.248,1.759,
12,0.268,0.068,
13,0.171,0.913,
14,1.342,1.247,
15,-0.538,-0.443,
16,0.345,1.229,
17,-1.758,0.009,
18,1.011,-0.313,
19,0.495,0.256,
20,-0.34,-0.753,
21,0.723,-0.871,
22,-0.249,-1.092,
23,0.373,0.425,
24,-0.522,0.852,
25,0.081,0.184,
26,0.243,-0.006,
27,0.347,-0.496,
28,-1.003,0.669,
29,1.658,1.621,
30,1.109,-0.645,
31,0.276,-1.543,
32,-0.241,-1.24,
33,-0.29,0.624,
34,-0.949,-1.155,
35,-2.051,-0.462,
36,-0.127,2.408,
37,-0.459,1.049,
38,1.364,0.232,
39,0.095,0.122,
40,0.311,-1.569,
41,0.365,0.747,
42,-1.148,-0.177,
43,-1.31,0.972,
44,-0.715,0.413,
45,-1.48,0.619,
46,0.739,-0.224,
47,-1.316,0.05,
48,0.649,0.112,
49,-0.338,-1.335,
50,-0.372,0.256,
51,0.672,-0.063,
52,-1.167,-1.394,
53,0.545,-1.607,
54,0.34,-1.691,
55,0.208,0.786,
56,-0.057,0.467,
57,-0.747,0.431,
58,0.686,-0.239,
59,0.053,1.541,
60,-0.476,0.433,
61,-0.131,-1.763,
62,1.438,1.037,
63,0.086,0.626,
64,-0.108,1.219,
65,-1.266,-1.017,
66,0.073,0.503,
67,0.005,0.058,
68,1.419,0.277,
69,0.124,0.498,
70,-0.371,-1.806,
71,-0.003,1.652,
72,0.136,-0.489,
73,-0.167,-0.639,
74,-0.181,0.13,
75,1.191,-0.629,
76,-0.357,-0.321,
77,-0.182,0.755,
78,-0.189,1.062,
79,-0.341,0.377,
80,0.528,-0.039,
81,0.513,0.371,
82,0.408,-0.147,
83,-1.722,-0.002,
84,0.759,0.142,
85,-0.015,-0.112,
86,0.335,2.689,
87,0.266,-0.187,
88,1.081,-0.164,
89,0.733,-1.302,
90,0.921,1.487,
91,2.041,-0.103,
92,0.084,-1.112,
93,0.14,-1.019,
94,0.317,0.319,
95,-0.56,0.48,
96,-0.06,0.342,
97,-0.148,0.605,
98,0.535,-2.182,
99,0.892,0.678,
100,-1.232,2.156,
101,0.767,-0.421,
102,-1.141,0.55,
103,1.868,-0.425,
104,0.336,2.019,
105,0.18,-0.367,
106,0.682,0.205,
107,-1.177,1.397,
108,-0.699,-0.139,
109,0.142,0.492,
110,2.088,-0.561,
111,-0.04,1.424,
112,-0.116,-0.198,
113,0.65,0.791,
114,1.047,0.33,
115,0.392,0.956,
116,0.841,-0.14,
117,1.677,0.922,
118,0.676,-0.107,
119,1.218,1.123,
120,-0.641,-0.648,
121,1.191,0.497,
122,0.84,-1.164,
123,-1.097,-1.175,
124,0.96,0.098,
125,0.959,-1.325,
126,-1.027,-0.698,
127,-0.961,-0.063,
128,-0.219,0.952,
129,-0.033,-0.544,
130,-0.209,0.176,
131,1.31,0.112,
132,0.514,0.805,
133,-0.901,0.844,
134,0.054,0.196,
135,-0.79,0.886,
136,-0.084,-0.614,
137,-1.6,1.463,
138,-0.964,-0.426,
139,-0.104,0.39,
140,0.366,-0.37,
141,-0.058,0.388,
142,-0.117,-0.041,
143,-0.604,1.78,
144,0.467,0.027,
145,0.369,-0.437,
146,-0.404,0.156,
147,-0.556,-0.386,
148,-0.061,0.469,
149,-0.222,-0.958,
150,-1.462,0.137,
151,-0.815,0.603,
152,0.411,-0.087,
153,-1.327,-0.176,
154,-1.405,1.017,
155,0.253,1.164,
156,-0.2,-1.615,
157,-0.513,-2.046,
158,0.742,-0.067,
159,3.18,-0.935,
160,1.389,1.767,
161,1.458,0.466,
162,0.283,-0.624,
163,0.208,-0.672,
