1,0.565,-0.785,
2,1.466,-1.506,
3,1.332,0.589,
4,1.055,0.632,
5,0.543,1.552,
6,-0.636,0.624,
7,1.273,1.089,
8,0.165,1.175,
9,-1.439,0.281,
10,1.62,-0.539,
11,-0.07,1.915,
12,0.608,-0.425,
13,0.601,0.349,
14,1.072,1.218,
15,-0.921,0.605,
16,0.668,1.503,
17,-1.468,0.206,
18,0.827,-0.743,
19,0.515,0.586,
20,-0.136,-0.581,
21,0.806,-0.708,
22,0.044,-0.708,
23,0.627,0.345,
24,-0.06,0.541,
25,-0.497,1.003,
26,0.436,0.375,
27,0.249,-0.541,
28,-0.757,0.911,
29,1.507,1.62,
30,1.161,-0.158,
31,0.3,-0.828,
32,-0.065,-0.746,
33,-0.222,0.675,
34,-1.037,-1.166,
35,-1.238,-0.564,
36,-0.175,2.088,
37,-0.252,1.11,
38,1.355,0.586,
39,0.281,0.311,
40,0.667,-0.987,
41,0.727,1.027,
42,-0.558,0.417,
43,-1,0.873,
44,-0.41,0.597,
45,-1.317,0.825,
46,0.841,-0.09,
47,-1.102,0.034,
48,0.661,0.084,
49,-0.247,-1.304,
50,-0.781,0.197,
51,1.184,0.013,
52,-0.939,-0.884,
53,0.482,-0.994,
54,0.365,-0.961,
55,0.239,0.696,
56,-0.038,0.756,
57,-0.37,0.534,
58,0.474,0.186,
59,0.033,1.43,
60,0.203,0.402,
61,-0.922,-1.06,
62,1.518,0.756,
63,-0.325,0.636,
64,0.018,0.919,
65,-0.884,-0.677,
66,0.139,0.493,
67,0.13,-0.116,
68,1.478,0.468,
69,0.065,0.778,
70,-0.212,-1.594,
71,0.248,1.679,
72,0.008,-0.224,
73,-0.134,-0.13,
74,0.522,0.218,
75,0.344,-0.002,
76,0.658,-0.086,
77,-0.417,0.718,
78,0.008,0.949,
79,-0.324,0.493,
80,0.513,0.179,
81,0.668,0.618,
82,0.597,0.062,
83,-1.322,0.119,
84,0.567,0.283,
85,0.188,0.072,
86,0.592,2.788,
87,0.584,-0.104,
88,0.883,0.012,
89,1.451,-0.912,
90,0.458,1.472,
91,2.439,-0.051,
92,0.296,-0.972,
93,-0.011,-0.608,
94,0.107,0.584,
95,-0.238,0.445,
96,0.098,0.55,
97,0.302,0.621,
98,0.574,-2.175,
99,0.961,0.632,
100,-1.184,1.848,
101,1.066,-0.234,
102,-1.078,0.096,
103,2.05,-0.071,
104,0.002,2,
105,0.19,-0.148,
106,0.991,0.34,
107,-1.111,1.434,
108,-0.339,-0.313,
109,0.292,0.552,
110,1.954,-0.495,
111,-0.057,1.312,
112,-0.399,-0.271,
113,0.789,0.623,
114,1.514,0.312,
115,-0.206,0.411,
116,0.647,0.082,
117,1.709,0.983,
118,0.644,0.082,
119,1.393,1.002,
120,-0.441,-0.571,
121,1.115,0.677,
122,0.825,-0.918,
123,-0.964,-1.265,
124,0.836,-0.021,
125,0.883,-0.947,
126,-0.446,-0.714,
127,-0.892,0.146,
128,-0.248,1.097,
129,-0.374,-0.007,
130,0.17,0.164,
131,1.583,0.302,
132,0.535,0.51,
133,-0.675,0.549,
134,0.17,0.098,
135,-0.377,0.953,
136,0.114,-0.404,
137,-0.956,1.861,
138,-0.725,-0.241,
139,0.061,-0.042,
140,0.169,0.223,
141,-0.201,0.65,
142,0.092,0.036,
143,-0.466,1.85,
144,0.306,0.133,
145,0.472,-0.507,
146,-0.155,0.773,
147,-0.159,0.168,
148,-0.446,-0.262,
149,0.019,-1.768,
150,-1.218,0.585,
151,-0.619,1.079,
152,0.61,0.002,
153,-1.049,0.082,
154,-0.899,1.358,
155,0.437,1.562,
156,-0.118,-1.078,
157,-0.603,-2.046,
158,1.321,-0.279,
159,3.133,-0.99,
160,1.093,1.459,
161,1.159,0.46,
162,0.203,-0.982,
163,0.095,-0.722,
