1,0.383,-1.273,
2,1.469,-1.913,
3,1.392,0.955,
4,1.144,1.078,
5,0.93,1.363,
6,-0.415,-0.139,
7,1.118,1.136,
8,0.324,1.305,
9,-1.024,0.651,
10,2.056,0.543,
11,0.462,2.016,
12,0.259,0.173,
13,0.469,1.002,
14,1.003,1.05,
15,-0.088,0.337,
16,0.93,1.274,
17,-1.218,0.085,
18,1.238,-0.275,
19,0.701,0.761,
20,-0.086,-0.654,
21,1.243,-0.721,
22,0.038,-0.932,
23,0.147,0.711,
24,-0.214,0.92,
25,-0.43,0.676,
26,0.614,0.607,
27,0.659,0.059,
28,-1.214,0.831,
29,1.834,1.226,
30,1.621,-0.434,
31,0.283,-0.622,
32,0.811,-0.707,
33,-0.118,0.57,
34,-0.675,-1.294,
35,-1.363,-0.047,
36,-0.493,2.505,
37,0.348,1.62,
38,1.951,1.089,
39,0.156,0.427,
40,0.841,-1.104,
41,1.059,0.831,
42,-0.537,0.435,
43,-0.733,1.119,
44,0.071,0.923,
45,-0.988,1.047,
46,1.041,-0.199,
47,-0.951,0.109,
48,0.541,0.077,
49,-1.029,-1.339,
50,-0.242,0.409,
51,1.257,-0.252,
52,-0.875,-1.001,
53,0.407,-1.026,
54,0.211,-0.85,
55,0.429,0.78,
56,-0.288,1.048,
57,0.009,0.942,
58,0.744,0.493,
59,0.237,1.766,
60,-0.026,0.572,
61,0.057,-0.607,
62,0.227,0.804,
63,0.255,0.831,
64,0.068,0.867,
65,-1.217,-1.169,
66,0.208,0.547,
67,0.166,-0.587,
68,2.028,0.255,
69,-0.12,1.193,
70,-0.601,-1.25,
71,0.563,1.883,
72,0.105,0.017,
73,0,-0.034,
74,-0.217,0.398,
75,1.223,-0.458,
76,0.076,-0.23,
77,-0.067,0.643,
78,0.233,1.11,
79,-0.436,0.564,
80,0.445,0.429,
81,0.828,0.872,
82,0.309,0.405,
83,-1.318,0.127,
84,0.37,0.32,
85,0.568,0.031,
86,0.981,3.248,
87,0.15,-0.303,
88,1.043,0.23,
89,0.643,-0.788,
90,1.284,1.723,
91,2.38,0.167,
92,0.236,-0.926,
93,-0.255,0.14,
94,0.008,0.441,
95,-0.168,0.365,
96,-0.037,0.447,
97,0.689,0.52,
98,0.745,-2.345,
99,1.186,1.127,
100,-0.895,1.856,
101,1.035,-0.249,
102,-0.651,0.714,
103,1.587,-0.11,
104,0.411,1.63,
105,0.07,0.043,
106,0.974,1.338,
107,-0.894,1.627,
108,-0.659,-0.031,
109,0.776,0.848,
110,1.965,-0.221,
111,0.068,1.616,
112,-0.455,-0.002,
113,0.737,0.495,
114,1.792,0.303,
115,0.208,-0.034,
116,0.989,-0.054,
117,1.761,1.072,
118,0.776,0.255,
119,1.453,1.292,
120,-0.122,-0.309,
121,1.273,1.128,
122,0.659,-0.948,
123,-0.691,-1.162,
124,0.844,0.119,
125,1.098,-0.983,
126,0.536,-0.986,
127,-1.289,0.292,
128,0.262,0.91,
129,0.405,0.089,
130,0.284,0.165,
131,1.826,0.708,
132,0.558,0.764,
133,-0.698,0.947,
134,0.514,0.163,
135,-0.242,1.374,
136,0.265,-0.068,
137,-1.306,1.135,
138,-0.781,-0.185,
139,-0.134,-0.196,
140,0.702,-0.241,
141,-0.156,0.459,
142,0.134,0.219,
143,-0.695,1.855,
144,0.127,0.592,
145,0.673,-0.343,
146,-0.598,0.717,
147,-0.28,-0.183,
148,-0.228,0.168,
149,-0.358,-1.263,
150,-1.551,0.691,
151,-0.047,0.903,
152,0.372,0.157,
153,-1.395,0.014,
154,-0.662,0.866,
155,0.277,1.675,
156,0.208,-1.158,
157,0.137,-1.095,
158,0.921,1.086,
159,3.044,-0.779,
160,1.068,1.267,
161,1.414,0.134,
162,0.277,-0.804,
163,0.538,0.027,
