1,0.759,0.482,
2,0.978,-0.152,
3,0.469,0.581,
4,0.796,0.62,
5,0.937,0.993,
6,-0.789,0.493,
7,0.826,1.182,
8,0.872,1.091,
9,-0.046,0.144,
10,0.629,1.28,
11,0.832,1.562,
12,0.641,0.16,
13,1.022,0.608,
14,0.133,0.269,
15,0.201,0.825,
16,0.91,0.41,
17,-0.419,0.457,
18,0.734,0.225,
19,0.581,1.027,
20,0.461,0.491,
21,0.774,0.114,
22,0.287,0.443,
23,0.448,0.722,
24,0.45,0.56,
25,-0.028,0.827,
26,0.713,0.986,
27,0.796,0.61,
28,0.034,0.84,
29,0.645,0.714,
30,1.177,0.7,
31,0.396,0.94,
32,1.176,0.228,
33,0.261,0.49,
34,-0.295,-0.542,
35,0.437,0.986,
36,-0.019,1.129,
37,0.659,1.288,
38,1.181,1.106,
39,0.48,0.573,
40,0.815,0.179,
41,1.222,0.821,
42,0.813,1.256,
43,0.668,1.034,
44,0.981,1.164,
45,0.354,0.957,
46,0.74,0.244,
47,-0.22,0.103,
48,0.988,0.252,
49,-0.438,-0.147,
50,0.039,0.299,
51,1.567,0.152,
52,-0.174,0.152,
53,0.835,0.019,
54,0.61,0.541,
55,0.409,0.072,
56,0.033,1.448,
57,0.306,0.926,
58,0.407,1.09,
59,0.423,0.937,
60,0.511,0.591,
61,0.6,0.816,
62,0.384,0.682,
63,0.444,0.833,
64,0.341,0.156,
65,0.092,-0.187,
66,0.8,1.188,
67,0.161,-0.374,
68,1.205,0.316,
69,0.278,1.336,
70,-0.123,0.191,
71,0.512,0.76,
72,0.463,0.659,
73,0.117,0.748,
74,0.565,0.723,
75,0.521,-0.015,
76,0.402,0.472,
77,0.222,0.396,
78,0.458,0.771,
79,-0.396,0.642,
80,0.401,0.451,
81,0.826,0.912,
82,0.538,0.894,
83,0.334,0.72,
84,0.158,0.602,
85,0.725,0.617,
86,0.44,1.657,
87,0.372,-0.035,
88,0.689,0.537,
89,0.705,0.24,
90,0.778,0.805,
91,1.432,0.671,
92,0.229,0.09,
93,-0.126,1.25,
94,-0.058,0.844,
95,0.489,0.262,
96,0.375,0.464,
97,1.143,0.531,
98,0.002,-1.055,
99,0.866,0.706,
100,-0.032,0.724,
101,0.798,0.556,
102,0.163,0.255,
103,0.586,0.924,
104,0.38,0.679,
105,0.127,0.46,
106,0.852,1.336,
107,0.707,1.491,
108,0.256,0.064,
109,0.865,0.693,
110,1.24,0.73,
111,0.083,1.013,
112,-0.531,0.234,
113,0.675,0.406,
114,1.214,0.302,
115,0.488,-0.38,
116,0.599,0.189,
117,1.166,0.79,
118,0.637,0.549,
119,0.848,0.819,
120,0.546,0.273,
121,0.434,0.83,
122,0.952,0.313,
123,-0.034,-0.67,
124,0.712,0.224,
125,0.673,0.037,
126,1.58,-0.263,
127,0.256,0.405,
128,0.422,0.915,
129,0.574,0.654,
130,0.797,0.402,
131,1.363,1.326,
132,0.27,0.511,
133,-0.042,0.623,
134,0.583,0.543,
135,0.369,0.654,
136,0.425,0.494,
137,-0.056,0.762,
138,0.091,0.48,
139,0.136,-0.259,
140,0.53,0.437,
141,0.007,0.311,
142,0.384,0.265,
143,0.06,1.333,
144,0.171,0.834,
145,0.517,0.11,
146,0.533,1.092,
147,0.402,0.495,
148,-0.12,0.591,
149,0.341,-1.105,
150,-0.958,0.762,
151,1.067,1.115,
152,0.159,1.059,
153,0.223,0.274,
154,0.338,0.555,
155,0.259,1.265,
156,0.397,0.444,
157,0.017,-0.086,
158,1.002,0.749,
159,1.061,-0.025,
160,0.34,0.871,
161,0.957,0.263,
162,0.559,0.1,
163,0.984,0.185,
