1,1.142,0.462,
2,1.385,-0.479,
3,0.696,0.489,
4,0.89,0.516,
5,0.805,1.312,
6,-0.759,0.827,
7,1.162,1.268,
8,0.805,1.359,
9,-0.481,0.058,
10,0.935,0.749,
11,0.585,1.791,
12,0.683,-0.063,
13,0.982,0.41,
14,0.275,0.373,
15,-0.263,1.142,
16,0.867,0.873,
17,-0.73,0.36,
18,0.748,-0.122,
19,0.522,0.98,
20,0.284,0.335,
21,0.892,-0.263,
22,0.328,0.257,
23,0.548,0.629,
24,0.405,0.466,
25,-0.403,1.147,
26,0.605,0.798,
27,0.604,0.28,
28,-0.136,0.98,
29,0.763,1.006,
30,1.193,0.535,
31,0.375,0.549,
32,0.846,0.02,
33,0.136,0.55,
34,-0.551,-0.754,
35,0.083,0.533,
36,0.008,1.304,
37,0.324,1.249,
38,1.228,1.009,
39,0.483,0.498,
40,0.822,-0.092,
41,1.117,0.926,
42,0.702,1.274,
43,0.347,0.94,
44,0.642,1.011,
45,-0.063,0.947,
46,0.829,0.144,
47,-0.434,0.07,
48,0.981,0.192,
49,-0.472,-0.387,
50,-0.263,0.265,
51,1.539,0.091,
52,-0.393,-0.076,
53,0.761,-0.049,
54,0.504,0.282,
55,0.367,0.242,
56,0.03,1.343,
57,0.103,0.859,
58,0.407,0.895,
59,0.3,1.072,
60,0.536,0.526,
61,-0.19,0.524,
62,0.696,0.605,
63,0.108,0.761,
64,0.304,0.299,
65,-0.146,-0.281,
66,0.697,1.058,
67,0.171,-0.491,
68,1.246,0.357,
69,0.176,1.223,
70,-0.126,-0.302,
71,0.517,1.023,
72,0.312,0.441,
73,0.028,0.605,
74,0.692,0.583,
75,0.192,0.073,
76,0.908,0.4,
77,0.01,0.476,
78,0.39,0.733,
79,-0.381,0.631,
80,0.289,0.492,
81,0.81,0.906,
82,0.579,0.702,
83,-0.096,0.556,
84,0.225,0.518,
85,0.604,0.501,
86,0.599,1.843,
87,0.477,-0.045,
88,0.627,0.379,
89,1.041,-0.02,
90,0.566,1.055,
91,1.946,0.398,
92,0.206,-0.16,
93,-0.109,0.793,
94,-0.05,0.807,
95,0.342,0.318,
96,0.352,0.569,
97,0.971,0.564,
98,0.12,-1.678,
99,0.924,0.707,
100,-0.326,0.962,
101,0.976,0.348,
102,-0.329,-0.074,
103,1.276,0.792,
104,0.179,1.035,
105,0.102,0.351,
106,0.931,1.09,
107,0.384,1.468,
108,0.195,-0.115,
109,0.711,0.654,
110,1.428,0.385,
111,-0.032,1.054,
112,-0.558,0.096,
113,0.75,0.485,
114,1.361,0.28,
115,0.024,-0.084,
116,0.497,0.177,
117,1.341,0.821,
118,0.626,0.472,
119,1.014,0.848,
120,0.29,0.031,
121,0.584,0.767,
122,0.946,-0.068,
123,-0.292,-0.846,
124,0.709,0.135,
125,0.68,-0.049,
126,1.183,-0.314,
127,-0.055,0.372,
128,0.156,1.056,
129,0.247,0.544,
130,0.701,0.304,
131,1.523,0.999,
132,0.356,0.475,
133,-0.193,0.545,
134,0.464,0.422,
135,0.343,0.738,
136,0.379,0.235,
137,-0.182,1.104,
138,-0.049,0.354,
139,0.229,-0.27,
140,0.37,0.505,
141,-0.085,0.427,
142,0.392,0.254,
143,-0.199,1.641,
144,0.165,0.593,
145,0.557,-0.181,
146,0.241,1.126,
147,0.315,0.529,
148,-0.381,0.091,
149,0.577,-1.586,
150,-0.932,0.855,
151,0.577,1.231,
152,0.307,0.782,
153,-0.007,0.33,
154,0.061,0.809,
155,0.376,1.472,
156,0.213,0.179,
157,-0.225,-0.676,
158,1.174,0.337,
159,1.721,-0.622,
160,0.474,1.082,
161,0.983,0.381,
162,0.535,-0.414,
163,0.541,-0.038,
