1,-0.498,-0.611,
2,1.116,-0.73,
3,1.593,0.698,
4,0.959,1.054,
5,0.043,1.221,
6,-0.774,-0.153,
7,0.987,0.531,
8,-0.428,0.314,
9,-1.543,0.819,
10,1.664,-0.851,
11,-0.382,1.683,
12,0.159,0.125,
13,-0.072,0.937,
14,0.965,1.329,
15,-0.426,-0.697,
16,0.166,1.521,
17,-1.76,-0.189,
18,0.831,-0.091,
19,0.336,-0.012,
20,-0.771,-0.793,
21,0.782,-0.953,
22,-0.586,-1.114,
23,0.293,0.172,
24,-0.871,0.74,
25,0.006,0.345,
26,0.283,-0.069,
27,0.27,-0.725,
28,-0.991,0.483,
29,1.67,1.586,
30,0.957,-0.938,
31,0.233,-2.188,
32,-0.686,-1.624,
33,-0.382,0.488,
34,-0.919,-0.997,
35,-2.316,-0.399,
36,-0.139,2.395,
37,-0.324,0.811,
38,1.157,-0.305,
39,0.006,-0.211,
40,-0.021,-1.764,
41,0.053,0.29,
42,-1.135,-0.653,
43,-1.701,0.66,
44,-1.148,0.218,
45,-2.032,0.464,
46,0.404,-0.283,
47,-1.272,0.033,
48,0.229,0.179,
49,0.03,-1.026,
50,-0.375,0.235,
51,0.065,-0.263,
52,-1.186,-1.701,
53,0.308,-1.766,
54,0.274,-2.277,
55,0.141,0.753,
56,-0.02,0.132,
57,-0.859,0.072,
58,0.758,-0.615,
59,-0.177,1.46,
60,-0.997,0.406,
61,-0.584,-1.79,
62,1.487,0.754,
63,0.103,0.608,
64,-0.137,1.508,
65,-1.345,-0.953,
66,-0.037,0.431,
67,-0.133,0.404,
68,0.842,0.228,
69,0.348,0.254,
70,-0.461,-2.05,
71,-0.291,1.262,
72,-0.038,-0.769,
73,-0.082,-0.899,
74,-0.324,0.024,
75,0.889,-1.015,
76,0.114,-0.274,
77,-0.198,0.815,
78,-0.528,0.719,
79,-0.278,0.223,
80,0.476,-0.26,
81,0.358,0.136,
82,0.164,-0.488,
83,-1.841,-0.391,
84,0.925,-0.072,
85,-0.217,-0.347,
86,0.017,1.9,
87,0.185,-0.184,
88,0.358,-0.276,
89,0.465,-1.213,
90,1.054,1.256,
91,1.637,-0.227,
92,0.221,-1.379,
93,0.242,-1.447,
94,0.437,0.243,
95,-0.856,0.502,
96,-0.263,0.316,
97,-0.405,0.252,
98,0.298,-2.147,
99,0.88,0.63,
100,-1.188,2.438,
101,0.463,-0.647,
102,-1.48,0.968,
103,2.135,-0.516,
104,0.524,2.022,
105,0.146,-0.543,
106,0.066,-0.238,
107,-1.201,1.3,
108,-0.774,-0.27,
109,-0.135,0.378,
110,2.002,-0.604,
111,-0.11,1.675,
112,0.126,-0.312,
113,0.14,0.768,
114,0.636,0.366,
115,-0.37,1.327,
116,0.968,-0.16,
117,1.56,0.569,
118,0.821,-0.27,
119,1.085,1.147,
120,-0.792,-0.858,
121,1.106,0.326,
122,0.789,-1.082,
123,-1.209,-1.184,
124,1.078,0.091,
125,0.644,-0.893,
126,-1.469,-0.242,
127,-0.957,-0.334,
128,-0.157,0.679,
129,-0.017,-0.776,
130,-0.562,0.22,
131,1.038,-0.145,
132,0.482,0.825,
133,-1.087,0.883,
134,-0.1,0.11,
135,-0.832,0.614,
136,-0.34,-0.822,
137,-1.907,1.405,
138,-1.3,-0.844,
139,0.307,0.175,
140,0.257,-0.552,
141,0.008,0.355,
142,-0.258,-0.133,
143,-0.52,1.308,
144,0.652,-0.169,
145,0.241,-0.419,
146,-0.345,-0.232,
147,-0.918,-0.424,
148,-0.255,0.012,
149,0.004,-0.907,
150,-1.172,-0.641,
151,-1.128,0.26,
152,0.198,-0.468,
153,-1.046,-0.308,
154,-1.847,0.877,
155,0.35,0.571,
156,-0.636,-2.005,
157,-0.006,-1.564,
158,0.315,0.23,
159,2.749,-1.091,
160,1.562,1.61,
161,1.364,0.504,
162,-0.016,-0.772,
163,-0.064,-1.007,
