1,-0.902,-1.44,
2,-0.784,-0.701,
3,0.421,-1.448,
4,-0.888,0.249,
5,0.263,-0.81,
6,0.228,-0.324,
7,0.241,-0.84,
8,-0.44,-1.346,
9,2.138,0.169,
10,0.02,-0.297,
11,-0.117,-1.04,
12,0.609,0.109,
13,0.222,0.454,
14,-0.249,-0.386,
15,-0.563,-0.164,
16,0.732,-0.39,
17,-0.525,-1.574,
18,0.493,0.011,
19,-0.311,0.519,
20,-0.013,0.238,
21,-0.043,-0.329,
22,0.143,0.136,
23,-0.007,-1.684,
24,0.31,-1.154,
25,0.488,-1.113,
26,-2.272,-1.594,
27,-1.433,-0.757,
28,1.165,-0.311,
29,0.584,0.9,
30,1.187,-0.024,
31,-0.422,-1.009,
32,0.587,-0.543,
33,-1.423,-0.812,
34,0.266,-1.985,
35,-0.164,-0.318,
36,0.872,0.044,
37,1.056,0.462,
38,0.902,-0.56,
39,0.115,-0.338,
40,1.064,-0.687,
41,0.632,1.136,
42,0.07,1.1,
43,0.355,1.317,
44,-0.26,-1.181,
45,-0.306,-0.185,
46,-0.798,0.144,
47,0.087,0.831,
48,-0.485,-0.852,
49,0.177,-1.112,
50,0.86,0.244,
51,-0.493,-1.376,
52,-0.891,0.691,
53,-0.896,1.375,
54,-1.253,-0.22,
55,-0.935,-0.104,
56,-0.701,0.018,
57,0.374,-0.201,
58,-1.673,0.027,
59,-0.082,-0.944,
60,0.179,-0.219,
61,-0.895,-0.095,
62,-0.296,-0.621,
63,1.438,1.257,
64,-0.201,0.684,
65,0.517,0.088,
66,1.093,0.125,
67,0.5,0.853,
68,0.244,-0.387,
69,-0.009,-0.021,
70,1.313,-0.639,
71,1.032,-0.66,
72,0.11,-1.511,
73,1.743,-0.188,
74,1.63,-0.304,
75,1.319,0.761,
76,-0.257,-1.742,
77,0.323,1.798,
78,0.46,0.848,
79,0.908,0.807,
80,0.733,0.574,
81,-0.85,-0.8,
82,-0.129,0.938,
83,0.107,0.107,
84,0.09,0.161,
85,0.778,-0.177,
86,1.252,-0.098,
87,-0.051,-0.431,
88,0.779,0.626,
89,-2.391,0.207,
90,-0.924,0.659,
91,-0.517,-0.133,
92,-0.212,-0.045,
93,1.289,1.412,
94,-0.831,2.138,
95,1.573,-0.517,
96,-0.17,-1.008,
97,-0.812,-0.251,
98,-0.269,-2.012,
99,0.65,-0.189,
100,0.32,-1.536,
101,-0.012,-0.384,
102,0.01,-1.147,
103,-0.251,-1.4,
104,0.621,-0.796,
105,-1.14,0.615,
106,0.802,-0.609,
107,-0.375,-0.047,
108,0.71,-1.075,
109,0.511,-1.854,
110,-1.387,-2.745,
111,0.304,0.104,
112,1.76,-0.315,
113,0.337,-0.315,
114,-0.026,-0.238,
115,0.201,-0.366,
116,-0.317,-0.501,
117,1.905,-0.062,
118,0.29,-0.159,
119,0.422,-0.512,
120,-0.231,0.036,
121,0.057,-0.053,
122,0.261,0.062,
123,0.099,-0.889,
124,-1.064,-0.988,
125,0.318,0.1,
126,0.348,-0.353,
127,0.829,-0.625,
128,-0.576,0.339,
129,0,-0.073,
130,-0.441,-0.056,
131,0.785,-0.429,
132,0.153,1.069,
133,0.076,-1.168,
134,-0.393,0.526,
135,-1.215,-0.672,
136,0.047,-0.528,
137,1.277,0.363,
138,-0.165,0.047,
139,-0.749,0.595,
140,-1.033,-0.551,
141,-0.519,-0.094,
142,0.964,-0.904,
143,-0.119,-0.025,
144,0.214,-0.999,
145,-0.885,0.476,
146,-0.145,0.141,
147,-0.016,0.012,
148,-1.799,-0.291,
149,-0.298,-0.291,
150,0.281,-2.083,
151,-0.341,0.175,
152,0.121,-0.808,
153,0.308,-0.032,
154,-1.511,0.505,
155,-0.542,-0.791,
156,1.056,0.732,
157,0.894,0.305,
158,-0.278,0.162,
159,0.254,1.02,
160,-0.989,-0.045,
161,-0.496,0.178,
162,1.364,1.03,
163,0.633,-0.18,
