1,-1.227,-1.633,
2,0.847,-0.943,
3,-1.138,-0.426,
4,0.599,-0.188,
5,0.148,0.025,
6,-0.765,1.136,
7,1.356,1.052,
8,0.499,0.108,
9,-0.596,-0.379,
10,1.313,-0.453,
11,-0.038,1.745,
12,-0.824,-1.049,
13,1.528,0.754,
14,-0.483,-0.751,
15,-0.903,0.078,
16,0.55,-1.484,
17,0.398,0.299,
18,-0.026,-0.671,
19,1.426,0.406,
20,2.612,1.512,
21,0.673,0.154,
22,0.6,0.418,
23,0.118,-0.378,
24,-0.348,1.442,
25,-0.358,1.687,
26,0.688,0.35,
27,-0.13,-0.417,
28,0.325,0.028,
29,-0.071,-0.611,
30,0.049,0.233,
31,0.564,1.006,
32,0.265,-0.711,
33,-0.11,0.076,
34,-1.64,1.088,
35,-1.194,0.187,
36,-1.54,1.161,
37,0.34,0.252,
38,-0.85,-0.986,
39,-0.193,0.538,
40,-0.43,1.097,
41,0.402,0.416,
42,1.269,1.332,
43,-0.104,1.114,
44,-0.221,-0.403,
45,-0.322,-0.537,
46,-1.517,-0.882,
47,-0.556,0.23,
48,-0.698,-0.511,
49,-0.812,-1.721,
50,-0.799,-0.88,
51,-0.57,-0.457,
52,0.48,0.671,
53,0.374,-1.848,
54,1.33,-0.544,
55,-0.457,0.562,
56,-0.994,0.535,
57,0.077,-0.524,
58,0.663,0.558,
59,1.644,0.042,
60,0.108,-0.453,
61,0.097,-0.237,
62,-1.315,0.377,
63,-0.743,2.019,
64,-0.326,-0.044,
65,0.073,0.162,
66,0.354,0.926,
67,-0.363,-0.931,
68,0.191,0.358,
69,-0.971,0.945,
70,0.02,0.063,
71,-0.395,-1.331,
72,0.622,-0.344,
73,-0.506,-0.098,
74,0.031,0.053,
75,-1.112,-0.11,
76,-0.251,0.265,
77,0.054,-0.534,
78,-0.086,-0.114,
79,-0.9,0.021,
80,-0.785,-0.636,
81,-0.996,0.71,
82,-0.541,-0.269,
83,-0.659,-0.02,
84,0.134,-0.306,
85,-1.069,-0.216,
86,-0.149,0.035,
87,0.755,-0.85,
88,-0.113,0.496,
89,0.292,0.213,
90,0.316,0.154,
91,-0.192,1.209,
92,0.63,-0.832,
93,0.703,-0.009,
94,0.185,0.476,
95,0.153,1.58,
96,-0.846,0.653,
97,0.739,0.81,
98,0.096,-0.987,
99,-0.312,0.814,
100,-2.334,-0.158,
101,0.38,0.614,
102,-0.287,-0.568,
103,-0.702,-0.808,
104,-0.206,-0.277,
105,-0.6,0.182,
106,-0.184,-0.477,
107,0.136,0.972,
108,0.174,0.017,
109,-0.326,-0.135,
110,-2.36,1.001,
111,-0.521,1.005,
112,-1.007,1.27,
113,0.841,-0.422,
114,-0.169,0.14,
115,-0.226,-0.423,
116,-0.324,-0.636,
117,1.939,-0.224,
118,0.152,-0.624,
119,-0.673,0.405,
120,0.32,-1.181,
121,0.154,1.582,
122,-0.572,-0.066,
123,-0.488,-1.028,
124,0.401,0.001,
125,-0.79,-0.474,
126,0.233,-0.38,
127,0.668,0.597,
128,-0.057,-0.025,
129,0.322,1.237,
130,-0.498,-0.466,
131,0.959,1.743,
132,-0.658,1.298,
133,-0.585,-0.448,
134,-0.634,-0.272,
135,-0.825,-0.111,
136,-1.463,0.053,
137,-1.096,-0.146,
138,-0.797,0.413,
139,0.419,-0.904,
140,0.177,0.272,
141,-0.371,-0.925,
142,-0.353,0.015,
143,-0.198,0.146,
144,0.162,0.951,
145,-0.346,-1.053,
146,-0.439,-0.453,
147,-1.24,-1.882,
148,-1.026,0.027,
149,1.703,-1.187,
150,-0.45,-0.538,
151,-0.096,0.317,
152,-0.568,-0.118,
153,0.755,0.782,
154,0.55,0.187,
155,-0.371,-0.3,
156,0.029,-0.242,
157,0.306,-0.563,
158,-1.114,-0.314,
159,-0.325,-0.174,
160,0.474,-0.409,
161,-0.792,-0.346,
162,-0.146,-0.628,
163,1.215,-0.455,
