1,-0.454,-0.039,
2,0.082,-0.04,
3,0.661,0.077,
4,0.177,0.236,
5,-0.124,0.147,
6,-0.224,-0.059,
7,0.17,-0.009,
8,-0.093,-0.375,
9,-0.263,0.019,
10,0.252,-0.298,
11,-0.424,0.265,
12,0.389,-0.095,
13,-0.191,0.021,
14,0.266,-0.328,
15,-0.028,-0.301,
16,-0.126,0.094,
17,-0.746,0.075,
18,-0.183,0.138,
19,-0.165,0.126,
20,-0.253,-0.099,
21,0.207,-0.144,
22,0.105,-0.01,
23,0.026,-0.122,
24,-0.357,0.254,
25,0.398,-0.078,
26,0.272,-0.209,
27,0.036,-0.22,
28,-0.058,0.122,
29,-0.057,0.617,
30,0.634,0.085,
31,0.106,-0.573,
32,-0.302,-0.398,
33,-0.119,0.035,
34,-0.293,-0.169,
35,-0.413,0.102,
36,0.336,0.747,
37,-0.203,0.11,
38,0.046,-0.37,
39,0.319,-0.222,
40,-0.141,-0.328,
41,0.02,0.141,
42,-0.033,-0.394,
43,-0.246,-0.018,
44,-0.339,0.017,
45,-0.536,0.03,
46,0.128,-0.041,
47,-0.161,0.002,
48,0.202,0.127,
49,-0.298,0.078,
50,-0.073,0.067,
51,-0.387,-0.076,
52,-0.131,-0.206,
53,0.027,-0.159,
54,0.192,-0.732,
55,0.012,0.082,
56,0.113,0.554,
57,-0.3,-0.055,
58,0.113,-0.098,
59,0.063,0.148,
60,-0.459,0.193,
61,-0.136,-0.52,
62,0.349,0.052,
63,-0.144,0.205,
64,0.045,0.414,
65,-0.176,-0.062,
66,-0.002,0.06,
67,-0.113,0.24,
68,0.03,0.111,
69,0.43,0.021,
70,-0.235,-0.829,
71,-0.165,-0.048,
72,-0.105,-0.178,
73,0.104,0.024,
74,0.391,0.096,
75,0.148,-0.114,
76,0.194,-0.046,
77,-0.076,0.33,
78,-0.169,0.28,
79,-0.139,0.224,
80,-0.188,-0.111,
81,0.101,0.019,
82,0.235,-0.11,
83,-0.17,-0.194,
84,0.639,0.01,
85,-0.637,-0.135,
86,-0.063,-0.289,
87,0.041,-0.176,
88,0.047,-0.094,
89,-0.03,-0.362,
90,0.035,0.372,
91,0.259,-0.016,
92,0.124,-0.173,
93,0.087,-0.092,
94,0.054,0.147,
95,-0.154,0.17,
96,0.148,-0.064,
97,-0.283,-0.259,
98,-0.02,-0.33,
99,0.302,-0.087,
100,-0.431,0.576,
101,-0.005,-0.202,
102,-0.416,0.648,
103,0.167,-0.444,
104,-0.046,0.803,
105,0.066,-0.173,
106,-0.391,-1.093,
107,-0.41,0.052,
108,-0.064,-0.121,
109,-0.261,-0.267,
110,0.622,0.002,
111,-0.31,0.03,
112,0.141,-0.13,
113,0.145,0.199,
114,-0.022,0.232,
115,-0.284,0.353,
116,0.247,-0.171,
117,0.487,-0.03,
118,0.097,-0.062,
119,0.292,0.335,
120,-0.24,-0.234,
121,0.09,-0.364,
122,0.347,0.076,
123,-0.387,-0.374,
124,0.26,0.198,
125,0.124,-0.164,
126,-0.489,-0.218,
127,0.052,-0.168,
128,-0.224,0.443,
129,0.193,-0.155,
130,-0.066,0.21,
131,0.099,-0.103,
132,0.091,0.116,
133,-0.309,0,
134,-0.349,0.043,
135,-0.032,0.149,
136,-0.191,-0.22,
137,-0.353,0.532,
138,0.023,-0.05,
139,0.115,0.428,
140,-0.164,-0.006,
141,-0.333,0.438,
142,-0.054,-0.14,
143,0.101,0.15,
144,0.843,-0.629,
145,0.119,-0.144,
146,-0.106,-0.102,
147,-0.229,0.01,
148,0.066,0.063,
149,0.053,-0.065,
150,-0.399,-0.046,
151,-0.307,0.206,
152,0.076,-0.097,
153,-0.231,0.124,
154,-0.538,0.252,
155,0.287,-0.065,
156,-0.371,0.026,
157,0.003,-0.303,
158,-0.12,0.294,
159,0.046,-0.228,
160,0.3,0.694,
161,0.538,0.074,
162,0.067,0.144,
163,0.23,-0.248,
