1,0.743,0.802,
2,0.729,0.303,
3,0.292,0.6,
4,0.704,0.694,
5,0.811,1.04,
6,-0.751,0.488,
7,0.62,1.11,
8,0.931,0.942,
9,0.099,0.089,
10,0.258,1.415,
11,0.955,1.293,
12,0.71,0.219,
13,1.096,0.572,
14,0.013,0.358,
15,0.262,0.687,
16,0.9,0.335,
17,-0.11,0.606,
18,0.605,0.444,
19,0.605,0.958,
20,0.582,0.662,
21,0.586,0.428,
22,0.278,0.587,
23,0.473,0.636,
24,0.517,0.518,
25,0.111,0.873,
26,0.801,1.16,
27,0.893,0.681,
28,0.284,0.716,
29,0.547,0.645,
30,0.998,0.89,
31,0.42,1.16,
32,1.147,0.328,
33,0.318,0.483,
34,-0.175,-0.276,
35,0.766,1.301,
36,0.062,0.93,
37,0.862,1.128,
38,0.977,0.993,
39,0.491,0.609,
40,0.772,0.488,
41,1.203,0.753,
42,0.924,1.19,
43,0.733,1.007,
44,1.067,1.228,
45,0.492,0.912,
46,0.582,0.38,
47,-0.036,0.135,
48,0.972,0.373,
49,-0.013,0.067,
50,0.158,0.275,
51,1.395,0.264,
52,0.087,0.407,
53,0.868,0.044,
54,0.765,0.717,
55,0.38,-0.094,
56,0.139,1.285,
57,0.46,0.801,
58,0.373,1.164,
59,0.428,0.679,
60,0.432,0.626,
61,0.581,0.899,
62,0.506,0.664,
63,0.582,0.899,
64,0.291,0.115,
65,0.4,0.085,
66,0.822,1.231,
67,0.185,0.012,
68,0.959,0.438,
69,0.458,1.326,
70,0.036,0.511,
71,0.435,0.533,
72,0.544,0.728,
73,0.22,0.815,
74,0.689,0.815,
75,0.58,0.191,
76,0.437,0.626,
77,0.329,0.384,
78,0.431,0.72,
79,-0.376,0.641,
80,0.541,0.262,
81,0.816,0.839,
82,0.637,0.896,
83,0.695,0.825,
84,0.216,0.599,
85,0.775,0.688,
86,0.264,1.412,
87,0.374,0.054,
88,0.646,0.619,
89,0.659,0.45,
90,0.823,0.504,
91,0.883,0.853,
92,0.475,0.214,
93,-0.074,1.342,
94,-0.034,0.985,
95,0.582,0.255,
96,0.446,0.432,
97,1.231,0.506,
98,-0.041,-0.373,
99,0.737,0.607,
100,0.238,0.578,
101,0.618,0.696,
102,0.408,0.334,
103,0.375,0.97,
104,0.525,0.556,
105,0.19,0.478,
106,0.698,1.28,
107,0.842,1.55,
108,0.353,0.15,
109,0.826,0.672,
110,1.127,0.902,
111,0.186,0.94,
112,-0.456,0.268,
113,0.619,0.417,
114,0.937,0.327,
115,0.487,-0.674,
116,0.652,0.22,
117,1.023,0.723,
118,0.596,0.58,
119,0.74,0.771,
120,0.63,0.383,
121,0.352,0.803,
122,1.004,0.684,
123,0.119,-0.563,
124,0.801,0.26,
125,0.573,0.114,
126,1.493,-0.109,
127,0.688,0.318,
128,0.562,0.838,
129,0.633,0.671,
130,0.803,0.54,
131,1.202,1.52,
132,0.191,0.489,
133,0.092,0.619,
134,0.62,0.647,
135,0.351,0.47,
136,0.436,0.632,
137,0.059,0.748,
138,0.196,0.541,
139,0.182,-0.317,
140,0.509,0.542,
141,0.124,0.23,
142,0.316,0.258,
143,0.462,1.028,
144,0.222,0.956,
145,0.435,0.322,
146,1.014,1.057,
147,0.464,0.581,
148,-0.095,0.601,
149,0.43,-1.008,
150,-0.837,0.713,
151,1.299,1.045,
152,0.138,1.094,
153,0.408,0.316,
154,0.406,0.481,
155,0.224,0.912,
156,0.399,0.665,
157,0.343,0.417,
158,0.903,1.04,
159,0.658,0.253,
160,0.332,0.737,
161,0.9,0.297,
162,0.489,0.386,
163,1.175,0.117,
