1,-0.704,-1.209,
2,0.766,-1.164,
3,-1.161,-0.773,
4,0.589,-0.449,
5,0.631,-0.441,
6,-1.072,1.519,
7,1.78,1.545,
8,0.52,0.239,
9,-0.68,-0.484,
10,0.846,-0.306,
11,0.102,1.609,
12,-0.771,-1.26,
13,1.521,0.545,
14,-0.355,-0.868,
15,-0.974,0.48,
16,0.337,-1.578,
17,0.12,0.16,
18,-0.011,-0.528,
19,1.099,0.57,
20,2.272,1.283,
21,0.387,0.2,
22,0.495,0.484,
23,0.137,-0.493,
24,-0.077,1.105,
25,0.05,1.437,
26,0.346,0.083,
27,-0.062,-0.363,
28,0.43,0.175,
29,-0.114,-0.513,
30,0.176,0.321,
31,0.444,0.812,
32,0.192,-0.712,
33,-0.023,0.025,
34,-1.608,1.047,
35,-0.947,0.024,
36,-0.932,0.778,
37,0.073,0.185,
38,-0.561,-0.752,
39,-0.003,0.538,
40,-0.36,1.068,
41,0.385,0.411,
42,1.185,1.042,
43,0.027,1.004,
44,-0.108,-0.184,
45,-0.178,-0.429,
46,-1.357,-0.749,
47,-0.482,0.249,
48,-0.31,-0.581,
49,-1.163,-1.644,
50,-0.802,-0.805,
51,-0.38,-0.263,
52,0.377,0.595,
53,0.304,-1.75,
54,1.278,-0.408,
55,-0.454,0.3,
56,-0.815,0.654,
57,0.108,-0.346,
58,0.526,0.523,
59,1.3,0.118,
60,0.081,-0.389,
61,0.291,-0.124,
62,-0.831,0.157,
63,-0.734,1.636,
64,-0.136,0.144,
65,0.145,0.043,
66,0.308,0.816,
67,-0.43,-0.836,
68,0.183,0.476,
69,-0.856,0.824,
70,-0.018,-0.005,
71,-0.441,-1.05,
72,0.549,-0.368,
73,-0.617,-0.124,
74,0.157,0.043,
75,-1.392,-0.129,
76,-0.074,0.098,
77,0.015,-0.397,
78,-0.226,-0.057,
79,-0.953,0.086,
80,-0.645,-0.594,
81,-0.717,0.638,
82,-0.466,-0.201,
83,-0.603,-0.09,
84,0.159,-0.248,
85,-0.848,-0.11,
86,-0.186,0.128,
87,0.608,-0.728,
88,-0.071,0.444,
89,0.63,0.374,
90,0.03,0.139,
91,-0.008,0.98,
92,0.504,-0.804,
93,0.547,0.062,
94,0.043,0.544,
95,0.316,1.421,
96,-0.582,0.481,
97,0.692,0.659,
98,0.064,-0.843,
99,-0.115,0.656,
100,-2.072,0.011,
101,0.468,0.592,
102,-0.81,-0.218,
103,-1.049,-0.532,
104,-0.316,-0.195,
105,-0.279,0.103,
106,-0.253,-0.44,
107,0.192,0.868,
108,0.097,-0.01,
109,-0.163,-0.221,
110,-2.098,0.874,
111,-0.391,0.849,
112,-0.929,1.113,
113,0.886,-0.394,
114,-0.063,0.191,
115,0.216,-0.329,
116,-0.475,-0.55,
117,1.608,-0.167,
118,0.277,-0.47,
119,-0.541,0.283,
120,0.238,-0.939,
121,0.318,1.468,
122,-0.365,-0.094,
123,-0.375,-0.974,
124,0.379,-0.039,
125,-0.695,-0.641,
126,0.272,-0.376,
127,0.781,0.52,
128,-0.325,0.201,
129,0.186,1.179,
130,-0.32,-0.49,
131,0.789,1.775,
132,-0.474,1.099,
133,-0.569,-0.369,
134,-0.69,-0.167,
135,-0.73,-0.001,
136,-1.302,-0.138,
137,-0.851,0.05,
138,-0.511,0.47,
139,0.192,-0.655,
140,0.045,0.109,
141,-0.297,-0.813,
142,-0.277,-0.09,
143,-0.162,0.051,
144,0.238,0.559,
145,-0.283,-1.108,
146,-0.343,-0.258,
147,-0.995,-1.443,
148,-0.823,0.328,
149,1.595,-1.474,
150,-0.555,-0.376,
151,-0.061,0.541,
152,-0.572,0.083,
153,0.568,0.712,
154,0.557,0.279,
155,-0.291,-0.061,
156,0.055,-0.084,
157,0.372,-0.959,
158,-0.872,-0.407,
159,-0.308,0.103,
160,0.439,-0.036,
161,-0.818,-0.016,
162,-0.027,-0.208,
163,0.702,-0.725,
