1,0.419,-1.264,
2,1.589,-2.052,
3,1.538,1.096,
4,1.234,1.266,
5,0.913,1.552,
6,-0.544,0.169,
7,1.258,1.27,
8,0.292,1.379,
9,-1.18,0.627,
10,2.271,0.359,
11,0.573,2.022,
12,0.158,0.184,
13,0.463,1.008,
14,1.115,1.166,
15,-0.223,0.472,
16,0.998,1.384,
17,-1.149,0.2,
18,1.338,-0.225,
19,0.76,0.724,
20,-0.116,-0.741,
21,1.531,-0.817,
22,-0.078,-1.174,
23,-0.015,0.653,
24,-0.353,0.898,
25,-0.56,0.729,
26,0.647,0.649,
27,0.605,0.057,
28,-1.456,0.786,
29,2.216,1.229,
30,1.833,-0.707,
31,0.258,-0.893,
32,0.898,-0.866,
33,-0.179,0.576,
34,-0.644,-1.458,
35,-1.605,-0.093,
36,-0.659,2.665,
37,0.492,1.719,
38,2.087,1.134,
39,0.108,0.288,
40,0.927,-1.329,
41,1.154,0.712,
42,-0.72,0.347,
43,-0.962,1.215,
44,-0.013,0.985,
45,-1.351,1.182,
46,1.057,-0.315,
47,-0.922,0.153,
48,0.433,0.077,
49,-1.121,-1.438,
50,-0.314,0.464,
51,1.169,-0.518,
52,-0.949,-1.133,
53,0.299,-1.206,
54,0.141,-1.038,
55,0.474,0.913,
56,-0.465,0.913,
57,0.084,0.942,
58,0.866,0.472,
59,0.218,1.869,
60,-0.103,0.605,
61,0.017,-0.608,
62,0.413,0.811,
63,0.258,0.924,
64,-0.03,1.055,
65,-1.486,-1.35,
66,0.117,0.507,
67,0.191,-0.71,
68,2.069,0.253,
69,-0.078,1.299,
70,-0.749,-1.396,
71,0.587,2.105,
72,-0.041,-0.034,
73,0.111,-0.094,
74,-0.399,0.391,
75,0.946,-0.481,
76,0.036,-0.27,
77,-0.12,0.689,
78,0.225,1.092,
79,-0.443,0.533,
80,0.504,0.506,
81,0.891,0.934,
82,0.14,0.377,
83,-1.592,0.059,
84,0.336,0.248,
85,0.739,-0.14,
86,1.074,3.542,
87,0.081,-0.373,
88,1.096,0.279,
89,1.034,-0.909,
90,1.546,1.855,
91,2.483,0.166,
92,0.362,-1.175,
93,-0.321,0.008,
94,-0.039,0.397,
95,-0.294,0.376,
96,-0.103,0.439,
97,0.795,0.42,
98,0.928,-2.507,
99,1.252,1.38,
100,-0.659,2.063,
101,1.034,-0.428,
102,-0.764,0.731,
103,1.717,-0.141,
104,0.511,1.72,
105,-0.002,0.011,
106,0.883,1.561,
107,-1.042,1.826,
108,-0.87,-0.046,
109,0.877,0.983,
110,2.083,-0.372,
111,0.128,1.808,
112,-0.493,-0.054,
113,0.702,0.492,
114,2.06,0.31,
115,0.088,-0.069,
116,1.074,-0.039,
117,1.802,1.127,
118,0.854,0.28,
119,1.567,1.469,
120,-0.097,-0.404,
121,1.472,1.333,
122,0.628,-1.175,
123,-0.782,-1.196,
124,0.894,0.083,
125,1.071,-1.025,
126,0.454,-1.037,
127,-1.363,0.293,
128,0.331,0.908,
129,0.471,0.118,
130,0.2,0.172,
131,2.015,0.698,
132,0.642,0.817,
133,-0.853,1.057,
134,0.599,0.029,
135,-0.243,1.484,
136,0.267,-0.075,
137,-1.567,1.136,
138,-0.94,-0.281,
139,-0.124,-0.295,
140,0.786,-0.357,
141,-0.215,0.53,
142,0.082,0.301,
143,-0.766,1.823,
144,0.066,0.707,
145,0.725,-0.246,
146,-0.75,0.708,
147,-0.463,-0.217,
148,-0.302,0.083,
149,-0.262,-1.459,
150,-1.744,0.711,
151,-0.179,0.896,
152,0.196,-0.025,
153,-1.669,0.094,
154,-0.783,0.862,
155,0.34,1.696,
156,0.201,-1.407,
157,0.217,-0.894,
158,1.073,0.826,
159,3.218,-0.759,
160,1.199,1.27,
161,1.509,0.165,
162,0.157,-0.884,
163,0.456,-0.143,
