1,0.753,-0.581,
2,1.521,-1.428,
3,1.126,0.976,
4,1.048,1.04,
5,0.976,1.358,
6,-0.542,0.258,
7,1.149,1.216,
8,0.599,1.409,
9,-0.694,0.519,
10,1.758,0.954,
11,0.663,2.018,
12,0.326,0.192,
13,0.644,0.919,
14,0.62,0.657,
15,0.045,0.719,
16,1.132,1.049,
17,-0.972,0.203,
18,1.166,-0.145,
19,0.686,0.975,
20,0.122,-0.292,
21,1.36,-0.543,
22,0.153,-0.461,
23,0.165,0.856,
24,-0.011,0.826,
25,-0.449,0.792,
26,0.729,0.828,
27,0.755,0.345,
28,-0.969,0.843,
29,1.529,0.996,
30,1.671,-0.137,
31,0.303,0.041,
32,1.219,-0.327,
33,-0.025,0.531,
34,-0.526,-1.233,
35,-0.746,0.312,
36,-0.496,2.172,
37,0.64,1.735,
38,1.907,1.29,
39,0.242,0.483,
40,0.975,-0.711,
41,1.294,0.818,
42,-0.038,0.893,
43,-0.159,1.177,
44,0.503,1.105,
45,-0.517,1.121,
46,1.061,-0.119,
47,-0.664,0.11,
48,0.554,0.093,
49,-1.114,-0.96,
50,-0.143,0.426,
51,1.491,-0.258,
52,-0.658,-0.62,
53,0.545,-0.611,
54,0.245,-0.393,
55,0.49,0.591,
56,-0.267,1.418,
57,0.172,1.073,
58,0.66,0.855,
59,0.367,1.643,
60,0.208,0.603,
61,0.232,0.058,
62,0.119,0.748,
63,0.344,0.885,
64,0.225,0.593,
65,-0.889,-0.979,
66,0.463,0.828,
67,0.18,-0.838,
68,1.896,0.183,
69,-0.077,1.393,
70,-0.637,-0.81,
71,0.632,1.646,
72,0.14,0.314,
73,0.062,0.335,
74,-0.05,0.542,
75,0.844,-0.43,
76,0.236,-0.041,
77,0.02,0.541,
78,0.411,0.997,
79,-0.444,0.62,
80,0.323,0.603,
81,0.885,1.003,
82,0.3,0.673,
83,-0.822,0.314,
84,0.177,0.391,
85,0.713,0.201,
86,0.963,2.791,
87,0.153,-0.285,
88,0.863,0.395,
89,0.793,-0.489,
90,1.235,1.553,
91,2.301,0.319,
92,0.146,-0.619,
93,-0.276,0.669,
94,-0.11,0.538,
95,0.09,0.287,
96,0.073,0.457,
97,0.981,0.477,
98,0.532,-2.301,
99,1.225,1.087,
100,-0.598,1.485,
101,1.009,-0.036,
102,-0.385,0.555,
103,1.301,0.248,
104,0.416,1.238,
105,0.021,0.248,
106,1.026,1.638,
107,-0.195,1.635,
108,-0.426,0.012,
109,0.97,0.886,
110,1.73,0.136,
111,-0.025,1.525,
112,-0.583,0.113,
113,0.746,0.378,
114,1.858,0.295,
115,0.162,-0.208,
116,0.911,0.018,
117,1.596,1.025,
118,0.8,0.42,
119,1.336,1.211,
120,0.2,-0.085,
121,1.016,1.126,
122,0.739,-0.65,
123,-0.459,-1.087,
124,0.736,0.154,
125,1.018,-0.54,
126,1.223,-0.854,
127,-0.933,0.398,
128,0.436,0.871,
129,0.58,0.398,
130,0.538,0.201,
131,1.839,0.94,
132,0.484,0.674,
133,-0.493,0.858,
134,0.647,0.196,
135,0.101,1.241,
136,0.352,0.215,
137,-0.919,0.913,
138,-0.568,-0.007,
139,0.001,-0.385,
140,0.721,-0.055,
141,-0.188,0.467,
142,0.275,0.297,
143,-0.659,1.795,
144,0.053,0.771,
145,0.711,-0.208,
146,-0.462,0.917,
147,-0.052,0.012,
148,-0.268,0.217,
149,0.08,-1.405,
150,-1.405,0.785,
151,0.394,1.002,
152,0.234,0.489,
153,-0.868,0.096,
154,-0.192,0.706,
155,0.274,1.706,
156,0.311,-0.647,
157,0.227,-0.592,
158,0.973,1.05,
159,2.47,-0.679,
160,0.765,0.993,
161,1.274,0.037,
162,0.384,-0.692,
163,0.595,0.219,
