1,-1.572,-0.944,
2,0.088,-0.087,
3,-0.148,-0.713,
4,0.276,-0.601,
5,0.096,-1.288,
6,0.007,0.489,
7,0.258,-0.267,
8,0.076,-0.446,
9,-0.327,-0.14,
10,-0.226,-0.207,
11,0.199,1.045,
12,-0.672,-1.204,
13,0.888,0.529,
14,0.291,-0.576,
15,-1.25,-0.057,
16,0.339,-1.043,
17,-0.075,0.138,
18,-0.03,0.215,
19,-0.035,0.344,
20,0.799,0.367,
21,0.34,0.078,
22,0.477,0.147,
23,-0.028,-0.171,
24,0.038,0.343,
25,0.484,1.265,
26,0.172,-0.684,
27,0.127,-0.043,
28,0.306,0.032,
29,-0.327,-0.57,
30,0.745,0.346,
31,0.397,0.045,
32,-0.132,-0.488,
33,-0.054,-0.239,
34,-0.896,0.568,
35,-1.043,-1.207,
36,0.235,0.349,
37,0.282,0.188,
38,-0.091,-0.527,
39,0.573,-0.144,
40,-0.759,0.564,
41,0.175,0.287,
42,0.155,-0.175,
43,0.177,0.448,
44,-0.033,-0.091,
45,0.124,0.197,
46,-0.494,-0.357,
47,0.433,0.322,
48,-0.611,-0.437,
49,-0.092,-0.244,
50,-0.365,-0.116,
51,-0.586,-0.024,
52,0.328,0.524,
53,-0.184,0.14,
54,0.567,-0.508,
55,0.039,0.241,
56,0.009,0.582,
57,-0.357,-0.126,
58,0.237,0.175,
59,0.682,0.559,
60,-0.117,0.136,
61,0.247,-0.198,
62,-0.267,0.626,
63,-0.276,0.342,
64,-0.1,0.133,
65,-0.276,0.117,
66,0.203,0.035,
67,-0.278,-0.153,
68,0.209,0.177,
69,-0.081,0.043,
70,-0.268,-0.321,
71,0.099,-0.506,
72,0.23,-0.302,
73,0.142,0.275,
74,0.209,-0.091,
75,-0.9,0.092,
76,0.304,-0.529,
77,0.125,0.225,
78,0.27,0.875,
79,-0.636,0.158,
80,-0.697,0.004,
81,-0.259,0.398,
82,-0.164,-0.807,
83,-0.928,-0.031,
84,1.187,0.285,
85,-0.724,-0.102,
86,0.022,-0.484,
87,0.298,0.193,
88,-0.099,0.359,
89,-0.246,-0.164,
90,-0.395,0.185,
91,0.216,0.388,
92,0.384,-0.861,
93,1.153,0.306,
94,0.198,0.509,
95,-0.285,0.961,
96,-0.136,0.447,
97,0.516,0.232,
98,0.009,0.262,
99,0.577,0.015,
100,0.236,0.188,
101,-0.023,0.031,
102,0.053,-0.284,
103,-0.281,-0.648,
104,-0.527,-0.026,
105,0.624,0.437,
106,-0.565,-1.215,
107,-0.284,-0.298,
108,0.277,0.159,
109,0.105,-0.246,
110,-0.621,0.244,
111,-0.689,0.272,
112,-0.464,0.716,
113,0.034,0.035,
114,0.146,0.539,
115,-0.245,0.336,
116,-0.198,-0.147,
117,0.418,0.538,
118,0.275,-0.372,
119,-0.124,0.052,
120,-0.109,-0.159,
121,-0.148,0.456,
122,-0.224,-0.501,
123,-0.505,-0.176,
124,-0.188,0.599,
125,-0.065,-0.311,
126,0.158,-0.23,
127,-0.173,0.224,
128,-0.352,0.229,
129,0.544,0.508,
130,-0.578,-0.824,
131,0.223,0.814,
132,-0.333,0.686,
133,-0.21,0.264,
134,-0.51,-0.4,
135,-0.269,0.233,
136,-0.788,-0.536,
137,-0.445,0.43,
138,0.022,0.104,
139,0.121,-0.647,
140,-0.13,0.03,
141,-0.22,-0.122,
142,-0.164,0.027,
143,-0.092,-0.294,
144,0.79,-0.707,
145,-0.035,-0.443,
146,-0.705,-0.226,
147,-0.862,-0.233,
148,-0.224,0.085,
149,0.15,-0.125,
150,-0.292,0.149,
151,-0.634,0.536,
152,-0.509,-0.189,
153,0.161,-0.127,
154,0.969,0.277,
155,-0.013,0.136,
156,-0.285,0.332,
157,-0.057,0.109,
158,-0.27,-0.129,
159,-0.265,0.161,
160,0.193,-0.186,
161,-0.397,-0.163,
162,-0.813,0.139,
163,0.575,-0.481,
