1,0.708,0.734,
2,0.7,0.219,
3,0.28,0.509,
4,0.708,0.607,
5,0.847,0.943,
6,-0.741,0.465,
7,0.613,1.1,
8,0.898,0.894,
9,0.094,0.045,
10,0.248,1.331,
11,0.919,1.285,
12,0.738,0.185,
13,1.116,0.535,
14,0.08,0.304,
15,0.278,0.667,
16,0.778,0.277,
17,-0.127,0.585,
18,0.574,0.419,
19,0.587,0.935,
20,0.558,0.68,
21,0.539,0.386,
22,0.296,0.592,
23,0.503,0.579,
24,0.544,0.491,
25,0.157,0.823,
26,0.747,1.091,
27,0.855,0.63,
28,0.331,0.757,
29,0.495,0.679,
30,0.946,0.924,
31,0.428,1.14,
32,1.043,0.309,
33,0.332,0.486,
34,-0.197,-0.219,
35,0.762,1.263,
36,0.138,0.865,
37,0.74,1.046,
38,0.909,0.937,
39,0.501,0.604,
40,0.731,0.484,
41,1.14,0.771,
42,0.957,1.167,
43,0.722,0.971,
44,1.022,1.182,
45,0.485,0.886,
46,0.576,0.395,
47,-0.059,0.127,
48,1.073,0.377,
49,-0.042,0.064,
50,0.128,0.254,
51,1.311,0.295,
52,0.126,0.413,
53,0.879,0.073,
54,0.768,0.74,
55,0.355,-0.095,
56,0.168,1.217,
57,0.418,0.77,
58,0.357,1.124,
59,0.394,0.642,
60,0.455,0.61,
61,0.646,0.863,
62,0.496,0.661,
63,0.531,0.858,
64,0.275,0.119,
65,0.422,0.125,
66,0.824,1.216,
67,0.18,0.033,
68,0.911,0.472,
69,0.473,1.279,
70,0.106,0.504,
71,0.435,0.522,
72,0.573,0.698,
73,0.197,0.798,
74,0.741,0.789,
75,0.596,0.213,
76,0.406,0.637,
77,0.317,0.389,
78,0.408,0.706,
79,-0.37,0.636,
80,0.518,0.243,
81,0.805,0.819,
82,0.662,0.867,
83,0.672,0.804,
84,0.237,0.585,
85,0.746,0.694,
86,0.29,1.376,
87,0.418,0.07,
88,0.722,0.588,
89,0.604,0.449,
90,0.741,0.498,
91,0.883,0.823,
92,0.502,0.225,
93,-0.055,1.274,
94,-0.005,0.992,
95,0.569,0.275,
96,0.458,0.447,
97,1.179,0.531,
98,-0.034,-0.375,
99,0.697,0.593,
100,0.221,0.574,
101,0.651,0.719,
102,0.423,0.28,
103,0.33,0.964,
104,0.478,0.59,
105,0.206,0.463,
106,0.695,1.195,
107,0.815,1.515,
108,0.385,0.133,
109,0.771,0.639,
110,1.129,0.859,
111,0.205,0.896,
112,-0.447,0.259,
113,0.627,0.457,
114,0.878,0.324,
115,0.568,-0.627,
116,0.596,0.233,
117,1.023,0.71,
118,0.565,0.562,
119,0.712,0.738,
120,0.594,0.36,
121,0.35,0.759,
122,1.007,0.67,
123,0.113,-0.522,
124,0.809,0.252,
125,0.552,0.121,
126,1.394,-0.057,
127,0.732,0.318,
128,0.481,0.886,
129,0.571,0.649,
130,0.79,0.534,
131,1.171,1.483,
132,0.196,0.487,
133,0.099,0.597,
134,0.571,0.673,
135,0.346,0.455,
136,0.434,0.577,
137,0.096,0.791,
138,0.251,0.586,
139,0.134,-0.183,
140,0.475,0.574,
141,0.135,0.226,
142,0.323,0.247,
143,0.462,1.067,
144,0.229,0.898,
145,0.42,0.269,
146,1.024,1.059,
147,0.476,0.618,
148,-0.041,0.671,
149,0.38,-0.954,
150,-0.835,0.804,
151,1.254,1.072,
152,0.159,1.107,
153,0.42,0.343,
154,0.371,0.52,
155,0.244,0.909,
156,0.382,0.725,
157,0.218,0.31,
158,0.913,0.937,
159,0.653,0.281,
160,0.333,0.825,
161,0.888,0.373,
162,0.555,0.438,
163,1.188,0.171,
