1,-0.342,-1.151,
2,-0.126,-1.3,
3,-0.492,-1.245,
4,-0.54,-0.689,
5,0.164,-0.595,
6,-1.118,-0.834,
7,-0.274,-0.567,
8,-0.024,-1.058,
9,-0.458,-1.293,
10,-0.936,-0.178,
11,0.286,-0.654,
12,0.307,-0.716,
13,0.252,-0.223,
14,-0.745,-0.775,
15,-0.374,-1.053,
16,-0.292,-1.033,
17,-1.253,-1.519,
18,-0.124,-1.083,
19,-0.067,-0.595,
20,-0.046,-0.584,
21,-0.218,-1.166,
22,-0.285,-0.719,
23,-0.553,-1.288,
24,0.539,-1.081,
25,-0.432,-0.729,
26,-0.501,-0.317,
27,0.015,-0.856,
28,0.234,-0.656,
29,0.222,-0.512,
30,0.574,-0.246,
31,-0.239,-0.523,
32,0.024,-0.995,
33,-0.944,-1.196,
34,-0.754,-1.494,
35,0.041,-0.337,
36,-0.264,-0.447,
37,-0.113,-0.662,
38,-0.059,-0.838,
39,-0.565,-0.851,
40,-0.116,-1.431,
41,0.173,-0.262,
42,-0.061,0.011,
43,-0.202,0.105,
44,-0.347,-0.636,
45,-0.089,-0.857,
46,-0.513,-0.562,
47,-0.665,-1.071,
48,0.392,-0.528,
49,-0.346,-1.07,
50,-0.663,-1.185,
51,-0.149,-0.947,
52,-0.346,-0.691,
53,-0.201,-0.631,
54,-0.388,-0.414,
55,-0.887,-1.467,
56,-0.24,-0.603,
57,-0.122,-0.963,
58,-0.563,-0.402,
59,-0.549,-1.159,
60,-0.168,-0.847,
61,-0.389,-0.513,
62,-0.275,-0.753,
63,0.057,-0.681,
64,-0.892,-1.093,
65,0.283,-0.984,
66,0.151,-0.225,
67,-1.451,-0.504,
68,-0.249,-0.723,
69,-0.296,-0.173,
70,-0.083,-0.564,
71,-0.27,-0.956,
72,-0.069,-0.874,
73,-0.238,-0.831,
74,0.077,-0.674,
75,0.574,-0.706,
76,-0.862,-0.77,
77,-0.193,-0.85,
78,-0.469,0.198,
79,-1.038,-0.611,
80,0.257,-1.422,
81,-0.258,-0.915,
82,-0.175,-0.237,
83,-0.102,-0.576,
84,-0.338,-0.739,
85,0.102,-0.804,
86,-0.255,0.256,
87,-0.286,-1.087,
88,0.383,-0.276,
89,-0.624,-0.772,
90,-0.374,-0.872,
91,-0.768,-0.344,
92,-0.392,-0.836,
93,-0.472,-0.143,
94,-0.485,0.286,
95,0.012,-0.959,
96,-0.365,-0.95,
97,-0.071,-0.688,
98,-1,-1.595,
99,-0.49,-0.726,
100,-0.578,-1.115,
101,-0.174,-0.336,
102,-0.139,-1.093,
103,-0.554,-0.774,
104,-0.8,-0.492,
105,-0.748,-1.117,
106,0.021,-0.344,
107,-0.138,0.215,
108,-0.598,-1.091,
109,-0.172,-1.151,
110,-0.005,-0.708,
111,-0.312,0.013,
112,-0.861,-1.422,
113,-0.157,-0.849,
114,-0.29,-1.074,
115,-0.297,-2.061,
116,-0.109,-1.247,
117,0.284,-0.787,
118,-0.115,-0.901,
119,-0.049,-0.982,
120,-0.202,-0.848,
121,-0.314,-0.811,
122,0.147,-0.435,
123,-0.586,-1.566,
124,-0.07,-1.07,
125,-0.481,-1.178,
126,0.105,-0.634,
127,0.111,-1.402,
128,-0.265,-0.675,
129,-0.442,-0.733,
130,-0.344,-0.565,
131,-0.288,0.069,
132,-0.26,-0.15,
133,-0.722,-0.628,
134,-0.407,-0.746,
135,-0.926,-1.277,
136,-0.419,-0.825,
137,-0.217,-0.341,
138,-0.464,-0.588,
139,-1.04,-1.177,
140,-0.256,-1.043,
141,-0.931,-1.278,
142,-0.391,-1.334,
143,-0.425,-0.186,
144,-0.813,-0.804,
145,-0.712,-1.283,
146,0.417,0.071,
147,-0.175,-0.842,
148,-0.866,-0.422,
149,-0.566,-1.674,
150,-1.963,-1.595,
151,0.4,-0.321,
152,-1.243,-0.252,
153,-0.019,-0.944,
154,-0.694,-0.656,
155,-0.754,-1.004,
156,-0.224,-0.405,
157,-0.572,-0.698,
158,-0.264,-0.396,
159,-0.365,-0.638,
160,-0.866,-0.449,
161,-0.434,-0.55,
162,-0.086,-0.174,
163,0.753,-0.875,
