1,-0.25,-0.553,
2,0.85,-0.881,
3,-0.714,0.077,
4,0.211,0.432,
5,0.601,0.193,
6,-1.256,0.982,
7,1.31,1.267,
8,0.493,0.384,
9,-0.377,-0.271,
10,0.226,0.419,
11,-0.262,0.66,
12,-0.007,-0.402,
13,0.68,0.438,
14,-0.503,-0.977,
15,-0.167,-0.07,
16,0.631,-0.894,
17,-0.08,0.366,
18,-0.008,-0.102,
19,0.572,0.41,
20,1.173,0.497,
21,-0.088,-0.105,
22,0.168,0.323,
23,0.042,-0.374,
24,-0.112,1.043,
25,-0.446,0.633,
26,0.543,0.57,
27,0.295,0.026,
28,0.235,0.198,
29,-0.164,-0.132,
30,0.046,0.369,
31,0.164,0.606,
32,0.355,-0.493,
33,0.251,0.011,
34,-0.876,0.439,
35,-0.455,0.923,
36,-0.753,0.605,
37,0.255,0.106,
38,-0.396,0.145,
39,-0.121,-0.175,
40,-0.057,0.371,
41,0.345,0.304,
42,1.022,0.593,
43,0.318,0.417,
44,0.164,0.137,
45,-0.105,-0.643,
46,-0.547,-0.441,
47,-0.767,-0.319,
48,-0.059,-0.188,
49,-0.973,-1.054,
50,-0.381,-0.593,
51,-0.334,-0.042,
52,0.171,0.216,
53,0.521,-1.331,
54,0.911,-0.204,
55,-0.308,-0.092,
56,-0.446,0.751,
57,-0.115,0.183,
58,0.156,0.533,
59,0.219,-0.322,
60,-0.216,-0.095,
61,-0.245,0.059,
62,-0.88,0.068,
63,-0.206,1.024,
64,-0.289,0.504,
65,0.242,-0.114,
66,0.227,0.635,
67,-0.35,-0.614,
68,0.249,0.283,
69,-0.068,0.614,
70,-0.131,0.045,
71,-0.684,-1.162,
72,0.523,-0.067,
73,-0.493,-0.072,
74,0.159,0.196,
75,-0.41,-0.078,
76,0.053,0.456,
77,0.044,-0.323,
78,-0.959,-0.561,
79,-0.889,0.192,
80,-0.314,-0.335,
81,-0.733,-0.262,
82,-0.006,0.457,
83,0.222,0.018,
84,-0.291,-0.256,
85,-0.474,0.004,
86,-0.222,0.287,
87,0.139,-0.613,
88,-0.355,0.545,
89,0.447,0.342,
90,0.34,-0.034,
91,0.137,0.408,
92,0.125,-0.541,
93,-0.746,0.366,
94,-0.107,0.394,
95,0.285,0.591,
96,-0.387,0.012,
97,0.45,0.374,
98,-0.247,-0.948,
99,-0.036,0.337,
100,-1.447,-0.061,
101,-0.044,0.433,
102,-0.435,-0.102,
103,-0.473,-0.317,
104,0.046,-0.089,
105,-0.536,0.324,
106,-0.119,-0.002,
107,0.249,0.551,
108,-0.231,-0.009,
109,0.022,-0.267,
110,-0.634,0.411,
111,0.294,0.291,
112,-0.807,0.573,
113,1.25,-0.007,
114,-0.295,-0.134,
115,0.55,-0.623,
116,0.197,-0.664,
117,0.734,-0.208,
118,-0.166,-0.049,
119,-0.216,0.225,
120,0.09,-0.482,
121,0.337,0.497,
122,-0.132,-0.512,
123,-0.153,-0.761,
124,0.319,-0.021,
125,-0.672,-0.097,
126,0.771,-0.495,
127,0.229,0.053,
128,0.012,0.05,
129,0.163,0.507,
130,0.201,0.107,
131,0.786,1.635,
132,-0.335,0.597,
133,-0.345,-0.161,
134,-0.385,0.18,
135,-0.587,0.053,
136,-0.569,-0.183,
137,-0.528,-0.036,
138,-0.57,0.027,
139,0.319,-0.217,
140,-0.059,-0.005,
141,-0.141,-0.768,
142,-0.089,-0.33,
143,0.099,0.388,
144,-0.216,0.681,
145,0.07,-0.586,
146,-0.03,-0.009,
147,-0.601,-1.207,
148,-0.51,0.034,
149,1.165,-1.424,
150,-0.766,-0.175,
151,0.588,0.202,
152,-0.295,0.064,
153,0.42,0.934,
154,-0.013,-0.122,
155,-0.335,-0.367,
156,0.077,0.077,
157,0.601,-0.632,
158,-0.4,0.251,
159,-0.042,0,
160,0.077,-0.123,
161,-0.506,-0.322,
162,0.393,-0.281,
163,0.939,-0.216,
