1,-2.28,-1.61,
2,0.235,-0.282,
3,-0.63,-1.035,
4,0.383,-0.752,
5,-0.059,-1.843,
6,-0.06,1.165,
7,0.777,-0.002,
8,0.254,-0.436,
9,-0.745,-0.046,
10,-0.062,-0.371,
11,0.306,1.82,
12,-1.211,-1.762,
13,1.415,0.927,
14,0.136,-0.542,
15,-1.835,-0.038,
16,0.43,-1.756,
17,0.184,0.111,
18,0.097,0.071,
19,0.455,0.538,
20,1.617,0.724,
21,0.544,0.216,
22,0.89,0.298,
23,0.001,-0.163,
24,-0.097,0.29,
25,0.185,2.06,
26,0.23,-0.802,
27,0.198,-0.081,
28,0.445,0.013,
29,-0.274,-1.412,
30,0.702,0.314,
31,0.597,0.225,
32,-0.142,-0.78,
33,-0.065,-0.519,
34,-1.516,1.009,
35,-1.681,-1.223,
36,-0.047,0.542,
37,0.488,0.252,
38,-0.086,-0.83,
39,0.696,-0.022,
40,-1.055,1.109,
41,0.251,0.413,
42,0.15,0.024,
43,0.109,0.918,
44,-0.095,-0.274,
45,0.009,0.235,
46,-1.36,-0.595,
47,0.393,0.629,
48,-1.24,-0.635,
49,-0.196,-0.802,
50,-0.679,-0.341,
51,-0.786,-0.001,
52,0.481,0.837,
53,-0.346,0.039,
54,1.097,-0.693,
55,-0.085,0.676,
56,0.099,0.649,
57,-0.58,-0.316,
58,0.51,0.268,
59,1.01,0.815,
60,-0.152,0.053,
61,0.342,-0.36,
62,-0.535,0.787,
63,-0.617,0.745,
64,-0.206,0.202,
65,-0.302,0.197,
66,0.301,0.103,
67,-0.337,-0.455,
68,0.112,0.482,
69,-0.72,0.098,
70,-0.336,-0.354,
71,0.208,-0.769,
72,0.436,-0.546,
73,0.023,0.149,
74,-0.118,-0.176,
75,-1.853,-0.005,
76,0.357,-0.495,
77,0.256,0.111,
78,0.115,0.626,
79,-0.9,0,
80,-0.921,-0.04,
81,-0.573,0.752,
82,-0.383,-1.226,
83,-1.707,-0.202,
84,1.429,0.359,
85,-0.677,-0.151,
86,0.021,-0.508,
87,0.472,0.341,
88,-0.043,0.716,
89,0.007,-0.074,
90,-0.444,0.267,
91,0.217,0.747,
92,0.664,-1.316,
93,1.944,0.162,
94,0.385,0.768,
95,-0.149,1.495,
96,-0.573,0.804,
97,0.946,0.902,
98,0.076,0.227,
99,0.631,0.249,
100,-0.203,0.287,
101,0.033,0.117,
102,-0.221,-0.695,
103,-0.444,-1.08,
104,-0.712,-0.192,
105,1.032,0.664,
106,-0.589,-1.3,
107,-0.47,-0.245,
108,0.561,0.144,
109,0.177,-0.157,
110,-1.162,0.432,
111,-1.128,0.695,
112,-0.809,1.397,
113,0.141,-0.091,
114,0.118,0.751,
115,-0.593,0.458,
116,-0.18,-0.322,
117,0.861,0.55,
118,0.411,-0.745,
119,-0.326,0.101,
120,-0.136,-0.38,
121,-0.206,1.153,
122,-0.537,-0.503,
123,-0.723,-0.416,
124,-0.355,0.712,
125,-0.436,-0.343,
126,0.109,-0.332,
127,-0.329,0.497,
128,-0.335,-0.027,
129,0.615,0.875,
130,-0.978,-1.39,
131,0.479,1.396,
132,-0.541,1.398,
133,-0.257,0.436,
134,-0.685,-0.655,
135,-0.686,0.469,
136,-1.559,-0.804,
137,-0.823,0.559,
138,-0.286,0.059,
139,0.339,-0.947,
140,-0.084,0.078,
141,-0.105,-0.539,
142,-0.214,0.233,
143,-0.261,-0.386,
144,0.502,-0.519,
145,-0.104,-0.71,
146,-1.058,-0.493,
147,-1.474,-0.691,
148,-0.409,0.001,
149,0.687,-0.441,
150,-0.376,0.121,
151,-0.954,0.563,
152,-0.771,-0.386,
153,0.215,-0.06,
154,1.425,0.356,
155,-0.173,0.139,
156,-0.367,0.118,
157,-0.339,0.068,
158,-0.457,-0.866,
159,-0.207,0.193,
160,0.394,-0.602,
161,-0.943,-0.259,
162,-1.133,-0.05,
163,0.562,-0.792,
