1,1.159,0.831,
2,-0.706,0.764,
3,0.279,0.295,
4,-0.079,-0.585,
5,-1.052,1.179,
6,1.979,-0.935,
7,1.336,1.05,
8,0.859,-0.97,
9,-0.602,-0.519,
10,-0.092,-0.17,
11,-0.256,0.882,
12,-0.485,-0.852,
13,0.868,0.508,
14,-0.635,0.55,
15,-0.561,-0.18,
16,-0.265,1.37,
17,-0.721,0.668,
18,0.24,0.345,
19,0.13,-0.903,
20,-0.101,-1.22,
21,-0.277,-0.359,
22,0.001,-0.817,
23,0.354,0.347,
24,0.022,0.844,
25,1.108,-1.006,
26,0.096,1.731,
27,0.345,0.685,
28,0.342,1.221,
29,0.733,0.589,
30,-0.425,0.241,
31,0.49,1.564,
32,0.293,0.617,
33,-0.744,-0.871,
34,-1.313,0.184,
35,0.523,1.001,
36,-0.109,0.789,
37,-0.066,-0.002,
38,0.2,-0.206,
39,0.299,0.206,
40,0.395,0.081,
41,1.11,-0.83,
42,1.074,1.705,
43,-0.255,-0.133,
44,0.07,1.12,
45,-0.842,1.178,
46,0.085,0.14,
47,-1.288,0.904,
48,0.381,0.581,
49,0.57,0.315,
50,-0.163,0.417,
51,0.3,1.015,
52,-0.024,0.203,
53,0.588,-0.066,
54,0.795,0.245,
55,0.828,-0.43,
56,0.204,0.72,
57,1.591,0.485,
58,1.006,1.349,
59,0.574,0.787,
60,-0.338,0.855,
61,-0.449,0.333,
62,0.875,-0.206,
63,-0.743,0.756,
64,-0.103,-0.471,
65,0.294,0.157,
66,0.41,0.958,
67,-0.059,0.486,
68,0.591,1.178,
69,-0.361,1.66,
70,-0.326,0.337,
71,-0.048,0.702,
72,0.917,1.388,
73,-0.082,-0.671,
74,-0.332,0.591,
75,-1.342,0.279,
76,0.323,0.52,
77,0.619,2.013,
78,0.154,0.958,
79,-1.782,-0.899,
80,0.692,0.455,
81,-0.203,0.944,
82,0.041,0.375,
83,0.677,0.864,
84,-0.498,-0.632,
85,0.465,0.843,
86,-0.005,0.555,
87,0.964,0.587,
88,-0.025,-0.331,
89,1.179,-0.219,
90,0.022,0.837,
91,0.2,1.079,
92,-0.219,0.092,
93,-0.66,0.665,
94,-0.483,0.996,
95,0.437,-0.833,
96,-0.455,0.218,
97,-0.832,-0.238,
98,-0.349,-0.639,
99,0.476,-1.654,
100,0.26,0.599,
101,-0.127,1.241,
102,-0.627,-0.396,
103,-0.748,1.786,
104,0.56,0.01,
105,-0.874,-0.602,
106,-0.299,0.488,
107,-0.995,0.787,
108,0.538,-0.666,
109,-0.446,0.067,
110,0.935,0.447,
111,0.421,0.286,
112,0.362,0.048,
113,1.448,-0.335,
114,0.203,-0.412,
115,0.138,-1.14,
116,2.11,0.427,
117,0.89,0.691,
118,1.226,-0.159,
119,0.575,-0.198,
120,-0.049,-0.15,
121,-0.145,-0.013,
122,1.277,0.424,
123,-0.407,-1.224,
124,0.629,0.218,
125,-0.669,-0.662,
126,0.411,0.244,
127,-0.981,0.319,
128,-0.026,0.222,
129,-0.218,-0.13,
130,0.581,-1.653,
131,1.828,0.473,
132,0.016,0.36,
133,0.025,0.736,
134,-0.247,-0.783,
135,2.301,-0.59,
136,1.917,0.507,
137,0.936,0.224,
138,0.398,0.017,
139,-0.105,-0.592,
140,-0.752,1.327,
141,-0.169,-0.244,
142,-1.533,-0.086,
143,-0.061,-0.308,
144,-0.549,1.648,
145,-0.442,0.246,
146,-0.25,1.259,
147,-0.847,1.145,
148,-1.968,-0.312,
149,-1.205,-0.129,
150,-1.257,-0.103,
151,0.831,0.098,
152,-1.355,0.819,
153,-0.722,0.448,
154,-0.329,-0.369,
155,0.299,0.694,
156,-0.952,1.224,
157,0.025,-1.045,
158,1.472,-0.043,
159,0.752,-0.246,
160,-0.021,0.202,
161,-0.087,0.199,
162,-0.123,1.052,
163,1.422,1.878,
