1,-2.244,-2.801,
2,0.658,-1.445,
3,-1.476,-1.296,
4,0.631,-0.794,
5,0.179,-2.198,
6,-0.309,1.772,
7,2.272,1.087,
8,0.789,-0.132,
9,-1.144,-0.182,
10,0.732,-0.588,
11,0.221,2.123,
12,-1.537,-1.964,
13,1.965,1.059,
14,-0.171,-0.712,
15,-2.044,0.2,
16,0.186,-2.578,
17,0.434,0.133,
18,0.153,-0.411,
19,1.499,0.853,
20,2.915,1.216,
21,0.782,0.255,
22,1.287,0.751,
23,0.138,-0.348,
24,-0.199,0.731,
25,-0.418,2.533,
26,0.334,-0.516,
27,0.042,-0.318,
28,0.562,0.054,
29,-0.163,-2.264,
30,0.423,0.25,
31,0.729,0.689,
32,0.037,-1.092,
33,-0.155,-0.733,
34,-2.288,1.383,
35,-1.954,-0.719,
36,-0.738,0.901,
37,0.375,0.275,
38,-0.468,-1.133,
39,0.344,0.361,
40,-0.963,1.74,
41,0.371,0.536,
42,0.685,0.76,
43,-0.038,1.68,
44,-0.219,-0.423,
45,-0.358,0.048,
46,-2.46,-0.976,
47,-0.153,0.763,
48,-1.433,-0.921,
49,-1.415,-2.093,
50,-1.016,-0.862,
51,-0.956,-0.161,
52,0.587,1.034,
53,-0.016,-0.994,
54,1.76,-0.6,
55,-0.375,0.914,
56,-0.545,0.52,
57,-0.581,-0.554,
58,0.846,0.512,
59,1.802,0.742,
60,-0.13,-0.329,
61,0.829,-0.579,
62,-1.35,0.699,
63,-0.895,1.76,
64,-0.161,-0.026,
65,-0.14,0.147,
66,0.393,0.544,
67,-0.443,-1.012,
68,0.023,0.662,
69,-1.612,0.492,
70,-0.23,-0.207,
71,-0.017,-1.308,
72,0.681,-0.733,
73,-0.503,-0.284,
74,-0.482,-0.152,
75,-2.612,-0.098,
76,-0.015,0.002,
77,0.259,-0.306,
78,-0.262,0.091,
79,-1.066,-0.098,
80,-1.174,-0.312,
81,-0.686,1.409,
82,-0.853,-1.171,
83,-2.141,-0.27,
84,1.085,0.046,
85,-0.961,-0.18,
86,-0.085,-0.349,
87,0.739,-0.14,
88,0.318,0.6,
89,0.628,0.139,
90,-0.293,0.329,
91,0.08,1.358,
92,0.852,-1.423,
93,2.113,-0.159,
94,0.33,0.875,
95,0.438,2.002,
96,-1.255,1.115,
97,1.182,1.122,
98,0.274,-0.521,
99,0.191,0.832,
100,-1.923,0.262,
101,0.377,0.444,
102,-0.74,-0.911,
103,-1.005,-1.368,
104,-0.683,-0.348,
105,0.775,0.734,
106,-0.483,-1.021,
107,-0.388,0.296,
108,0.523,0.172,
109,-0.151,-0.119,
110,-2.285,0.931,
111,-1.14,1.185,
112,-1.216,2.023,
113,1.011,-0.389,
114,-0.014,0.653,
115,-0.623,0.693,
116,-0.384,-0.656,
117,1.83,0.028,
118,0.451,-0.899,
119,-0.652,0.288,
120,0.085,-0.963,
121,0.071,2.132,
122,-0.811,-0.127,
123,-0.632,-0.971,
124,-0.068,0.487,
125,-1.046,-0.541,
126,0.161,-0.62,
127,0.233,0.939,
128,-0.377,-0.032,
129,0.485,1.573,
130,-1.195,-1.329,
131,0.849,2.09,
132,-0.601,1.798,
133,-0.497,0.133,
134,-1.019,-0.62,
135,-1.28,0.592,
136,-2.18,-0.55,
137,-1.2,0.37,
138,-0.673,0.311,
139,0.558,-0.854,
140,-0.036,0.168,
141,-0.172,-0.96,
142,-0.117,0.361,
143,-0.412,-0.605,
144,0.017,0.338,
145,-0.172,-1.197,
146,-1.168,-0.704,
147,-1.955,-1.554,
148,-0.616,0.296,
149,1.726,-1.035,
150,-0.406,-0.263,
151,-0.868,0.589,
152,-0.906,-0.38,
153,0.366,0.626,
154,1.454,0.449,
155,-0.379,0.043,
156,-0.196,-0.117,
157,-0.518,-0.933,
158,-1.811,-1.341,
159,-0.313,0.588,
160,0.592,-0.686,
161,-1.539,-0.153,
162,-0.818,-0.228,
163,0.473,-1.052,
