1,-0.065,-0.056,
2,0.467,-0.527,
3,-0.637,-0.032,
4,0.36,-0.002,
5,0.114,0.732,
6,-1.332,0.619,
7,0.684,1.005,
8,0.381,0.25,
9,-0.199,-0.53,
10,0.717,0.063,
11,0.145,1.027,
12,0.045,-0.445,
13,1,0.208,
14,-0.62,-0.352,
15,-0.144,0.206,
16,0.267,-0.543,
17,-0.03,0.27,
18,-0.112,-0.453,
19,0.601,0.193,
20,0.98,0.951,
21,0.196,0.177,
22,-0.062,0.18,
23,0.128,-0.358,
24,-0.239,0.774,
25,-0.105,0.606,
26,0.556,0.643,
27,0,-0.269,
28,0.218,0.187,
29,-0.042,0.141,
30,-0.053,0.382,
31,0.271,0.868,
32,0.189,-0.319,
33,0.01,0.071,
34,-0.835,0.39,
35,-0.193,0.704,
36,-1.129,0.795,
37,0.164,0.124,
38,-0.415,-0.4,
39,-0.168,0.394,
40,0.004,0.375,
41,0.382,0.281,
42,1.014,0.934,
43,-0.002,0.302,
44,0.07,-0.009,
45,-0.059,-0.389,
46,-0.48,-0.281,
47,-0.702,-0.212,
48,0.285,-0.157,
49,-0.284,-0.843,
50,-0.485,-0.512,
51,0.022,-0.371,
52,0.248,0.252,
53,0.477,-1.083,
54,0.632,0.203,
55,-0.421,-0.139,
56,-0.642,0.486,
57,0.224,-0.306,
58,0.21,0.476,
59,0.591,-0.302,
60,0.152,-0.259,
61,0.04,-0.028,
62,-0.107,-0.106,
63,-0.364,1.016,
64,-0.247,-0.28,
65,0.243,0.053,
66,0.29,0.836,
67,-0.331,-0.583,
68,0.247,0.231,
69,-0.129,0.948,
70,0.085,0.161,
71,-0.298,-0.599,
72,0.423,0.012,
73,-0.54,0.088,
74,0.332,0.195,
75,-0.348,-0.16,
76,-0.082,0.386,
77,-0.138,-0.399,
78,-0.341,-0.147,
79,-0.784,0.142,
80,-0.22,-0.673,
81,-0.509,0.231,
82,-0.053,0.243,
83,0.284,0.149,
84,-0.321,-0.169,
85,-0.523,-0.054,
86,0.021,0.34,
87,0.441,-0.976,
88,-0.133,0.141,
89,0.368,0.113,
90,0.449,-0.057,
91,-0.1,0.78,
92,0.212,-0.208,
93,-0.235,0.346,
94,-0.098,0.291,
95,0.146,0.286,
96,-0.199,-0.086,
97,0.381,0.33,
98,-0.293,-0.923,
99,-0.169,0.297,
100,-1.327,-0.372,
101,0.186,0.497,
102,-0.541,-0.122,
103,-0.532,0.01,
104,0.028,-0.078,
105,-0.622,-0.305,
106,-0.047,-0.033,
107,0.423,1.141,
108,0.102,-0.293,
109,-0.128,-0.2,
110,-0.853,0.517,
111,-0.113,0.561,
112,-0.768,0.295,
113,0.17,-0.27,
114,-0.149,-0.195,
115,0.023,-1.226,
116,-0.251,-0.264,
117,1.153,-0.192,
118,0.022,-0.386,
119,-0.373,0.255,
120,0.286,-0.761,
121,0.048,0.702,
122,-0.025,0.062,
123,-0.322,-0.931,
124,0.572,-0.309,
125,-0.369,-0.492,
126,0.063,-0.127,
127,0.766,0.042,
128,-0.022,0.2,
129,0.103,0.649,
130,0.135,0.035,
131,0.565,1.222,
132,-0.556,0.536,
133,-0.503,-0.546,
134,-0.215,0.159,
135,-0.361,-0.334,
136,-0.563,0.123,
137,-0.636,-0.188,
138,-0.497,0.362,
139,-0.105,-0.775,
140,0.096,0.306,
141,-0.353,-0.653,
142,-0.366,-0.521,
143,-0.038,0.483,
144,0.027,0.626,
145,-0.322,-0.624,
146,0.492,0.131,
147,-0.282,-0.877,
148,-0.738,0.093,
149,0.884,-1.619,
150,-0.874,-0.364,
151,0.632,0.323,
152,-0.284,0.259,
153,0.545,0.193,
154,-0.071,-0.011,
155,-0.28,-0.303,
156,-0.174,0.116,
157,0.243,-0.358,
158,0.183,0.098,
159,-0.308,-0.239,
160,0.137,0.118,
161,-0.058,-0.211,
162,0.186,-0.25,
163,0.861,-0.556,
