1,-0.475,-0.048,
2,0.08,-0.053,
3,0.67,0.066,
4,0.186,0.24,
5,-0.121,0.142,
6,-0.224,-0.085,
7,0.166,-0.008,
8,-0.11,-0.382,
9,-0.291,0.029,
10,0.261,-0.305,
11,-0.43,0.278,
12,0.385,-0.086,
13,-0.196,0.019,
14,0.272,-0.34,
15,0.001,-0.315,
16,-0.15,0.101,
17,-0.773,0.047,
18,-0.177,0.139,
19,-0.167,0.117,
20,-0.262,-0.099,
21,0.213,-0.153,
22,0.105,-0.016,
23,0.024,-0.123,
24,-0.366,0.252,
25,0.396,-0.088,
26,0.26,-0.226,
27,0.037,-0.235,
28,-0.064,0.122,
29,-0.051,0.633,
30,0.629,0.071,
31,0.105,-0.602,
32,-0.316,-0.419,
33,-0.123,0.036,
34,-0.299,-0.173,
35,-0.434,0.104,
36,0.348,0.761,
37,-0.224,0.106,
38,0.052,-0.378,
39,0.317,-0.225,
40,-0.149,-0.337,
41,0.011,0.135,
42,-0.028,-0.396,
43,-0.267,-0.024,
44,-0.359,0.015,
45,-0.558,0.028,
46,0.124,-0.042,
47,-0.167,0.004,
48,0.221,0.14,
49,-0.301,0.08,
50,-0.068,0.069,
51,-0.398,-0.081,
52,-0.141,-0.218,
53,0.021,-0.167,
54,0.191,-0.749,
55,0.01,0.087,
56,0.129,0.555,
57,-0.303,-0.065,
58,0.12,-0.112,
59,0.056,0.149,
60,-0.485,0.197,
61,-0.11,-0.522,
62,0.31,0.061,
63,-0.15,0.209,
64,0.04,0.425,
65,-0.185,-0.066,
66,-0.007,0.058,
67,-0.112,0.252,
68,0.02,0.117,
69,0.432,0.017,
70,-0.246,-0.865,
71,-0.17,-0.045,
72,-0.105,-0.191,
73,0.108,0.013,
74,0.388,0.093,
75,0.185,-0.133,
76,0.182,-0.048,
77,-0.074,0.337,
78,-0.183,0.268,
79,-0.139,0.222,
80,-0.188,-0.119,
81,0.101,0.017,
82,0.239,-0.124,
83,-0.178,-0.201,
84,0.653,0.008,
85,-0.638,-0.141,
86,-0.065,-0.289,
87,0.036,-0.176,
88,0.057,-0.102,
89,-0.07,-0.366,
90,0.04,0.388,
91,0.261,-0.025,
92,0.131,-0.187,
93,0.089,-0.113,
94,0.059,0.149,
95,-0.16,0.172,
96,0.148,-0.055,
97,-0.289,-0.261,
98,-0.02,-0.343,
99,0.327,-0.084,
100,-0.459,0.605,
101,0.006,-0.214,
102,-0.431,0.672,
103,0.164,-0.451,
104,-0.047,0.83,
105,0.064,-0.177,
106,-0.399,-1.1,
107,-0.426,0.063,
108,-0.066,-0.129,
109,-0.268,-0.263,
110,0.648,0.014,
111,-0.316,0.038,
112,0.152,-0.132,
113,0.148,0.191,
114,-0.034,0.234,
115,-0.278,0.364,
116,0.255,-0.186,
117,0.498,-0.037,
118,0.101,-0.063,
119,0.294,0.345,
120,-0.25,-0.244,
121,0.096,-0.363,
122,0.354,0.074,
123,-0.406,-0.403,
124,0.273,0.2,
125,0.117,-0.16,
126,-0.51,-0.214,
127,0.06,-0.179,
128,-0.231,0.45,
129,0.194,-0.172,
130,-0.075,0.214,
131,0.105,-0.109,
132,0.094,0.125,
133,-0.314,0.012,
134,-0.35,0.047,
135,-0.031,0.148,
136,-0.194,-0.226,
137,-0.38,0.543,
138,0.022,-0.048,
139,0.112,0.462,
140,-0.167,-0.008,
141,-0.324,0.43,
142,-0.059,-0.135,
143,0.1,0.164,
144,0.845,-0.631,
145,0.121,-0.147,
146,-0.107,-0.115,
147,-0.235,0.005,
148,0.069,0.076,
149,0.035,-0.044,
150,-0.405,-0.025,
151,-0.327,0.204,
152,0.067,-0.099,
153,-0.235,0.128,
154,-0.564,0.254,
155,0.29,-0.064,
156,-0.385,0.007,
157,0.037,-0.274,
158,-0.144,0.33,
159,0.041,-0.234,
160,0.325,0.724,
161,0.558,0.099,
162,0.085,0.151,
163,0.238,-0.243,
