1,-0.024,-0.147,
2,0.593,-0.675,
3,-0.525,0.067,
4,0.187,0.228,
5,0.443,0.422,
6,-1.344,0.593,
7,0.872,1.034,
8,0.44,0.329,
9,-0.276,-0.394,
10,0.152,0.428,
11,-0.074,0.568,
12,0.163,-0.322,
13,0.723,0.253,
14,-0.51,-0.671,
15,0.003,-0.072,
16,0.429,-0.562,
17,-0.16,0.298,
18,-0.032,-0.16,
19,0.371,0.266,
20,0.689,0.427,
21,-0.064,-0.059,
22,-0.027,0.188,
23,0.091,-0.332,
24,-0.104,0.661,
25,-0.314,0.365,
26,0.482,0.593,
27,0.248,-0.051,
28,0.193,0.208,
29,-0.129,0.048,
30,0.02,0.432,
31,0.147,0.659,
32,0.246,-0.375,
33,0.166,0.004,
34,-0.654,0.155,
35,-0.139,0.929,
36,-0.729,0.539,
37,0.213,0.088,
38,-0.305,0.138,
39,-0.129,-0.092,
40,-0.042,0.241,
41,0.366,0.299,
42,0.915,0.553,
43,0.257,0.211,
44,0.209,0.198,
45,-0.021,-0.38,
46,-0.233,-0.227,
47,-0.738,-0.417,
48,0.27,-0.11,
49,-0.653,-0.747,
50,-0.351,-0.479,
51,-0.132,-0.099,
52,0.157,0.166,
53,0.544,-0.961,
54,0.646,0.05,
55,-0.291,-0.296,
56,-0.388,0.596,
57,-0.019,0.109,
58,0.068,0.497,
59,0.051,-0.382,
60,-0.074,-0.085,
61,-0.161,0.074,
62,-0.452,-0.063,
63,-0.122,0.739,
64,-0.302,0.196,
65,0.223,-0.069,
66,0.248,0.652,
67,-0.354,-0.499,
68,0.245,0.19,
69,0.108,0.678,
70,-0.06,0.075,
71,-0.496,-0.797,
72,0.464,-0.006,
73,-0.468,0.014,
74,0.25,0.195,
75,-0.13,-0.105,
76,0.023,0.437,
77,-0.045,-0.279,
78,-0.803,-0.407,
79,-0.865,0.165,
80,-0.183,-0.439,
81,-0.48,-0.206,
82,0.117,0.483,
83,0.376,0.106,
84,-0.35,-0.169,
85,-0.313,0.034,
86,-0.131,0.36,
87,0.191,-0.666,
88,-0.177,0.31,
89,0.347,0.223,
90,0.34,-0.085,
91,0.079,0.42,
92,0.11,-0.381,
93,-0.771,0.453,
94,-0.148,0.389,
95,0.207,0.171,
96,-0.206,-0.131,
97,0.449,0.248,
98,-0.365,-0.906,
99,0.013,0.18,
100,-1.014,-0.168,
101,-0.007,0.416,
102,-0.355,-0.054,
103,-0.358,-0.031,
104,0.026,-0.052,
105,-0.505,0.077,
106,-0.067,0.081,
107,0.345,0.73,
108,-0.156,-0.121,
109,-0.005,-0.201,
110,-0.142,0.344,
111,0.261,0.24,
112,-0.789,0.24,
113,0.789,-0.012,
114,-0.219,-0.201,
115,0.421,-0.98,
116,0.07,-0.442,
117,0.623,-0.137,
118,-0.155,-0.08,
119,-0.2,0.161,
120,0.121,-0.445,
121,0.197,0.324,
122,0.057,-0.296,
123,-0.247,-0.81,
124,0.418,-0.149,
125,-0.452,-0.168,
126,0.565,-0.347,
127,0.372,-0.096,
128,-0.009,0.159,
129,0.118,0.367,
130,0.275,0.167,
131,0.616,1.339,
132,-0.414,0.386,
133,-0.35,-0.224,
134,-0.229,0.233,
135,-0.443,-0.117,
136,-0.312,-0.07,
137,-0.486,-0.019,
138,-0.461,0.109,
139,0.039,-0.311,
140,-0.011,0.058,
141,-0.193,-0.682,
142,-0.132,-0.398,
143,0.109,0.478,
144,-0.211,0.597,
145,-0.035,-0.465,
146,0.319,0.163,
147,-0.313,-0.764,
148,-0.476,0.074,
149,0.705,-1.461,
150,-0.91,-0.113,
151,0.7,0.293,
152,-0.278,0.223,
153,0.404,0.562,
154,-0.075,-0.108,
155,-0.305,-0.293,
156,-0.051,0.219,
157,0.429,-0.448,
158,-0.027,0.359,
159,-0.086,-0.068,
160,0.001,0.045,
161,-0.173,-0.245,
162,0.387,-0.148,
163,0.885,-0.272,
