1,-0.631,-0.602,
2,-0.706,-0.421,
3,0.515,-1.107,
4,-0.694,0.295,
5,0.138,-0.613,
6,-0.021,0.295,
7,0.562,-0.241,
8,-0.353,-1.152,
9,2.235,0.086,
10,0.106,-0.26,
11,-0.173,-0.834,
12,0.568,0.164,
13,0.237,0.325,
14,-0.097,-0.419,
15,-0.805,0.367,
16,0.825,-0.287,
17,-0.347,-1.153,
18,0.464,0.266,
19,-0.539,0.683,
20,-0.062,0.281,
21,-0.028,-0.114,
22,0.127,0.216,
23,0.129,-1.546,
24,0.085,-0.951,
25,0.467,-0.917,
26,-1.973,-1.422,
27,-1.356,-0.589,
28,0.993,-0.15,
29,0.402,0.897,
30,0.941,0.08,
31,-0.402,-0.865,
32,0.571,-0.49,
33,-1.18,-0.55,
34,0.255,-1.705,
35,-0.199,-0.153,
36,0.794,0.145,
37,0.996,0.421,
38,0.775,-0.429,
39,0.338,-0.326,
40,0.954,-0.489,
41,0.525,1.141,
42,0.158,0.93,
43,0.416,1.195,
44,-0.061,-1.078,
45,-0.268,-0.07,
46,-0.615,0.165,
47,0.084,0.938,
48,-0.505,-0.833,
49,0.229,-0.936,
50,0.919,0.361,
51,-0.514,-1.247,
52,-0.784,0.754,
53,-0.817,1.303,
54,-1.036,-0.195,
55,-0.726,0.082,
56,-0.715,0.111,
57,0.375,-0.084,
58,-1.526,0.122,
59,-0.047,-0.776,
60,0.125,-0.064,
61,-0.853,-0.082,
62,0.438,-0.426,
63,1.277,1.282,
64,0.005,0.861,
65,0.399,0.205,
66,0.992,0.184,
67,0.838,0.886,
68,0.286,-0.309,
69,0.087,0.019,
70,1.149,-0.591,
71,1.044,-0.588,
72,0.161,-1.369,
73,1.693,-0.042,
74,1.593,-0.197,
75,0.446,0.766,
76,-0.117,-1.617,
77,0.347,1.827,
78,0.463,0.74,
79,0.953,0.899,
80,0.506,0.682,
81,-0.693,-0.7,
82,-0.087,0.868,
83,0.086,0.141,
84,0.181,0.202,
85,0.605,-0.048,
86,1.179,-0.234,
87,-0.076,-0.352,
88,0.547,0.506,
89,-1.475,0.093,
90,-0.941,0.705,
91,-0.225,0.004,
92,-0.106,-0.048,
93,1.23,1.366,
94,-0.751,1.896,
95,1.429,-0.478,
96,-0.108,-0.93,
97,-0.693,-0.19,
98,-0.155,-1.772,
99,0.726,-0.058,
100,0.281,-1.395,
101,-0.051,-0.334,
102,-0.555,-0.856,
103,-0.082,-1.242,
104,0.795,-0.763,
105,-0.887,0.782,
106,0.603,-0.748,
107,-0.344,-0.196,
108,0.867,-1.034,
109,0.431,-1.66,
110,-1.368,-2.645,
111,0.288,-0.052,
112,1.729,-0.117,
113,0.31,-0.158,
114,-0.052,-0.113,
115,0.103,-0.034,
116,-0.395,-0.327,
117,1.867,-0.082,
118,0.163,-0.108,
119,0.374,-0.295,
120,-0.267,0.039,
121,0.044,-0.051,
122,0.211,0.082,
123,0.11,-0.696,
124,-0.949,-0.742,
125,0.382,0.19,
126,0.278,-0.356,
127,0.698,-0.39,
128,-0.623,0.451,
129,0.141,-0.026,
130,-0.302,-0.043,
131,0.829,-0.376,
132,0.023,0.969,
133,0.121,-1.145,
134,-0.461,0.69,
135,-0.997,-0.452,
136,0.04,-0.506,
137,1.029,0.379,
138,-0.118,0.088,
139,-0.545,0.569,
140,-0.991,-0.359,
141,-0.448,0.122,
142,0.915,-0.795,
143,-0.021,-0.102,
144,0.416,-0.952,
145,-0.801,0.598,
146,-0.282,0.02,
147,-0.007,0.19,
148,-1.68,-0.364,
149,0.09,-0.727,
150,0.552,-1.725,
151,-0.309,0.204,
152,0.46,-0.798,
153,0.25,-0.011,
154,-1.391,0.487,
155,-0.362,-0.588,
156,0.929,0.797,
157,0.451,-0.113,
158,0.025,-0.297,
159,0.307,0.885,
160,-0.777,-0.006,
161,-0.38,0.114,
162,1.152,0.77,
163,0.273,-0.734,
