1,-2.088,-1.518,
2,0.237,-0.334,
3,-0.664,-1.252,
4,0.468,-0.92,
5,0.017,-1.784,
6,-0.184,1.1,
7,0.759,-0.076,
8,0.221,-0.468,
9,-0.75,-0.239,
10,-0.144,-0.37,
11,0.225,1.631,
12,-1.104,-1.83,
13,1.42,0.693,
14,0.212,-0.676,
15,-1.704,-0.147,
16,0.373,-1.686,
17,-0.01,-0.039,
18,0.059,0.078,
19,0.33,0.563,
20,1.444,0.529,
21,0.433,0.154,
22,0.776,0.347,
23,-0.001,-0.275,
24,0.103,0.188,
25,0.285,1.902,
26,0.01,-0.959,
27,0.13,-0.124,
28,0.436,0.057,
29,-0.276,-1.23,
30,0.724,0.35,
31,0.526,0.18,
32,-0.141,-0.72,
33,-0.031,-0.482,
34,-1.411,0.976,
35,-1.46,-1.336,
36,0.235,0.287,
37,0.172,0.198,
38,-0.083,-0.722,
39,0.642,-0.059,
40,-0.926,0.998,
41,0.224,0.387,
42,0.169,-0.016,
43,0.138,0.833,
44,-0.082,-0.174,
45,0.06,0.228,
46,-1.209,-0.587,
47,0.389,0.558,
48,-0.831,-0.671,
49,-0.297,-0.756,
50,-0.697,-0.312,
51,-0.731,-0.009,
52,0.433,0.749,
53,-0.301,0.013,
54,0.986,-0.655,
55,-0.094,0.522,
56,0.082,0.628,
57,-0.529,-0.246,
58,0.416,0.258,
59,0.939,0.75,
60,-0.087,0.044,
61,0.308,-0.332,
62,-0.573,0.744,
63,-0.735,0.62,
64,-0.143,0.224,
65,-0.237,0.139,
66,0.281,0.1,
67,-0.343,-0.406,
68,0.173,0.472,
69,-0.55,0.095,
70,-0.314,-0.351,
71,0.154,-0.695,
72,0.371,-0.5,
73,-0.022,0.147,
74,0.129,-0.156,
75,-1.563,-0.018,
76,0.309,-0.378,
77,0.189,0.13,
78,0.105,0.617,
79,-0.863,0.086,
80,-0.88,-0.033,
81,-0.504,0.639,
82,-0.354,-1.133,
83,-1.491,-0.164,
84,1.398,0.329,
85,-0.707,-0.124,
86,0.002,-0.485,
87,0.436,0.257,
88,-0.108,0.763,
89,-0.023,-0.027,
90,-0.622,0.253,
91,0.262,0.636,
92,0.589,-1.204,
93,1.736,0.2,
94,0.265,0.712,
95,-0.127,1.375,
96,-0.479,0.691,
97,0.813,0.726,
98,0.049,0.215,
99,0.584,0.193,
100,-0.193,0.274,
101,0.213,0.135,
102,-0.261,-0.631,
103,-0.463,-0.935,
104,-0.735,-0.122,
105,0.926,0.625,
106,-0.586,-1.253,
107,-0.411,-0.261,
108,0.449,0.165,
109,0.174,-0.218,
110,-1.076,0.406,
111,-1.025,0.608,
112,-0.712,1.243,
113,0.19,-0.06,
114,0.195,0.729,
115,-0.4,0.47,
116,-0.427,-0.233,
117,0.734,0.527,
118,0.351,-0.629,
119,-0.259,0.07,
120,-0.127,-0.323,
121,-0.145,0.995,
122,-0.454,-0.511,
123,-0.624,-0.397,
124,-0.274,0.669,
125,-0.373,-0.358,
126,0.158,-0.314,
127,-0.037,0.486,
128,-0.535,0.242,
129,0.521,0.906,
130,-0.837,-1.198,
131,0.394,1.299,
132,-0.432,1.23,
133,-0.257,0.357,
134,-0.706,-0.566,
135,-0.621,0.435,
136,-1.435,-0.83,
137,-0.649,0.593,
138,-0.048,0.26,
139,0.268,-0.904,
140,-0.217,0.172,
141,-0.133,-0.437,
142,-0.155,0.157,
143,-0.22,-0.371,
144,0.532,-0.524,
145,-0.062,-0.697,
146,-0.928,-0.372,
147,-1.213,-0.413,
148,-0.362,0.048,
149,0.598,-0.379,
150,-0.459,0.135,
151,-0.915,0.747,
152,-0.74,-0.233,
153,0.193,-0.039,
154,1.328,0.44,
155,-0.074,0.311,
156,-0.324,0.176,
157,-0.391,0.07,
158,-0.463,-0.652,
159,-0.176,0.22,
160,0.349,-0.232,
161,-0.839,0.036,
162,-1.072,0.049,
163,0.524,-0.713,
