1,-1.741,-2.665,
2,1.009,-1.503,
3,-1.178,-0.257,
4,0.328,0.558,
5,0.212,-1.49,
6,-0.689,1.336,
7,2.072,1.072,
8,0.709,-0.129,
9,-0.756,0.031,
10,0.218,0.286,
11,-0.636,0.944,
12,-0.662,-1.063,
13,0.843,0.994,
14,-0.316,-1.291,
15,-1.067,-0.714,
16,0.72,-2.247,
17,0.123,0.453,
18,0.083,0.061,
19,1.169,0.707,
20,2.212,0.179,
21,0.026,-0.16,
22,0.895,0.696,
23,-0.084,-0.473,
24,-0.001,1.326,
25,-1.266,1.632,
26,0.566,0.193,
27,0.419,0.199,
28,0.292,0.019,
29,-0.225,-1.813,
30,0.256,0.25,
31,0.303,0.419,
32,0.384,-0.838,
33,0.515,-0.668,
34,-1.598,1.197,
35,-1.52,0.154,
36,-0.589,0.681,
37,0.4,0.177,
38,-0.506,-0.056,
39,0.037,-0.645,
40,-0.337,0.871,
41,0.287,0.328,
42,0.656,0.438,
43,0.294,1.182,
44,0.069,-0.036,
45,-0.235,-0.498,
46,-2.004,-1.017,
47,-0.672,0.141,
48,-1.039,-0.455,
49,-1.761,-1.729,
50,-0.541,-0.739,
51,-0.975,0.07,
52,0.265,0.459,
53,0.316,-0.925,
54,1.486,-0.686,
55,-0.293,0.485,
56,-0.423,0.581,
57,-0.987,0.052,
58,0.417,0.555,
59,0.48,0.111,
60,-0.542,-0.055,
61,-0.122,-0.468,
62,-2.085,0.628,
63,-0.454,1.347,
64,-0.472,0.628,
65,0.189,-0.18,
66,0.236,0.404,
67,-0.349,-0.858,
68,0.193,0.638,
69,-0.717,0.231,
70,-0.364,-0.111,
71,-0.518,-1.987,
72,0.614,-0.325,
73,-0.357,-0.186,
74,-0.041,0.115,
75,-1.685,0.013,
76,-0.218,0.613,
77,0.293,-0.336,
78,-1.145,-0.87,
79,-1.005,0.246,
80,-0.814,0.071,
81,-0.982,0.093,
82,-0.36,-0.485,
83,-0.967,-0.283,
84,0.482,-0.179,
85,-0.831,-0.076,
86,-0.151,-0.207,
87,0.066,-0.262,
88,-0.242,1.258,
89,0.556,0.475,
90,0.141,0.124,
91,0.356,0.499,
92,0.306,-1.041,
93,0.252,0.144,
94,0.059,0.532,
95,0.542,1.58,
96,-1.264,0.463,
97,0.586,0.743,
98,0.03,-0.969,
99,0.06,0.648,
100,-2.016,0.15,
101,-0.137,0.359,
102,-0.337,-0.861,
103,-0.232,-1.507,
104,-0.086,-0.177,
105,0.07,1.337,
106,-0.333,-0.433,
107,-0.459,-0.228,
108,-0.028,0.217,
109,0.166,-0.376,
110,-1.452,0.392,
111,-0.241,0.555,
112,-0.853,1.548,
113,1.77,0.025,
114,-0.359,0.201,
115,0.182,0.581,
116,0.401,-0.966,
117,0.94,-0.264,
118,-0.229,-0.464,
119,-0.256,0.303,
120,-0.048,-0.502,
121,0.22,1.057,
122,-0.742,-0.794,
123,-0.063,-0.607,
124,-0.029,0.441,
125,-1.525,0.21,
126,1.015,-0.95,
127,-0.236,0.474,
128,-0.041,-0.188,
129,0.33,0.877,
130,-0.445,-0.321,
131,0.796,1.95,
132,-0.201,1.212,
133,-0.304,0.155,
134,-0.816,-0.087,
135,-1.2,0.712,
136,-1.478,-0.697,
137,-0.69,0.109,
138,-0.751,-0.154,
139,0.94,-0.129,
140,-0.182,-0.128,
141,0.032,-0.961,
142,0.4,0.294,
143,0.057,-0.441,
144,-0.738,0.765,
145,0.416,-0.602,
146,-0.905,-0.448,
147,-1.426,-1.469,
148,-0.273,-0.059,
149,1.464,-0.888,
150,-0.712,-0.055,
151,0.036,0.129,
152,-0.465,-0.367,
153,0.316,1.126,
154,0.541,-0.016,
155,-0.39,-0.378,
156,0.081,-0.063,
157,-0.427,-0.86,
158,-2.115,-0.273,
159,0.141,0.411,
160,0.325,-0.606,
161,-1.405,-0.408,
162,-0.177,-0.395,
163,0.841,-0.282,
