1,-2.899,-3.344,
2,0.706,-1.143,
3,-1.43,-1.228,
4,0.644,-0.851,
5,-0.248,-1.85,
6,0.084,1.486,
7,2.06,0.76,
8,0.805,-0.316,
9,-1.272,-0.062,
10,1.111,-0.811,
11,0.237,2.319,
12,-1.722,-1.949,
13,1.971,1.309,
14,-0.163,-0.637,
15,-2.108,-0.239,
16,0.476,-2.617,
17,0.765,0.217,
18,0.175,-0.632,
19,2.022,0.751,
20,3.382,1.673,
21,1.251,0.227,
22,1.54,0.607,
23,0.199,-0.13,
24,-0.46,0.853,
25,-0.716,3.026,
26,0.577,-0.453,
27,0.018,-0.388,
28,0.568,-0.071,
29,-0.133,-2.66,
30,0.379,0.178,
31,0.94,0.884,
32,0.043,-1.235,
33,-0.383,-0.653,
34,-2.515,1.339,
35,-2.493,-0.433,
36,-1.312,1.143,
37,0.626,0.353,
38,-0.718,-1.459,
39,0.251,0.404,
40,-1.263,2.009,
41,0.42,0.617,
42,0.767,0.942,
43,-0.156,1.981,
44,-0.349,-0.685,
45,-0.6,0.072,
46,-2.704,-1.009,
47,-0.139,0.826,
48,-1.934,-0.867,
49,-1.052,-2.292,
50,-1.143,-1.015,
51,-1.307,-0.293,
52,0.747,1.3,
53,0.015,-1.011,
54,1.866,-0.724,
55,-0.267,1.314,
56,-0.655,0.38,
57,-0.7,-0.746,
58,1.111,0.563,
59,2.133,0.73,
60,0,-0.415,
61,0.367,-0.659,
62,-1.894,0.968,
63,-0.953,2.127,
64,-0.289,-0.173,
65,-0.273,0.269,
66,0.481,0.624,
67,-0.439,-1.184,
68,-0.076,0.532,
69,-2.011,0.571,
70,-0.251,-0.203,
71,0.103,-1.607,
72,0.826,-0.9,
73,-0.383,-0.243,
74,-0.705,-0.223,
75,-2.573,-0.033,
76,-0.18,0.109,
77,0.365,-0.428,
78,-0.161,0.088,
79,-1.067,-0.354,
80,-1.43,-0.352,
81,-0.887,1.693,
82,-1.004,-1.308,
83,-2.647,-0.259,
84,1.165,0.062,
85,-0.973,-0.295,
86,-0.086,-0.497,
87,0.95,-0.075,
88,0.448,0.599,
89,0.383,0.078,
90,-0.173,0.395,
91,-0.077,1.722,
92,1.058,-1.59,
93,2.575,-0.299,
94,0.633,0.963,
95,0.286,2.217,
96,-1.663,1.484,
97,1.456,1.457,
98,0.354,-0.601,
99,0.005,1.101,
100,-2.129,0.15,
101,0.355,0.495,
102,-0.203,-1.335,
103,-0.659,-1.764,
104,-0.739,-0.497,
105,0.751,0.896,
106,-0.474,-1.173,
107,-0.51,0.355,
108,0.689,0.271,
109,-0.354,0.125,
110,-2.487,1.139,
111,-1.327,1.287,
112,-1.484,2.324,
113,1.089,-0.368,
114,-0.078,0.716,
115,-1.238,0.758,
116,-0.284,-0.772,
117,2.268,0.055,
118,0.421,-1.098,
119,-0.856,0.379,
120,0.134,-1.208,
121,-0.112,2.491,
122,-1.066,-0.077,
123,-0.909,-0.935,
124,-0.209,0.596,
125,-1.138,-0.331,
126,0.152,-0.713,
127,0.056,1.111,
128,-0.196,-0.274,
129,0.684,1.419,
130,-1.444,-1.667,
131,1.149,2.177,
132,-0.865,2.111,
133,-0.474,0.299,
134,-1.096,-0.844,
135,-1.491,0.536,
136,-2.521,-0.386,
137,-1.545,0.33,
138,-0.971,0.245,
139,0.713,-1.023,
140,0.062,0.292,
141,-0.251,-1.095,
142,-0.207,0.563,
143,-0.489,-0.523,
144,-0.101,0.697,
145,-0.299,-1.201,
146,-1.495,-1.014,
147,-2.435,-2.006,
148,-0.976,-0.116,
149,1.891,-0.654,
150,-0.241,-0.371,
151,-1.134,0.461,
152,-1.045,-0.611,
153,0.499,0.718,
154,1.588,0.312,
155,-0.443,-0.081,
156,-0.231,-0.304,
157,-0.614,-0.659,
158,-2.219,-1.258,
159,-0.156,0.098,
160,0.56,-1.107,
161,-1.574,-0.393,
162,-1.058,-0.585,
163,0.992,-0.863,
