1,-0.368,-0.433,
2,0.684,-0.719,
3,-0.889,-0.207,
4,0.456,-0.068,
5,0.274,0.5,
6,-1.232,1.114,
7,1.176,1.299,
8,0.412,0.291,
9,-0.374,-0.515,
10,0.949,-0.158,
11,0.093,1.323,
12,-0.283,-0.711,
13,1.213,0.362,
14,-0.57,-0.596,
15,-0.477,0.376,
16,0.396,-0.893,
17,0.075,0.243,
18,-0.09,-0.535,
19,0.885,0.346,
20,1.615,1.251,
21,0.307,0.204,
22,0.166,0.323,
23,0.123,-0.416,
24,-0.232,1.105,
25,-0.078,1.005,
26,0.58,0.524,
27,-0.076,-0.337,
28,0.298,0.182,
29,-0.064,-0.034,
30,0.001,0.32,
31,0.358,0.897,
32,0.23,-0.473,
33,-0.006,0.114,
34,-1.17,0.719,
35,-0.542,0.499,
36,-1.229,0.925,
37,0.177,0.161,
38,-0.538,-0.595,
39,-0.148,0.518,
40,-0.115,0.675,
41,0.38,0.324,
42,1.187,1.092,
43,-0.011,0.586,
44,-0.045,-0.147,
45,-0.146,-0.579,
46,-0.857,-0.498,
47,-0.666,-0.018,
48,-0.055,-0.326,
49,-0.54,-1.222,
50,-0.632,-0.668,
51,-0.152,-0.377,
52,0.317,0.387,
53,0.416,-1.571,
54,0.945,-0.059,
55,-0.468,0.127,
56,-0.78,0.629,
57,0.253,-0.348,
58,0.378,0.509,
59,1.017,-0.164,
60,0.142,-0.358,
61,0.093,-0.051,
62,-0.408,0.049,
63,-0.587,1.427,
64,-0.183,-0.08,
65,0.216,0.066,
66,0.288,0.879,
67,-0.346,-0.727,
68,0.242,0.325,
69,-0.446,0.97,
70,0.064,0.125,
71,-0.432,-0.859,
72,0.483,-0.126,
73,-0.602,-0.007,
74,0.265,0.148,
75,-0.784,-0.147,
76,-0.085,0.276,
77,-0.079,-0.452,
78,-0.328,-0.149,
79,-0.824,0.125,
80,-0.402,-0.665,
81,-0.726,0.378,
82,-0.266,0.134,
83,0.007,0.07,
84,-0.205,-0.251,
85,-0.756,-0.106,
86,-0.047,0.272,
87,0.55,-0.961,
88,-0.167,0.24,
89,0.498,0.178,
90,0.344,0.039,
91,-0.1,0.91,
92,0.346,-0.428,
93,0.055,0.204,
94,-0.024,0.346,
95,0.193,0.804,
96,-0.364,0.159,
97,0.477,0.504,
98,-0.123,-0.927,
99,-0.232,0.511,
100,-1.824,-0.266,
101,0.321,0.56,
102,-0.718,-0.112,
103,-0.774,-0.236,
104,-0.083,-0.133,
105,-0.631,-0.192,
106,-0.111,-0.201,
107,0.371,1.101,
108,0.099,-0.187,
109,-0.172,-0.226,
110,-1.558,0.705,
111,-0.209,0.731,
112,-0.823,0.691,
113,0.497,-0.353,
114,-0.131,-0.05,
115,0.045,-0.901,
116,-0.307,-0.422,
117,1.463,-0.242,
118,0.122,-0.42,
119,-0.481,0.313,
120,0.3,-0.922,
121,0.183,1.056,
122,-0.221,-0.028,
123,-0.331,-0.973,
124,0.513,-0.213,
125,-0.508,-0.582,
126,0.124,-0.205,
127,0.79,0.278,
128,-0.076,0.144,
129,0.151,0.95,
130,-0.043,-0.145,
131,0.696,1.479,
132,-0.536,0.847,
133,-0.556,-0.56,
134,-0.419,0.016,
135,-0.489,-0.216,
136,-0.924,0.07,
137,-0.761,-0.168,
138,-0.588,0.411,
139,0.108,-0.816,
140,0.126,0.23,
141,-0.368,-0.722,
142,-0.386,-0.386,
143,-0.12,0.381,
144,0.189,0.676,
145,-0.339,-0.865,
146,0.13,-0.07,
147,-0.608,-1.34,
148,-0.864,0.108,
149,1.374,-1.533,
150,-0.662,-0.442,
151,0.357,0.372,
152,-0.379,0.15,
153,0.603,0.5,
154,0.151,0.113,
155,-0.289,-0.26,
156,-0.044,0.008,
157,0.47,-0.548,
158,-0.177,-0.125,
159,-0.348,-0.169,
160,0.28,-0.015,
161,-0.382,-0.217,
162,0.111,-0.394,
163,0.908,-0.636,
