1,0.352,0.748,
2,0.067,0.321,
3,-0.135,0.389,
4,0.292,0.484,
5,0.065,0.745,
6,-0.827,0.261,
7,0.075,1.127,
8,0.533,0.662,
9,-0.18,-0.02,
10,-0.337,1.271,
11,0.566,0.91,
12,-0.068,-0.31,
13,0.757,0.576,
14,-0.335,0.784,
15,-0.229,-0.094,
16,0.104,0.339,
17,-0.458,0.654,
18,-0.228,0.526,
19,0.307,0.574,
20,0.096,0.127,
21,-0.074,0.353,
22,-0.006,0.14,
23,0.197,0.245,
24,0.093,0.544,
25,-0.058,0.402,
26,0.322,1.456,
27,0.474,0.603,
28,0.378,0.842,
29,0.278,0.649,
30,0.272,1.022,
31,0.251,1.284,
32,0.23,0.266,
33,-0.129,0.387,
34,-0.449,-0.023,
35,0.234,1.176,
36,-0.301,0.661,
37,0.202,0.286,
38,-0.034,0.493,
39,0.064,0.465,
40,0.036,0.585,
41,0.535,0.696,
42,0.544,0.929,
43,0.305,0.703,
44,0.316,1.149,
45,-0.168,0.863,
46,-0.087,0.495,
47,-0.822,0.333,
48,0.727,0.581,
49,0.047,0.232,
50,-0.271,0.149,
51,0.053,0.514,
52,0.232,0.569,
53,0.37,-0.064,
54,0.391,0.652,
55,-0.207,-0.266,
56,0.133,0.711,
57,0.006,0.462,
58,0.08,0.722,
59,-0.259,0.412,
60,-0.064,0.555,
61,-0.027,0.633,
62,0.394,0.64,
63,-0.137,0.755,
64,-0.351,0.163,
65,0.335,0.345,
66,0.481,1.229,
67,-0.199,0.385,
68,0.246,0.608,
69,0.162,1.218,
70,-0.117,0.473,
71,-0.041,0.403,
72,0.521,0.625,
73,-0.306,0.299,
74,0.219,0.677,
75,-0.371,0.255,
76,-0.14,0.776,
77,0.07,0.644,
78,-0.35,0.641,
79,-1.008,0.302,
80,0.151,0.16,
81,0.328,0.424,
82,0.237,0.485,
83,0.424,0.577,
84,-0.092,0.366,
85,0.372,0.786,
86,-0.108,0.975,
87,0.242,-0.087,
88,0.103,0.077,
89,0.361,0.546,
90,0.267,0.356,
91,0.045,0.985,
92,-0.067,0.283,
93,-0.3,1.019,
94,-0.216,1.011,
95,0.197,0.188,
96,-0.115,0.338,
97,0.35,0.497,
98,-0.534,-0.233,
99,0.252,0.136,
100,-0.118,0.494,
101,-0.005,0.913,
102,0.131,0.123,
103,-0.265,0.867,
104,0.059,0.481,
105,-0.317,-0.123,
106,0.089,1.002,
107,0.362,1.596,
108,-0.043,0.121,
109,0.044,0.521,
110,0.613,0.785,
111,0.144,0.568,
112,-0.506,0.22,
113,0.335,0.237,
114,0.083,0.105,
115,0.112,-1.005,
116,0.637,0.186,
117,0.416,0.556,
118,0.106,0.39,
119,0.206,0.337,
120,0.213,0.337,
121,-0.187,0.346,
122,0.768,0.725,
123,-0.284,-0.528,
124,0.444,0.115,
125,0.034,0.192,
126,0.555,0.398,
127,0.227,0.063,
128,0.018,0.643,
129,-0.1,0.379,
130,0.296,0.279,
131,0.672,1.449,
132,-0.372,0.442,
133,-0.202,0.813,
134,0.1,0.589,
135,0.114,-0.008,
136,0.179,0.286,
137,-0.041,0.816,
138,-0.016,0.381,
139,-0.359,-0.109,
140,0.045,0.544,
141,-0.044,-0.15,
142,-0.252,0.105,
143,0.022,0.692,
144,-0.431,1.041,
145,-0.318,0.134,
146,0.61,1.042,
147,-0.131,0.778,
148,-0.575,0.504,
149,-0.268,-1.029,
150,-1.144,0.626,
151,0.941,0.947,
152,-0.384,1.018,
153,0.271,0.297,
154,-0.135,0.195,
155,0.001,0.502,
156,-0.441,0.868,
157,-0.059,0.309,
158,0.432,0.824,
159,0.261,0.541,
160,-0.037,0.68,
161,0.218,0.315,
162,-0.122,0.557,
163,0.83,0.101,
