1,-0.206,-0.746,
2,-0.209,-1.176,
3,-0.353,-1.384,
4,-0.695,-0.511,
5,0.086,-0.294,
6,-1.071,-0.301,
7,0.004,-0.258,
8,-0.072,-1.276,
9,0.024,-1.024,
10,-0.947,-0.229,
11,0.243,-0.786,
12,0.385,-0.598,
13,0.291,-0.068,
14,-0.754,-0.734,
15,-0.786,-0.549,
16,-0.117,-0.783,
17,-1.181,-1.636,
18,0.055,-0.934,
19,-0.002,-0.353,
20,-0.015,-0.384,
21,-0.173,-1.041,
22,-0.231,-0.54,
23,-0.516,-1.42,
24,0.659,-1.275,
25,-0.325,-0.714,
26,-0.738,-0.552,
27,-0.279,-0.852,
28,0.523,-0.55,
29,0.37,-0.261,
30,1.02,-0.259,
31,-0.275,-0.646,
32,0.263,-0.969,
33,-1.137,-1.261,
34,-0.594,-1.668,
35,0.007,-0.463,
36,-0.126,-0.364,
37,0.082,-0.48,
38,0.201,-0.868,
39,-0.456,-0.75,
40,0.076,-1.502,
41,0.254,0.013,
42,0.006,0.313,
43,-0.157,0.385,
44,-0.431,-0.816,
45,-0.112,-0.758,
46,-0.651,-0.366,
47,-0.583,-0.729,
48,0.233,-0.523,
49,-0.16,-1.126,
50,-0.409,-0.996,
51,-0.183,-1.089,
52,-0.452,-0.514,
53,-0.416,-0.281,
54,-0.608,-0.427,
55,-1.028,-1.291,
56,-0.315,-0.511,
57,0.004,-0.879,
58,-0.735,-0.363,
59,-0.485,-1.208,
60,-0.073,-0.763,
61,-0.554,-0.45,
62,0.372,-0.683,
63,0.383,-0.336,
64,-0.793,-0.826,
65,0.428,-0.804,
66,0.372,-0.202,
67,-1.161,-0.113,
68,-0.178,-0.671,
69,-0.295,-0.12,
70,0.225,-0.543,
71,-0.036,-0.956,
72,-0.041,-1.037,
73,0.13,-0.811,
74,0.436,-0.633,
75,0.339,-0.525,
76,-0.776,-0.958,
77,-0.049,-0.43,
78,-0.326,0.547,
79,-0.668,-0.356,
80,0.545,-1.084,
81,-0.514,-0.958,
82,-0.25,0.047,
83,-0.114,-0.486,
84,-0.286,-0.604,
85,0.332,-0.712,
86,0.086,0.231,
87,-0.349,-1,
88,0.31,-0.086,
89,-0.223,-0.95,
90,-0.551,-0.596,
91,-0.849,-0.407,
92,-0.408,-0.687,
93,-0.058,0.227,
94,-0.601,0.667,
95,0.388,-1.051,
96,-0.347,-0.984,
97,-0.365,-0.65,
98,-0.938,-1.764,
99,-0.333,-0.689,
100,-0.481,-1.512,
101,-0.084,-0.337,
102,-0.675,-1.133,
103,-0.421,-0.905,
104,-0.582,-0.562,
105,-0.888,-0.85,
106,0.141,-0.304,
107,-0.247,0.14,
108,-0.395,-1.177,
109,0.015,-1.416,
110,-0.316,-1.135,
111,-0.203,0.08,
112,-0.591,-1.269,
113,-0.063,-0.817,
114,-0.247,-0.991,
115,-0.375,-1.942,
116,-0.104,-1.169,
117,0.713,-0.779,
118,0.031,-0.846,
119,0.192,-1.001,
120,-0.24,-0.685,
121,-0.239,-0.701,
122,0.164,-0.375,
123,-0.475,-1.535,
124,-0.238,-1.098,
125,-0.381,-0.999,
126,0.181,-0.512,
127,0.198,-1.417,
128,-0.191,-0.574,
129,-0.388,-0.664,
130,-0.361,-0.475,
131,-0.065,-0.042,
132,-0.126,0.22,
133,-0.634,-0.706,
134,-0.313,-0.544,
135,-1.126,-1.259,
136,-0.378,-0.834,
137,0.136,-0.243,
138,-0.449,-0.512,
139,-0.959,-1.107,
140,-0.448,-1.031,
141,-0.887,-1.123,
142,-0.082,-1.352,
143,-0.411,-0.112,
144,-0.765,-0.902,
145,-0.82,-1.065,
146,0.39,0.075,
147,-0.083,-0.7,
148,-1.028,-0.415,
149,-0.309,-1.993,
150,-1.67,-1.989,
151,0.227,-0.241,
152,-1.215,-0.408,
153,0.053,-0.859,
154,-0.909,-0.451,
155,-0.743,-1.027,
156,0.116,-0.27,
157,-0.698,-0.985,
158,-0.029,-0.77,
159,-0.274,-0.565,
160,-0.975,-0.435,
161,-0.466,-0.413,
162,-0.033,-0.312,
163,0.513,-1.3,
