1,-0.506,-0.635,
2,1.077,-0.726,
3,1.548,0.664,
4,0.932,1.011,
5,0.061,1.172,
6,-0.728,-0.226,
7,0.944,0.503,
8,-0.42,0.307,
9,-1.496,0.807,
10,1.63,-0.787,
11,-0.403,1.646,
12,0.179,0.108,
13,-0.069,0.914,
14,0.924,1.268,
15,-0.386,-0.742,
16,0.16,1.492,
17,-1.749,-0.225,
18,0.802,-0.127,
19,0.293,-0.034,
20,-0.733,-0.746,
21,0.718,-0.915,
22,-0.486,-1.103,
23,0.297,0.177,
24,-0.815,0.743,
25,0.026,0.323,
26,0.28,-0.074,
27,0.268,-0.735,
28,-0.98,0.432,
29,1.565,1.574,
30,0.932,-0.865,
31,0.232,-2.063,
32,-0.65,-1.545,
33,-0.366,0.471,
34,-0.872,-1.008,
35,-2.225,-0.4,
36,-0.108,2.375,
37,-0.347,0.809,
38,1.119,-0.291,
39,0.017,-0.154,
40,-0.003,-1.695,
41,0.043,0.32,
42,-1.099,-0.598,
43,-1.617,0.636,
44,-1.089,0.215,
45,-1.91,0.437,
46,0.404,-0.246,
47,-1.223,0.008,
48,0.257,0.19,
49,0.016,-1.003,
50,-0.355,0.223,
51,0.104,-0.219,
52,-1.137,-1.639,
53,0.329,-1.7,
54,0.268,-2.247,
55,0.136,0.723,
56,0.051,0.142,
57,-0.84,0.099,
58,0.717,-0.569,
59,-0.168,1.462,
60,-0.951,0.397,
61,-0.559,-1.777,
62,1.41,0.768,
63,0.085,0.588,
64,-0.172,1.435,
65,-1.276,-0.905,
66,-0.021,0.432,
67,-0.13,0.386,
68,0.839,0.215,
69,0.332,0.256,
70,-0.438,-2.013,
71,-0.275,1.247,
72,-0.013,-0.738,
73,-0.056,-0.871,
74,-0.268,0.033,
75,0.956,-1.001,
76,0.109,-0.276,
77,-0.187,0.794,
78,-0.515,0.73,
79,-0.287,0.257,
80,0.396,-0.258,
81,0.339,0.136,
82,0.223,-0.457,
83,-1.774,-0.372,
84,0.975,-0.062,
85,-0.255,-0.325,
86,0.03,1.818,
87,0.186,-0.178,
88,0.351,-0.286,
89,0.373,-1.18,
90,0.976,1.238,
91,1.556,-0.238,
92,0.199,-1.318,
93,0.237,-1.367,
94,0.418,0.249,
95,-0.797,0.497,
96,-0.238,0.317,
97,-0.422,0.289,
98,0.282,-2.087,
99,0.894,0.575,
100,-1.195,2.388,
101,0.49,-0.604,
102,-1.429,0.964,
103,2.066,-0.518,
104,0.472,1.994,
105,0.171,-0.519,
106,0.098,-0.264,
107,-1.157,1.23,
108,-0.766,-0.222,
109,-0.135,0.345,
110,1.981,-0.548,
111,-0.131,1.61,
112,0.12,-0.296,
113,0.161,0.734,
114,0.607,0.362,
115,-0.334,1.296,
116,0.942,-0.174,
117,1.517,0.585,
118,0.799,-0.275,
119,1.072,1.103,
120,-0.788,-0.821,
121,1.045,0.282,
122,0.804,-1.024,
123,-1.181,-1.158,
124,1.039,0.102,
125,0.693,-0.895,
126,-1.422,-0.263,
127,-0.92,-0.32,
128,-0.164,0.682,
129,-0.028,-0.762,
130,-0.538,0.255,
131,0.997,-0.124,
132,0.461,0.794,
133,-1.037,0.833,
134,-0.104,0.122,
135,-0.798,0.619,
136,-0.297,-0.751,
137,-1.823,1.398,
138,-1.251,-0.809,
139,0.293,0.198,
140,0.235,-0.505,
141,-0.009,0.358,
142,-0.259,-0.085,
143,-0.512,1.303,
144,0.648,-0.195,
145,0.267,-0.379,
146,-0.327,-0.215,
147,-0.849,-0.419,
148,-0.236,0.04,
149,-0.028,-0.842,
150,-1.119,-0.603,
151,-1.08,0.276,
152,0.232,-0.424,
153,-1.02,-0.267,
154,-1.776,0.877,
155,0.348,0.575,
156,-0.611,-1.929,
157,-0.015,-1.586,
158,0.283,0.301,
159,2.676,-1.082,
160,1.51,1.586,
161,1.343,0.474,
162,0.01,-0.733,
163,-0.041,-0.947,
