1,0.259,-1.153,
2,1.151,-2.149,
3,1.29,0.28,
4,1.175,0.517,
5,0.902,0.978,
6,-0.464,0.338,
7,1.268,1.07,
8,-0.139,0.697,
9,-1.202,0.569,
10,1.809,0.049,
11,0.061,1.856,
12,0.404,0.018,
13,0.507,0.696,
14,1.299,0.755,
15,-0.655,0.255,
16,0.593,1.123,
17,-1.54,0.224,
18,1.095,-0.471,
19,0.589,0.571,
20,-0.115,-0.714,
21,0.824,-0.688,
22,-0.031,-0.854,
23,0.411,0.588,
24,-0.157,0.72,
25,-0.128,0.378,
26,0.132,0.014,
27,0.418,-0.222,
28,-0.897,0.856,
29,1.584,1.413,
30,1.295,-0.336,
31,0.304,-0.881,
32,0.239,-0.846,
33,-0.128,0.598,
34,-0.861,-1.15,
35,-1.452,-0.252,
36,0.034,2.076,
37,-0.606,1.189,
38,1.486,0.691,
39,0.219,0.331,
40,0.568,-1.189,
41,0.725,0.919,
42,-0.774,0.256,
43,-0.825,1.049,
44,-0.221,0.629,
45,-0.976,0.802,
46,0.928,-0.127,
47,-1.137,0.08,
48,1.158,-0.018,
49,-0.934,-1.371,
50,-0.366,0.292,
51,1.122,-0.023,
52,-1.022,-1.007,
53,0.569,-1.133,
54,0.282,-1.055,
55,0.301,0.736,
56,-0.095,0.866,
57,-0.375,0.69,
58,0.654,0.172,
59,0.122,1.53,
60,-0.007,0.469,
61,-0.219,-0.988,
62,1.19,0.81,
63,-0.05,0.674,
64,0.002,0.904,
65,-1.075,-0.955,
66,0.174,0.527,
67,0.103,-0.269,
68,1.743,0.329,
69,0.044,0.857,
70,-0.362,-1.449,
71,0.347,1.745,
72,0.191,-0.175,
73,-0.122,-0.189,
74,0.115,0.251,
75,0.72,-0.086,
76,-0.291,-0.223,
77,-0.158,0.676,
78,0.093,1.179,
79,-0.404,0.516,
80,0.456,0.209,
81,0.684,0.644,
82,0.495,0.197,
83,-1.387,0.08,
84,0.513,0.328,
85,0.284,0.082,
86,0.687,2.972,
87,0.316,-0.198,
88,1.539,0.025,
89,1.134,-1.038,
90,0.781,1.536,
91,2.265,0.048,
92,0.126,-0.809,
93,-0.05,-0.363,
94,0.165,0.447,
95,-0.259,0.431,
96,-0.02,0.407,
97,0.289,0.661,
98,0.624,-2.191,
99,1.018,0.836,
100,-1.125,1.893,
101,0.93,-0.197,
102,-1.049,0.269,
103,1.64,-0.203,
104,0.103,1.894,
105,0.183,-0.137,
106,0.93,0.704,
107,-0.999,1.395,
108,-0.537,-0.063,
109,0.422,0.625,
110,2.011,-0.308,
111,-0.011,1.379,
112,-0.323,-0.076,
113,0.782,0.6,
114,1.404,0.289,
115,0.526,0.424,
116,0.62,-0.091,
117,1.7,1.042,
118,0.644,0.082,
119,1.214,1.101,
120,-0.322,-0.432,
121,1.126,0.749,
122,0.754,-1.016,
123,-0.861,-1.121,
124,0.861,0.093,
125,1.003,-1.067,
126,-0.283,-0.818,
127,-0.64,0.207,
128,-0.288,1.202,
129,0.049,-0.167,
130,0.15,0.155,
131,1.501,0.453,
132,0.536,0.746,
133,-0.692,0.806,
134,0.221,0.294,
135,-0.458,1.086,
136,0.155,-0.333,
137,-1.203,1.435,
138,-0.468,0.106,
139,-0.262,0.394,
140,0.389,-0.063,
141,-0.106,0.417,
142,0.074,0.054,
143,-0.594,1.872,
144,0.284,0.248,
145,0.476,-0.403,
146,-0.4,0.612,
147,-0.168,-0.125,
148,-0.116,0.349,
149,-0.147,-1.362,
150,-1.596,1.026,
151,-0.417,0.991,
152,0.486,0.106,
153,-1.186,-0.049,
154,-0.864,0.995,
155,0.299,1.652,
156,0.146,-0.928,
157,-0.614,-1.87,
158,1.166,-0.08,
159,3.079,-0.868,
160,1.105,1.944,
161,1.467,0.709,
162,0.52,-0.54,
163,0.291,-0.541,
