1,-0.893,-1.896,
2,-0.633,-1.186,
3,0.045,-1.914,
4,-1.144,-0.104,
5,0.345,-0.748,
6,-0.017,-0.632,
7,-0.048,-1.025,
8,-0.401,-1.644,
9,1.329,-0.122,
10,-0.551,-0.349,
11,0.083,-1.181,
12,0.6,-0.226,
13,0.211,0.43,
14,-0.633,-0.55,
15,-0.599,-0.694,
16,0.319,-0.581,
17,-1.049,-2.197,
18,0.395,-0.623,
19,0.193,0.083,
20,0.071,0.029,
21,-0.097,-0.838,
22,0.045,-0.168,
23,-0.382,-1.7,
24,0.841,-1.509,
25,0.247,-1.145,
26,-2.037,-1.418,
27,-1.058,-0.95,
28,1.18,-0.51,
29,0.756,0.482,
30,1.599,-0.237,
31,-0.378,-1.041,
32,0.544,-0.763,
33,-1.598,-1.338,
34,-0.025,-2.187,
35,-0.033,-0.636,
36,0.625,-0.184,
37,0.717,0.114,
38,0.842,-0.821,
39,-0.305,-0.487,
40,0.793,-1.223,
41,0.569,0.751,
42,-0.053,1.073,
43,0.093,1.164,
44,-0.607,-1.195,
45,-0.244,-0.527,
46,-0.966,-0.001,
47,-0.147,0.172,
48,-0.189,-0.709,
49,0.08,-1.295,
50,0.306,-0.357,
51,-0.331,-1.414,
52,-0.813,0.176,
53,-0.883,0.836,
54,-1.206,-0.289,
55,-1.261,-0.695,
56,-0.518,-0.241,
57,0.297,-0.59,
58,-1.419,-0.223,
59,-0.253,-1.243,
60,0.181,-0.592,
61,-0.864,-0.224,
62,-0.565,-0.773,
63,1.236,0.64,
64,-0.647,-0.064,
65,0.668,-0.359,
66,0.929,-0.103,
67,-0.468,0.723,
68,0.012,-0.588,
69,-0.237,-0.096,
70,1.091,-0.616,
71,0.648,-0.863,
72,-0.008,-1.534,
73,1.247,-0.638,
74,1.273,-0.552,
75,1.785,0.261,
76,-0.699,-1.6,
77,0.201,0.884,
78,0.174,0.961,
79,0.36,0.315,
80,1.1,-0.148,
81,-1.042,-1.027,
82,-0.244,0.694,
83,0.045,-0.143,
84,-0.148,-0.178,
85,0.852,-0.52,
86,0.953,0.194,
87,-0.167,-0.708,
88,0.837,0.489,
89,-2.316,-0.222,
90,-0.879,0.236,
91,-0.996,-0.431,
92,-0.436,-0.228,
93,0.895,1.081,
94,-0.866,1.819,
95,1.295,-0.725,
96,-0.286,-1.056,
97,-0.917,-0.475,
98,-0.636,-2.148,
99,0.147,-0.55,
100,0.067,-1.696,
101,0.072,-0.399,
102,0.167,-1.34,
103,-0.434,-1.39,
104,-0.091,-0.67,
105,-1.319,-0.05,
106,0.805,-0.298,
107,-0.388,0.158,
108,0.165,-1.192,
109,0.45,-2.006,
110,-1.071,-2.308,
111,0.158,0.292,
112,0.99,-0.892,
113,0.241,-0.677,
114,-0.019,-0.65,
115,0.019,-1.297,
116,-0.156,-0.919,
117,1.613,-0.42,
118,0.442,-0.486,
119,0.434,-0.991,
120,-0.187,-0.203,
121,0,-0.306,
122,0.275,-0.095,
123,-0.104,-1.325,
124,-0.854,-1.244,
125,-0.035,-0.426,
126,0.394,-0.358,
127,0.681,-1.267,
128,-0.336,-0.134,
129,-0.302,-0.329,
130,-0.534,-0.207,
131,0.416,-0.356,
132,0.302,1.039,
133,-0.25,-0.984,
134,-0.214,-0.076,
135,-1.525,-1.13,
136,-0.129,-0.688,
137,1.281,0.153,
138,-0.262,-0.168,
139,-1.038,-0.031,
140,-0.883,-0.909,
141,-0.841,-0.578,
142,0.721,-1.189,
143,-0.316,0.05,
144,-0.396,-1.049,
145,-0.969,-0.254,
146,0.248,0.297,
147,-0.011,-0.423,
148,-1.598,-0.311,
149,-0.59,-0.567,
150,-0.704,-2.698,
151,-0.206,0.017,
152,-0.918,-0.725,
153,0.276,-0.37,
154,-1.433,0.225,
155,-0.777,-1.066,
156,0.978,0.34,
157,0.526,0.111,
158,-0.437,0.095,
159,0.018,0.544,
160,-1.254,-0.217,
161,-0.643,0.03,
162,1.021,0.77,
163,0.966,-0.195,
