1,-1.358,-1.828,
2,0.823,-0.957,
3,-1.17,-0.399,
4,0.664,-0.189,
5,0.014,0.08,
6,-0.727,0.99,
7,1.288,0.977,
8,0.512,0.193,
9,-0.58,-0.348,
10,1.603,-0.61,
11,-0.176,1.789,
12,-0.88,-1.057,
13,1.535,0.885,
14,-0.546,-0.622,
15,-0.883,0.05,
16,0.55,-1.57,
17,0.565,0.339,
18,-0.05,-0.856,
19,1.678,0.224,
20,2.919,1.779,
21,0.937,0.16,
22,0.724,0.273,
23,0.131,-0.328,
24,-0.471,1.593,
25,-0.439,1.775,
26,0.765,0.32,
27,-0.196,-0.49,
28,0.243,-0.1,
29,-0.035,-0.681,
30,0.018,0.195,
31,0.663,1.129,
32,0.279,-0.756,
33,-0.169,0.145,
34,-1.677,1.087,
35,-1.369,0.24,
36,-1.841,1.326,
37,0.398,0.268,
38,-1.051,-1.118,
39,-0.271,0.604,
40,-0.57,1.136,
41,0.416,0.449,
42,1.418,1.418,
43,-0.186,1.248,
44,-0.326,-0.562,
45,-0.401,-0.608,
46,-1.691,-0.944,
47,-0.546,0.203,
48,-0.832,-0.492,
49,-0.809,-1.833,
50,-0.849,-0.932,
51,-0.692,-0.552,
52,0.547,0.778,
53,0.454,-1.944,
54,1.366,-0.596,
55,-0.458,0.747,
56,-1.119,0.479,
57,0.074,-0.659,
58,0.786,0.578,
59,1.823,0.029,
60,0.233,-0.528,
61,0.099,-0.299,
62,-1.591,0.474,
63,-0.776,2.214,
64,-0.504,-0.121,
65,0.034,0.223,
66,0.361,0.99,
67,-0.366,-1.033,
68,0.242,0.229,
69,-1.002,0.972,
70,0.047,0.07,
71,-0.383,-1.544,
72,0.676,-0.414,
73,-0.351,-0.109,
74,-0.023,0.035,
75,-1.099,-0.132,
76,-0.269,0.384,
77,0.078,-0.619,
78,-0.022,-0.156,
79,-0.896,-0.071,
80,-0.871,-0.698,
81,-1.236,0.717,
82,-0.655,-0.309,
83,-0.715,0.075,
84,0.121,-0.357,
85,-1.173,-0.301,
86,-0.123,-0.017,
87,0.895,-0.898,
88,-0.263,0.56,
89,0.259,0.209,
90,0.399,0.186,
91,-0.39,1.408,
92,0.753,-0.89,
93,0.814,-0.03,
94,0.295,0.483,
95,-0.042,1.77,
96,-1.06,0.906,
97,0.831,0.957,
98,0.176,-1.069,
99,-0.424,0.986,
100,-2.494,-0.233,
101,0.413,0.655,
102,0.164,-0.748,
103,-0.714,-0.902,
104,-0.212,-0.339,
105,-0.733,0.214,
106,-0.168,-0.54,
107,0.075,1.037,
108,0.203,0.081,
109,-0.465,-0.049,
110,-2.569,1.124,
111,-0.607,1.099,
112,-1.036,1.364,
113,0.843,-0.438,
114,-0.193,0.154,
115,-0.324,-0.421,
116,-0.34,-0.68,
117,2.136,-0.186,
118,0.167,-0.704,
119,-0.794,0.463,
120,0.364,-1.342,
121,0.05,1.698,
122,-0.714,-0.024,
123,-0.588,-1.018,
124,0.349,0.081,
125,-0.896,-0.426,
126,0.313,-0.369,
127,0.674,0.686,
128,0.011,-0.108,
129,0.306,1.294,
130,-0.607,-0.463,
131,1.043,1.792,
132,-0.717,1.432,
133,-0.58,-0.427,
134,-0.69,-0.381,
135,-0.911,-0.151,
136,-1.553,0.221,
137,-1.26,-0.216,
138,-0.922,0.441,
139,0.422,-0.931,
140,0.285,0.282,
141,-0.457,-0.978,
142,-0.428,0.198,
143,-0.212,0.181,
144,0.153,1.161,
145,-0.395,-0.98,
146,-0.578,-0.609,
147,-1.432,-2.156,
148,-1.088,-0.001,
149,1.806,-1.104,
150,-0.347,-0.719,
151,-0.209,0.254,
152,-0.626,-0.209,
153,0.82,0.873,
154,0.559,0.147,
155,-0.364,-0.362,
156,-0.025,-0.42,
157,0.176,-0.566,
158,-1.168,-0.39,
159,-0.361,-0.248,
160,0.532,-0.549,
161,-0.785,-0.362,
162,-0.174,-0.679,
163,1.402,-0.393,
