1,0.759,1.731,
2,-0.518,-1.272,
3,-2.635,-2.124,
4,0.227,0.168,
5,-1.5,-0.423,
6,-3.597,0.363,
7,-1.636,2.195,
8,-1.419,0.754,
9,-2.364,1.076,
10,-0.584,0.556,
11,0.526,1.698,
12,1.51,-1.126,
13,0.342,0.189,
14,-1.795,1.399,
15,-3.911,-0.509,
16,0.906,1.204,
17,-1.226,0.245,
18,0.737,1.167,
19,0.096,0.901,
20,-0.432,0.946,
21,1.814,-1.449,
22,-0.322,-0.554,
23,-1.327,-0.786,
24,-1.311,0.6,
25,-1.19,-0.608,
26,-0.781,0.229,
27,-1.847,0.359,
28,1.005,0.765,
29,-0.185,0.665,
30,-0.35,1.116,
31,0.819,0.416,
32,0.182,-0.049,
33,-1.457,0.889,
34,0.411,0.89,
35,-0.074,0.908,
36,-2.019,0.625,
37,-0.845,0.117,
38,0.712,-0.264,
39,0.191,2.704,
40,-0.893,-0.169,
41,-1.294,-0.975,
42,0.962,-1.093,
43,0.228,0.248,
44,0.326,1.396,
45,-0.445,0.083,
46,0.261,0.838,
47,-0.31,0.69,
48,0.74,-0.447,
49,-1.464,-1.229,
50,0.678,-0.164,
51,-0.672,0.159,
52,0.007,0.402,
53,-0.396,0.514,
54,-1.148,-0.931,
55,0.561,-0.017,
56,-0.001,1.681,
57,1.236,1.396,
58,-0.838,0.612,
59,-2.205,1.391,
60,0.913,-0.184,
61,-0.964,2.361,
62,1.286,-1.233,
63,0.135,-0.75,
64,-0.215,-0.217,
65,-0.323,-0.395,
66,0.522,0.325,
67,-1.607,0.265,
68,-0.309,1.073,
69,-0.272,1.112,
70,0.854,-0.152,
71,-0.324,0.252,
72,-1.442,1.19,
73,-0.947,-0.467,
74,-0.685,0.068,
75,-2.821,1.01,
76,0.631,-0.14,
77,-0.186,-0.389,
78,1.541,1.325,
79,-0.557,0.085,
80,-1.36,1.629,
81,0.721,0.037,
82,-1.413,0.561,
83,0.365,0.157,
84,-0.603,0.448,
85,0.362,1.17,
86,-1.089,-0.261,
87,-0.536,-0.68,
88,-0.774,1.965,
89,0.06,0.241,
90,-1.318,0.377,
91,-0.41,0.932,
92,-0.919,0.539,
93,0.797,1.676,
94,-1.109,-0.048,
95,-0.861,-0.841,
96,0.442,-0.929,
97,0.006,0.09,
98,-0.553,0.308,
99,-0.506,-0.455,
100,-0.266,1.176,
101,-0.077,0.512,
102,-2.212,0.334,
103,1.176,0.403,
104,-0.293,0.152,
105,-0.539,1.918,
106,0.175,0.634,
107,1.999,1.077,
108,0.154,0.418,
109,-1.214,-0.736,
110,-0.045,0.783,
111,0.109,-1.771,
112,-1.099,1.575,
113,-1.406,-0.27,
114,0.825,0.032,
115,-0.515,-0.659,
116,0.186,1.512,
117,-1.494,-1.003,
118,-0.194,0.244,
119,0.789,0.775,
120,-0.436,0.027,
121,-0.082,-0.794,
122,-1.389,-0.403,
123,-1.849,1.256,
124,-0.966,-0.807,
125,-0.157,1.222,
126,-2.085,0.804,
127,0.585,-0.988,
128,-0.517,0.647,
129,0.482,0.471,
130,1.485,-1.26,
131,-0.612,1.749,
132,-0.309,1.205,
133,-0.657,1.159,
134,-2.014,-1.138,
135,-0.785,-1.769,
136,0.362,-0.943,
137,-0.147,0.678,
138,2.015,0.873,
139,-1.083,0.182,
140,-0.367,-0.746,
141,-0.433,0.782,
142,1.092,-0.439,
143,-0.11,2.233,
144,-0.221,0.153,
145,0.078,-1.014,
146,-0.914,0.892,
147,0.475,0.059,
148,0.411,-0.195,
149,1.389,-2.185,
150,0.19,-0.094,
151,1.427,0.799,
152,0.311,0.049,
153,-0.418,-0.035,
154,-0.909,2.635,
155,-0.228,-0.125,
156,-2.147,-0.853,
157,0.391,0.058,
158,0.715,-1.861,
159,0.475,-0.395,
160,-0.36,0.584,
161,0.233,0.865,
162,-0.641,0.609,
163,-0.458,-2.345,
