1,2.174,2.372,
2,0.158,-1.321,
3,0.279,1.018,
4,0.337,0.094,
5,0.521,-1.003,
6,-0.199,2.658,
7,0.534,0.2,
8,3.114,1.47,
9,0.988,0.651,
10,0.044,-0.13,
11,-2.08,0.31,
12,1.733,-2.761,
13,-0.396,0.233,
14,-1.947,1.217,
15,-0.61,0.606,
16,-0.112,2.849,
17,0.909,-0.325,
18,-0.269,0.971,
19,-2.117,-0.007,
20,0.369,1.382,
21,0.052,-0.609,
22,1.128,1.038,
23,-1.001,-0.691,
24,-0.47,1.54,
25,-1.531,0.213,
26,1.655,1.415,
27,0.182,2.074,
28,0.038,-0.468,
29,-0.415,-0.602,
30,0.242,-0.501,
31,-0.393,-0.609,
32,-0.212,-0.639,
33,1.65,-1.344,
34,-0.427,0.041,
35,0.08,0.307,
36,0.192,0.793,
37,0.6,0.026,
38,-1.353,0.831,
39,0.837,1.174,
40,1.031,-0.022,
41,1.909,-1.811,
42,0.016,-2.825,
43,1.569,1.067,
44,1.323,-0.53,
45,-0.805,-0.525,
46,-1.736,2.277,
47,-1.546,-0.196,
48,0.08,-0.623,
49,0.75,1.12,
50,1.49,0.022,
51,-0.64,-2.035,
52,0.384,-1.017,
53,0.843,1.14,
54,0.712,1.708,
55,0.069,-0.346,
56,-0.483,0.623,
57,0.272,-2.357,
58,-0.048,1.935,
59,-0.41,-0.944,
60,-2.542,1.103,
61,1.526,0.393,
62,0.71,-0.205,
63,1.357,1.027,
64,-0.344,-0.808,
65,-0.763,-1.636,
66,-1.883,-2.163,
67,-0.797,-0.367,
68,0.985,1.498,
69,-1.141,-0.267,
70,1.226,-2.818,
71,1.279,0.248,
72,-0.847,0.606,
73,-2.898,-0.786,
74,-0.136,-0.621,
75,-0.035,0.136,
76,2.202,0.315,
77,1.447,0.332,
78,0.803,-0.963,
79,-0.955,-1.62,
80,-0.194,-0.952,
81,-0.167,1.748,
82,-0.239,-0.245,
83,-0.627,-2.553,
84,1.854,0.204,
85,-0.275,0.543,
86,0.762,1.015,
87,-0.869,-0.509,
88,-2.652,0.111,
89,1.902,-1.275,
90,-0.02,0.025,
91,2.2,-0.606,
92,0.449,1.212,
93,-1.087,-0.987,
94,1.217,0.092,
95,-0.61,0.534,
96,-0.904,0.654,
97,0.706,-1.685,
98,-1.323,0.967,
99,-0.263,-0.824,
100,0.604,1.143,
101,-1.32,0.029,
102,-3.397,0.454,
103,1.576,-1.186,
104,0.114,1.039,
105,0.047,0.359,
106,-0.309,-0.441,
107,-0.151,-0.818,
108,2.547,-0.098,
109,0.42,-1.039,
110,-1.122,1.074,
111,-1.321,2.246,
112,-1.072,0.044,
113,-0.587,1.302,
114,-0.751,-0.028,
115,-2.736,0.523,
116,-0.661,-0.666,
117,-1.511,-0.002,
118,-0.206,1.499,
119,0.402,-0.151,
120,2.437,0.332,
121,0.796,0.238,
122,0.863,0.618,
123,-0.434,0.303,
124,1.06,-0.588,
125,-0.698,1.325,
126,2.082,0.529,
127,0.011,-0.303,
128,1.789,-0.206,
129,0.806,-0.215,
130,1.237,1.275,
131,0.596,-0.036,
132,0.362,-0.854,
133,-0.273,0.593,
134,0.05,0.547,
135,-2.062,-1.208,
136,-1.07,-0.621,
137,-0.334,1.482,
138,0.809,-1.188,
139,-1.349,1.739,
140,-0.389,-0.648,
141,-1.383,0.376,
142,-0.371,-1.578,
143,0.245,-0.818,
144,1.731,0.911,
145,0.243,-0.626,
146,0.373,-1.059,
147,-0.046,-0.548,
148,-1.338,-0.36,
149,0.397,-0.233,
150,-1.703,-2.011,
151,-0.355,-0.781,
152,0.304,0.703,
153,0.306,-2.367,
154,-0.238,-0.296,
155,-0.074,-0.148,
156,-1.089,-1.172,
157,-0.63,-1.895,
158,1.618,0.003,
159,0.482,1.089,
160,-0.076,-0.313,
161,1.235,-1.089,
162,-0.891,-1.763,
163,0.272,-0.44,
