1,0.292,0.687,
2,-0.078,-0.558,
3,0.18,0.665,
4,0.195,0.112,
5,-0.041,-0.304,
6,0.365,1.289,
7,0.216,-0.01,
8,0.718,0.224,
9,0.397,0.462,
10,-0.008,-0.067,
11,-0.894,-0.106,
12,1.313,-0.97,
13,-0.553,-0.235,
14,-0.479,-0.199,
15,0.13,0.478,
16,-0.15,1.035,
17,-0.208,0.149,
18,-0.541,0.677,
19,-0.854,0.226,
20,-0.358,1.301,
21,0.261,0.003,
22,0.576,0.302,
23,-0.279,-0.343,
24,-0.366,0.734,
25,0.118,0.005,
26,0.618,-0.04,
27,0.078,0.424,
28,0.031,-0.007,
29,-0.292,0.111,
30,0.618,0.225,
31,-0.011,-0.306,
32,-0.045,-0.185,
33,0.739,-0.831,
34,0.155,-0.037,
35,-0.009,0.084,
36,0.175,0.441,
37,0.114,0.161,
38,-0.255,0.201,
39,0.496,0.175,
40,0.121,-0.289,
41,0.495,-0.505,
42,-0.127,-1.767,
43,0.672,0.337,
44,0.303,-0.133,
45,-0.199,0.027,
46,-0.108,0.278,
47,-0.302,0.042,
48,-0.002,-0.108,
49,0.103,0.938,
50,0.584,-0.186,
51,-0.611,-0.866,
52,0.323,-0.367,
53,0.469,0.788,
54,0.352,0.129,
55,-0.148,0.102,
56,-0.256,0.705,
57,-0.154,-0.74,
58,-0.069,0.985,
59,0.044,-0.334,
60,-1.263,0.7,
61,0.593,0.49,
62,-0.151,0.03,
63,0.225,0.625,
64,0.022,-0.195,
65,-0.359,-0.581,
66,-1.193,-0.834,
67,-0.427,-0.274,
68,0.707,0.451,
69,0.371,-0.112,
70,0.417,-1.499,
71,0.265,-0.019,
72,-0.402,0.176,
73,-0.539,0.124,
74,0.28,-0.029,
75,1.01,0.07,
76,0.929,-0.006,
77,0.123,0.09,
78,0.299,0.175,
79,-0.643,-0.826,
80,-0.085,0.543,
81,-0.56,0.99,
82,-0.161,0.101,
83,0.671,-0.478,
84,1.05,-0.286,
85,-0.935,0.061,
86,0.065,0.192,
87,0.038,-0.169,
88,-0.332,0.092,
89,-0.199,-0.215,
90,-0.262,0.295,
91,0.807,0.242,
92,0.087,0.939,
93,-0.498,-0.075,
94,0.341,-0.287,
95,-0.358,0.327,
96,0.006,0.508,
97,0.296,-0.756,
98,-0.789,0.701,
99,-0.233,-0.363,
100,0.14,0.082,
101,-0.106,-0.155,
102,-1.133,0.564,
103,0.41,-0.683,
104,-0.251,0.555,
105,0.111,0.284,
106,-0.459,-0.953,
107,-0.573,-0.337,
108,1.172,-0.104,
109,-0.204,-0.732,
110,-0.217,0.486,
111,-0.456,0.486,
112,-0.318,-0.008,
113,-0.143,0.51,
114,-0.065,0.164,
115,-0.989,0.268,
116,-0.094,-0.039,
117,-0.93,-0.002,
118,-0.13,0.327,
119,0.041,0.001,
120,0.91,-0.034,
121,0.334,-0.155,
122,0.448,0.202,
123,0.04,0.612,
124,0.133,0.173,
125,0.076,0.576,
126,0.954,0.346,
127,0.028,-0.09,
128,0.688,0.216,
129,0.44,0.205,
130,0.536,0.894,
131,0.111,-0.085,
132,-0.004,-0.176,
133,-0.262,0.254,
134,-0.205,0.183,
135,-0.606,-0.446,
136,-0.254,-0.181,
137,-0.193,0.735,
138,0.421,-0.319,
139,-0.484,1.012,
140,-0.499,-0.168,
141,-0.946,0.565,
142,-0.053,-0.534,
143,0.514,-0.169,
144,1.211,0.156,
145,0.49,0.038,
146,0.073,-0.224,
147,-0.076,0.063,
148,-0.288,-0.092,
149,0.082,-0.218,
150,-0.661,-0.748,
151,-0.517,0.193,
152,0.196,0.278,
153,0.158,-1.099,
154,-0.092,0.074,
155,0.224,-0.106,
156,-0.551,-0.108,
157,-0.174,-0.383,
158,0.56,0.195,
159,-0.033,0.205,
160,-0.271,0.252,
161,0.895,-0.569,
162,-0.561,-0.265,
163,0.079,-0.289,
