1,0.468,0.108,
2,0.451,-0.806,
3,0.218,-0.512,
4,0.603,-0.504,
5,0.725,-0.149,
6,-0.894,-0.234,
7,0.431,0.074,
8,1.026,-0.218,
9,0.212,-1.055,
10,0.211,0.149,
11,0.777,0.143,
12,0.792,-0.854,
13,1.134,-0.37,
14,-0.003,-0.12,
15,-0.051,-0.571,
16,0.611,-0.605,
17,0.523,-0.264,
18,0.498,-0.473,
19,0.345,-0.287,
20,0.621,-0.743,
21,0.443,-0.493,
22,0.4,-0.069,
23,0.336,-0.792,
24,0.204,-0.557,
25,0.064,-0.283,
26,0.972,0.586,
27,0.559,0.112,
28,0.454,-0.288,
29,0.172,-0.293,
30,0.3,0.028,
31,0.366,0.231,
32,0.534,-0.742,
33,0.343,-0.311,
34,-0.36,-0.641,
35,0.664,0.369,
36,0.204,-0.151,
37,0.53,-0.419,
38,0.29,-0.428,
39,0.542,-0.087,
40,0.653,-0.454,
41,0.948,-0.324,
42,0.979,-0.408,
43,0.668,-0.24,
44,0.899,0.021,
45,0.217,-0.217,
46,0.543,-0.103,
47,-0.215,-0.665,
48,1.191,-0.661,
49,0.238,-0.784,
50,0.494,-0.52,
51,0.54,-0.563,
52,0.473,-0.376,
53,0.611,-0.988,
54,0.713,-0.053,
55,0.421,-1.499,
56,0.408,-0.101,
57,0.755,-0.701,
58,0.139,0.081,
59,0.024,-0.774,
60,0.362,-0.563,
61,0.529,-0.318,
62,1.08,-0.375,
63,0.646,-0.306,
64,-0.127,-0.852,
65,0.644,-0.606,
66,0.716,0.1,
67,-0.133,-0.723,
68,0.623,-0.165,
69,0.508,0.392,
70,0.303,-0.43,
71,0.443,-0.608,
72,0.772,-0.357,
73,-0.155,-0.311,
74,0.685,-0.279,
75,-0.071,-0.595,
76,0.606,0.204,
77,0.487,-0.438,
78,0.273,-0.442,
79,-0.39,-0.299,
80,0.027,-1.364,
81,0.635,-0.341,
82,0.626,-0.564,
83,0.26,-0.546,
84,0.38,-0.455,
85,0.739,-0.207,
86,0.529,-0.107,
87,0.154,-0.846,
88,0.624,-0.527,
89,0.97,-0.368,
90,0.549,-0.66,
91,0.725,-0.054,
92,0.496,-0.75,
93,0.06,0.022,
94,0.301,0.117,
95,0.507,-0.593,
96,0.395,-0.689,
97,0.788,-0.229,
98,-0.253,-1.187,
99,0.529,-0.466,
100,0.618,-0.607,
101,0.402,-0.007,
102,0.427,-0.67,
103,0.521,0.007,
104,0.516,-0.379,
105,0.391,-0.489,
106,0.526,-0.182,
107,1.186,0.354,
108,0.5,-0.801,
109,0.541,-0.435,
110,0.821,-0.457,
111,0.33,-0.167,
112,-0.379,-0.432,
113,0.32,-0.22,
114,0.25,-0.755,
115,0.212,-1.7,
116,-0.052,-0.906,
117,0.968,-0.275,
118,0.395,-0.313,
119,0.646,-0.3,
120,0.775,-0.168,
121,0.236,-0.594,
122,0.873,0.053,
123,0.148,-1.261,
124,1.029,-0.985,
125,0.026,-0.748,
126,0.808,-0.678,
127,0.725,-0.894,
128,0.275,-0.045,
129,0.811,-0.603,
130,0.676,-0.344,
131,0.9,0.68,
132,0.158,-0.601,
133,0.163,-0.412,
134,0.38,-0.288,
135,0.065,-0.845,
136,0.449,-0.577,
137,0.149,-0.193,
138,0.254,-0.417,
139,-0.155,-0.829,
140,0.524,-0.465,
141,0.319,-0.917,
142,0.249,-0.648,
143,0.375,-0.273,
144,0.181,-0.168,
145,0.5,-1.006,
146,1.09,-0.117,
147,0.454,-0.5,
148,0.012,-0.412,
149,0.427,-2.03,
150,-0.654,-0.294,
151,1.293,-0.111,
152,0.11,0.132,
153,0.614,-0.772,
154,0.245,-0.793,
155,0.088,-0.37,
156,-0.094,-0.059,
157,0.219,-0.554,
158,1.128,-0.189,
159,0.512,-0.375,
160,0.229,-0.244,
161,0.996,-0.365,
162,0.6,-0.526,
163,1.076,-1.153,
