1,0.474,0.75,
2,-0.288,-0.699,
3,-1.666,-0.834,
4,0.092,0.396,
5,-0.879,-0.163,
6,-2.357,-0.337,
7,-1.783,0.862,
8,-1.565,-0.021,
9,-1.967,0.391,
10,-0.277,0.438,
11,-0.19,1.181,
12,1.034,-0.507,
13,0.363,0.036,
14,-0.65,0.757,
15,-2.64,-1.005,
16,1.066,0.319,
17,-0.69,0.443,
18,0.268,0.945,
19,-0.283,0.748,
20,-0.184,0.191,
21,1.46,-1.428,
22,-0.11,-0.236,
23,-0.674,-1.094,
24,-1.08,0.667,
25,-0.802,-0.515,
26,0.394,0.447,
27,-0.95,0.355,
28,0.468,0.501,
29,-0.62,0.577,
30,-0.067,0.435,
31,0.574,-0.059,
32,0.17,-0.057,
33,-0.987,-0.188,
34,0.279,0.561,
35,-0.131,0.541,
36,-1.281,0.699,
37,-0.136,0.22,
38,0.462,0.331,
39,0.207,1.138,
40,-0.456,-0.241,
41,-0.578,-0.517,
42,0.776,-1.077,
43,0.13,0.235,
44,0.126,0.518,
45,-0.212,0.004,
46,0.38,0.008,
47,-0.312,0.657,
48,-0.243,-0.244,
49,-1.194,-0.81,
50,0.675,0.115,
51,-0.073,-0.27,
52,0.007,0.111,
53,-0.494,0.285,
54,-0.479,-0.48,
55,0.408,-0.035,
56,-0.131,1.998,
57,0.807,0.545,
58,-0.444,0.335,
59,-1.539,1.058,
60,0.735,0.059,
61,-0.956,1.565,
62,0.352,-0.951,
63,0.433,-0.53,
64,-0.031,0.169,
65,-0.252,-0.212,
66,-0.02,-0.653,
67,-1.034,0.168,
68,0.132,0.18,
69,0.187,0.459,
70,0.628,-0.431,
71,0.133,-0.766,
72,-0.81,0.718,
73,-0.54,-0.224,
74,0.046,-0.165,
75,-1.927,0.039,
76,0.116,-0.317,
77,0.114,-0.193,
78,0.702,0.873,
79,-0.421,0.214,
80,-0.711,0.67,
81,0.363,-0.31,
82,-1.015,0.308,
83,0.188,0.29,
84,-0.325,0.312,
85,-0.155,0.415,
86,-0.273,-0.214,
87,-0.397,-0.432,
88,-0.465,1.296,
89,-1.062,0.114,
90,-0.682,0.1,
91,-0.353,0.734,
92,-0.381,0.249,
93,0.304,0.833,
94,-0.606,-0.115,
95,-1.113,-0.285,
96,-0.301,-0.36,
97,-0.217,-0.204,
98,-0.358,0.485,
99,-0.282,-0.602,
100,0.168,0.388,
101,0.159,-0.007,
102,-1.301,0.301,
103,1.073,0.808,
104,0.004,0.165,
105,-0.766,1.413,
106,-0.076,-0.292,
107,1.616,0.44,
108,0.028,0.075,
109,-0.757,-0.515,
110,-0.138,0.644,
111,0.485,-1.289,
112,-0.546,1.086,
113,-0.693,0.013,
114,0.347,0.007,
115,-0.922,-0.406,
116,0.559,0.794,
117,-0.847,-0.774,
118,-0.095,0.075,
119,0.211,0.726,
120,-0.305,0.001,
121,-0.084,-0.851,
122,-0.503,0.167,
123,-1.103,1.175,
124,-0.592,-0.462,
125,-0.016,1.12,
126,-1.111,0.15,
127,-0.053,-0.73,
128,-0.082,0.158,
129,0.729,0.2,
130,1.079,-0.981,
131,-0.583,0.971,
132,-0.31,0.907,
133,-0.477,0.449,
134,-1.019,-0.886,
135,0.012,-1.202,
136,0.248,-0.865,
137,-0.128,0.039,
138,0.841,-0.036,
139,-0.572,-0.022,
140,-0.477,0.07,
141,-0.402,0.775,
142,0.828,-0.349,
143,0.389,1.292,
144,0.255,-0.124,
145,0.814,-0.53,
146,-0.598,0.588,
147,0.111,-0.245,
148,0.249,-0.181,
149,0.89,-0.878,
150,0.13,0.339,
151,0.893,0.27,
152,0.233,-0.28,
153,-0.202,-0.038,
154,-0.368,1.487,
155,-0.001,-0.51,
156,-1.322,-0.18,
157,0.684,0.932,
158,0.193,-1.187,
159,0.045,-0.475,
160,-0.128,0.063,
161,0.062,-0.401,
162,-0.171,0.099,
163,0.269,-1.384,
