1,0.57,1.419,
2,-0.085,-0.651,
3,-2.222,-1.294,
4,0.087,0.497,
5,-1.389,-0.114,
6,-3.491,0.113,
7,-1.822,2.02,
8,-1.56,0.543,
9,-2.552,0.8,
10,-0.616,0.332,
11,0.417,1.537,
12,1.413,-0.964,
13,0.55,-0.03,
14,-1.524,1.165,
15,-3.646,-0.817,
16,1.065,1.225,
17,-1.067,0.058,
18,0.588,0.911,
19,0.177,0.834,
20,-0.356,1.044,
21,1.656,-1.217,
22,-0.345,-0.533,
23,-1.104,-1.045,
24,-1.189,0.459,
25,-1.475,0.018,
26,-0.085,0.764,
27,-1.934,0.481,
28,1.003,0.802,
29,-0.065,0.588,
30,-0.383,1.103,
31,0.973,0.354,
32,0.152,0.035,
33,-1.4,0.82,
34,0.392,0.897,
35,0.178,0.601,
36,-1.94,0.829,
37,-0.398,0.194,
38,0.696,-0.437,
39,0.282,2.662,
40,-0.724,-0.085,
41,-1.334,-0.971,
42,0.737,-0.858,
43,0.365,0.078,
44,0.439,1.395,
45,-0.386,0.196,
46,0.28,0.874,
47,-0.285,0.511,
48,-0.042,-0.308,
49,-0.672,-1.173,
50,0.462,-0.225,
51,-0.634,0.149,
52,0.092,0.391,
53,-0.36,0.579,
54,-1.127,-0.943,
55,0.524,-0.016,
56,0.054,1.406,
57,1.149,1.625,
58,-0.972,0.711,
59,-1.856,1.135,
60,1.116,-0.185,
61,-0.999,2.245,
62,0.827,-1.13,
63,-0.057,-0.879,
64,-0.135,-0.167,
65,-0.14,-0.378,
66,0.552,0.643,
67,-1.584,0.318,
68,-0.078,1.132,
69,-0.282,1.156,
70,0.86,-0.146,
71,-0.516,0.524,
72,-1.663,1.172,
73,-0.955,-0.503,
74,-0.271,0.204,
75,-2.418,0.792,
76,0.313,-0.192,
77,-0.47,-0.346,
78,1.623,1.28,
79,-0.449,0.05,
80,-1.52,1.888,
81,0.768,0.128,
82,-1.365,0.517,
83,0.317,0.083,
84,-0.429,0.474,
85,0.229,1.183,
86,-1.121,-0.324,
87,-0.12,-0.576,
88,-0.473,1.957,
89,-0.503,0.253,
90,-1.212,0.329,
91,-0.406,0.918,
92,-0.716,0.493,
93,0.769,1.71,
94,-1.306,-0.091,
95,-0.791,-1.029,
96,0.635,-0.963,
97,-0.013,0.049,
98,-0.459,0.304,
99,-0.549,-0.347,
100,-0.244,1.076,
101,0.297,0.46,
102,-1.853,0.298,
103,1.708,0.647,
104,-0.419,0.247,
105,-0.494,1.796,
106,0.373,0.556,
107,1.741,1.049,
108,0.19,0.327,
109,-1.277,-0.754,
110,-0.039,0.637,
111,0.092,-1.844,
112,-1.21,1.498,
113,-1.378,-0.385,
114,1.015,0.082,
115,-1.103,-0.677,
116,0.504,1.389,
117,-1.429,-1.105,
118,-0.104,-0.004,
119,0.775,0.694,
120,-0.582,-0.079,
121,-0.086,-0.843,
122,-1.38,-0.723,
123,-2.08,1.274,
124,-1.018,-0.856,
125,-0.138,1.137,
126,-2.07,0.815,
127,0.036,-1.042,
128,-0.267,0.266,
129,0.189,0.645,
130,1.453,-1.345,
131,-0.454,1.558,
132,-0.261,1.16,
133,-0.678,0.973,
134,-2.277,-1.266,
135,-0.807,-1.867,
136,0.35,-1.044,
137,0.085,0.84,
138,1.307,0.223,
139,-0.631,-0.394,
140,-0.639,-0.275,
141,-0.564,1.252,
142,1.141,-0.488,
143,-0.043,2.093,
144,-0.198,-0.041,
145,0.132,-0.974,
146,-0.755,1.222,
147,0.7,0.194,
148,0.029,-0.858,
149,1.181,-1.709,
150,0.069,0.164,
151,1.256,1.128,
152,0.245,0.352,
153,-0.481,-0.092,
154,-0.774,2.506,
155,0.115,0.02,
156,-1.904,-0.588,
157,0.669,0.459,
158,0.518,-1.585,
159,0.784,-1.035,
160,-0.203,0.262,
161,-0.191,0.423,
162,-0.812,0.081,
163,-0.284,-2.076,
