1,0.439,0.516,
2,-0.112,-0.256,
3,-1.499,-1.019,
4,0.132,0.301,
5,-0.897,-0.132,
6,-1.761,-0.319,
7,-1.143,0.801,
8,-0.935,0.024,
9,-2.061,0.677,
10,-0.213,0.403,
11,-0.537,1.009,
12,1.217,-0.435,
13,0.221,-0.107,
14,-0.408,0.484,
15,-1.893,-0.567,
16,1.011,0.306,
17,-0.586,0.298,
18,0.376,0.862,
19,-0.059,0.401,
20,-0.107,0.729,
21,1.429,-0.484,
22,-0.106,-0.537,
23,-0.734,-0.945,
24,-0.985,0.768,
25,-0.657,-0.146,
26,0.134,0.349,
27,-1.116,0.343,
28,0.357,-0.001,
29,-0.323,0.143,
30,-0.065,0.37,
31,0.836,-0.166,
32,0.226,-0.094,
33,-0.726,0.1,
34,0.487,0.416,
35,0.076,0.253,
36,-1.314,0.584,
37,-0.029,0.16,
38,0.308,-0.511,
39,0.572,0.572,
40,-0.327,-0.306,
41,-0.972,-0.776,
42,-0.016,-0.502,
43,0.292,-0.034,
44,0.384,0.345,
45,-0.078,-0.033,
46,0.604,0.207,
47,0.002,-0.076,
48,-0.098,-0.146,
49,-0.575,-0.386,
50,0.669,0.039,
51,-0.641,-0.643,
52,0.094,0.108,
53,-0.263,0.401,
54,-0.498,-0.601,
55,0.364,0.1,
56,0.079,1.105,
57,0.646,1.302,
58,-0.595,0.347,
59,-0.564,0.502,
60,0.846,0.075,
61,-0.722,1.432,
62,0.666,-0.873,
63,0.5,-0.8,
64,0.037,0.143,
65,-0.116,-0.241,
66,0.387,0.08,
67,-0.902,0.335,
68,0.578,0.182,
69,0.291,0.901,
70,0.558,-0.362,
71,-0.446,0.231,
72,-0.985,0.516,
73,-0.476,-0.342,
74,0.123,-0.233,
75,-1.522,0.224,
76,0.358,-0.267,
77,-0.058,-0.189,
78,0.658,0.734,
79,-0.174,0.059,
80,-1.09,1.606,
81,0.088,-0.007,
82,-1.041,0.387,
83,0.251,0.236,
84,0.25,0.195,
85,-0.069,0.558,
86,-0.049,-0.54,
87,-0.035,-0.317,
88,-0.608,0.891,
89,-0.387,0.071,
90,-0.79,0.024,
91,0.037,0.95,
92,-0.391,0.301,
93,0.21,0.862,
94,-0.762,-0.218,
95,-0.99,-0.855,
96,0.395,-0.261,
97,-0.273,-0.293,
98,-0.261,0.128,
99,-0.072,-0.319,
100,0.296,0.381,
101,-0.236,0.001,
102,-1.045,0.425,
103,1.208,0.254,
104,-0.138,0.162,
105,-0.662,1.141,
106,0.103,-0.358,
107,0.843,0.222,
108,0.16,-0.1,
109,-0.877,-0.868,
110,-0.087,0.211,
111,0.396,-1.275,
112,-0.58,0.921,
113,-0.527,-0.492,
114,0.76,-0.037,
115,-0.783,-0.104,
116,0.265,0.824,
117,-1.013,-1.063,
118,-0.055,-0.352,
119,0.464,0.531,
120,-0.727,-0.179,
121,-0.234,-1.075,
122,-0.489,-0.591,
123,-1.343,1.257,
124,-0.503,-0.324,
125,0.098,0.564,
126,-0.888,0.214,
127,-0.1,-0.54,
128,-0.122,0.172,
129,0.567,0.224,
130,0.732,-1.275,
131,0.066,0.607,
132,-0.118,0.807,
133,-0.582,0.333,
134,-1.574,-1.091,
135,-0.131,-1.349,
136,0.172,-0.806,
137,0.154,0.189,
138,1.318,0.082,
139,-0.539,-0.206,
140,-0.472,0.02,
141,-0.373,1.174,
142,1.239,-0.331,
143,0.43,1.049,
144,0.426,-0.542,
145,0.779,-0.542,
146,-0.742,0.659,
147,0.407,-0.173,
148,0.04,-0.414,
149,0.554,-0.727,
150,0.041,-0.125,
151,0.695,0.529,
152,0.376,-0.189,
153,-0.283,-0.367,
154,-0.438,1.526,
155,0.346,-0.252,
156,-1.238,-0.145,
157,0.277,0.515,
158,0.33,-1.112,
159,0.121,-0.575,
160,-0.072,0.093,
161,0.041,-0.218,
162,-0.272,-0.351,
163,0.261,-1.243,
