1,-0.023,-0.065,
2,0.45,-0.477,
3,-0.639,0.1,
4,0.405,0.098,
5,-0.068,0.902,
6,-1.385,0.548,
7,0.595,0.989,
8,0.391,0.282,
9,-0.106,-0.491,
10,0.912,-0.007,
11,0.049,1.073,
12,0.066,-0.378,
13,0.984,0.281,
14,-0.725,-0.224,
15,-0.091,0.273,
16,0.264,-0.497,
17,0.067,0.333,
18,-0.138,-0.527,
19,0.698,0.112,
20,1.059,1.029,
21,0.264,0.174,
22,-0.065,0.15,
23,0.098,-0.325,
24,-0.331,0.915,
25,-0.213,0.598,
26,0.667,0.72,
27,-0.036,-0.297,
28,0.176,0.138,
29,-0.012,0.16,
30,-0.102,0.358,
31,0.322,0.959,
32,0.208,-0.282,
33,0.003,0.085,
34,-0.8,0.433,
35,-0.245,0.749,
36,-1.375,0.956,
37,0.24,0.143,
38,-0.487,-0.444,
39,-0.244,0.396,
40,0.013,0.363,
41,0.387,0.274,
42,1.051,1.006,
43,-0.06,0.29,
44,0.024,-0.102,
45,-0.072,-0.445,
46,-0.562,-0.336,
47,-0.78,-0.225,
48,0.196,-0.117,
49,-0.183,-0.84,
50,-0.475,-0.512,
51,-0.003,-0.446,
52,0.279,0.28,
53,0.507,-1.102,
54,0.601,0.225,
55,-0.454,-0.074,
56,-0.696,0.429,
57,0.219,-0.406,
58,0.252,0.474,
59,0.651,-0.347,
60,0.207,-0.289,
61,-0.011,-0.071,
62,-0.202,-0.148,
63,-0.353,1.099,
64,-0.31,-0.369,
65,0.24,0.102,
66,0.281,0.873,
67,-0.317,-0.616,
68,0.265,0.177,
69,-0.094,0.987,
70,0.118,0.189,
71,-0.271,-0.692,
72,0.426,0.039,
73,-0.505,0.122,
74,0.31,0.201,
75,-0.402,-0.162,
76,-0.084,0.511,
77,-0.136,-0.451,
78,-0.307,-0.196,
79,-0.757,0.129,
80,-0.247,-0.7,
81,-0.641,0.225,
82,-0.078,0.236,
83,0.363,0.191,
84,-0.363,-0.197,
85,-0.604,-0.105,
86,0.075,0.326,
87,0.494,-1.048,
88,-0.304,0.196,
89,0.441,0.1,
90,0.573,-0.058,
91,-0.169,0.843,
92,0.252,-0.158,
93,-0.246,0.357,
94,-0.056,0.246,
95,0.076,0.316,
96,-0.271,-0.056,
97,0.365,0.376,
98,-0.284,-0.995,
99,-0.218,0.351,
100,-1.447,-0.489,
101,0.161,0.507,
102,-0.287,-0.217,
103,-0.471,-0.032,
104,0.087,-0.104,
105,-0.771,-0.325,
106,-0.013,-0.047,
107,0.401,1.216,
108,0.137,-0.302,
109,-0.14,-0.185,
110,-0.984,0.557,
111,-0.155,0.631,
112,-0.743,0.315,
113,0.075,-0.29,
114,-0.18,-0.232,
115,-0.081,-1.313,
116,-0.226,-0.269,
117,1.268,-0.236,
118,-0.008,-0.446,
119,-0.429,0.303,
120,0.328,-0.853,
121,-0.027,0.744,
122,-0.098,0.094,
123,-0.348,-0.939,
124,0.586,-0.302,
125,-0.432,-0.463,
126,0.001,-0.11,
127,0.758,0.058,
128,0.077,0.129,
129,0.099,0.688,
130,0.153,0.082,
131,0.554,1.155,
132,-0.6,0.576,
133,-0.535,-0.627,
134,-0.175,0.126,
135,-0.361,-0.379,
136,-0.6,0.209,
137,-0.723,-0.278,
138,-0.592,0.355,
139,-0.072,-0.848,
140,0.185,0.341,
141,-0.392,-0.683,
142,-0.398,-0.517,
143,-0.048,0.535,
144,0,0.763,
145,-0.348,-0.583,
146,0.506,0.067,
147,-0.33,-1.012,
148,-0.788,0.042,
149,0.963,-1.686,
150,-0.871,-0.531,
151,0.642,0.229,
152,-0.277,0.205,
153,0.597,0.144,
154,-0.131,-0.052,
155,-0.282,-0.391,
156,-0.241,-0.014,
157,0.02,-0.41,
158,0.266,0.008,
159,-0.346,-0.338,
160,0.201,0.009,
161,-0.032,-0.298,
162,0.182,-0.331,
163,0.892,-0.526,
