1,-0.454,-0.409,
2,-0.377,-0.018,
3,0.557,-0.307,
4,-0.266,0.275,
5,-0.011,-0.362,
6,0.082,0.07,
7,0.344,-0.321,
8,-0.021,-0.56,
9,1.738,-0.059,
10,-0.026,-0.189,
11,-0.215,-0.356,
12,0.462,0.146,
13,0.032,0.091,
14,0.075,-0.344,
15,-0.305,0.138,
16,0.717,-0.267,
17,-0.234,-0.248,
18,0.123,0.417,
19,-0.644,0.536,
20,-0.12,0.125,
21,0.03,0.047,
22,0.154,0.07,
23,0.257,-0.996,
24,-0.259,-0.312,
25,0.373,-0.381,
26,-0.865,-0.776,
27,-0.818,-0.255,
28,0.376,-0.013,
29,0.038,0.613,
30,0.674,0.306,
31,-0.185,-0.454,
32,0.292,-0.251,
33,-0.557,-0.124,
34,0.21,-0.927,
35,-0.205,0.092,
36,0.473,0.342,
37,0.674,0.229,
38,0.29,-0.232,
39,0.498,-0.373,
40,0.482,-0.22,
41,0.244,0.771,
42,0.124,0.284,
43,0.44,0.625,
44,0.139,-0.589,
45,-0.171,0.022,
46,-0.136,0.003,
47,0.081,0.634,
48,-0.389,-0.532,
49,0.153,-0.385,
50,0.632,0.362,
51,-0.537,-0.711,
52,-0.37,0.543,
53,-0.408,0.754,
54,-0.369,-0.115,
55,-0.267,0.154,
56,-0.51,0.313,
57,0.263,0.004,
58,-0.927,0.187,
59,0.079,-0.369,
60,-0.012,0.085,
61,-0.607,-0.076,
62,0.2,-0.201,
63,0.707,0.886,
64,0.1,0.692,
65,0.172,0.201,
66,0.467,0.213,
67,0.775,0.736,
68,0.264,-0.2,
69,0.297,-0.02,
70,0.496,-0.454,
71,0.648,-0.276,
72,0.061,-0.72,
73,1.068,0.122,
74,1.006,-0.059,
75,0.287,0.671,
76,0.243,-0.948,
77,0.089,1.057,
78,0.374,0.507,
79,0.54,0.696,
80,-0.072,0.518,
81,-0.312,-0.612,
82,-0.051,0.676,
83,0.156,0.164,
84,0.339,0.212,
85,-0.058,0.038,
86,0.659,-0.368,
87,0.038,-0.251,
88,0.102,0.323,
89,-1.02,0.325,
90,-0.657,0.559,
91,0.042,0.239,
92,0.002,-0.019,
93,0.755,1.045,
94,-0.456,0.887,
95,0.764,-0.223,
96,0.13,-0.518,
97,-0.366,-0.195,
98,-0.013,-1.01,
99,0.436,0.035,
100,0.262,-0.787,
101,-0.243,-0.212,
102,-0.192,-0.32,
103,0.134,-0.81,
104,0.596,-0.351,
105,-0.38,0.841,
106,0.038,-0.969,
107,-0.294,-0.375,
108,0.617,-0.629,
109,0.106,-0.979,
110,-0.828,-1.554,
111,0.118,-0.265,
112,1.111,0.039,
113,0.21,0.107,
114,-0.035,0.072,
115,-0.108,0.438,
116,-0.255,-0.137,
117,1.297,-0.304,
118,0,-0.005,
119,0.224,0.035,
120,-0.203,-0.011,
121,-0.045,-0.192,
122,0.21,0.084,
123,0.081,-0.205,
124,-0.515,-0.155,
125,0.337,0.145,
126,0.171,-0.301,
127,0.227,-0.079,
128,-0.431,0.438,
129,0.345,0.095,
130,-0.071,0.073,
131,0.458,-0.325,
132,-0.108,0.522,
133,0.049,-0.767,
134,-0.5,0.511,
135,-0.419,-0.09,
136,0.058,-0.261,
137,0.477,0.182,
138,-0.063,0.074,
139,-0.178,0.376,
140,-0.591,-0.187,
141,-0.417,0.364,
142,0.501,-0.416,
143,0.115,-0.218,
144,0.752,-0.742,
145,-0.386,0.509,
146,-0.386,0.009,
147,-0.098,0.211,
148,-1.065,-0.41,
149,0.012,-0.168,
150,0.528,-1.025,
151,-0.148,0.181,
152,0.565,-0.463,
153,0.066,-0.01,
154,-0.806,0.291,
155,0.016,-0.37,
156,0.302,0.587,
157,0.394,0.186,
158,-0.127,0.114,
159,0.173,0.55,
160,-0.362,0.063,
161,-0.135,-0.103,
162,0.654,0.558,
163,0.26,-0.319,
