1,-0.45,-0.618,
2,0.662,-0.647,
3,-0.907,-0.018,
4,0.548,0.071,
5,-0.017,0.785,
6,-1.21,0.883,
7,0.955,1.138,
8,0.421,0.326,
9,-0.239,-0.427,
10,1.374,-0.312,
11,-0.09,1.42,
12,-0.3,-0.599,
13,1.192,0.545,
14,-0.732,-0.418,
15,-0.362,0.324,
16,0.421,-0.879,
17,0.311,0.365,
18,-0.132,-0.72,
19,1.149,0.177,
20,1.879,1.499,
21,0.521,0.189,
22,0.214,0.238,
23,0.09,-0.339,
24,-0.436,1.413,
25,-0.252,1.059,
26,0.773,0.631,
27,-0.152,-0.398,
28,0.208,0.069,
29,0,0.011,
30,-0.093,0.264,
31,0.472,1.083,
32,0.283,-0.443,
33,-0.066,0.214,
34,-1.165,0.788,
35,-0.715,0.612,
36,-1.716,1.214,
37,0.307,0.199,
38,-0.748,-0.731,
39,-0.304,0.563,
40,-0.149,0.669,
41,0.393,0.329,
42,1.315,1.272,
43,-0.123,0.635,
44,-0.163,-0.352,
45,-0.23,-0.717,
46,-1.021,-0.614,
47,-0.768,-0.045,
48,-0.251,-0.262,
49,-0.39,-1.277,
50,-0.631,-0.7,
51,-0.255,-0.546,
52,0.391,0.461,
53,0.494,-1.686,
54,0.928,-0.085,
55,-0.503,0.314,
56,-0.932,0.544,
57,0.263,-0.536,
58,0.492,0.516,
59,1.225,-0.247,
60,0.242,-0.431,
61,-0.006,-0.125,
62,-0.721,0.058,
63,-0.58,1.681,
64,-0.335,-0.228,
65,0.192,0.169,
66,0.286,0.97,
67,-0.323,-0.826,
68,0.275,0.203,
69,-0.446,1.06,
70,0.122,0.169,
71,-0.407,-1.096,
72,0.52,-0.113,
73,-0.499,0.037,
74,0.203,0.153,
75,-0.733,-0.16,
76,-0.121,0.494,
77,-0.061,-0.571,
78,-0.212,-0.218,
79,-0.783,0.068,
80,-0.482,-0.727,
81,-1.022,0.393,
82,-0.352,0.122,
83,0.087,0.158,
84,-0.273,-0.319,
85,-0.944,-0.218,
86,-0.009,0.21,
87,0.686,-1.1,
88,-0.43,0.338,
89,0.453,0.158,
90,0.584,0.046,
91,-0.282,1.089,
92,0.453,-0.394,
93,0.08,0.196,
94,0.087,0.28,
95,0.024,0.937,
96,-0.55,0.297,
97,0.484,0.636,
98,-0.075,-1.061,
99,-0.38,0.663,
100,-2.094,-0.459,
101,0.278,0.596,
102,-0.208,-0.371,
103,-0.705,-0.354,
104,0.025,-0.206,
105,-0.929,-0.209,
106,-0.056,-0.243,
107,0.328,1.242,
108,0.15,-0.173,
109,-0.27,-0.156,
110,-1.854,0.822,
111,-0.294,0.867,
112,-0.808,0.765,
113,0.392,-0.387,
114,-0.208,-0.1,
115,-0.145,-1.013,
116,-0.282,-0.454,
117,1.731,-0.296,
118,0.079,-0.534,
119,-0.615,0.42,
120,0.383,-1.134,
121,0.043,1.169,
122,-0.398,0.016,
123,-0.409,-0.979,
124,0.522,-0.181,
125,-0.622,-0.504,
126,0.071,-0.182,
127,0.786,0.348,
128,0.087,0.007,
129,0.168,1.024,
130,-0.062,-0.082,
131,0.772,1.403,
132,-0.647,0.965,
133,-0.6,-0.679,
134,-0.387,-0.079,
135,-0.541,-0.339,
136,-1.035,0.258,
137,-0.968,-0.341,
138,-0.776,0.421,
139,0.167,-0.924,
140,0.293,0.293,
141,-0.454,-0.814,
142,-0.467,-0.319,
143,-0.135,0.499,
144,0.161,0.986,
145,-0.405,-0.812,
146,0.076,-0.241,
147,-0.784,-1.709,
148,-0.984,0.014,
149,1.508,-1.512,
150,-0.606,-0.733,
151,0.326,0.181,
152,-0.389,0.014,
153,0.73,0.511,
154,0.071,0.017,
155,-0.309,-0.439,
156,-0.133,-0.244,
157,0.193,-0.538,
158,-0.132,-0.217,
159,-0.409,-0.36,
160,0.381,-0.231,
161,-0.351,-0.362,
162,0.104,-0.544,
163,1.099,-0.496,
