1,0.406,0.114,
2,0.508,-0.708,
3,0.226,-0.471,
4,0.58,-0.453,
5,0.721,-0.097,
6,-0.802,-0.291,
7,0.451,0.022,
8,1.057,-0.172,
9,0.211,-1.045,
10,0.247,0.176,
11,0.768,0.184,
12,0.781,-0.813,
13,1.157,-0.335,
14,-0.046,-0.076,
15,-0.046,-0.663,
16,0.663,-0.566,
17,0.645,-0.235,
18,0.539,-0.488,
19,0.349,-0.36,
20,0.55,-0.83,
21,0.423,-0.555,
22,0.419,-0.05,
23,0.309,-0.791,
24,0.139,-0.528,
25,0.008,-0.184,
26,1.061,0.691,
27,0.564,0.192,
28,0.396,-0.362,
29,0.158,-0.26,
30,0.261,0.014,
31,0.375,0.261,
32,0.549,-0.746,
33,0.308,-0.258,
34,-0.31,-0.709,
35,0.634,0.398,
36,0.153,-0.08,
37,0.597,-0.414,
38,0.332,-0.462,
39,0.588,-0.042,
40,0.715,-0.469,
41,0.954,-0.337,
42,1.005,-0.406,
43,0.661,-0.289,
44,0.91,0.006,
45,0.164,-0.228,
46,0.54,-0.14,
47,-0.203,-0.688,
48,1.133,-0.691,
49,0.293,-0.847,
50,0.565,-0.471,
51,0.547,-0.564,
52,0.472,-0.395,
53,0.548,-1.047,
54,0.737,-0.06,
55,0.461,-1.578,
56,0.398,-0.116,
57,0.846,-0.687,
58,0.133,0.071,
59,-0.034,-0.749,
60,0.363,-0.587,
61,0.429,-0.354,
62,1.036,-0.35,
63,0.745,-0.321,
64,-0.158,-0.861,
65,0.641,-0.583,
66,0.751,0.114,
67,-0.165,-0.728,
68,0.621,-0.174,
69,0.501,0.427,
70,0.289,-0.405,
71,0.41,-0.62,
72,0.793,-0.37,
73,-0.165,-0.349,
74,0.624,-0.283,
75,-0.004,-0.636,
76,0.622,0.281,
77,0.553,-0.419,
78,0.284,-0.445,
79,-0.367,-0.288,
80,-0.027,-1.441,
81,0.636,-0.398,
82,0.628,-0.608,
83,0.166,-0.536,
84,0.393,-0.445,
85,0.769,-0.179,
86,0.524,-0.073,
87,0.106,-0.84,
88,0.694,-0.462,
89,0.941,-0.358,
90,0.592,-0.676,
91,0.758,-0.086,
92,0.486,-0.802,
93,0.066,0.019,
94,0.289,0.119,
95,0.467,-0.604,
96,0.358,-0.714,
97,0.753,-0.222,
98,-0.205,-1.221,
99,0.555,-0.493,
100,0.639,-0.644,
101,0.396,0.005,
102,0.514,-0.746,
103,0.644,-0.037,
104,0.596,-0.392,
105,0.366,-0.485,
106,0.56,-0.163,
107,1.247,0.404,
108,0.493,-0.794,
109,0.562,-0.438,
110,0.839,-0.509,
111,0.323,-0.161,
112,-0.377,-0.424,
113,0.319,-0.186,
114,0.212,-0.784,
115,0.176,-1.756,
116,-0.065,-0.97,
117,1.038,-0.301,
118,0.413,-0.342,
119,0.694,-0.286,
120,0.802,-0.121,
121,0.237,-0.557,
122,0.863,0.096,
123,0.159,-1.292,
124,1.051,-1.021,
125,-0.002,-0.704,
126,0.77,-0.74,
127,0.672,-0.932,
128,0.309,-0.078,
129,0.889,-0.651,
130,0.643,-0.372,
131,0.953,0.707,
132,0.184,-0.625,
133,0.161,-0.428,
134,0.383,-0.317,
135,0.012,-0.858,
136,0.488,-0.605,
137,0.131,-0.235,
138,0.2,-0.454,
139,-0.081,-0.964,
140,0.592,-0.515,
141,0.371,-0.952,
142,0.246,-0.627,
143,0.315,-0.309,
144,0.195,-0.179,
145,0.517,-1.043,
146,1.105,-0.192,
147,0.423,-0.569,
148,-0.056,-0.453,
149,0.422,-2.047,
150,-0.663,-0.355,
151,1.356,-0.204,
152,0.105,0.117,
153,0.614,-0.738,
154,0.247,-0.856,
155,0.053,-0.395,
156,-0.141,-0.064,
157,0.31,-0.496,
158,1.11,-0.171,
159,0.561,-0.445,
160,0.253,-0.346,
161,1.019,-0.39,
162,0.59,-0.654,
163,1.151,-1.126,
