1,0.452,1.693,
2,-0.067,0.042,
3,-1.268,-0.071,
4,-0.052,0.546,
5,-0.555,0.722,
6,-2.1,0.665,
7,-0.638,1.918,
8,-0.249,0.537,
9,-0.955,0.128,
10,-0.765,0.692,
11,0.43,1.318,
12,0.599,-0.607,
13,0.531,0.374,
14,-1.406,0.905,
15,-1.653,0.202,
16,0.491,0.983,
17,-1.667,0.407,
18,0.074,0.581,
19,-0.088,0.713,
20,0.038,0.699,
21,0.388,0.237,
22,-0.416,0.113,
23,-0.388,-0.225,
24,-0.574,0.169,
25,-1.522,0.912,
26,-0.397,0.778,
27,-0.849,0.24,
28,0.744,0.824,
29,-0.072,0.277,
30,-0.052,1.584,
31,0.061,1.123,
32,-0.126,0.189,
33,-0.864,0.819,
34,-0.5,0.575,
35,-0.09,1.343,
36,-1.011,0.838,
37,-0.375,0.277,
38,0.071,-0.14,
39,-0.242,1.909,
40,-0.708,0.263,
41,-0.326,0.138,
42,0.699,0.016,
43,0.194,0.186,
44,0.175,1.75,
45,-0.446,0.492,
46,-0.047,1.025,
47,-0.745,0.077,
48,0.578,0.076,
49,-0.216,-0.282,
50,-0.41,-0.212,
51,-0.256,0.521,
52,-0.118,0.531,
53,-0.061,0.105,
54,-0.568,0.61,
55,-0.118,-0.26,
56,-0.32,0.461,
57,0.441,0.766,
58,-0.639,0.849,
59,-1.073,0.478,
60,0.073,0.058,
61,-0.512,1.457,
62,0.517,0.208,
63,-0.535,0.244,
64,-0.541,-0.39,
65,-0.129,0.034,
66,0.584,1.221,
67,-1.259,0.101,
68,-0.454,0.858,
69,-0.332,1.151,
70,0.098,0.42,
71,-0.728,1.168,
72,-0.662,1.124,
73,-0.714,0.362,
74,0.08,0.603,
75,-1.003,1.736,
76,0.052,0.428,
77,-0.554,0.027,
78,0.43,0.926,
79,-1.047,0.351,
80,-0.695,0.669,
81,0.738,0.556,
82,-0.664,0.292,
83,0.192,0.227,
84,-0.496,0.588,
85,0.059,1.016,
86,-1.267,0.673,
87,-0.314,-0.453,
88,0.126,0.59,
89,0.582,0.18,
90,-0.749,0.598,
91,-0.42,0.513,
92,-0.764,0.418,
93,0.313,1.516,
94,-0.773,0.627,
95,-0.327,0.064,
96,0.494,-0.505,
97,0.333,0.516,
98,-1.103,0.252,
99,-0.506,0.192,
100,-0.75,0.66,
101,0.203,1.003,
102,-0.724,0.02,
103,0.606,0.214,
104,-0.488,0.367,
105,-0.019,0.833,
106,-0.153,0.958,
107,0.699,1.692,
108,-0.02,0.634,
109,-0.674,0.093,
110,0.248,0.616,
111,-0.136,0.059,
112,-1.286,0.768,
113,-0.727,0.247,
114,0.029,0.28,
115,-0.637,-0.768,
116,0.005,0.819,
117,-0.279,0.019,
118,-0.003,0.505,
119,0.264,0.73,
120,-0.013,0.211,
121,-0.28,0.201,
122,0.1,0.243,
123,-1.148,0.103,
124,-0.431,-0.194,
125,-0.293,0.371,
126,-0.433,0.787,
127,0.198,-0.33,
128,-0.492,0.773,
129,-0.236,0.589,
130,0.69,0.03,
131,-0.28,1.576,
132,-0.626,0.749,
133,-0.54,0.95,
134,-0.983,0.207,
135,-1.142,-0.722,
136,-0.243,-0.179,
137,-0.446,1.065,
138,0.136,0.736,
139,-0.417,-0.253,
140,-0.577,0.322,
141,-0.537,0.018,
142,-0.144,-0.345,
143,-0.576,1.48,
144,-0.548,0.245,
145,-0.36,-0.376,
146,-0.044,1.161,
147,0.024,0.668,
148,-0.548,-0.3,
149,0.312,-1.668,
150,-0.739,0.057,
151,0.969,1.063,
152,-0.34,0.899,
153,-0.365,0.212,
154,-0.848,1.382,
155,-0.431,0.525,
156,-1.122,-0.188,
157,-0.198,0.073,
158,0.345,0.123,
159,0.302,-0.502,
160,-0.587,0.724,
161,-0.012,0.802,
162,-0.559,0.291,
163,0.237,-0.667,
