1,1.745,1.726,
2,0.24,-1.396,
3,0.442,0.27,
4,0.489,-0.302,
5,0.945,-0.833,
6,-0.991,1.901,
7,-0.089,0.031,
8,2.935,0.711,
9,0.839,-0.049,
10,0.402,-0.096,
11,-1.104,0.279,
12,1.495,-2.31,
13,0.177,0.104,
14,-1.658,0.912,
15,-0.4,0.198,
16,0.096,1.591,
17,1.127,-0.441,
18,0.16,0.219,
19,-1.359,-0.399,
20,1.18,-0.091,
21,-0.147,-0.827,
22,1.279,1.042,
23,-0.716,-0.896,
24,-0.142,0.541,
25,-1.071,-0.479,
26,1.992,1.281,
27,0.224,2.012,
28,0.21,-0.375,
29,-0.272,-0.679,
30,0.264,-0.173,
31,-0.428,-0.223,
32,-0.021,-0.77,
33,0.998,-0.922,
34,-0.935,-0.086,
35,0.406,0.471,
36,0.31,0.444,
37,0.583,-0.267,
38,-1.003,1.028,
39,0.642,0.859,
40,1.171,-0.091,
41,1.953,-1.603,
42,0.49,-2.059,
43,1.268,0.646,
44,1.462,-0.299,
45,-0.685,-0.403,
46,-0.812,1.232,
47,-0.971,0.552,
48,0.624,-0.858,
49,0.436,0.123,
50,1.357,-0.066,
51,-0.264,-1.878,
52,0.43,-0.44,
53,0.658,0.207,
54,0.747,1.171,
55,0.447,-1.164,
56,0.045,0.437,
57,0.612,-1.996,
58,-0.068,1.094,
59,-0.257,-1.27,
60,-1.41,0.221,
61,1.369,-0.058,
62,1.09,-0.568,
63,1.171,0.365,
64,-0.413,-0.828,
65,-0.126,-1.311,
66,-0.824,-1.306,
67,-0.711,-0.616,
68,1.181,1.045,
69,-0.495,-0.073,
70,0.766,-1.876,
71,1.303,-0.098,
72,-0.208,0.564,
73,-2.234,-0.879,
74,0.183,-0.62,
75,-0.519,-0.171,
76,1.405,0.713,
77,1.48,0.101,
78,0.674,-1.058,
79,-0.671,-0.906,
80,-0.317,-1.689,
81,0.284,0.933,
82,0.113,-0.654,
83,-0.71,-2.429,
84,1.34,-0.114,
85,0.105,0.291,
86,1.043,0.192,
87,-1.106,-0.769,
88,-2.377,-0.061,
89,2.36,-1.07,
90,0.286,-0.413,
91,1.759,-0.883,
92,0.532,0.227,
93,-0.563,-0.639,
94,1.556,0.194,
95,-0.205,0.174,
96,-0.707,0.085,
97,0.663,-1.189,
98,-1.469,-0.214,
99,0.118,-0.688,
100,1.063,0.543,
101,-0.465,0.129,
102,-2.295,0.216,
103,1.438,-0.965,
104,0.397,0.442,
105,0.208,-0.008,
106,0.104,-0.243,
107,0.833,-0.66,
108,1.871,-0.646,
109,0.481,-0.903,
110,-0.834,0.267,
111,-0.63,1.597,
112,-1.073,-0.027,
113,-0.32,0.806,
114,-0.383,-0.303,
115,-2.147,0.017,
116,-0.841,-0.973,
117,-0.174,-0.162,
118,0.093,1.178,
119,0.681,-0.138,
120,1.955,0.476,
121,0.527,-0.258,
122,0.984,0.486,
123,0.022,-0.393,
124,1.355,-1.106,
125,-0.782,0.332,
126,1.941,0.158,
127,0.382,-0.682,
128,1.091,-0.15,
129,0.943,-0.548,
130,0.974,0.427,
131,0.769,0.22,
132,0.359,-0.974,
133,-0.079,0.096,
134,0.193,0.212,
135,-1.864,-1.545,
136,-0.488,-0.578,
137,-0.056,0.883,
138,0.608,-0.984,
139,-1.109,0.827,
140,0.066,-0.56,
141,-0.699,-0.078,
142,0.148,-1.22,
143,0.065,-0.782,
144,1.108,0.809,
145,0.252,-1.075,
146,0.378,-0.797,
147,0.203,-0.622,
148,-0.631,-0.284,
149,0.306,-1.091,
150,-1.603,-0.942,
151,0.479,-0.837,
152,0.089,0.548,
153,0.433,-1.748,
154,-0.09,-0.737,
155,-0.092,-0.109,
156,-0.795,-0.964,
157,0.071,-1.723,
158,2.113,0.357,
159,0.63,0.825,
160,0.079,-0.348,
161,1.5,-0.836,
162,-0.48,-1.516,
163,0.428,-0.637,
