1,2.213,2.293,
2,0.191,-1.408,
3,0.338,0.793,
4,0.4,-0.057,
5,0.651,-0.994,
6,-0.444,2.491,
7,0.296,0.14,
8,3.211,1.293,
9,1.08,0.511,
10,0.205,-0.116,
11,-1.93,0.28,
12,1.749,-2.75,
13,-0.288,0.24,
14,-2.058,1.005,
15,-0.547,0.527,
16,-0.134,2.673,
17,1.03,-0.373,
18,-0.105,0.801,
19,-1.908,-0.223,
20,0.696,0.98,
21,-0.036,-0.683,
22,1.2,1.049,
23,-0.93,-0.746,
24,-0.371,1.269,
25,-1.499,0.06,
26,1.906,1.44,
27,0.194,2.15,
28,0.084,-0.468,
29,-0.363,-0.658,
30,0.275,-0.393,
31,-0.452,-0.546,
32,-0.173,-0.695,
33,1.497,-1.187,
34,-0.635,0.023,
35,0.163,0.374,
36,0.253,0.684,
37,0.584,-0.075,
38,-1.344,0.849,
39,0.847,1.189,
40,1.12,-0.025,
41,2.008,-1.818,
42,0.123,-2.674,
43,1.54,0.997,
44,1.386,-0.463,
45,-0.745,-0.509,
46,-1.521,2.05,
47,-1.408,-0.024,
48,0.273,-0.726,
49,0.614,0.829,
50,1.517,0.04,
51,-0.544,-2.076,
52,0.401,-0.853,
53,0.833,0.953,
54,0.795,1.609,
55,0.202,-0.618,
56,-0.324,0.601,
57,0.38,-2.319,
58,-0.078,1.731,
59,-0.322,-1.105,
60,-2.327,0.852,
61,1.567,0.219,
62,0.848,-0.352,
63,1.346,0.842,
64,-0.394,-0.832,
65,-0.573,-1.582,
66,-1.663,-2.062,
67,-0.808,-0.483,
68,1.081,1.377,
69,-1.034,-0.221,
70,1.094,-2.622,
71,1.439,0.158,
72,-0.699,0.624,
73,-2.835,-0.875,
74,-0.056,-0.655,
75,-0.223,0.048,
76,2.047,0.34,
77,1.538,0.266,
78,0.84,-1.04,
79,-0.899,-1.425,
80,-0.253,-1.241,
81,-0.035,1.593,
82,-0.123,-0.387,
83,-0.786,-2.625,
84,1.835,0.071,
85,-0.199,0.473,
86,0.9,0.793,
87,-1.023,-0.611,
88,-2.728,0.053,
89,2.201,-1.293,
90,0.131,-0.125,
91,2.125,-0.743,
92,0.495,0.94,
93,-0.971,-0.949,
94,1.405,0.076,
95,-0.537,0.465,
96,-0.971,0.556,
97,0.683,-1.587,
98,-1.438,0.615,
99,-0.156,-0.799,
100,0.785,1.044,
101,-1.13,0.068,
102,-3.224,0.404,
103,1.601,-1.178,
104,0.218,0.875,
105,0.086,0.227,
106,-0.175,-0.379,
107,0.165,-0.826,
108,2.461,-0.268,
109,0.42,-1.06,
110,-1.19,0.922,
111,-1.16,2.085,
112,-1.111,0.046,
113,-0.556,1.178,
114,-0.668,-0.11,
115,-2.675,0.462,
116,-0.789,-0.778,
117,-1.175,0.013,
118,-0.065,1.423,
119,0.505,-0.142,
120,2.353,0.404,
121,0.732,0.144,
122,0.904,0.645,
123,-0.35,0.094,
124,1.186,-0.788,
125,-0.811,1.061,
126,2.214,0.465,
127,0.101,-0.398,
128,1.601,-0.185,
129,0.874,-0.356,
130,1.167,1.037,
131,0.633,0.048,
132,0.373,-0.917,
133,-0.218,0.46,
134,0.052,0.477,
135,-2.081,-1.367,
136,-0.924,-0.608,
137,-0.259,1.348,
138,0.782,-1.146,
139,-1.361,1.548,
140,-0.249,-0.641,
141,-1.212,0.255,
142,-0.237,-1.526,
143,0.14,-0.858,
144,1.608,0.955,
145,0.234,-0.771,
146,0.377,-0.984,
147,0.021,-0.595,
148,-1.14,-0.271,
149,0.365,-0.449,
150,-1.771,-1.74,
151,-0.107,-0.851,
152,0.241,0.668,
153,0.384,-2.215,
154,-0.206,-0.457,
155,-0.091,-0.141,
156,-0.998,-1.189,
157,-0.436,-1.988,
158,1.811,0.162,
159,0.547,1.08,
160,-0.035,-0.314,
161,1.328,-1.001,
162,-0.805,-1.762,
163,0.348,-0.454,
