1,1.878,1.607,
2,0.147,-1.557,
3,0.326,-0.012,
4,0.589,-0.6,
5,0.968,-0.93,
6,-1.013,1.841,
7,-0.124,-0.056,
8,2.935,0.724,
9,0.823,-0.062,
10,0.408,-0.157,
11,-0.989,0.24,
12,1.462,-2.185,
13,0.118,0.023,
14,-1.631,1.012,
15,-0.399,0.158,
16,-0.063,1.209,
17,0.852,-0.533,
18,0.093,0.14,
19,-1.296,-0.389,
20,1.225,-0.026,
21,-0.108,-0.703,
22,1.254,0.921,
23,-0.667,-0.907,
24,0.001,0.372,
25,-0.868,-0.719,
26,1.563,0.837,
27,0.208,1.712,
28,0.342,-0.238,
29,-0.223,-0.676,
30,0.31,-0.051,
31,-0.416,-0.184,
32,-0.013,-0.772,
33,0.973,-0.912,
34,-0.982,-0.005,
35,0.487,0.382,
36,0.53,0.124,
37,0.215,-0.326,
38,-0.863,1.046,
39,0.568,0.65,
40,1.014,-0.08,
41,1.847,-1.545,
42,0.535,-1.929,
43,1.212,0.624,
44,1.473,-0.267,
45,-0.669,-0.321,
46,-0.708,1.199,
47,-0.925,0.558,
48,0.956,-0.812,
49,0.108,0.205,
50,1.21,-0.203,
51,-0.311,-1.745,
52,0.449,-0.325,
53,0.733,0.225,
54,0.67,1.052,
55,0.393,-1.046,
56,0.111,0.445,
57,0.514,-1.922,
58,-0.049,1.003,
59,-0.177,-1.276,
60,-1.24,0.199,
61,1.58,0.051,
62,1.249,-0.583,
63,0.874,0.331,
64,-0.279,-0.766,
65,-0.077,-1.272,
66,-0.74,-1.181,
67,-0.641,-0.615,
68,1.187,1.011,
69,-0.419,0.002,
70,0.711,-1.771,
71,1.241,-0.125,
72,-0.095,0.471,
73,-2.065,-0.74,
74,0.356,-0.577,
75,-0.603,-0.051,
76,1.507,0.433,
77,1.262,0.028,
78,0.611,-0.963,
79,-0.684,-0.84,
80,-0.24,-1.532,
81,0.327,0.925,
82,0.116,-0.62,
83,-0.593,-2.374,
84,1.256,-0.109,
85,0.072,0.191,
86,1.006,0.09,
87,-0.932,-0.769,
88,-2.665,-0.148,
89,2.361,-0.896,
90,0.262,-0.401,
91,1.611,-0.769,
92,0.542,0.229,
93,-0.507,-0.568,
94,1.472,0.167,
95,-0.068,0.184,
96,-0.585,0.079,
97,0.717,-1.101,
98,-1.425,-0.253,
99,0.114,-0.605,
100,0.921,0.463,
101,-0.293,0.095,
102,-2.166,0.166,
103,0.902,-0.777,
104,0.237,0.42,
105,0.264,-0.083,
106,0.042,-0.273,
107,0.764,-0.665,
108,1.807,-0.679,
109,0.42,-0.907,
110,-0.681,0.267,
111,-0.583,1.524,
112,-0.988,-0.072,
113,-0.284,0.665,
114,-0.252,-0.264,
115,-1.753,0.065,
116,-0.992,-0.802,
117,-0.147,-0.172,
118,0.124,1.046,
119,0.575,-0.161,
120,1.793,0.438,
121,0.471,-0.334,
122,0.952,0.374,
123,0.137,-0.392,
124,1.251,-1.009,
125,-0.689,0.169,
126,1.824,0.223,
127,0.718,-0.594,
128,0.832,0.079,
129,0.77,-0.439,
130,0.98,0.343,
131,0.678,0.199,
132,0.265,-0.94,
133,-0.074,0.091,
134,0.283,0.21,
135,-1.723,-1.507,
136,-0.478,-0.539,
137,-0.008,0.835,
138,0.785,-0.773,
139,-1.247,1.107,
140,-0.062,-0.419,
141,-0.675,-0.04,
142,0.18,-1.23,
143,0.164,-0.72,
144,0.996,0.735,
145,0.207,-1.026,
146,0.389,-0.607,
147,0.32,-0.446,
148,-0.332,-0.018,
149,0.412,-1.132,
150,-1.479,-1.221,
151,0.364,-0.554,
152,0.062,0.555,
153,0.441,-1.763,
154,-0.064,-0.622,
155,0.009,-0.038,
156,-0.778,-1.118,
157,0.012,-1.679,
158,2,0.341,
159,0.448,1.071,
160,-0.011,0.003,
161,1.54,-0.567,
162,-0.325,-1.029,
163,0.298,-0.644,
