1,0.625,1.709,
2,-0.058,-0.192,
3,-1.688,-0.602,
4,0.028,0.448,
5,-0.895,0.427,
6,-2.687,0.479,
7,-1.151,2.403,
8,-0.802,0.447,
9,-1.445,0.428,
10,-0.776,0.511,
11,0.501,1.457,
12,0.869,-0.861,
13,0.533,0.154,
14,-1.618,1.072,
15,-2.429,-0.225,
16,0.647,1.172,
17,-1.495,0.212,
18,0.255,0.675,
19,0.032,0.765,
20,0.015,0.801,
21,0.863,-0.297,
22,-0.398,-0.107,
23,-0.605,-0.49,
24,-0.769,0.123,
25,-1.624,0.667,
26,-0.427,0.743,
27,-1.345,0.277,
28,1.062,0.855,
29,-0.058,0.291,
30,-0.159,1.538,
31,0.331,0.942,
32,-0.057,0.153,
33,-1.146,0.828,
34,-0.228,0.71,
35,-0.009,1.164,
36,-1.326,0.771,
37,-0.557,0.216,
38,0.29,-0.272,
39,-0.154,2.574,
40,-0.814,0.172,
41,-0.625,-0.237,
42,0.882,-0.389,
43,0.318,0.047,
44,0.255,1.853,
45,-0.467,0.406,
46,0.045,1.087,
47,-0.614,0.188,
48,0.496,-0.078,
49,-0.349,-0.601,
50,-0.168,-0.256,
51,-0.312,0.51,
52,-0.051,0.513,
53,-0.232,0.187,
54,-0.893,0.194,
55,0.118,-0.2,
56,-0.255,0.654,
57,0.751,1.067,
58,-0.772,0.828,
59,-1.447,0.666,
60,0.444,-0.081,
61,-0.677,2.017,
62,0.582,-0.231,
63,-0.544,-0.114,
64,-0.436,-0.387,
65,-0.145,-0.127,
66,0.587,1.126,
67,-1.507,0.15,
68,-0.463,1.014,
69,-0.377,1.143,
70,0.342,0.271,
71,-0.695,0.999,
72,-1.097,1.289,
73,-0.808,0.069,
74,0.094,0.463,
75,-1.431,1.978,
76,0.044,0.253,
77,-0.573,-0.1,
78,0.982,1.084,
79,-0.9,0.271,
80,-0.957,1.229,
81,0.886,0.437,
82,-0.91,0.286,
83,0.268,0.148,
84,-0.608,0.549,
85,0.14,1.131,
86,-1.451,0.369,
87,-0.273,-0.61,
88,0.211,1.092,
89,0.422,0.13,
90,-1.035,0.568,
91,-0.526,0.562,
92,-0.805,0.465,
93,0.797,1.684,
94,-0.971,0.392,
95,-0.455,-0.268,
96,0.613,-0.806,
97,0.267,0.392,
98,-1.021,0.326,
99,-0.585,0.037,
100,-0.652,0.793,
101,0.373,0.899,
102,-1.113,0.165,
103,0.998,0.277,
104,-0.517,0.323,
105,-0.119,1.179,
106,0.022,0.926,
107,1.124,1.655,
108,0.096,0.628,
109,-0.92,-0.151,
110,0.179,0.586,
111,-0.09,-0.575,
112,-1.315,1.034,
113,-0.971,0.111,
114,0.384,0.241,
115,-0.772,-0.768,
116,0.077,1.184,
117,-0.631,-0.314,
118,0,0.402,
119,0.448,0.765,
120,-0.08,0.133,
121,-0.237,-0.132,
122,-0.261,-0.028,
123,-1.543,0.527,
124,-0.672,-0.453,
125,-0.262,0.704,
126,-0.828,0.865,
127,0.274,-0.613,
128,-0.514,0.71,
129,-0.151,0.667,
130,0.993,-0.388,
131,-0.433,1.715,
132,-0.531,0.922,
133,-0.57,1.057,
134,-1.415,-0.306,
135,-1.271,-1.121,
136,-0.077,-0.471,
137,-0.282,1.084,
138,0.6,0.643,
139,-0.452,-0.246,
140,-0.569,0.028,
141,-0.575,0.368,
142,0.22,-0.45,
143,-0.529,1.794,
144,-0.491,0.149,
145,-0.143,-0.647,
146,-0.263,1.221,
147,0.31,0.615,
148,-0.344,-0.527,
149,0.514,-1.82,
150,-0.572,0.068,
151,1.074,1.213,
152,-0.177,0.772,
153,-0.44,0.166,
154,-0.87,1.896,
155,-0.257,0.492,
156,-1.408,-0.401,
157,0.271,0.25,
158,0.423,-0.379,
159,0.524,-0.71,
160,-0.517,0.695,
161,-0.019,0.826,
162,-0.684,0.255,
163,0.173,-1.051,
