1,1.631,2.124,
2,0.096,-0.911,
3,0.165,1.121,
4,0.245,0.242,
5,0.209,-0.719,
6,0.09,2.819,
7,0.712,0.272,
8,2.373,1.438,
9,0.789,0.898,
10,-0.084,-0.122,
11,-2.033,0.172,
12,1.628,-2.29,
13,-0.479,0.075,
14,-1.468,1.282,
15,-0.473,0.812,
16,-0.047,2.644,
17,0.493,-0.142,
18,-0.525,1.147,
19,-2.036,0.253,
20,-0.238,1.759,
21,0.134,-0.627,
22,0.975,1.03,
23,-0.967,-0.548,
24,-0.574,1.719,
25,-1.009,0.399,
26,1.119,0.878,
27,0.175,1.575,
28,0.042,-0.331,
29,-0.391,-0.237,
30,0.162,-0.446,
31,-0.19,-0.592,
32,-0.215,-0.468,
33,1.472,-1.411,
34,-0.026,0.118,
35,0.031,0.17,
36,0.119,0.803,
37,0.441,0.162,
38,-1.214,0.733,
39,0.769,0.886,
40,0.705,-0.12,
41,1.387,-1.504,
42,-0.06,-2.756,
43,1.395,0.974,
44,1.014,-0.584,
45,-0.697,-0.411,
46,-1.434,1.896,
47,-1.356,-0.382,
48,-0.124,-0.384,
49,0.931,1.444,
50,1.236,-0.156,
51,-0.831,-1.771,
52,0.413,-1.008,
53,0.787,1.288,
54,0.403,1.436,
55,-0.17,0.105,
56,-0.589,0.652,
57,0.088,-2.035,
58,0.001,2.03,
59,-0.479,-0.68,
60,-2.534,1.358,
61,1.129,0.689,
62,0.395,0.003,
63,1.058,1.177,
64,-0.06,-0.575,
65,-0.97,-1.463,
66,-2.175,-1.891,
67,-0.758,-0.259,
68,1.12,1.435,
69,-0.58,-0.29,
70,1.209,-2.818,
71,0.798,0.286,
72,-0.992,0.477,
73,-2.398,-0.502,
74,-0.148,-0.433,
75,0.492,0.248,
76,2.031,0.411,
77,1.026,0.33,
78,0.684,-0.546,
79,-0.91,-1.719,
80,-0.112,-0.163,
81,-0.532,1.711,
82,-0.436,0.038,
83,0.034,-1.872,
84,1.597,0.499,
85,-0.509,0.569,
86,0.374,1.161,
87,-0.45,-0.291,
88,-1.987,0.2,
89,1.043,-0.949,
90,-0.304,0.251,
91,2.015,-0.249,
92,0.282,1.439,
93,-1.095,-0.807,
94,0.7,-0.013,
95,-0.649,0.583,
96,-0.631,0.811,
97,0.663,-1.572,
98,-1.118,1.342,
99,-0.395,-0.761,
100,0.087,0.896,
101,-1.028,-0.079,
102,-3.142,0.399,
103,1.405,-1.166,
104,-0.089,1.122,
105,-0.001,0.488,
106,-0.493,-0.55,
107,-0.661,-0.649,
108,2.331,0.078,
109,0.217,-0.929,
110,-0.664,1.123,
111,-1.158,2.171,
112,-0.874,0.013,
113,-0.468,1.243,
114,-0.721,0.133,
115,-2.459,0.417,
116,-0.375,-0.365,
117,-1.759,-0.023,
118,-0.303,1.449,
119,0.191,-0.156,
120,2.218,0.129,
121,0.765,0.282,
122,0.721,0.486,
123,-0.353,0.688,
124,0.657,-0.167,
125,-0.319,1.499,
126,1.689,0.596,
127,0.005,-0.124,
128,1.693,-0.07,
129,0.616,0.09,
130,1.161,1.27,
131,0.561,-0.35,
132,0.269,-0.6,
133,-0.341,0.694,
134,-0.019,0.538,
135,-1.726,-0.957,
136,-1.093,-0.588,
137,-0.461,1.334,
138,0.741,-1.069,
139,-1.03,1.672,
140,-0.576,-0.555,
141,-1.312,0.489,
142,-0.273,-1.454,
143,0.419,-0.535,
144,1.837,0.84,
145,0.207,-0.333,
146,0.321,-1.13,
147,-0.153,-0.34,
148,-1.317,-0.392,
149,0.416,-0.228,
150,-1.44,-2.026,
151,-0.681,-0.467,
152,0.372,0.646,
153,0.256,-2.249,
154,-0.217,0.012,
155,0.018,-0.164,
156,-1.094,-1.143,
157,-0.631,-1.384,
158,1.231,-0.212,
159,0.365,0.976,
160,-0.177,-0.145,
161,1.178,-1.041,
162,-0.935,-1.502,
163,0.079,-0.492,
