1,0.552,1.278,
2,-0.132,-0.645,
3,-2.246,-1.294,
4,0.086,0.524,
5,-1.393,-0.114,
6,-3.343,0.067,
7,-1.871,1.8,
8,-1.683,0.584,
9,-2.64,0.851,
10,-0.524,0.358,
11,0.1,1.46,
12,1.5,-0.908,
13,0.511,-0.028,
14,-1.458,1.098,
15,-3.589,-0.796,
16,1.198,1.139,
17,-0.935,0.127,
18,0.608,0.952,
19,0.16,0.768,
20,-0.409,1.053,
21,1.621,-1.188,
22,-0.315,-0.593,
23,-1.125,-1.182,
24,-1.254,0.629,
25,-1.465,-0.085,
26,0.049,0.736,
27,-1.888,0.464,
28,0.812,0.803,
29,-0.1,0.567,
30,-0.384,0.913,
31,1.049,0.185,
32,0.204,-0.003,
33,-1.414,0.686,
34,0.504,0.864,
35,0.184,0.478,
36,-1.952,0.842,
37,-0.261,0.202,
38,0.719,-0.481,
39,0.422,2.277,
40,-0.637,-0.16,
41,-1.386,-1.05,
42,0.569,-0.87,
43,0.345,0.109,
44,0.456,1.148,
45,-0.321,0.135,
46,0.368,0.73,
47,-0.208,0.477,
48,-0.177,-0.326,
49,-0.709,-1.133,
50,0.612,-0.17,
51,-0.713,-0.099,
52,0.106,0.319,
53,-0.313,0.694,
54,-1.029,-0.981,
55,0.552,0.025,
56,0.15,1.441,
57,1.199,1.671,
58,-0.937,0.637,
59,-1.622,1.109,
60,1.126,-0.141,
61,-1.009,2.119,
62,0.891,-1.191,
63,0.186,-0.964,
64,-0.047,-0.076,
65,-0.132,-0.385,
66,0.58,0.475,
67,-1.504,0.352,
68,0.203,1.01,
69,-0.187,1.155,
70,0.924,-0.257,
71,-0.483,0.481,
72,-1.636,1.047,
73,-0.922,-0.569,
74,-0.329,0.058,
75,-2.458,0.495,
76,0.396,-0.283,
77,-0.385,-0.374,
78,1.532,1.245,
79,-0.356,0.017,
80,-1.575,1.883,
81,0.639,0.057,
82,-1.431,0.529,
83,0.302,0.096,
84,-0.27,0.423,
85,0.202,1.092,
86,-0.884,-0.451,
87,-0.091,-0.52,
88,-0.675,1.92,
89,-0.587,0.205,
90,-1.125,0.242,
91,-0.287,1.006,
92,-0.645,0.465,
93,0.601,1.658,
94,-1.278,-0.179,
95,-0.952,-1.146,
96,0.615,-0.853,
97,-0.101,-0.053,
98,-0.235,0.26,
99,-0.455,-0.439,
100,-0.076,0.965,
101,0.192,0.306,
102,-1.938,0.26,
103,1.783,0.645,
104,-0.359,0.229,
105,-0.564,1.775,
106,0.375,0.362,
107,1.718,0.886,
108,0.168,0.216,
109,-1.271,-0.869,
110,-0.078,0.579,
111,0.25,-1.913,
112,-1.107,1.514,
113,-1.328,-0.519,
114,1.025,0.027,
115,-1.119,-0.582,
116,0.582,1.304,
117,-1.503,-1.212,
118,-0.1,-0.163,
119,0.793,0.632,
120,-0.714,-0.14,
121,-0.002,-0.965,
122,-1.378,-0.882,
123,-2.023,1.315,
124,-0.971,-0.855,
125,-0.076,1.061,
126,-2.203,0.719,
127,-0.061,-1.019,
128,-0.178,0.153,
129,0.333,0.543,
130,1.388,-1.477,
131,-0.286,1.319,
132,-0.194,1.131,
133,-0.688,0.849,
134,-2.33,-1.325,
135,-0.616,-1.939,
136,0.387,-1.13,
137,0.128,0.663,
138,1.369,0.113,
139,-0.646,-0.421,
140,-0.637,-0.213,
141,-0.525,1.388,
142,1.314,-0.45,
143,0.113,1.946,
144,-0.089,-0.184,
145,0.266,-0.968,
146,-0.813,1.176,
147,0.655,0.021,
148,0.072,-0.848,
149,1.26,-1.58,
150,0.212,0.09,
151,1.241,0.949,
152,0.34,0.192,
153,-0.449,-0.175,
154,-0.697,2.411,
155,0.169,-0.157,
156,-1.927,-0.637,
157,0.593,0.463,
158,0.522,-1.752,
159,0.691,-1.103,
160,-0.128,0.127,
161,-0.209,0.238,
162,-0.654,-0.083,
163,-0.309,-2.148,
