1,2.176,2.396,
2,0.336,-1.307,
3,0.334,1.09,
4,0.346,0.103,
5,0.785,-1.191,
6,-0.132,2.455,
7,0.255,-0.141,
8,3.494,1.514,
9,1.405,0.428,
10,-0.148,-0.16,
11,-2.266,0.287,
12,1.74,-3.12,
13,-0.395,0.418,
14,-2.125,1.173,
15,-0.57,0.344,
16,0.101,3.125,
17,1.399,-0.39,
18,-0.109,1.209,
19,-2.236,0.098,
20,0.695,0.839,
21,-0.101,-0.925,
22,1.069,1.375,
23,-1.067,-0.621,
24,-0.61,1.9,
25,-1.961,0.397,
26,1.814,1.639,
27,0.148,2.929,
28,-0.125,-0.764,
29,-0.536,-0.89,
30,0.176,-0.825,
31,-0.354,-0.863,
32,-0.366,-0.788,
33,1.615,-1.254,
34,-0.488,0,
35,0.048,0.421,
36,0.15,0.967,
37,0.689,-0.019,
38,-1.452,1.066,
39,0.663,1.08,
40,1.428,0.058,
41,2.15,-2.148,
42,0.003,-3.131,
43,1.847,1.302,
44,1.443,-0.75,
45,-0.665,-0.806,
46,-2.154,2.321,
47,-1.708,-0.126,
48,0.053,-0.84,
49,0.974,0.991,
50,1.636,0.372,
51,-0.407,-1.995,
52,0.42,-1.144,
53,0.786,1.108,
54,0.959,2.136,
55,0.236,-0.677,
56,-0.564,0.482,
57,0.448,-2.645,
58,-0.064,2.258,
59,-0.721,-0.994,
60,-2.813,1.246,
61,1.528,0.291,
62,0.525,-0.269,
63,1.647,1.155,
64,-0.357,-0.82,
65,-0.872,-2.026,
66,-1.924,-2.22,
67,-0.993,-0.323,
68,0.91,1.549,
69,-1.25,-0.526,
70,1.605,-3.227,
71,1.086,0.493,
72,-1.022,0.893,
73,-3.192,-1.231,
74,-0.358,-0.865,
75,0.148,0.094,
76,2.23,0.365,
77,2.119,0.461,
78,0.973,-1.375,
79,-1.086,-1.822,
80,-0.416,-1.521,
81,-0.181,1.829,
82,-0.134,-0.276,
83,-1.003,-3.032,
84,2.173,0.176,
85,0.061,0.73,
86,0.87,1.271,
87,-1.106,-0.608,
88,-3.041,0.255,
89,2.07,-1.528,
90,0.221,-0.117,
91,2.68,-1.033,
92,0.558,1.253,
93,-1.296,-1.285,
94,1.336,0.297,
95,-0.713,0.531,
96,-1.24,0.623,
97,0.493,-2.051,
98,-1.623,1.076,
99,-0.272,-0.968,
100,0.792,1.439,
101,-1.325,0.101,
102,-3.172,0.347,
103,2.116,-1.348,
104,0.308,1.136,
105,-0.101,0.49,
106,-0.134,-0.209,
107,0.116,-1.006,
108,2.637,0.021,
109,0.516,-0.836,
110,-1.59,1.306,
111,-1.417,2.476,
112,-1.346,0.007,
113,-0.68,1.587,
114,-1.078,0.046,
115,-3.216,0.394,
116,-0.934,-0.943,
117,-1.623,0.014,
118,-0.088,1.715,
119,0.592,-0.182,
120,2.94,0.349,
121,0.958,0.413,
122,0.992,0.905,
123,-0.912,0.344,
124,1.216,-0.818,
125,-0.855,1.603,
126,2.22,0.433,
127,0.103,-0.16,
128,1.987,-0.224,
129,0.895,-0.159,
130,1.21,1.254,
131,0.709,0.057,
132,0.728,-0.836,
133,-0.299,0.682,
134,-0.268,0.69,
135,-2.421,-1.301,
136,-1.317,-0.691,
137,-0.524,1.476,
138,0.912,-1.269,
139,-1.422,1.638,
140,-0.297,-0.824,
141,-1.287,0.387,
142,-0.438,-1.735,
143,0.039,-0.96,
144,1.916,1.003,
145,0.302,-0.802,
146,0.408,-1.323,
147,-0.119,-0.767,
148,-1.451,-0.317,
149,0.125,-0.186,
150,-2.03,-1.979,
151,-0.236,-1.234,
152,0.295,0.892,
153,0.325,-2.399,
154,-0.155,-0.259,
155,-0.231,-0.146,
156,-1.309,-1.461,
157,-0.319,-1.822,
158,1.743,0.351,
159,0.786,1.003,
160,0.001,-0.598,
161,1.23,-1.212,
162,-0.908,-2.295,
163,0.672,-0.319,
