1,1.036,1.554,
2,0.028,-0.71,
3,0.135,0.973,
4,0.218,0.223,
5,0.05,-0.478,
6,0.206,2.367,
7,0.547,0.237,
8,1.59,0.941,
9,0.616,0.819,
10,-0.065,-0.096,
11,-1.568,0.068,
12,1.582,-1.741,
13,-0.526,-0.102,
14,-1.033,0.637,
15,-0.19,0.83,
16,-0.096,2.064,
17,0.159,0.008,
18,-0.598,1.016,
19,-1.526,0.298,
20,-0.412,1.733,
21,0.18,-0.383,
22,0.831,0.77,
23,-0.688,-0.456,
24,-0.515,1.393,
25,-0.486,0.292,
26,0.879,0.4,
27,0.149,1.047,
28,0.054,-0.176,
29,-0.333,-0.012,
30,0.308,-0.195,
31,-0.091,-0.486,
32,-0.146,-0.332,
33,1.158,-1.216,
34,0.133,0.074,
35,0.077,0.11,
36,0.114,0.669,
37,0.3,0.19,
38,-0.758,0.518,
39,0.671,0.576,
40,0.434,-0.213,
41,0.966,-1.096,
42,-0.094,-2.403,
43,1.098,0.72,
44,0.699,-0.423,
45,-0.478,-0.208,
46,-0.821,1.119,
47,-0.924,-0.188,
48,-0.111,-0.235,
49,0.651,1.328,
50,0.995,-0.228,
51,-0.767,-1.403,
52,0.408,-0.76,
53,0.687,1.139,
54,0.341,0.827,
55,-0.216,0.176,
56,-0.464,0.699,
57,-0.025,-1.509,
58,-0.022,1.685,
59,-0.297,-0.508,
60,-2.106,1.174,
61,0.847,0.696,
62,0.129,0.024,
63,0.701,1.014,
64,0.047,-0.4,
65,-0.779,-1.112,
66,-1.924,-1.44,
67,-0.665,-0.288,
68,1.002,1.08,
69,-0.084,-0.233,
70,0.924,-2.371,
71,0.502,0.174,
72,-0.794,0.338,
73,-1.596,-0.213,
74,0.011,-0.246,
75,0.768,0.164,
76,1.58,0.242,
77,0.607,0.22,
78,0.529,-0.191,
79,-0.83,-1.44,
80,-0.074,0.28,
81,-0.643,1.521,
82,-0.375,0.108,
83,0.434,-1.253,
84,1.36,0.228,
85,-0.731,0.379,
86,0.17,0.837,
87,-0.193,-0.203,
88,-1.183,0.165,
89,0.415,-0.582,
90,-0.325,0.31,
91,1.551,0,
92,0.19,1.317,
93,-0.886,-0.513,
94,0.515,-0.179,
95,-0.523,0.496,
96,-0.334,0.741,
97,0.536,-1.253,
98,-1.056,1.183,
99,-0.366,-0.611,
100,-0.01,0.52,
101,-0.558,-0.136,
102,-2.381,0.376,
103,1.035,-1.022,
104,-0.188,0.92,
105,0.061,0.431,
106,-0.496,-0.715,
107,-0.737,-0.487,
108,1.898,0.015,
109,-0.017,-0.867,
110,-0.389,0.917,
111,-0.856,1.49,
112,-0.641,-0.006,
113,-0.343,0.951,
114,-0.447,0.167,
115,-1.865,0.319,
116,-0.208,-0.192,
117,-1.487,-0.046,
118,-0.235,0.969,
119,0.094,-0.11,
120,1.714,0.026,
121,0.607,0.13,
122,0.596,0.367,
123,-0.159,0.769,
124,0.391,0.031,
125,-0.099,1.19,
126,1.353,0.519,
127,-0.005,-0.096,
128,1.322,0.054,
129,0.517,0.183,
130,0.94,1.129,
131,0.401,-0.293,
132,0.143,-0.398,
133,-0.322,0.558,
134,-0.101,0.398,
135,-1.273,-0.785,
136,-0.763,-0.44,
137,-0.382,1.114,
138,0.606,-0.77,
139,-0.764,1.409,
140,-0.588,-0.403,
141,-1.171,0.546,
142,-0.163,-1.108,
143,0.51,-0.336,
144,1.631,0.602,
145,0.364,-0.149,
146,0.231,-0.84,
147,-0.152,-0.16,
148,-0.903,-0.27,
149,0.325,-0.355,
150,-1.096,-1.518,
151,-0.684,-0.168,
152,0.325,0.504,
153,0.214,-1.851,
154,-0.166,0.087,
155,0.11,-0.161,
156,-0.879,-0.734,
157,-0.47,-0.984,
158,1.016,-0.133,
159,0.21,0.615,
160,-0.228,0.028,
161,1.113,-0.877,
162,-0.823,-1.034,
163,0.003,-0.453,
