1,-0.782,-0.888,
2,-0.599,-0.259,
3,0.519,-1.015,
4,-0.794,0.497,
5,0.127,-0.475,
6,0.079,0.188,
7,0.503,-0.474,
8,-0.243,-0.95,
9,2.268,0.242,
10,0.157,-0.241,
11,-0.163,-0.882,
12,0.599,0.244,
13,0.134,0.426,
14,-0.275,-0.132,
15,-0.707,0.198,
16,0.924,-0.151,
17,-0.339,-1.233,
18,0.471,0.178,
19,-0.479,0.57,
20,-0.048,0.189,
21,-0.014,-0.263,
22,0.172,0.133,
23,0.137,-1.602,
24,0.116,-0.903,
25,0.298,-0.805,
26,-1.984,-1.353,
27,-1.429,-0.669,
28,1.013,-0.247,
29,0.507,0.946,
30,1.041,0.103,
31,-0.416,-0.944,
32,0.52,-0.456,
33,-1.26,-0.6,
34,0.315,-1.844,
35,-0.226,-0.21,
36,0.686,0.242,
37,1.243,0.527,
38,0.851,-0.454,
39,0.208,-0.359,
40,1.09,-0.556,
41,0.566,1.159,
42,0.024,1.008,
43,0.446,1.324,
44,-0.133,-1.095,
45,-0.324,-0.162,
46,-0.624,0.086,
47,0.121,0.958,
48,-0.68,-0.721,
49,0.444,-0.869,
50,0.977,0.396,
51,-0.576,-1.281,
52,-0.849,0.77,
53,-0.787,1.404,
54,-1.118,-0.124,
55,-0.763,0.065,
56,-0.711,0.083,
57,0.347,-0.106,
58,-1.629,0.102,
59,0.011,-0.835,
60,0.117,-0.135,
61,-1.112,0,
62,0.16,-0.452,
63,1.443,1.346,
64,-0.11,0.837,
65,0.465,0.21,
66,1.023,0.266,
67,0.706,0.864,
68,0.239,-0.383,
69,0.096,-0.078,
70,1.25,-0.639,
71,1.063,-0.577,
72,0.11,-1.398,
73,1.783,-0.102,
74,1.524,-0.255,
75,0.706,0.846,
76,0.119,-1.653,
77,0.321,1.888,
78,0.512,0.798,
79,0.983,0.876,
80,0.518,0.694,
81,-0.719,-0.748,
82,-0.115,0.971,
83,0.17,0.159,
84,0.138,0.186,
85,0.631,-0.071,
86,1.211,-0.177,
87,0.001,-0.339,
88,0.34,0.576,
89,-1.902,0.174,
90,-0.773,0.647,
91,-0.363,0.048,
92,-0.129,-0.042,
93,1.252,1.375,
94,-0.752,1.995,
95,1.5,-0.412,
96,-0.125,-0.927,
97,-0.697,-0.171,
98,-0.161,-1.853,
99,0.721,-0.128,
100,0.36,-1.359,
101,-0.162,-0.368,
102,-0.362,-0.987,
103,0.04,-1.321,
104,0.752,-0.76,
105,-1.06,0.704,
106,0.683,-0.72,
107,-0.368,-0.126,
108,0.808,-0.959,
109,0.446,-1.714,
110,-1.34,-2.664,
111,0.26,0.038,
112,1.754,-0.201,
113,0.383,-0.189,
114,-0.052,-0.137,
115,-0.083,-0.148,
116,-0.164,-0.471,
117,1.904,-0.016,
118,0.195,-0.033,
119,0.41,-0.337,
120,-0.24,0.041,
121,0.046,-0.062,
122,0.284,0.078,
123,0.16,-0.714,
124,-1.046,-0.828,
125,0.439,0.25,
126,0.305,-0.364,
127,0.595,-0.541,
128,-0.458,0.321,
129,0.107,-0.025,
130,-0.395,-0.003,
131,0.775,-0.388,
132,0.087,1.012,
133,0.133,-1.132,
134,-0.446,0.602,
135,-1.074,-0.51,
136,0.097,-0.457,
137,1.095,0.289,
138,-0.276,-0.016,
139,-0.448,0.436,
140,-0.947,-0.51,
141,-0.437,-0.07,
142,0.922,-0.785,
143,-0.074,-0.021,
144,0.411,-0.909,
145,-0.799,0.625,
146,-0.287,0.116,
147,-0.092,0.037,
148,-1.813,-0.392,
149,0.001,-0.471,
150,0.531,-1.949,
151,-0.29,0.146,
152,0.381,-0.808,
153,0.281,0.012,
154,-1.46,0.507,
155,-0.451,-0.769,
156,0.856,0.567,
157,0.58,0.044,
158,-0.116,-0.195,
159,0.34,0.769,
160,-0.808,-0.195,
161,-0.427,-0.044,
162,1.175,0.733,
163,0.426,-0.516,
