1,-0.741,-0.861,
2,-0.573,-0.225,
3,0.548,-0.721,
4,-0.507,0.324,
5,0.096,-0.544,
6,0.189,-0.083,
7,0.318,-0.566,
8,-0.189,-0.838,
9,2.111,0.08,
10,0.036,-0.229,
11,-0.206,-0.628,
12,0.521,0.19,
13,0.117,0.25,
14,-0.031,-0.315,
15,-0.375,0.016,
16,0.802,-0.299,
17,-0.263,-0.733,
18,0.301,0.314,
19,-0.597,0.576,
20,-0.09,0.188,
21,0.006,-0.052,
22,0.155,0.119,
23,0.224,-1.347,
24,-0.097,-0.62,
25,0.429,-0.718,
26,-1.524,-1.144,
27,-1.152,-0.458,
28,0.692,-0.121,
29,0.26,0.795,
30,0.828,0.212,
31,-0.305,-0.696,
32,0.438,-0.35,
33,-0.927,-0.338,
34,0.273,-1.384,
35,-0.216,-0.043,
36,0.656,0.252,
37,0.916,0.365,
38,0.555,-0.348,
39,0.393,-0.358,
40,0.796,-0.35,
41,0.415,1,
42,0.105,0.648,
43,0.446,0.956,
44,0.032,-0.853,
45,-0.245,-0.026,
46,-0.387,0.063,
47,0.109,0.821,
48,-0.487,-0.698,
49,0.189,-0.681,
50,0.824,0.394,
51,-0.554,-1.011,
52,-0.624,0.682,
53,-0.628,1.113,
54,-0.768,-0.153,
55,-0.515,0.12,
56,-0.628,0.197,
57,0.341,-0.042,
58,-1.306,0.161,
59,0.031,-0.595,
60,0.062,-0.009,
61,-0.765,-0.061,
62,-0.046,-0.371,
63,1.091,1.151,
64,0.01,0.802,
65,0.313,0.222,
66,0.756,0.218,
67,0.843,0.87,
68,0.28,-0.267,
69,0.197,-0.026,
70,0.887,-0.551,
71,0.892,-0.442,
72,0.091,-1.081,
73,1.47,0.032,
74,1.303,-0.147,
75,0.703,0.773,
76,0.111,-1.335,
77,0.211,1.575,
78,0.455,0.639,
79,0.783,0.81,
80,0.221,0.63,
81,-0.539,-0.737,
82,-0.093,0.863,
83,0.148,0.166,
84,0.266,0.197,
85,0.299,0.003,
86,0.956,-0.274,
87,0.031,-0.294,
88,0.348,0.484,
89,-1.768,0.342,
90,-0.786,0.687,
91,-0.148,0.124,
92,-0.039,-0.024,
93,1.063,1.267,
94,-0.646,1.507,
95,1.173,-0.369,
96,0.025,-0.703,
97,-0.53,-0.176,
98,-0.075,-1.463,
99,0.608,-0.021,
100,0.306,-1.104,
101,-0.193,-0.296,
102,-0.063,-0.68,
103,0.021,-1.117,
104,0.723,-0.58,
105,-0.714,0.872,
106,0.371,-0.855,
107,-0.34,-0.283,
108,0.739,-0.832,
109,0.286,-1.343,
110,-1.134,-2.205,
111,0.21,-0.129,
112,1.504,-0.04,
113,0.286,-0.022,
114,-0.046,-0.007,
115,0.036,0.219,
116,-0.309,-0.256,
117,1.641,-0.196,
118,0.089,-0.024,
119,0.31,-0.146,
120,-0.231,0.022,
121,-0.001,-0.1,
122,0.237,0.091,
123,0.123,-0.457,
124,-0.781,-0.503,
125,0.395,0.213,
126,0.249,-0.336,
127,0.497,-0.238,
128,-0.523,0.445,
129,0.236,0.048,
130,-0.235,0.037,
131,0.656,-0.329,
132,-0.048,0.801,
133,0.109,-0.981,
134,-0.491,0.606,
135,-0.741,-0.29,
136,0.083,-0.358,
137,0.814,0.312,
138,-0.117,0.075,
139,-0.384,0.534,
140,-0.8,-0.325,
141,-0.444,0.241,
142,0.738,-0.624,
143,0.03,-0.131,
144,0.589,-0.832,
145,-0.606,0.612,
146,-0.336,0.054,
147,-0.08,0.167,
148,-1.445,-0.374,
149,-0.117,-0.143,
150,0.593,-1.45,
151,-0.233,0.176,
152,0.538,-0.634,
153,0.17,0.022,
154,-1.15,0.422,
155,-0.212,-0.547,
156,0.634,0.672,
157,0.69,0.34,
158,-0.207,0.183,
159,0.255,0.802,
160,-0.587,0.012,
161,-0.276,0.018,
162,1.009,0.771,
163,0.409,-0.211,
