1,-2.844,-2.284,
2,0.414,-0.48,
3,-1.06,-1.287,
4,0.473,-0.908,
5,-0.268,-2.177,
6,-0.007,1.682,
7,1.324,0.244,
8,0.503,-0.427,
9,-1.095,0.048,
10,0.251,-0.575,
11,0.369,2.39,
12,-1.569,-2.103,
13,1.753,1.266,
14,-0.084,-0.492,
15,-2.197,-0.102,
16,0.483,-2.344,
17,0.487,0.134,
18,0.164,-0.187,
19,1.132,0.749,
20,2.42,1.176,
21,0.828,0.297,
22,1.29,0.469,
23,0.072,-0.093,
24,-0.298,0.3,
25,-0.153,2.753,
26,0.325,-0.86,
27,0.225,-0.136,
28,0.606,0.032,
29,-0.201,-2.201,
30,0.64,0.261,
31,0.81,0.441,
32,-0.136,-1.058,
33,-0.179,-0.72,
34,-2.114,1.36,
35,-2.34,-0.951,
36,-0.457,0.744,
37,0.632,0.3,
38,-0.134,-1.123,
39,0.709,0.1,
40,-1.328,1.646,
41,0.327,0.537,
42,0.225,0.203,
43,0.024,1.396,
44,-0.19,-0.507,
45,-0.228,0.25,
46,-2.137,-0.798,
47,0.222,0.874,
48,-1.775,-0.766,
49,-0.344,-1.419,
50,-0.976,-0.589,
51,-1.112,-0.037,
52,0.635,1.15,
53,-0.41,-0.117,
54,1.567,-0.785,
55,-0.187,1.152,
56,0.112,0.636,
57,-0.785,-0.521,
58,0.824,0.368,
59,1.421,0.94,
60,-0.123,-0.08,
61,0.336,-0.531,
62,-0.898,0.988,
63,-0.891,1.195,
64,-0.213,0.217,
65,-0.309,0.271,
66,0.403,0.203,
67,-0.394,-0.8,
68,-0.035,0.638,
69,-1.402,0.175,
70,-0.38,-0.362,
71,0.3,-1.028,
72,0.64,-0.797,
73,-0.188,-0.01,
74,-0.509,-0.248,
75,-2.566,-0.043,
76,0.331,-0.3,
77,0.372,-0.059,
78,-0.058,0.352,
79,-1.039,-0.271,
80,-1.202,-0.116,
81,-0.845,1.174,
82,-0.656,-1.444,
83,-2.484,-0.282,
84,1.546,0.378,
85,-0.565,-0.221,
86,-0.014,-0.553,
87,0.672,0.409,
88,0.182,0.785,
89,0.232,-0.015,
90,-0.424,0.355,
91,0.19,1.255,
92,0.891,-1.596,
93,2.603,-0.002,
94,0.641,0.982,
95,0.043,1.906,
96,-1.087,1.186,
97,1.347,1.467,
98,0.163,0.094,
99,0.532,0.573,
100,-0.87,0.293,
101,0.099,0.22,
102,-0.365,-1.111,
103,-0.536,-1.501,
104,-0.849,-0.369,
105,1.335,0.78,
106,-0.597,-1.382,
107,-0.639,-0.115,
108,0.805,0.203,
109,0.13,-0.035,
110,-1.68,0.695,
111,-1.48,1.064,
112,-1.158,2.026,
113,0.394,-0.181,
114,0.065,0.887,
115,-1.096,0.628,
116,-0.189,-0.496,
117,1.45,0.447,
118,0.494,-1.038,
119,-0.566,0.189,
120,-0.102,-0.659,
121,-0.261,1.876,
122,-0.811,-0.314,
123,-0.922,-0.612,
124,-0.583,0.706,
125,-0.762,-0.341,
126,0.04,-0.488,
127,-0.378,0.797,
128,-0.294,-0.229,
129,0.649,1.157,
130,-1.231,-1.942,
131,0.807,1.868,
132,-0.755,1.995,
133,-0.317,0.558,
134,-0.894,-0.854,
135,-1.131,0.653,
136,-2.254,-0.769,
137,-1.207,0.604,
138,-0.611,0.056,
139,0.531,-1.141,
140,-0.01,0.129,
141,-0.08,-0.87,
142,-0.225,0.396,
143,-0.4,-0.41,
144,0.209,-0.166,
145,-0.219,-0.989,
146,-1.415,-0.792,
147,-2.088,-1.22,
148,-0.626,-0.143,
149,1.299,-0.61,
150,-0.39,-0.036,
151,-1.231,0.535,
152,-0.996,-0.595,
153,0.229,0.049,
154,1.689,0.311,
155,-0.281,0.089,
156,-0.437,-0.129,
157,-0.571,-0.045,
158,-0.897,-1.434,
159,-0.118,0.154,
160,0.508,-0.961,
161,-1.375,-0.319,
162,-1.354,-0.237,
163,0.653,-1.039,
