1,-3.22,-3.327,
2,0.623,-1.007,
3,-1.502,-1.424,
4,0.605,-1.064,
5,-0.397,-2.255,
6,0.161,1.693,
7,2.043,0.598,
8,0.771,-0.349,
9,-1.358,0.059,
10,0.975,-0.885,
11,0.33,2.473,
12,-1.795,-2.127,
13,1.941,1.471,
14,-0.188,-0.468,
15,-2.317,-0.246,
16,0.416,-2.795,
17,0.874,0.199,
18,0.174,-0.691,
19,2.112,0.735,
20,3.439,1.831,
21,1.36,0.304,
22,1.738,0.423,
23,0.238,0.017,
24,-0.538,0.604,
25,-0.668,3.238,
26,0.505,-0.751,
27,0.098,-0.342,
28,0.596,-0.111,
29,-0.102,-2.986,
30,0.483,0.174,
31,1.05,0.84,
32,-0.047,-1.342,
33,-0.469,-0.747,
34,-2.589,1.382,
35,-2.88,-0.49,
36,-1.22,1.101,
37,0.701,0.33,
38,-0.556,-1.529,
39,0.469,0.377,
40,-1.525,2.215,
41,0.425,0.673,
42,0.611,0.674,
43,-0.159,2.04,
44,-0.373,-0.788,
45,-0.713,0.187,
46,-2.84,-0.923,
47,-0.047,0.94,
48,-2.131,-0.829,
49,-0.891,-2.308,
50,-1.217,-0.948,
51,-1.471,-0.213,
52,0.82,1.477,
53,-0.168,-0.666,
54,1.93,-0.7,
55,-0.198,1.572,
56,-0.348,0.46,
57,-0.87,-0.805,
58,1.232,0.542,
59,2.08,0.868,
60,0.019,-0.365,
61,0.426,-0.742,
62,-1.727,1.16,
63,-0.984,1.977,
64,-0.341,-0.15,
65,-0.357,0.329,
66,0.487,0.465,
67,-0.458,-1.248,
68,-0.168,0.456,
69,-2.105,0.366,
70,-0.338,-0.292,
71,0.268,-1.571,
72,0.88,-1.061,
73,-0.266,-0.233,
74,-0.966,-0.302,
75,-2.875,-0.017,
76,-0.018,0.077,
77,0.453,-0.376,
78,-0.215,0.164,
79,-1.077,-0.577,
80,-1.505,-0.348,
81,-1.056,1.754,
82,-1.091,-1.467,
83,-3.118,-0.187,
84,1.41,0.207,
85,-0.716,-0.323,
86,-0.058,-0.602,
87,0.997,0.211,
88,0.436,0.57,
89,0.357,-0.03,
90,-0.29,0.451,
91,-0.114,1.933,
92,1.142,-1.746,
93,2.99,-0.212,
94,0.864,1.112,
95,0.21,2.289,
96,-1.801,1.767,
97,1.699,1.744,
98,0.368,-0.341,
99,0.203,1.128,
100,-1.872,0.227,
101,0.291,0.433,
102,-0.174,-1.532,
103,-0.713,-1.866,
104,-0.9,-0.567,
105,1.233,0.895,
106,-0.551,-1.376,
107,-0.698,0.188,
108,0.912,0.323,
109,-0.266,0.195,
110,-2.391,1.145,
111,-1.542,1.337,
112,-1.637,2.487,
113,0.947,-0.313,
114,-0.043,0.882,
115,-1.46,0.879,
116,-0.255,-0.753,
117,2.233,0.22,
118,0.597,-1.18,
119,-0.907,0.354,
120,0.059,-1.159,
121,-0.241,2.69,
122,-1.175,-0.043,
123,-1.088,-0.847,
124,-0.532,0.754,
125,-1.092,-0.279,
126,0.08,-0.689,
127,-0.167,1.185,
128,-0.217,-0.36,
129,0.614,1.356,
130,-1.511,-2.111,
131,1.203,2.219,
132,-0.926,2.267,
133,-0.417,0.548,
134,-1.187,-1.024,
135,-1.601,0.67,
136,-2.705,-0.448,
137,-1.663,0.48,
138,-1.007,0.17,
139,0.647,-1.077,
140,0.087,0.251,
141,-0.253,-1.073,
142,-0.242,0.746,
143,-0.459,-0.455,
144,-0.132,0.486,
145,-0.376,-1.073,
146,-1.76,-1.153,
147,-2.727,-2.016,
148,-0.896,-0.177,
149,1.926,-0.552,
150,-0.2,-0.339,
151,-1.42,0.476,
152,-1.181,-0.765,
153,0.342,0.547,
154,1.749,0.22,
155,-0.379,-0.033,
156,-0.378,-0.387,
157,-0.798,-0.479,
158,-2.011,-1.6,
159,-0.11,0.137,
160,0.502,-1.283,
161,-1.624,-0.359,
162,-1.311,-0.465,
163,0.957,-1.054,
