1,0.46,-0.003,
2,0.32,-0.803,
3,0.389,-0.324,
4,0.511,-0.292,
5,0.752,-0.22,
6,-0.912,0.041,
7,0.08,-0.425,
8,1.262,-0.282,
9,0.296,-0.691,
10,0.203,0.231,
11,0.587,0.042,
12,0.831,-0.953,
13,0.942,-0.304,
14,-0.178,0.235,
15,-0.054,-0.864,
16,0.552,-0.376,
17,0.47,-0.136,
18,0.413,-0.358,
19,-0.03,-0.284,
20,1.12,-1.306,
21,-0.001,-0.864,
22,0.479,-0.112,
23,0.194,-0.796,
24,0.202,-0.28,
25,0.023,-0.719,
26,1.153,0.558,
27,0.634,0.421,
28,0.664,-0.186,
29,0.147,-0.697,
30,0.392,0.139,
31,0.194,0.077,
32,0.433,-0.721,
33,0.242,-0.404,
34,-0.831,-0.252,
35,0.582,0.456,
36,0.145,0.006,
37,0.66,-0.325,
38,-0.109,0.193,
39,0.246,-0.546,
40,0.591,-0.321,
41,1.086,-0.478,
42,0.955,-0.136,
43,0.808,-0.005,
44,1.079,-0.037,
45,0.028,-0.358,
46,0.159,-0.416,
47,-0.132,-0.101,
48,0.928,-0.539,
49,0.338,-0.64,
50,0.516,-0.484,
51,0.184,-0.528,
52,0.432,-0.167,
53,0.78,-0.709,
54,0.522,0.373,
55,0.378,-1.209,
56,0.452,-0.058,
57,0.347,-0.729,
58,0.209,0.086,
59,0.313,-0.82,
60,0.111,-0.393,
61,0.464,-0.472,
62,0.888,-0.34,
63,0.717,-0.212,
64,-0.02,-0.734,
65,0.476,-0.681,
66,0.804,0.32,
67,-0.129,-0.654,
68,0.892,-0.053,
69,0.656,0.254,
70,0.217,-0.382,
71,0.617,-0.427,
72,0.628,-0.009,
73,-0.311,-0.411,
74,0.482,-0.328,
75,-0.202,-0.352,
76,0.553,0.215,
77,0.675,-0.342,
78,0.07,-0.516,
79,-0.236,-0.013,
80,-0.006,-1.569,
81,0.754,-0.312,
82,0.505,-0.475,
83,-0.045,-1.078,
84,0.333,0.006,
85,0.52,-0.153,
86,0.881,-0.391,
87,-0.119,-0.928,
88,-0.212,-0.652,
89,1.208,-0.49,
90,0.546,-0.632,
91,0.4,-0.172,
92,0.412,-0.706,
93,0.216,-0.036,
94,0.707,0.187,
95,0.542,-0.486,
96,0.199,-0.712,
97,0.847,-0.44,
98,-0.531,-1.337,
99,0.482,-0.447,
100,0.744,-0.295,
101,0.284,-0.001,
102,0.273,-0.557,
103,0.614,-0.2,
104,0.504,-0.281,
105,0.188,-0.636,
106,0.327,-0.182,
107,1.248,-0.107,
108,0.31,-0.646,
109,0.418,-0.501,
110,0.847,-0.537,
111,0.244,0.269,
112,-0.536,-0.442,
113,0.484,-0.158,
114,0.033,-0.63,
115,0.149,-1.281,
116,0.186,-0.841,
117,1.154,-0.015,
118,0.381,0.236,
119,0.572,-0.209,
120,0.75,-0.174,
121,-0.011,-0.864,
122,0.683,-0.285,
123,0.206,-1.029,
124,0.94,-0.788,
125,-0.178,-0.917,
126,0.864,-0.644,
127,0.59,-0.839,
128,0.453,-0.149,
129,0.71,-0.533,
130,0.63,-0.419,
131,0.648,0.454,
132,0.091,-0.62,
133,0.142,-0.337,
134,0.465,-0.073,
135,0.08,-0.793,
136,0.2,-0.322,
137,0.087,-0.109,
138,0.224,-0.626,
139,-0.352,-0.738,
140,0.511,-0.564,
141,0.122,-0.795,
142,0.474,-0.742,
143,0.163,-0.34,
144,0.454,-0.15,
145,0.162,-0.92,
146,0.658,-0.269,
147,0.339,-0.571,
148,0.145,-0.365,
149,0.268,-1.502,
150,-0.668,-0.386,
151,1.255,-0.347,
152,0.097,0.065,
153,0.519,-0.559,
154,0.161,-0.759,
155,0.053,-0.5,
156,-0.128,-0.19,
157,0.243,-0.268,
158,1.074,0.339,
159,0.327,0.048,
160,0.23,-0.317,
161,0.947,-0.74,
162,0.473,-0.513,
163,1.018,-0.949,
