1,-0.483,-0.646,
2,0.68,-0.636,
3,-0.893,-0.06,
4,0.516,0.054,
5,0.031,0.744,
6,-1.125,0.823,
7,0.937,1.097,
8,0.44,0.329,
9,-0.282,-0.45,
10,1.258,-0.257,
11,-0.043,1.379,
12,-0.295,-0.609,
13,1.194,0.503,
14,-0.703,-0.449,
15,-0.371,0.283,
16,0.441,-0.873,
17,0.252,0.344,
18,-0.121,-0.659,
19,1.068,0.189,
20,1.802,1.422,
21,0.457,0.199,
22,0.185,0.236,
23,0.099,-0.369,
24,-0.389,1.342,
25,-0.206,1.065,
26,0.744,0.643,
27,-0.124,-0.374,
28,0.204,0.082,
29,-0.023,-0.007,
30,-0.075,0.275,
31,0.433,1.016,
32,0.266,-0.461,
33,-0.044,0.176,
34,-1.134,0.757,
35,-0.679,0.603,
36,-1.597,1.124,
37,0.291,0.204,
38,-0.727,-0.724,
39,-0.26,0.529,
40,-0.134,0.67,
41,0.39,0.326,
42,1.265,1.243,
43,-0.097,0.63,
44,-0.127,-0.292,
45,-0.193,-0.688,
46,-0.973,-0.591,
47,-0.723,-0.065,
48,-0.226,-0.276,
49,-0.399,-1.259,
50,-0.629,-0.702,
51,-0.236,-0.501,
52,0.37,0.435,
53,0.475,-1.646,
54,0.934,-0.07,
55,-0.495,0.264,
56,-0.889,0.569,
57,0.246,-0.477,
58,0.459,0.511,
59,1.162,-0.228,
60,0.207,-0.404,
61,-0.02,-0.112,
62,-0.749,0.065,
63,-0.571,1.619,
64,-0.318,-0.217,
65,0.197,0.144,
66,0.311,0.96,
67,-0.325,-0.793,
68,0.272,0.224,
69,-0.433,1.041,
70,0.105,0.163,
71,-0.416,-1.022,
72,0.509,-0.105,
73,-0.503,0.017,
74,0.223,0.156,
75,-0.642,-0.147,
76,-0.082,0.44,
77,-0.066,-0.542,
78,-0.244,-0.202,
79,-0.795,0.089,
80,-0.46,-0.709,
81,-0.941,0.373,
82,-0.316,0.12,
83,0.075,0.149,
84,-0.261,-0.295,
85,-0.886,-0.186,
86,-0.009,0.227,
87,0.641,-1.066,
88,-0.388,0.335,
89,0.402,0.169,
90,0.539,0.038,
91,-0.248,1.054,
92,0.413,-0.395,
93,0.085,0.178,
94,0.062,0.291,
95,0.06,0.893,
96,-0.512,0.264,
97,0.474,0.594,
98,-0.107,-1.032,
99,-0.326,0.609,
100,-1.999,-0.403,
101,0.272,0.583,
102,-0.283,-0.35,
103,-0.693,-0.339,
104,0.009,-0.188,
105,-0.849,-0.185,
106,-0.069,-0.226,
107,0.345,1.195,
108,0.143,-0.194,
109,-0.244,-0.2,
110,-1.771,0.773,
111,-0.285,0.821,
112,-0.81,0.741,
113,0.411,-0.382,
114,-0.196,-0.095,
115,-0.125,-0.98,
116,-0.279,-0.443,
117,1.659,-0.268,
118,0.056,-0.515,
119,-0.572,0.395,
120,0.363,-1.075,
121,0.077,1.126,
122,-0.347,-0.004,
123,-0.385,-0.976,
124,0.528,-0.194,
125,-0.589,-0.505,
126,0.109,-0.189,
127,0.775,0.323,
128,0.058,0.034,
129,0.181,0.983,
130,-0.074,-0.073,
131,0.771,1.425,
132,-0.646,0.94,
133,-0.597,-0.665,
134,-0.381,-0.045,
135,-0.524,-0.301,
136,-0.975,0.218,
137,-0.913,-0.304,
138,-0.732,0.408,
139,0.155,-0.912,
140,0.23,0.316,
141,-0.42,-0.798,
142,-0.45,-0.321,
143,-0.145,0.462,
144,0.165,0.915,
145,-0.382,-0.786,
146,0.104,-0.189,
147,-0.736,-1.608,
148,-0.959,0.002,
149,1.455,-1.473,
150,-0.63,-0.673,
151,0.349,0.215,
152,-0.379,0.046,
153,0.715,0.521,
154,0.082,0.02,
155,-0.315,-0.406,
156,-0.133,-0.212,
157,0.28,-0.479,
158,-0.163,-0.138,
159,-0.369,-0.345,
160,0.352,-0.186,
161,-0.36,-0.342,
162,0.096,-0.512,
163,1.114,-0.451,
