1,0.602,1.927,
2,-0.142,-0.129,
3,-1.306,0.003,
4,-0.116,0.697,
5,-0.518,0.616,
6,-2.21,0.798,
7,-0.656,2.117,
8,-0.197,0.426,
9,-0.666,0.181,
10,-0.78,0.782,
11,0.534,1.47,
12,0.595,-0.691,
13,0.418,0.644,
14,-1.576,0.776,
15,-1.754,0.409,
16,0.267,0.904,
17,-1.896,0.651,
18,0.123,0.679,
19,-0.187,0.795,
20,-0.022,0.645,
21,0.476,0.189,
22,-0.375,0.137,
23,-0.426,-0.163,
24,-0.681,0.269,
25,-1.225,0.474,
26,-0.512,0.651,
27,-0.755,0.13,
28,0.721,0.741,
29,-0.169,0.334,
30,0.033,1.725,
31,-0.084,1.262,
32,-0.125,0.151,
33,-0.885,0.958,
34,-0.536,0.556,
35,-0.271,1.575,
36,-1.066,1.007,
37,-0.296,0.274,
38,0.027,-0.023,
39,-0.296,1.93,
40,-0.798,0.226,
41,-0.283,0.175,
42,0.832,-0.106,
43,0.054,0.376,
44,0.087,1.83,
45,-0.56,0.471,
46,-0.081,1.044,
47,-0.763,0.212,
48,0.692,0.002,
49,-0.667,-0.377,
50,-0.362,-0.206,
51,-0.333,0.522,
52,-0.156,0.556,
53,-0.046,0.038,
54,-0.577,0.661,
55,-0.107,-0.28,
56,-0.354,0.584,
57,0.446,0.605,
58,-0.554,0.787,
59,-1.368,0.703,
60,-0.17,0.019,
61,-0.555,1.459,
62,0.788,0.189,
63,-0.422,0.441,
64,-0.63,-0.471,
65,-0.198,0.05,
66,0.581,1.008,
67,-1.249,0.076,
68,-0.72,0.811,
69,-0.343,1.139,
70,0.094,0.439,
71,-0.609,1.045,
72,-0.532,1.164,
73,-0.699,0.472,
74,-0.164,0.589,
75,-1.362,1.844,
76,0.103,0.623,
77,-0.457,0.002,
78,0.354,0.941,
79,-1.108,0.345,
80,-0.563,0.449,
81,0.658,0.539,
82,-0.704,0.348,
83,0.256,0.287,
84,-0.609,0.559,
85,0.1,1.034,
86,-1.249,0.748,
87,-0.527,-0.537,
88,0.093,0.58,
89,1.003,0.2,
90,-0.58,0.676,
91,-0.349,0.509,
92,-0.883,0.447,
93,0.338,1.503,
94,-0.662,0.697,
95,-0.357,0.29,
96,0.384,-0.472,
97,0.392,0.556,
98,-1.289,0.304,
99,-0.533,0.131,
100,-0.834,0.756,
101,0.026,1.057,
102,-0.906,-0.029,
103,-0.103,0.218,
104,-0.422,0.344,
105,-0.022,0.938,
106,-0.311,1.01,
107,0.82,1.688,
108,-0.049,0.744,
109,-0.632,0.101,
110,0.258,0.718,
111,-0.078,0.098,
112,-1.252,0.764,
113,-0.735,0.363,
114,-0.161,0.264,
115,0.047,-0.818,
116,0.179,0.719,
117,-0.317,0.134,
118,-0.095,0.772,
119,0.342,0.815,
120,0.158,0.26,
121,-0.297,0.251,
122,0.149,0.493,
123,-0.956,-0.023,
124,-0.443,-0.161,
125,-0.35,0.452,
126,-0.391,0.799,
127,0.178,-0.339,
128,-0.403,0.745,
129,-0.065,0.514,
130,0.811,0.147,
131,-0.444,1.726,
132,-0.673,0.745,
133,-0.484,1.034,
134,-0.8,0.318,
135,-1.183,-0.64,
136,-0.234,-0.12,
137,-0.603,0.984,
138,0.117,0.938,
139,-0.66,0.043,
140,-0.395,0.05,
141,-0.465,-0.316,
142,-0.276,-0.316,
143,-0.648,1.579,
144,-0.583,0.432,
145,-0.483,-0.43,
146,-0.061,1.05,
147,-0.271,0.526,
148,-0.439,0.173,
149,0.395,-1.99,
150,-0.699,0.196,
151,1.122,0.731,
152,-0.338,0.821,
153,-0.311,0.247,
154,-0.963,1.287,
155,-0.681,0.342,
156,-1.301,-0.067,
157,-0.385,-0.164,
158,0.559,-0.014,
159,0.093,-0.133,
160,-0.605,0.627,
161,0.09,0.877,
162,-0.486,0.704,
163,0.088,-0.881,
