1,-0.043,-0.122,
2,0.019,0.035,
3,-0.197,-0.429,
4,0.124,0.076,
5,-0.345,-0.204,
6,-0.3,-0.358,
7,-0.143,-0.019,
8,-0.029,-0.247,
9,-0.519,0.194,
10,-0.083,0.206,
11,-0.414,0.252,
12,0.719,-0.138,
13,-0.05,-0.138,
14,0.09,-0.19,
15,-0.312,-0.263,
16,0.481,-0.239,
17,-0.399,0.333,
18,-0.029,0.536,
19,-0.228,0.292,
20,-0.067,0.275,
21,0.63,0.105,
22,0.055,-0.233,
23,-0.251,-0.26,
24,-0.498,0.463,
25,0.25,-0.116,
26,0.129,-0.019,
27,-0.375,0.173,
28,0.056,-0.101,
29,-0.316,0.052,
30,0.398,0.237,
31,0.427,-0.192,
32,0.099,-0.092,
33,-0.034,-0.01,
34,0.206,0.062,
35,-0.008,0.153,
36,-0.362,0.352,
37,0.019,0.097,
38,-0.035,-0.329,
39,0.43,-0.245,
40,-0.152,-0.264,
41,-0.376,-0.271,
42,-0.114,-0.248,
43,0.306,-0.219,
44,0.216,0.005,
45,0.011,-0.044,
46,0.236,-0.015,
47,0.027,-0.27,
48,0.094,0.009,
49,-0.248,0.157,
50,0.264,0.087,
51,-0.539,-0.296,
52,0.101,0.048,
53,-0.045,0.244,
54,-0.012,-0.174,
55,0.118,0.089,
56,-0.13,0.642,
57,-0.053,0.657,
58,-0.253,0.173,
59,0.138,0.035,
60,0.25,0.169,
61,-0.132,0.508,
62,0.346,-0.32,
63,0.187,-0.28,
64,0.028,0.145,
65,-0.034,-0.086,
66,0.067,0.062,
67,-0.385,0.206,
68,0.308,-0.121,
69,0.474,0.389,
70,-0.018,-0.187,
71,-0.241,0.121,
72,-0.364,0.162,
73,-0.044,0.076,
74,0.425,-0.096,
75,-0.356,0.298,
76,0.155,-0.115,
77,-0.026,0.096,
78,0.136,0.396,
79,-0.096,0.158,
80,-0.619,0.859,
81,-0.084,0.041,
82,-0.243,0.187,
83,0.188,0.213,
84,0.431,0.083,
85,-0.426,0.14,
86,0.17,-0.465,
87,0.082,-0.212,
88,-0.064,0.155,
89,-0.041,0.032,
90,-0.291,0.007,
91,0.125,0.532,
92,-0.212,0.179,
93,0.016,0.431,
94,-0.272,-0.087,
95,-0.398,-0.249,
96,0.275,-0.057,
97,-0.274,-0.364,
98,-0.122,-0.09,
99,0.073,-0.016,
100,0.287,-0.01,
101,-0.377,-0.025,
102,-0.185,0.521,
103,0.413,-0.2,
104,-0.109,0.154,
105,-0.312,0.301,
106,-0.239,-0.837,
107,0.054,-0.149,
108,0.182,-0.145,
109,-0.433,-0.611,
110,-0.025,-0.071,
111,0.085,-0.449,
112,-0.194,0.226,
113,0.021,-0.106,
114,0.388,0.049,
115,-0.319,0.249,
116,-0.085,0.312,
117,-0.258,-0.463,
118,0.022,-0.221,
119,0.197,0.292,
120,-0.402,-0.121,
121,-0.226,-0.649,
122,-0.018,-0.243,
123,-0.554,0.705,
124,-0.142,0.154,
125,0.035,0.05,
126,-0.02,-0.089,
127,0.011,-0.098,
128,-0.184,0.346,
129,0.431,0.143,
130,0.17,-0.424,
131,0.079,0.158,
132,-0.038,0.288,
133,-0.387,-0.038,
134,-0.801,-0.45,
135,0.045,-0.115,
136,-0.004,-0.177,
137,0.153,0.06,
138,0.809,0.165,
139,-0.26,0.057,
140,-0.28,0.063,
141,-0.385,0.743,
142,0.566,-0.163,
143,0.344,0.118,
144,0.753,-0.703,
145,0.439,-0.118,
146,-0.458,0.259,
147,0.146,0.015,
148,0.067,-0.089,
149,-0.07,-0.15,
150,-0.266,-0.153,
151,0.111,0.419,
152,0.17,-0.13,
153,-0.115,-0.214,
154,-0.183,0.53,
155,0.374,-0.06,
156,-0.391,0.332,
157,0.051,0.269,
158,0.071,-0.029,
159,-0.222,0.014,
160,-0.154,0.257,
161,0.219,-0.23,
162,-0.213,-0.1,
163,0.385,-0.312,
