1,1.461,0.589,
2,0.165,-1.085,
3,0.676,0.2,
4,0.327,0.08,
5,0.702,-0.793,
6,-0.815,1.471,
7,-0.67,-1.118,
8,2.626,0.154,
9,0.533,0.196,
10,0.262,0.269,
11,-0.794,-0.009,
12,1.132,-1.508,
13,0.34,-0.163,
14,-1.487,0.813,
15,0.087,-0.826,
16,-0.178,1.149,
17,0.52,-0.014,
18,0.13,-0.017,
19,-1.098,-0.517,
20,1.424,-1.199,
21,-0.793,-1.499,
22,0.952,-0.064,
23,-0.319,-0.803,
24,0.121,0.456,
25,-0.628,-0.583,
26,1.619,0.615,
27,0.634,1.269,
28,0.665,-0.34,
29,0.033,-1.189,
30,0.631,0.332,
31,-0.291,-0.278,
32,0.11,-0.656,
33,0.648,-0.783,
34,-1.3,0.283,
35,0.386,0.578,
36,0.12,0.404,
37,0.8,-0.118,
38,-0.852,1.326,
39,0.038,-0.638,
40,0.6,0.008,
41,1.511,-0.998,
42,0.611,-0.752,
43,1.294,0.639,
44,1.495,-0.233,
45,-0.574,-0.581,
46,-1.028,-0.21,
47,-0.404,0.461,
48,0.366,-0.387,
49,0.351,0.12,
50,0.726,-0.279,
51,-0.676,-1.216,
52,0.376,0.111,
53,1.127,0.487,
54,0.477,1.329,
55,0.31,-0.555,
56,0.217,0.171,
57,-0.198,-1.351,
58,0.258,0.374,
59,0.419,-1.122,
60,-0.805,0.129,
61,0.972,-0.583,
62,0.446,-0.532,
63,0.913,0.099,
64,0.072,-0.561,
65,-0.02,-0.969,
66,-0.131,-0.426,
67,-0.238,-0.472,
68,1.618,0.743,
69,0.156,-0.196,
70,0.253,-0.811,
71,1.229,0.018,
72,0.153,0.65,
73,-1.517,-0.752,
74,0.031,-0.458,
75,0.136,0.147,
76,0.675,0.287,
77,1.181,0.011,
78,0.169,-0.708,
79,-0.184,0.048,
80,-0.175,-1.668,
81,0.648,0.454,
82,0.112,-0.311,
83,-0.944,-2.08,
84,1.039,0.495,
85,-0.074,0.092,
86,1.381,-0.141,
87,-0.768,-1.003,
88,-2.024,-0.256,
89,1.889,-0.732,
90,0.379,-0.499,
91,0.555,-0.62,
92,0.296,-0.297,
93,-0.063,-0.516,
94,1.421,0.157,
95,0.005,0.079,
96,-0.758,-0.129,
97,0.869,-1.011,
98,-1.261,-0.699,
99,0.273,-0.449,
100,0.728,0.596,
101,-0.005,0.044,
102,-1.449,0.032,
103,1.224,-1.178,
104,0.4,0.151,
105,-0.293,-0.588,
106,-0.156,-0.28,
107,0.847,-0.951,
108,1.065,-0.179,
109,0.155,-0.713,
110,-0.074,0.089,
111,-0.502,1.588,
112,-0.809,-0.332,
113,0.342,0.497,
114,-0.482,-0.3,
115,-1.071,0.127,
116,0.259,-0.697,
117,0.505,0.13,
118,0.301,1.247,
119,0.422,-0.031,
120,0.973,-0.002,
121,0.061,-0.493,
122,0.332,-0.43,
123,0.299,-0.325,
124,0.851,-0.462,
125,-0.746,-0.256,
126,1.502,-0.07,
127,0.314,-0.661,
128,0.932,-0.288,
129,0.552,-0.378,
130,0.666,-0.047,
131,0.325,-0.07,
132,0.047,-0.748,
133,0.02,-0.057,
134,0.561,0.439,
135,-1.262,-1.337,
136,-0.481,-0.118,
137,-0.045,0.287,
138,0.298,-1.107,
139,-1.071,0.269,
140,0.315,-0.705,
141,-0.44,-0.33,
142,0.533,-1.262,
143,-0.226,-0.616,
144,1.408,0.44,
145,-0.291,-0.688,
146,-0.011,-0.701,
147,0.063,-0.677,
148,-0.227,-0.058,
149,-0.053,-0.221,
150,-1.653,-1.161,
151,0.882,-0.825,
152,0.096,0.055,
153,0.33,-0.825,
154,-0.075,-0.64,
155,-0.035,-0.6,
156,-0.414,-0.703,
157,0.485,-0.719,
158,1.358,1.254,
159,0.153,1.083,
160,0.174,-0.403,
161,1.108,-1.262,
162,-0.544,-1.051,
163,0.833,0.154,
