1,1.539,0.935,
2,0.036,-0.968,
3,0.55,0.571,
4,0.179,0.268,
5,0.199,-0.942,
6,0.158,2.222,
7,0.028,-0.908,
8,2.296,0.685,
9,0.52,0.731,
10,0.204,0.143,
11,-1.712,0.063,
12,1.423,-1.574,
13,-0.276,-0.127,
14,-1.742,0.82,
15,-0.04,-0.4,
16,-0.496,1.901,
17,0.25,0.074,
18,-0.263,0.42,
19,-1.628,-0.503,
20,0.37,0.227,
21,-0.652,-1.378,
22,0.884,-0.153,
23,-0.626,-0.656,
24,-0.154,0.906,
25,-0.606,-0.031,
26,1.277,0.425,
27,0.407,1.061,
28,0.3,-0.471,
29,-0.067,-0.733,
30,0.772,0.429,
31,-0.318,-0.431,
32,-0.045,-0.451,
33,0.923,-0.836,
34,-0.57,0.21,
35,0.214,0.397,
36,0.157,0.61,
37,0.577,0.077,
38,-1.079,0.896,
39,0.394,-0.201,
40,0.367,0.072,
41,1.187,-0.908,
42,0.185,-1.548,
43,1.293,0.666,
44,1.161,-0.349,
45,-0.824,-0.531,
46,-1.511,0.515,
47,-0.562,-0.3,
48,-0.026,-0.194,
49,0.316,0.858,
50,0.784,-0.286,
51,-1.226,-1.249,
52,0.339,-0.063,
53,1.055,1.262,
54,0.356,1.427,
55,0.085,0.083,
56,-0.223,0.397,
57,-0.264,-1.318,
58,0.209,0.755,
59,0.224,-0.792,
60,-1.381,0.611,
61,1.09,-0.231,
62,0.081,-0.176,
63,0.724,0.442,
64,0.237,-0.356,
65,-0.46,-0.964,
66,-1.064,-1.178,
67,-0.374,-0.303,
68,1.716,1.039,
69,-0.341,-0.319,
70,0.346,-1.31,
71,1.112,0.133,
72,-0.35,0.546,
73,-1.889,-0.52,
74,-0.046,-0.332,
75,0.685,0.551,
76,1.065,0.168,
77,0.88,0.252,
78,0.335,-0.314,
79,-0.263,-0.353,
80,-0.222,-0.853,
81,0.072,0.935,
82,-0.267,-0.043,
83,-0.846,-1.589,
84,1.444,0.915,
85,-0.702,0.267,
86,0.974,0.516,
87,-0.55,-0.686,
88,-1.535,0.093,
89,0.926,-0.622,
90,-0.049,-0.117,
91,0.823,-0.272,
92,0.173,0.434,
93,-0.42,-0.619,
94,1.047,-0.144,
95,-0.56,0.417,
96,-0.979,0.453,
97,0.601,-1.156,
98,-0.703,0.151,
99,-0.012,-0.407,
100,0.119,0.756,
101,-0.156,-0.008,
102,-2.318,0.221,
103,1.056,-1.409,
104,0.084,0.571,
105,-0.53,-0.282,
106,-0.606,-0.639,
107,-0.065,-0.818,
108,1.621,0.291,
109,-0.127,-0.816,
110,-0.037,0.51,
111,-1.022,1.943,
112,-0.592,-0.137,
113,0.158,0.943,
114,-0.624,-0.009,
115,-1.144,0.57,
116,0.198,-0.356,
117,-0.457,0.178,
118,0.068,1.291,
119,0.18,0.044,
120,1.034,0.044,
121,0.215,0.053,
122,0.066,-0.286,
123,0.206,0.347,
124,0.536,-0.042,
125,-0.686,0.658,
126,1.36,0.232,
127,0.13,-0.343,
128,1.084,-0.144,
129,0.45,-0.059,
130,0.617,0.404,
131,0.281,-0.404,
132,-0.001,-0.61,
133,-0.144,0.191,
134,0.405,0.554,
135,-1.484,-1.089,
136,-0.73,-0.237,
137,-0.113,0.571,
138,0.401,-1.144,
139,-1.101,1.011,
140,-0.103,-0.562,
141,-0.845,0.187,
142,0.22,-1.361,
143,-0.233,-0.629,
144,1.871,0.485,
145,-0.28,-0.295,
146,-0.098,-0.873,
147,-0.115,-0.432,
148,-0.831,0.026,
149,0.031,0.617,
150,-1.694,-2.039,
151,0.105,-0.505,
152,0.178,0.124,
153,0.171,-1.017,
154,-0.218,-0.308,
155,0.03,-0.451,
156,-0.621,-0.621,
157,-0.072,-0.667,
158,0.711,0.772,
159,-0.146,1.475,
160,-0.025,-0.171,
161,1.133,-1.119,
162,-0.975,-0.999,
163,0.53,0.379,
