1,2.141,2.328,
2,0.327,-1.281,
3,0.344,1.065,
4,0.351,0.085,
5,0.756,-1.14,
6,-0.12,2.401,
7,0.227,-0.178,
8,3.458,1.497,
9,1.324,0.415,
10,-0.085,-0.149,
11,-2.218,0.224,
12,1.745,-3.031,
13,-0.373,0.371,
14,-2.125,1.17,
15,-0.521,0.272,
16,0.088,3.049,
17,1.335,-0.398,
18,-0.09,1.085,
19,-2.222,0.003,
20,0.699,0.841,
21,-0.095,-0.917,
22,1.087,1.284,
23,-1.033,-0.647,
24,-0.569,1.779,
25,-1.905,0.364,
26,1.824,1.588,
27,0.158,2.785,
28,-0.117,-0.733,
29,-0.52,-0.864,
30,0.19,-0.748,
31,-0.385,-0.808,
32,-0.328,-0.772,
33,1.641,-1.336,
34,-0.494,-0.028,
35,0.066,0.412,
36,0.162,0.922,
37,0.68,-0.026,
38,-1.455,1.021,
39,0.677,1.087,
40,1.377,0.039,
41,2.153,-2.08,
42,0.017,-3.037,
43,1.785,1.244,
44,1.431,-0.689,
45,-0.68,-0.753,
46,-2.025,2.259,
47,-1.622,-0.137,
48,0.08,-0.822,
49,0.948,0.969,
50,1.616,0.332,
51,-0.454,-2.02,
52,0.423,-1.078,
53,0.78,1.088,
54,0.939,2.051,
55,0.231,-0.67,
56,-0.514,0.5,
57,0.43,-2.571,
58,-0.07,2.16,
59,-0.614,-1.017,
60,-2.712,1.167,
61,1.511,0.281,
62,0.535,-0.273,
63,1.621,1.093,
64,-0.448,-0.854,
65,-0.816,-1.935,
66,-1.881,-2.212,
67,-0.963,-0.359,
68,0.988,1.479,
69,-1.147,-0.458,
70,1.498,-3.125,
71,1.166,0.421,
72,-0.968,0.834,
73,-3.098,-1.179,
74,-0.309,-0.823,
75,0.181,0.093,
76,2.182,0.361,
77,2.007,0.424,
78,0.913,-1.312,
79,-1.049,-1.749,
80,-0.384,-1.465,
81,-0.199,1.745,
82,-0.137,-0.308,
83,-0.942,-2.909,
84,2.121,0.148,
85,0.006,0.683,
86,0.917,1.182,
87,-1.082,-0.607,
88,-2.979,0.233,
89,2.054,-1.499,
90,0.194,-0.106,
91,2.538,-0.967,
92,0.544,1.192,
93,-1.227,-1.202,
94,1.346,0.236,
95,-0.738,0.505,
96,-1.192,0.628,
97,0.546,-1.948,
98,-1.588,1.007,
99,-0.245,-0.942,
100,0.858,1.382,
101,-1.278,0.097,
102,-3.152,0.349,
103,2.077,-1.337,
104,0.297,1.089,
105,-0.097,0.468,
106,-0.139,-0.242,
107,0.129,-0.978,
108,2.625,-0.014,
109,0.525,-0.839,
110,-1.595,1.221,
111,-1.36,2.41,
112,-1.299,0.01,
113,-0.622,1.533,
114,-1.015,-0.001,
115,-3.149,0.381,
116,-0.904,-0.919,
117,-1.595,0.053,
118,-0.115,1.673,
119,0.58,-0.174,
120,2.829,0.361,
121,0.937,0.366,
122,0.975,0.856,
123,-0.8,0.287,
124,1.218,-0.813,
125,-0.811,1.538,
126,2.241,0.44,
127,0.106,-0.202,
128,1.936,-0.238,
129,0.9,-0.207,
130,1.176,1.273,
131,0.686,0.085,
132,0.664,-0.854,
133,-0.287,0.637,
134,-0.207,0.645,
135,-2.34,-1.277,
136,-1.211,-0.655,
137,-0.497,1.466,
138,0.884,-1.237,
139,-1.385,1.594,
140,-0.282,-0.792,
141,-1.307,0.372,
142,-0.416,-1.653,
143,0.055,-0.915,
144,1.859,1.001,
145,0.267,-0.773,
146,0.409,-1.265,
147,-0.07,-0.751,
148,-1.41,-0.319,
149,0.133,-0.162,
150,-2.001,-1.963,
151,-0.208,-1.168,
152,0.286,0.848,
153,0.333,-2.316,
154,-0.157,-0.296,
155,-0.201,-0.138,
156,-1.271,-1.414,
157,-0.284,-1.763,
158,1.703,0.391,
159,0.767,0.977,
160,-0.006,-0.556,
161,1.24,-1.178,
162,-0.892,-2.247,
163,0.686,-0.274,
