1,2.158,2.381,
2,0.195,-1.276,
3,0.281,1.085,
4,0.323,0.132,
5,0.55,-1.024,
6,-0.12,2.652,
7,0.518,0.126,
8,3.167,1.511,
9,1.041,0.666,
10,-0.04,-0.134,
11,-2.163,0.288,
12,1.717,-2.805,
13,-0.407,0.254,
14,-1.977,1.274,
15,-0.609,0.554,
16,-0.04,2.944,
17,0.976,-0.33,
18,-0.268,1.039,
19,-2.205,0.092,
20,0.355,1.33,
21,0.073,-0.71,
22,1.086,1.159,
23,-1.04,-0.642,
24,-0.515,1.664,
25,-1.648,0.291,
26,1.63,1.455,
27,0.18,2.212,
28,0.063,-0.489,
29,-0.444,-0.628,
30,0.207,-0.587,
31,-0.399,-0.671,
32,-0.244,-0.657,
33,1.683,-1.409,
34,-0.418,0.07,
35,0.055,0.315,
36,0.168,0.853,
37,0.643,0.038,
38,-1.428,0.879,
39,0.784,1.149,
40,1.084,-0.01,
41,1.972,-1.877,
42,-0.024,-2.908,
43,1.629,1.15,
44,1.333,-0.583,
45,-0.792,-0.572,
46,-1.828,2.297,
47,-1.604,-0.27,
48,0.031,-0.646,
49,0.856,1.173,
50,1.494,0.114,
51,-0.632,-2.036,
52,0.388,-1.079,
53,0.839,1.172,
54,0.732,1.798,
55,0.069,-0.347,
56,-0.52,0.576,
57,0.274,-2.412,
58,-0.043,2.04,
59,-0.468,-0.941,
60,-2.596,1.185,
61,1.494,0.431,
62,0.643,-0.189,
63,1.457,1.087,
64,-0.337,-0.817,
65,-0.826,-1.718,
66,-1.928,-2.201,
67,-0.825,-0.323,
68,0.995,1.508,
69,-1.129,-0.307,
70,1.319,-2.938,
71,1.202,0.305,
72,-0.926,0.644,
73,-3.011,-0.823,
74,-0.193,-0.656,
75,0.053,0.149,
76,2.206,0.323,
77,1.553,0.368,
78,0.835,-1.018,
79,-0.989,-1.701,
80,-0.236,-1,
81,-0.233,1.749,
82,-0.246,-0.227,
83,-0.66,-2.6,
84,1.917,0.228,
85,-0.21,0.592,
86,0.761,1.121,
87,-0.893,-0.507,
88,-2.699,0.139,
89,1.869,-1.328,
90,-0.015,0.04,
91,2.366,-0.69,
92,0.456,1.268,
93,-1.14,-1.044,
94,1.193,0.119,
95,-0.68,0.534,
96,-0.958,0.668,
97,0.675,-1.767,
98,-1.373,1.057,
99,-0.285,-0.859,
100,0.578,1.202,
101,-1.377,0.034,
102,-3.398,0.445,
103,1.703,-1.247,
104,0.135,1.095,
105,-0.041,0.417,
106,-0.303,-0.406,
107,-0.145,-0.86,
108,2.574,-0.042,
109,0.445,-0.974,
110,-1.2,1.16,
111,-1.369,2.319,
112,-1.114,0.035,
113,-0.545,1.387,
114,-0.833,-0.026,
115,-2.867,0.496,
116,-0.681,-0.693,
117,-1.619,0.062,
118,-0.246,1.577,
119,0.415,-0.163,
120,2.552,0.324,
121,0.846,0.279,
122,0.873,0.637,
123,-0.533,0.349,
124,1.082,-0.59,
125,-0.672,1.475,
126,2.093,0.507,
127,0.027,-0.254,
128,1.883,-0.244,
129,0.8,-0.165,
130,1.301,1.294,
131,0.608,-0.04,
132,0.423,-0.845,
133,-0.289,0.639,
134,-0.001,0.585,
135,-2.126,-1.185,
136,-1.202,-0.682,
137,-0.403,1.501,
138,0.836,-1.217,
139,-1.335,1.743,
140,-0.398,-0.683,
141,-1.398,0.395,
142,-0.414,-1.679,
143,0.203,-0.767,
144,1.805,0.943,
145,0.255,-0.705,
146,0.385,-1.13,
147,-0.068,-0.594,
148,-1.411,-0.363,
149,0.361,-0.169,
150,-1.756,-2.074,
151,-0.38,-0.851,
152,0.321,0.741,
153,0.319,-2.371,
154,-0.217,-0.245,
155,-0.098,-0.149,
156,-1.167,-1.251,
157,-0.602,-1.838,
158,1.592,0.051,
159,0.526,1.048,
160,-0.066,-0.368,
161,1.214,-1.134,
162,-0.912,-1.9,
163,0.34,-0.406,
