1,1.561,1.702,
2,0.394,-1.249,
3,0.45,0.547,
4,0.427,-0.141,
5,1.069,-0.916,
6,-0.57,1.682,
7,-0.237,-0.452,
8,3.235,0.869,
9,1.123,-0.065,
10,0.262,-0.106,
11,-1.507,0.271,
12,1.565,-2.686,
13,0.082,0.316,
14,-1.8,1.055,
15,-0.321,-0.23,
16,0.297,2.022,
17,1.641,-0.41,
18,0.196,0.446,
19,-1.748,-0.365,
20,1.249,-0.356,
21,-0.256,-1.106,
22,1.286,1.41,
23,-0.88,-0.848,
24,-0.434,1.066,
25,-1.523,-0.157,
26,2.195,1.617,
27,0.151,2.94,
28,-0.114,-0.731,
29,-0.486,-0.925,
30,0.18,-0.589,
31,-0.402,-0.455,
32,-0.205,-0.861,
33,1.079,-0.985,
34,-0.867,-0.205,
35,0.269,0.572,
36,0.191,0.754,
37,0.75,-0.22,
38,-1.227,1.223,
39,0.583,0.935,
40,1.566,-0.023,
41,2.163,-1.923,
42,0.342,-2.514,
43,1.507,0.879,
44,1.5,-0.505,
45,-0.647,-0.661,
46,-1.291,1.445,
47,-1.144,0.6,
48,0.391,-1.017,
49,0.728,0.149,
50,1.587,0.342,
51,-0.144,-1.863,
52,0.446,-0.624,
53,0.53,0.269,
54,0.941,1.618,
55,0.593,-1.409,
56,-0.129,0.37,
57,0.782,-2.298,
58,-0.113,1.483,
59,-0.648,-1.269,
60,-1.901,0.464,
61,1.278,-0.051,
62,0.553,-0.482,
63,1.573,0.586,
64,-0.511,-0.824,
65,-0.349,-1.671,
66,-1.076,-1.49,
67,-0.977,-0.554,
68,1.122,1.197,
69,-0.725,-0.44,
70,1.162,-2.403,
71,1.087,0.168,
72,-0.504,0.902,
73,-2.571,-1.295,
74,-0.159,-0.829,
75,0.055,-0.2,
76,1.461,0.871,
77,2.135,0.298,
78,0.805,-1.399,
79,-0.809,-1.205,
80,-0.546,-2.094,
81,0.153,1.11,
82,0.128,-0.649,
83,-0.972,-2.775,
84,1.673,-0.089,
85,0.288,0.544,
86,0.93,0.499,
87,-1.184,-0.775,
88,-2.59,0.193,
89,2.094,-1.262,
90,0.4,-0.428,
91,2.236,-1.255,
92,0.608,0.429,
93,-0.823,-0.919,
94,1.633,0.389,
95,-0.433,0.261,
96,-1.086,0.199,
97,0.401,-1.573,
98,-1.722,0.07,
99,0.06,-0.85,
100,1.337,0.866,
101,-0.593,0.175,
102,-2.028,0.095,
103,2.002,-1.199,
104,0.582,0.637,
105,0.041,0.243,
106,0.21,-0.088,
107,0.915,-0.814,
108,2.066,-0.48,
109,0.56,-0.798,
110,-1.308,0.477,
111,-0.839,1.942,
112,-1.253,-0.127,
113,-0.474,1.21,
114,-0.77,-0.186,
115,-2.707,-0.034,
116,-1.069,-1.218,
117,-0.456,-0.142,
118,0.13,1.471,
119,0.848,-0.116,
120,2.497,0.531,
121,0.721,-0.036,
122,1.096,0.786,
123,-0.404,-0.237,
124,1.31,-1.124,
125,-0.86,0.791,
126,2.144,0.14,
127,0.269,-0.55,
128,1.444,-0.221,
129,1.094,-0.446,
130,0.916,0.654,
131,0.871,0.246,
132,0.729,-0.927,
133,-0.146,0.223,
134,-0.125,0.348,
135,-2.291,-1.567,
136,-0.72,-0.596,
137,-0.29,1.043,
138,0.645,-1.137,
139,-1.124,0.812,
140,0.113,-0.775,
141,-0.8,0.069,
142,0.015,-1.261,
143,-0.136,-0.947,
144,1.345,0.914,
145,0.382,-1.13,
146,0.357,-1.149,
147,0.061,-0.877,
148,-0.934,-0.367,
149,-0.003,-0.739,
150,-1.897,-1.049,
151,0.46,-1.333,
152,0.089,0.731,
153,0.416,-1.845,
154,-0.048,-0.671,
155,-0.267,-0.131,
156,-1.047,-1.153,
157,0.415,-1.36,
158,1.969,0.743,
159,0.891,0.744,
160,0.121,-0.701,
161,1.495,-1.024,
162,-0.572,-2.092,
163,0.922,-0.315,
