1,0.234,0.14,
2,-0.058,-0.143,
3,-0.987,-0.977,
4,0.197,0.077,
5,-0.594,-0.299,
6,-0.892,-0.406,
7,-0.522,0.339,
8,-0.356,-0.124,
9,-1.425,0.483,
10,-0.126,0.358,
11,-0.562,0.6,
12,1.034,-0.296,
13,0.106,-0.204,
14,-0.114,0.121,
15,-0.946,-0.366,
16,0.763,-0.113,
17,-0.55,0.299,
18,0.221,0.749,
19,-0.174,0.308,
20,-0.071,0.491,
21,1.127,-0.132,
22,0.005,-0.433,
23,-0.514,-0.57,
24,-0.751,0.669,
25,-0.065,-0.309,
26,-0.026,0.051,
27,-0.782,0.22,
28,0.169,-0.195,
29,-0.352,0.029,
30,0.131,0.241,
31,0.673,-0.212,
32,0.19,-0.111,
33,-0.287,-0.007,
34,0.381,0.183,
35,0.032,0.182,
36,-0.903,0.371,
37,-0.092,0.116,
38,0.063,-0.443,
39,0.501,0.012,
40,-0.23,-0.316,
41,-0.73,-0.569,
42,-0.151,-0.307,
43,0.299,-0.151,
44,0.329,0.111,
45,-0.009,-0.073,
46,0.466,0.047,
47,0.053,-0.279,
48,0.152,-0.049,
49,-0.53,-0.011,
50,0.545,0.087,
51,-0.62,-0.527,
52,0.096,0.068,
53,-0.151,0.281,
54,-0.241,-0.379,
55,0.244,0.139,
56,-0.035,0.832,
57,0.269,1.044,
58,-0.441,0.252,
59,-0.103,0.209,
60,0.613,0.147,
61,-0.304,1.07,
62,0.562,-0.662,
63,0.42,-0.605,
64,-0.002,0.164,
65,-0.085,-0.163,
66,0.243,0.103,
67,-0.646,0.306,
68,0.436,-0.082,
69,0.467,0.665,
70,0.254,-0.279,
71,-0.398,0.237,
72,-0.674,0.317,
73,-0.215,-0.135,
74,0.342,-0.275,
75,-0.904,0.388,
76,0.264,-0.182,
77,0.014,-0.045,
78,0.295,0.516,
79,-0.113,0.098,
80,-0.858,1.355,
81,-0.083,-0.006,
82,-0.613,0.281,
83,0.243,0.283,
84,0.383,0.123,
85,-0.212,0.36,
86,0.157,-0.514,
87,0.015,-0.262,
88,-0.329,0.424,
89,-0.039,0.058,
90,-0.604,-0.029,
91,0.082,0.778,
92,-0.306,0.236,
93,0.11,0.567,
94,-0.517,-0.171,
95,-0.734,-0.56,
96,0.308,-0.062,
97,-0.306,-0.346,
98,-0.285,-0.033,
99,0.055,-0.143,
100,0.35,0.168,
101,-0.391,-0.033,
102,-0.573,0.555,
103,0.64,-0.101,
104,-0.119,0.138,
105,-0.563,0.705,
106,-0.049,-0.619,
107,0.376,-0.006,
108,0.197,-0.179,
109,-0.672,-0.801,
110,-0.052,0.03,
111,0.262,-0.812,
112,-0.372,0.564,
113,-0.158,-0.309,
114,0.644,-0.026,
115,-0.325,0.13,
116,-0.057,0.63,
117,-0.646,-0.765,
118,-0.036,-0.285,
119,0.324,0.44,
120,-0.641,-0.183,
121,-0.288,-0.887,
122,-0.201,-0.436,
123,-0.997,1.087,
124,-0.296,-0.051,
125,0.091,0.287,
126,-0.258,0.02,
127,0.048,-0.28,
128,-0.202,0.341,
129,0.546,0.162,
130,0.375,-0.872,
131,0.112,0.391,
132,-0.078,0.58,
133,-0.518,0.137,
134,-1.19,-0.856,
135,-0.014,-0.644,
136,0.073,-0.418,
137,0.165,0.102,
138,1.336,0.246,
139,-0.527,0.108,
140,-0.404,0.096,
141,-0.352,0.964,
142,0.936,-0.211,
143,0.411,0.57,
144,0.629,-0.62,
145,0.699,-0.286,
146,-0.649,0.427,
147,0.326,-0.096,
148,0.15,-0.091,
149,0.151,-0.492,
150,-0.197,-0.217,
151,0.354,0.5,
152,0.305,-0.225,
153,-0.17,-0.303,
154,-0.324,1.107,
155,0.406,-0.113,
156,-0.792,0.084,
157,0.06,0.333,
158,0.245,-0.543,
159,-0.161,-0.092,
160,-0.135,0.244,
161,0.22,-0.162,
162,-0.168,-0.217,
163,0.359,-0.689,
