1,0.443,0.113,
2,0.464,-0.773,
3,0.22,-0.503,
4,0.598,-0.492,
5,0.723,-0.126,
6,-0.876,-0.228,
7,0.449,0.071,
8,1.03,-0.214,
9,0.207,-1.057,
10,0.219,0.155,
11,0.775,0.152,
12,0.788,-0.849,
13,1.147,-0.371,
14,-0.011,-0.114,
15,-0.055,-0.583,
16,0.625,-0.59,
17,0.548,-0.261,
18,0.508,-0.478,
19,0.347,-0.308,
20,0.604,-0.767,
21,0.435,-0.512,
22,0.404,-0.067,
23,0.331,-0.792,
24,0.193,-0.557,
25,0.047,-0.251,
26,0.997,0.618,
27,0.559,0.129,
28,0.439,-0.307,
29,0.171,-0.283,
30,0.29,0.024,
31,0.367,0.238,
32,0.54,-0.742,
33,0.333,-0.297,
34,-0.348,-0.657,
35,0.659,0.376,
36,0.193,-0.134,
37,0.548,-0.419,
38,0.292,-0.439,
39,0.554,-0.072,
40,0.667,-0.458,
41,0.951,-0.323,
42,0.985,-0.403,
43,0.666,-0.252,
44,0.902,0.018,
45,0.204,-0.222,
46,0.542,-0.117,
47,-0.209,-0.673,
48,1.177,-0.667,
49,0.258,-0.799,
50,0.51,-0.509,
51,0.54,-0.568,
52,0.471,-0.382,
53,0.597,-1.001,
54,0.72,-0.054,
55,0.431,-1.515,
56,0.405,-0.105,
57,0.776,-0.696,
58,0.138,0.076,
59,0.011,-0.768,
60,0.367,-0.57,
61,0.493,-0.328,
62,1.078,-0.36,
63,0.667,-0.312,
64,-0.137,-0.856,
65,0.643,-0.597,
66,0.725,0.101,
67,-0.137,-0.723,
68,0.624,-0.169,
69,0.508,0.402,
70,0.295,-0.419,
71,0.438,-0.611,
72,0.777,-0.358,
73,-0.158,-0.321,
74,0.676,-0.28,
75,-0.069,-0.605,
76,0.601,0.233,
77,0.505,-0.434,
78,0.278,-0.443,
79,-0.38,-0.294,
80,0.015,-1.385,
81,0.637,-0.36,
82,0.627,-0.573,
83,0.234,-0.543,
84,0.382,-0.451,
85,0.745,-0.201,
86,0.526,-0.099,
87,0.142,-0.845,
88,0.653,-0.514,
89,0.972,-0.382,
90,0.552,-0.664,
91,0.731,-0.061,
92,0.49,-0.765,
93,0.063,0.021,
94,0.304,0.116,
95,0.495,-0.598,
96,0.385,-0.696,
97,0.778,-0.229,
98,-0.241,-1.198,
99,0.537,-0.473,
100,0.624,-0.614,
101,0.405,-0.003,
102,0.432,-0.68,
103,0.559,-0.004,
104,0.534,-0.384,
105,0.383,-0.488,
106,0.533,-0.178,
107,1.202,0.366,
108,0.496,-0.799,
109,0.547,-0.438,
110,0.826,-0.472,
111,0.328,-0.166,
112,-0.379,-0.428,
113,0.322,-0.21,
114,0.244,-0.763,
115,0.2,-1.713,
116,-0.052,-0.92,
117,0.985,-0.279,
118,0.397,-0.316,
119,0.659,-0.293,
120,0.777,-0.16,
121,0.236,-0.586,
122,0.87,0.062,
123,0.149,-1.272,
124,1.039,-0.993,
125,0.017,-0.738,
126,0.802,-0.696,
127,0.709,-0.903,
128,0.282,-0.055,
129,0.83,-0.616,
130,0.668,-0.351,
131,0.915,0.685,
132,0.163,-0.605,
133,0.164,-0.416,
134,0.382,-0.294,
135,0.053,-0.849,
136,0.46,-0.584,
137,0.148,-0.201,
138,0.243,-0.423,
139,-0.132,-0.872,
140,0.538,-0.472,
141,0.33,-0.929,
142,0.251,-0.643,
143,0.358,-0.282,
144,0.187,-0.171,
145,0.501,-1.015,
146,1.092,-0.137,
147,0.45,-0.513,
148,-0.007,-0.43,
149,0.427,-2.031,
150,-0.658,-0.301,
151,1.306,-0.127,
152,0.109,0.128,
153,0.613,-0.757,
154,0.245,-0.808,
155,0.082,-0.371,
156,-0.099,-0.05,
157,0.235,-0.56,
158,1.132,-0.19,
159,0.526,-0.395,
160,0.235,-0.267,
161,0.998,-0.371,
162,0.594,-0.562,
163,1.1,-1.157,
