1,0.29,0.667,
2,-0.083,-0.579,
3,0.185,0.656,
4,0.195,0.106,
5,-0.033,-0.321,
6,0.362,1.274,
7,0.212,-0.017,
8,0.707,0.211,
9,0.396,0.454,
10,-0.002,-0.07,
11,-0.885,-0.107,
12,1.308,-0.96,
13,-0.552,-0.239,
14,-0.483,-0.207,
15,0.139,0.469,
16,-0.162,1.008,
17,-0.216,0.145,
18,-0.536,0.672,
19,-0.845,0.22,
20,-0.346,1.281,
21,0.256,-0.002,
22,0.573,0.294,
23,-0.275,-0.342,
24,-0.358,0.713,
25,0.136,-0.017,
26,0.614,-0.051,
27,0.074,0.413,
28,0.034,-0.002,
29,-0.294,0.106,
30,0.624,0.241,
31,-0.017,-0.306,
32,-0.043,-0.184,
33,0.732,-0.825,
34,0.146,-0.036,
35,-0.005,0.083,
36,0.179,0.435,
37,0.108,0.158,
38,-0.251,0.195,
39,0.484,0.167,
40,0.116,-0.288,
41,0.489,-0.495,
42,-0.122,-1.753,
43,0.667,0.331,
44,0.3,-0.128,
45,-0.2,0.031,
46,-0.091,0.268,
47,-0.295,0.044,
48,0.004,-0.107,
49,0.077,0.929,
50,0.576,-0.188,
51,-0.616,-0.86,
52,0.322,-0.355,
53,0.467,0.784,
54,0.352,0.121,
55,-0.143,0.097,
56,-0.249,0.703,
57,-0.156,-0.73,
58,-0.07,0.969,
59,0.058,-0.342,
60,-1.242,0.686,
61,0.611,0.482,
62,-0.14,0.019,
63,0.209,0.615,
64,0.028,-0.189,
65,-0.349,-0.573,
66,-1.175,-0.826,
67,-0.422,-0.274,
68,0.712,0.438,
69,0.376,-0.109,
70,0.405,-1.481,
71,0.272,-0.024,
72,-0.396,0.173,
73,-0.533,0.13,
74,0.291,-0.027,
75,1.003,0.079,
76,0.921,-0.005,
77,0.115,0.088,
78,0.292,0.177,
79,-0.638,-0.81,
80,-0.089,0.539,
81,-0.558,0.974,
82,-0.158,0.098,
83,0.67,-0.466,
84,1.045,-0.286,
85,-0.934,0.055,
86,0.075,0.178,
87,0.038,-0.171,
88,-0.332,0.092,
89,-0.196,-0.204,
90,-0.263,0.291,
91,0.797,0.243,
92,0.088,0.929,
93,-0.49,-0.069,
94,0.343,-0.29,
95,-0.357,0.324,
96,0.008,0.507,
97,0.291,-0.747,
98,-0.782,0.687,
99,-0.228,-0.358,
100,0.139,0.075,
101,-0.097,-0.154,
102,-1.112,0.562,
103,0.381,-0.675,
104,-0.255,0.548,
105,0.103,0.282,
106,-0.46,-0.958,
107,-0.566,-0.337,
108,1.16,-0.107,
109,-0.206,-0.73,
110,-0.214,0.481,
111,-0.452,0.476,
112,-0.313,-0.006,
113,-0.132,0.508,
114,-0.056,0.164,
115,-0.96,0.271,
116,-0.094,-0.038,
117,-0.919,-0.003,
118,-0.134,0.321,
119,0.041,0.003,
120,0.894,-0.031,
121,0.329,-0.162,
122,0.445,0.196,
123,0.047,0.605,
124,0.135,0.17,
125,0.082,0.566,
126,0.944,0.345,
127,0.036,-0.092,
128,0.674,0.22,
129,0.435,0.208,
130,0.528,0.878,
131,0.107,-0.077,
132,-0.008,-0.176,
133,-0.26,0.246,
134,-0.203,0.179,
135,-0.595,-0.438,
136,-0.249,-0.18,
137,-0.187,0.724,
138,0.418,-0.314,
139,-0.494,1.023,
140,-0.499,-0.158,
141,-0.935,0.561,
142,-0.049,-0.53,
143,0.512,-0.161,
144,1.203,0.157,
145,0.485,0.035,
146,0.07,-0.213,
147,-0.07,0.07,
148,-0.268,-0.072,
149,0.079,-0.217,
150,-0.657,-0.749,
151,-0.513,0.204,
152,0.193,0.276,
153,0.155,-1.084,
154,-0.091,0.072,
155,0.227,-0.099,
156,-0.546,-0.108,
157,-0.168,-0.38,
158,0.556,0.197,
159,-0.046,0.222,
160,-0.271,0.257,
161,0.894,-0.562,
162,-0.551,-0.237,
163,0.08,-0.285,
