1,-0.072,0.255,
2,-0.052,-0.299,
3,0.264,0.442,
4,0.147,0.066,
5,-0.099,-0.189,
6,0.299,0.566,
7,0.099,-0.113,
8,0.312,-0.129,
9,0.326,0.131,
10,-0.046,-0.045,
11,-0.469,-0.09,
12,0.906,-0.473,
13,-0.444,-0.188,
14,-0.081,-0.488,
15,0.143,0.207,
16,-0.043,0.399,
17,-0.316,0.258,
18,-0.447,0.522,
19,-0.457,0.281,
20,-0.253,0.749,
21,0.249,0.162,
22,0.332,0.115,
23,-0.088,-0.222,
24,-0.33,0.431,
25,0.312,-0.024,
26,0.419,-0.146,
27,0.035,0.187,
28,0.035,0.06,
29,-0.302,0.134,
30,0.677,0.321,
31,0.082,-0.212,
32,-0.011,-0.113,
33,0.423,-0.457,
34,0.105,-0.032,
35,-0.13,0.103,
36,0.194,0.358,
37,0.034,0.127,
38,0.006,0.01,
39,0.386,-0.102,
40,-0.031,-0.301,
41,0.226,-0.188,
42,-0.046,-1.195,
43,0.465,0.106,
44,0.069,-0.027,
45,-0.014,0.09,
46,0.163,0.03,
47,-0.122,0.03,
48,0.029,-0.07,
49,-0.09,0.626,
50,0.295,-0.046,
51,-0.463,-0.462,
52,0.235,-0.184,
53,0.251,0.527,
54,0.318,-0.072,
55,-0.076,0.021,
56,-0.188,0.652,
57,-0.195,-0.33,
58,-0.073,0.568,
59,0.134,-0.168,
60,-0.707,0.43,
61,0.264,0.255,
62,-0.081,0.054,
63,0.014,0.379,
64,0.067,-0.052,
65,-0.143,-0.292,
66,-0.629,-0.435,
67,-0.283,-0.162,
68,0.439,0.128,
69,0.446,-0.069,
70,0.149,-0.913,
71,0.108,-0.092,
72,-0.196,0.09,
73,-0.09,0.263,
74,0.357,0.072,
75,0.774,0.096,
76,0.565,-0.1,
77,-0.045,0.081,
78,0.184,0.327,
79,-0.475,-0.384,
80,-0.174,0.506,
81,-0.351,0.571,
82,-0.023,0.111,
83,0.561,-0.122,
84,0.747,-0.363,
85,-0.808,-0.077,
86,0.04,-0.135,
87,0.116,-0.162,
88,-0.008,0.04,
89,-0.274,-0.076,
90,-0.154,0.234,
91,0.47,0.295,
92,-0.014,0.607,
93,-0.27,0.152,
94,0.141,-0.201,
95,-0.232,0.227,
96,0.162,0.214,
97,0.062,-0.516,
98,-0.451,0.398,
99,-0.142,-0.221,
100,0.184,-0.105,
101,-0.049,-0.13,
102,-0.424,0.627,
103,0.195,-0.461,
104,-0.205,0.339,
105,0.098,0.159,
106,-0.422,-1.023,
107,-0.387,-0.282,
108,0.637,-0.088,
109,-0.218,-0.552,
110,-0.134,0.224,
111,-0.252,0.006,
112,-0.139,-0.012,
113,-0.045,0.302,
114,0.07,0.159,
115,-0.58,0.249,
116,-0.057,0.006,
117,-0.438,-0.039,
118,-0.046,0.029,
119,0.044,0.061,
120,0.469,-0.042,
121,0.141,-0.28,
122,0.313,0.133,
123,0.015,0.459,
124,0.002,0.22,
125,0.086,0.229,
126,0.552,0.129,
127,0.046,-0.056,
128,0.259,0.313,
129,0.421,0.199,
130,0.313,0.606,
131,-0.022,-0.001,
132,-0.02,-0.048,
133,-0.235,0.067,
134,-0.322,0.07,
135,-0.218,-0.148,
136,-0.09,-0.109,
137,-0.093,0.397,
138,0.307,-0.044,
139,-0.239,0.571,
140,-0.362,-0.079,
141,-0.706,0.515,
142,0.008,-0.288,
143,0.428,-0.186,
144,0.995,-0.245,
145,0.448,0.042,
146,-0.045,0.062,
147,-0.077,0.126,
148,-0.037,-0.072,
149,-0.052,-0.086,
150,-0.408,-0.397,
151,-0.326,0.293,
152,0.11,0.135,
153,0.07,-0.621,
154,-0.038,0.05,
155,0.242,-0.092,
156,-0.386,0.229,
157,-0.067,-0.116,
158,0.152,0.3,
159,-0.153,-0.042,
160,-0.261,0.31,
161,0.606,-0.379,
162,-0.35,0.061,
163,0.191,-0.232,
