1,-0.583,-1.347,
2,-0.348,-1.106,
3,-0.105,-1.824,
4,-1.231,-0.093,
5,0.302,-0.42,
6,-0.488,-0.091,
7,0.15,-0.585,
8,-0.237,-1.529,
9,0.9,-0.276,
10,-0.743,-0.251,
11,0.188,-1.097,
12,0.612,-0.245,
13,0.083,0.438,
14,-0.896,-0.453,
15,-0.905,-0.41,
16,0.203,-0.506,
17,-1.222,-2.27,
18,0.357,-0.845,
19,0.319,-0.124,
20,0.099,-0.188,
21,-0.119,-1.167,
22,-0.008,-0.308,
23,-0.561,-1.601,
24,1.053,-1.521,
25,-0.099,-0.894,
26,-1.704,-1.061,
27,-0.772,-1.011,
28,1.118,-0.588,
29,0.815,0.253,
30,1.749,-0.275,
31,-0.363,-1.054,
32,0.489,-0.85,
33,-1.604,-1.517,
34,-0.2,-2.229,
35,-0.022,-0.761,
36,0.317,-0.16,
37,0.688,-0.029,
38,0.811,-0.862,
39,-0.554,-0.623,
40,0.696,-1.532,
41,0.515,0.549,
42,-0.223,0.994,
43,-0.003,1.184,
44,-0.723,-1.142,
45,-0.222,-0.823,
46,-0.906,-0.166,
47,-0.283,-0.096,
48,-0.174,-0.504,
49,0.226,-1.175,
50,0.095,-0.572,
51,-0.318,-1.367,
52,-0.739,-0.107,
53,-0.769,0.633,
54,-1.113,-0.215,
55,-1.296,-0.867,
56,-0.4,-0.371,
57,0.181,-0.735,
58,-1.213,-0.354,
59,-0.266,-1.369,
60,0.074,-0.766,
61,-1.014,-0.194,
62,0.071,-0.69,
63,1.14,0.361,
64,-0.804,-0.35,
65,0.721,-0.545,
66,0.835,-0.109,
67,-0.977,0.585,
68,-0.115,-0.71,
69,-0.325,-0.145,
70,0.893,-0.6,
71,0.413,-0.926,
72,-0.048,-1.459,
73,0.978,-0.831,
74,0.911,-0.675,
75,1.23,-0.005,
76,-0.693,-1.442,
77,0.229,0.411,
78,0.019,1.05,
79,0.09,0.058,
80,1.136,-0.491,
81,-0.911,-1.075,
82,-0.299,0.563,
83,0.02,-0.249,
84,-0.267,-0.349,
85,0.767,-0.678,
86,0.747,0.334,
87,-0.239,-0.791,
88,0.519,0.366,
89,-1.316,-0.584,
90,-0.671,-0.071,
91,-1.172,-0.408,
92,-0.519,-0.371,
93,0.639,0.789,
94,-0.763,1.563,
95,1.107,-0.762,
96,-0.364,-1.074,
97,-0.849,-0.535,
98,-0.816,-2.105,
99,-0.076,-0.749,
100,-0.106,-1.635,
101,-0.039,-0.393,
102,-0.447,-1.331,
103,-0.348,-1.332,
104,-0.418,-0.579,
105,-1.415,-0.464,
106,0.734,-0.202,
107,-0.341,0.225,
108,-0.096,-1.153,
109,0.338,-1.984,
110,-0.832,-2.004,
111,0.023,0.377,
112,0.467,-1.227,
113,0.242,-0.791,
114,-0.066,-0.868,
115,-0.331,-1.756,
116,0.1,-1.18,
117,1.452,-0.554,
118,0.425,-0.562,
119,0.459,-1.109,
120,-0.158,-0.363,
121,-0.016,-0.508,
122,0.291,-0.201,
123,-0.166,-1.46,
124,-0.748,-1.266,
125,-0.145,-0.619,
126,0.343,-0.376,
127,0.429,-1.597,
128,-0.081,-0.489,
129,-0.406,-0.47,
130,-0.544,-0.283,
131,0.142,-0.285,
132,0.332,0.985,
133,-0.432,-0.801,
134,-0.123,-0.423,
135,-1.587,-1.247,
136,-0.221,-0.757,
137,1.048,-0.074,
138,-0.429,-0.35,
139,-0.972,-0.565,
140,-0.666,-1.132,
141,-0.968,-0.975,
142,0.531,-1.323,
143,-0.409,0.14,
144,-0.611,-1.005,
145,-0.965,-0.634,
146,0.316,0.35,
147,-0.102,-0.725,
148,-1.477,-0.323,
149,-0.353,-1.219,
150,-1.185,-2.98,
151,-0.022,-0.139,
152,-1.327,-0.714,
153,0.271,-0.582,
154,-1.361,0.004,
155,-0.879,-1.247,
156,0.779,-0.053,
157,-0.23,-0.652,
158,-0.178,-0.612,
159,-0.09,0.043,
160,-1.239,-0.467,
161,-0.657,-0.242,
162,0.646,0.354,
163,0.824,-0.824,
