1,0.685,0.893,
2,0.398,-0.878,
3,0.43,-0.255,
4,0.516,-0.404,
5,0.941,-0.234,
6,-1.041,0.812,
7,0.262,0.103,
8,1.851,0.188,
9,0.385,-0.729,
10,0.452,0.058,
11,0.134,0.349,
12,0.981,-1.425,
13,0.928,-0.148,
14,-0.722,0.667,
15,-0.394,-0.347,
16,0.787,0.263,
17,1.196,-0.32,
18,0.484,-0.393,
19,-0.484,-0.381,
20,1.032,-1.021,
21,0.162,-0.742,
22,0.91,0.83,
23,-0.233,-0.993,
24,-0.07,-0.147,
25,-0.518,-0.743,
26,1.759,1.174,
27,0.349,1.371,
28,0.286,-0.305,
29,-0.168,-0.455,
30,0.184,-0.09,
31,-0.039,0.166,
32,0.291,-0.805,
33,0.369,-0.425,
34,-0.76,-0.427,
35,0.594,0.544,
36,0.231,0.238,
37,0.679,-0.412,
38,-0.302,0.349,
39,0.64,0.454,
40,1.093,-0.255,
41,1.53,-0.989,
42,0.87,-1.074,
43,0.811,-0.002,
44,1.343,-0.131,
45,-0.501,-0.379,
46,0.074,0.468,
47,-0.5,0.44,
48,0.885,-0.9,
49,0.526,-0.67,
50,1.057,-0.181,
51,0.212,-1.169,
52,0.421,-0.265,
53,0.324,-0.873,
54,0.658,0.485,
55,0.652,-1.694,
56,0.333,0.17,
57,0.979,-1.236,
58,0.03,0.293,
59,-0.247,-0.998,
60,-0.207,-0.449,
61,0.57,-0.23,
62,1.324,-0.4,
63,1.11,-0.167,
64,-0.372,-0.856,
65,0.344,-0.853,
66,0.371,-0.267,
67,-0.503,-0.655,
68,0.777,0.288,
69,0.133,0.357,
70,0.379,-0.8,
71,0.68,-0.476,
72,0.414,0.152,
73,-1.094,-0.644,
74,0.337,-0.481,
75,-0.788,-0.501,
76,0.965,0.82,
77,1.188,-0.096,
78,0.391,-0.826,
79,-0.33,-0.316,
80,-0.31,-1.95,
81,0.592,-0.035,
82,0.406,-0.803,
83,-0.461,-1.794,
84,0.519,-0.205,
85,0.543,0.098,
86,0.797,-0.277,
87,-0.72,-0.861,
88,-0.833,-0.304,
89,1.907,-0.736,
90,0.45,-0.682,
91,1.289,-0.593,
92,0.493,-0.646,
93,-0.048,-0.147,
94,1.142,0.351,
95,0.268,-0.347,
96,-0.032,-0.66,
97,0.65,-0.606,
98,-0.817,-1.06,
99,0.466,-0.571,
100,1.102,-0.249,
101,0.106,0.146,
102,-0.755,-0.413,
103,1.117,-0.326,
104,0.698,-0.088,
105,0.386,-0.274,
106,0.416,-0.128,
107,1.437,-0.064,
108,0.901,-0.914,
109,0.606,-0.594,
110,0.283,-0.628,
111,0.078,0.548,
112,-0.746,-0.202,
113,0.006,0.267,
114,-0.115,-0.621,
115,-0.934,-1.063,
116,-0.621,-1.148,
117,0.974,-0.292,
118,0.242,0.455,
119,0.846,-0.141,
120,1.311,0.359,
121,0.185,-0.781,
122,0.994,0.33,
123,0.223,-1.028,
124,1.314,-1.258,
125,-0.463,-0.436,
126,1.151,-0.499,
127,0.525,-0.916,
128,0.554,-0.142,
129,1.102,-0.766,
130,0.762,-0.256,
131,0.98,0.59,
132,0.348,-0.874,
133,0.079,-0.324,
134,0.359,-0.166,
135,-0.794,-1.161,
136,0.12,-0.65,
137,0.114,0.137,
138,0.311,-0.742,
139,-0.39,-0.422,
140,0.542,-0.596,
141,0.029,-0.607,
142,0.344,-0.764,
143,0.086,-0.653,
144,0.344,0.137,
145,0.416,-1.336,
146,0.566,-0.646,
147,0.298,-0.736,
148,-0.279,-0.58,
149,0.367,-1.846,
150,-0.764,-0.41,
151,1.204,-0.738,
152,0,0.269,
153,0.506,-1.096,
154,0.088,-0.999,
155,-0.114,-0.258,
156,-0.533,-0.453,
157,0.173,-0.949,
158,1.718,0.073,
159,0.682,0.057,
160,0.228,-0.494,
161,1.348,-0.635,
162,0.198,-1.186,
163,0.698,-1.228,
