1,-0.672,-0.669,
2,-0.521,-0.12,
3,0.558,-0.671,
4,-0.542,0.421,
5,0.061,-0.433,
6,0.1,0.134,
7,0.447,-0.411,
8,-0.142,-0.761,
9,2.16,0.113,
10,0.069,-0.223,
11,-0.202,-0.64,
12,0.534,0.221,
13,0.103,0.271,
14,-0.094,-0.218,
15,-0.519,0.189,
16,0.878,-0.205,
17,-0.244,-0.753,
18,0.33,0.33,
19,-0.61,0.586,
20,-0.091,0.173,
21,0.005,-0.084,
22,0.169,0.116,
23,0.233,-1.365,
24,-0.095,-0.63,
25,0.343,-0.633,
26,-1.519,-1.116,
27,-1.198,-0.479,
28,0.714,-0.13,
29,0.287,0.828,
30,0.838,0.215,
31,-0.323,-0.723,
32,0.436,-0.359,
33,-0.948,-0.347,
34,0.288,-1.441,
35,-0.229,-0.052,
36,0.603,0.3,
37,1.024,0.406,
38,0.595,-0.343,
39,0.378,-0.365,
40,0.844,-0.369,
41,0.422,1.028,
42,0.079,0.692,
43,0.465,1.03,
44,0.029,-0.881,
45,-0.26,-0.054,
46,-0.392,0.052,
47,0.115,0.868,
48,-0.577,-0.666,
49,0.326,-0.662,
50,0.872,0.421,
51,-0.572,-1.039,
52,-0.647,0.713,
53,-0.625,1.145,
54,-0.788,-0.127,
55,-0.525,0.143,
56,-0.643,0.191,
57,0.336,-0.037,
58,-1.353,0.163,
59,0.046,-0.618,
60,0.058,-0.014,
61,-0.897,-0.03,
62,0.169,-0.342,
63,1.144,1.199,
64,0.011,0.834,
65,0.324,0.24,
66,0.785,0.262,
67,0.864,0.88,
68,0.267,-0.292,
69,0.2,-0.048,
70,0.931,-0.566,
71,0.92,-0.443,
72,0.098,-1.114,
73,1.522,0.019,
74,1.323,-0.159,
75,0.505,0.807,
76,0.207,-1.37,
77,0.23,1.607,
78,0.473,0.654,
79,0.827,0.835,
80,0.23,0.658,
81,-0.549,-0.738,
82,-0.088,0.88,
83,0.167,0.175,
84,0.246,0.194,
85,0.326,0.008,
86,0.988,-0.28,
87,0.024,-0.286,
88,0.228,0.478,
89,-1.569,0.291,
90,-0.758,0.672,
91,-0.153,0.154,
92,-0.046,-0.035,
93,1.08,1.275,
94,-0.643,1.538,
95,1.208,-0.346,
96,0.003,-0.733,
97,-0.539,-0.163,
98,-0.075,-1.498,
99,0.636,-0.026,
100,0.324,-1.113,
101,-0.214,-0.301,
102,-0.277,-0.697,
103,0.112,-1.128,
104,0.752,-0.602,
105,-0.75,0.857,
106,0.396,-0.85,
107,-0.342,-0.275,
108,0.774,-0.834,
109,0.298,-1.385,
110,-1.159,-2.253,
111,0.208,-0.122,
112,1.54,-0.052,
113,0.312,-0.033,
114,-0.053,-0.017,
115,-0.078,0.187,
116,-0.231,-0.3,
117,1.692,-0.162,
118,0.088,-0.002,
119,0.327,-0.141,
120,-0.239,0.022,
121,0.006,-0.104,
122,0.249,0.088,
123,0.135,-0.474,
124,-0.82,-0.519,
125,0.426,0.241,
126,0.243,-0.344,
127,0.435,-0.289,
128,-0.47,0.405,
129,0.233,0.039,
130,-0.247,0.037,
131,0.67,-0.343,
132,-0.035,0.817,
133,0.122,-1,
134,-0.49,0.616,
135,-0.768,-0.299,
136,0.092,-0.365,
137,0.814,0.273,
138,-0.185,0.031,
139,-0.315,0.453,
140,-0.808,-0.347,
141,-0.42,0.177,
142,0.754,-0.623,
143,0.02,-0.113,
144,0.595,-0.825,
145,-0.623,0.633,
146,-0.362,0.05,
147,-0.096,0.147,
148,-1.532,-0.429,
149,0.014,-0.311,
150,0.631,-1.538,
151,-0.233,0.164,
152,0.555,-0.67,
153,0.183,0.021,
154,-1.192,0.43,
155,-0.23,-0.58,
156,0.619,0.599,
157,0.541,0.152,
158,-0.125,-0.038,
159,0.298,0.709,
160,-0.586,-0.078,
161,-0.297,-0.06,
162,0.984,0.674,
163,0.335,-0.414,
