1,0.305,1.501,
2,-0.179,-0.053,
3,-0.99,0.227,
4,-0.124,0.639,
5,-0.234,0.712,
6,-1.834,0.718,
7,-0.313,1.543,
8,0.174,0.558,
9,-0.494,-0.001,
10,-0.736,0.926,
11,0.452,1.281,
12,0.399,-0.38,
13,0.458,0.655,
14,-1.206,0.705,
15,-1.157,0.538,
16,0.132,0.654,
17,-1.581,0.664,
18,-0.044,0.571,
19,-0.244,0.747,
20,-0.053,0.597,
21,0.139,0.496,
22,-0.413,0.28,
23,-0.256,0.044,
24,-0.456,0.312,
25,-1.061,0.777,
26,-0.454,0.723,
27,-0.386,0.201,
28,0.365,0.715,
29,-0.18,0.416,
30,0.021,1.582,
31,-0.166,1.266,
32,-0.164,0.194,
33,-0.617,0.882,
34,-0.7,0.439,
35,-0.194,1.524,
36,-0.812,0.911,
37,-0.206,0.339,
38,-0.142,0.104,
39,-0.308,1.299,
40,-0.609,0.317,
41,-0.138,0.435,
42,0.553,0.31,
43,-0.016,0.476,
44,0.103,1.551,
45,-0.431,0.551,
46,-0.161,0.905,
47,-0.823,0.123,
48,0.746,0.2,
49,-0.557,-0.142,
50,-0.549,-0.146,
51,-0.265,0.517,
52,-0.187,0.546,
53,0.091,0.031,
54,-0.304,0.806,
55,-0.318,-0.29,
56,-0.384,0.571,
57,0.104,0.503,
58,-0.518,0.847,
59,-1.019,0.52,
60,-0.281,0.2,
61,-0.286,1.056,
62,0.527,0.398,
63,-0.407,0.567,
64,-0.681,-0.352,
65,-0.139,0.173,
66,0.451,1.061,
67,-0.987,0.089,
68,-0.582,0.747,
69,-0.265,1.149,
70,-0.109,0.543,
71,-0.59,0.988,
72,-0.231,0.928,
73,-0.631,0.633,
74,-0.045,0.698,
75,-0.873,1.24,
76,0.099,0.634,
77,-0.471,0.127,
78,-0.065,0.777,
79,-1.155,0.405,
80,-0.449,0.107,
81,0.463,0.613,
82,-0.474,0.413,
83,0.145,0.373,
84,-0.443,0.575,
85,0.022,0.916,
86,-0.943,0.942,
87,-0.406,-0.275,
88,-0.008,0.383,
89,0.558,0.31,
90,-0.441,0.596,
91,-0.294,0.567,
92,-0.733,0.381,
93,-0.174,1.29,
94,-0.578,0.842,
95,-0.248,0.394,
96,0.209,-0.157,
97,0.371,0.615,
98,-1.192,0.166,
99,-0.409,0.312,
100,-0.807,0.64,
101,-0.095,1.075,
102,-0.562,-0.032,
103,-0.043,0.285,
104,-0.432,0.4,
105,-0.072,0.648,
106,-0.323,0.971,
107,0.488,1.606,
108,-0.143,0.612,
109,-0.451,0.265,
110,0.273,0.766,
111,-0.168,0.472,
112,-1.237,0.556,
113,-0.538,0.411,
114,-0.295,0.285,
115,-0.206,-0.771,
116,-0.043,0.439,
117,-0.137,0.297,
118,-0.115,0.697,
119,0.118,0.71,
120,0.002,0.275,
121,-0.348,0.431,
122,0.238,0.602,
123,-0.76,-0.241,
124,-0.21,0.053,
125,-0.375,0.257,
126,-0.198,0.675,
127,0.143,-0.062,
128,-0.451,0.817,
129,-0.225,0.477,
130,0.51,0.366,
131,-0.285,1.565,
132,-0.706,0.611,
133,-0.528,0.855,
134,-0.613,0.627,
135,-0.921,-0.314,
136,-0.302,0.102,
137,-0.62,0.979,
138,-0.124,0.945,
139,-0.699,0.018,
140,-0.466,0.385,
141,-0.465,-0.332,
142,-0.445,-0.181,
143,-0.552,1.315,
144,-0.587,0.479,
145,-0.578,-0.145,
146,0.106,1.064,
147,-0.295,0.628,
148,-0.597,0.335,
149,0.145,-1.606,
150,-0.893,0.266,
151,0.905,0.813,
152,-0.441,0.928,
153,-0.255,0.253,
154,-0.85,0.944,
155,-0.649,0.457,
156,-1.048,0.213,
157,-0.51,-0.032,
158,0.339,0.403,
159,-0.056,0.061,
160,-0.633,0.725,
161,0.036,0.784,
162,-0.395,0.694,
163,0.192,-0.51,
