1,1.047,1.252,
2,0.419,-1.037,
3,0.472,0.16,
4,0.462,-0.265,
5,1.059,-0.558,
6,-0.754,1.165,
7,-0.13,-0.34,
8,2.655,0.559,
9,0.733,-0.416,
10,0.423,-0.025,
11,-0.706,0.273,
12,1.278,-2.061,
13,0.529,0.096,
14,-1.338,0.997,
15,-0.309,-0.446,
16,0.604,1.159,
17,1.549,-0.373,
18,0.388,-0.038,
19,-1.233,-0.463,
20,1.244,-0.868,
21,-0.114,-0.989,
22,1.207,1.214,
23,-0.622,-0.971,
24,-0.295,0.442,
25,-1.07,-0.55,
26,2.113,1.485,
27,0.224,2.35,
28,0.016,-0.562,
29,-0.381,-0.725,
30,0.136,-0.322,
31,-0.271,-0.078,
32,0.029,-0.848,
33,0.689,-0.726,
34,-0.883,-0.366,
35,0.427,0.598,
36,0.198,0.545,
37,0.747,-0.326,
38,-0.828,0.972,
39,0.605,0.739,
40,1.421,-0.131,
41,1.928,-1.538,
42,0.633,-1.839,
43,1.132,0.432,
44,1.486,-0.317,
45,-0.671,-0.524,
46,-0.582,0.92,
47,-0.763,0.769,
48,0.609,-1.012,
49,0.666,-0.323,
50,1.406,0.14,
51,-0.007,-1.615,
52,0.43,-0.376,
53,0.331,-0.405,
54,0.8,1.074,
55,0.697,-1.673,
56,0.133,0.28,
57,0.948,-1.806,
58,-0.061,0.811,
59,-0.483,-1.184,
60,-1.038,-0.056,
61,0.897,-0.165,
62,0.824,-0.468,
63,1.419,0.177,
64,-0.559,-0.858,
65,0.008,-1.255,
66,-0.328,-0.857,
67,-0.802,-0.625,
68,1.029,0.751,
69,-0.288,-0.135,
70,0.749,-1.595,
71,0.89,-0.172,
72,-0.034,0.607,
73,-1.841,-1.039,
74,0.044,-0.675,
75,-0.235,-0.369,
76,1.214,1.004,
77,1.765,0.13,
78,0.59,-1.175,
79,-0.549,-0.73,
80,-0.499,-2.157,
81,0.351,0.473,
82,0.259,-0.812,
83,-0.72,-2.367,
84,1.074,-0.164,
85,0.428,0.35,
86,0.942,0.006,
87,-1.096,-0.828,
88,-1.909,0.03,
89,1.995,-1.017,
90,0.425,-0.581,
91,1.753,-1.02,
92,0.558,-0.174,
93,-0.402,-0.496,
94,1.538,0.414,
95,-0.119,-0.041,
96,-0.607,-0.25,
97,0.541,-1.079,
98,-1.388,-0.573,
99,0.292,-0.726,
100,1.402,0.292,
101,-0.2,0.185,
102,-1.293,-0.151,
103,1.672,-0.838,
104,0.703,0.265,
105,0.214,0.005,
106,0.351,-0.079,
107,1.29,-0.474,
108,1.486,-0.752,
109,0.616,-0.682,
110,-0.593,-0.207,
111,-0.328,1.275,
112,-1.041,-0.154,
113,-0.241,0.773,
114,-0.476,-0.413,
115,-1.914,-0.534,
116,-0.929,-1.256,
117,0.354,-0.257,
118,0.18,1.058,
119,0.91,-0.101,
120,1.96,0.554,
121,0.421,-0.523,
122,1.08,0.595,
123,-0.027,-0.662,
124,1.357,-1.256,
125,-0.713,0.172,
126,1.722,-0.172,
127,0.39,-0.776,
128,1.003,-0.202,
129,1.176,-0.657,
130,0.769,0.197,
131,0.948,0.438,
132,0.567,-0.961,
133,-0.032,-0.099,
134,0.143,0.06,
135,-1.68,-1.432,
136,-0.245,-0.584,
137,-0.1,0.584,
138,0.447,-0.966,
139,-0.746,0.145,
140,0.38,-0.709,
141,-0.36,-0.26,
142,0.212,-0.915,
143,-0.097,-0.838,
144,0.813,0.578,
145,0.42,-1.277,
146,0.37,-0.959,
147,0.176,-0.867,
148,-0.605,-0.51,
149,0.086,-1.22,
150,-1.335,-0.682,
151,0.894,-1.145,
152,0.008,0.507,
153,0.47,-1.414,
154,0.016,-0.914,
155,-0.226,-0.182,
156,-0.881,-0.871,
157,0.488,-1.022,
158,1.868,0.635,
159,0.844,0.396,
160,0.188,-0.669,
161,1.501,-0.872,
162,-0.217,-1.749,
163,0.895,-0.627,
