1,0.366,1.565,
2,-0.206,-0.105,
3,-0.833,0.396,
4,-0.121,0.742,
5,-0.293,0.653,
6,-1.879,0.414,
7,-0.842,1.476,
8,-0.485,0.241,
9,-0.56,-0.06,
10,-0.699,0.836,
11,0.378,0.957,
12,0.408,-0.406,
13,0.511,0.592,
14,-1.337,0.777,
15,-1.468,-0.227,
16,0.475,0.544,
17,-1.509,0.769,
18,-0.025,0.73,
19,-0.22,0.686,
20,0.14,0.046,
21,0.313,-0.376,
22,-0.345,0.282,
23,-0.371,-0.145,
24,-0.729,0.343,
25,-1.247,0.509,
26,0.122,0.925,
27,-0.47,0.403,
28,0.789,1.13,
29,-0.284,0.384,
30,-0.195,1.261,
31,-0.074,0.952,
32,-0.056,0.172,
33,-0.799,0.185,
34,-0.595,0.538,
35,-0.24,1.383,
36,-0.954,0.983,
37,-0.18,0.402,
38,0.091,0.457,
39,-0.603,1.891,
40,-0.617,0.248,
41,0.159,0.396,
42,1.179,-0.305,
43,0.306,0.013,
44,-0.022,1.45,
45,-0.416,0.449,
46,-0.091,0.558,
47,-0.96,0.251,
48,0.176,0.182,
49,-0.621,-0.388,
50,-0.221,0.017,
51,0.408,0.795,
52,-0.182,0.449,
53,-0.317,-0.037,
54,-0.36,0.771,
55,-0.096,-0.213,
56,-0.538,1.014,
57,0.339,0.098,
58,-0.442,0.773,
59,-1.179,0.44,
60,-0.169,0.191,
61,-0.485,1.111,
62,-0.01,0.246,
63,-0.2,0.422,
64,-0.556,-0.198,
65,-0.239,0.131,
66,0.035,0.559,
67,-1.248,0.071,
68,-0.44,0.562,
69,-0.159,0.724,
70,0.006,0.352,
71,-0.271,0.218,
72,-0.431,1.157,
73,-0.544,0.322,
74,-0.17,0.512,
75,-0.609,1.692,
76,-0.355,0.445,
77,-0.246,0.082,
78,0.227,0.887,
79,-1.096,0.489,
80,-0.222,-0.25,
81,0.936,0.173,
82,-0.388,-0.017,
83,0.072,0.285,
84,-0.8,0.701,
85,-0.044,0.716,
86,-1.236,0.855,
87,-0.55,-0.435,
88,0.488,0.517,
89,0.038,0.188,
90,-0.192,0.437,
91,-0.992,0.284,
92,-0.529,0.267,
93,0.291,1.174,
94,-0.596,0.611,
95,-0.437,0.365,
96,-0.134,-0.392,
97,0.208,0.462,
98,-0.914,0.346,
99,-0.514,0.023,
100,-0.559,0.349,
101,0,0.786,
102,-0.375,0.037,
103,0.221,0.594,
104,-0.209,0.374,
105,-0.154,0.554,
106,-0.314,0.683,
107,1.103,1.769,
108,-0.084,0.498,
109,-0.556,0.264,
110,0.177,0.763,
111,-0.202,0.374,
112,-1.078,0.743,
113,-0.553,0.6,
114,-0.378,0.206,
115,-0.56,-0.821,
116,0.341,0.635,
117,0.093,0.407,
118,0.102,0.518,
119,-0.031,0.78,
120,0.165,0.287,
121,-0.241,0.371,
122,0.346,0.89,
123,-0.756,-0.042,
124,-0.398,-0.095,
125,-0.265,0.681,
126,-0.01,0.521,
127,-0.047,-0.396,
128,-0.254,0.524,
129,0.05,0.4,
130,0.354,0.379,
131,-0.554,1.596,
132,-0.725,0.734,
133,-0.502,0.784,
134,-0.35,0.481,
135,-0.746,-0.268,
136,-0.202,-0.07,
137,-0.676,0.584,
138,-0.617,0.369,
139,-0.291,0.041,
140,-0.469,0.289,
141,-0.487,-0.062,
142,-0.347,-0.229,
143,-0.466,1.272,
144,-0.479,0.302,
145,0.09,-0.039,
146,0.016,0.937,
147,-0.351,0.323,
148,-0.328,-0.035,
149,0.27,-1.494,
150,-0.854,0.419,
151,0.932,0.559,
152,-0.342,0.585,
153,-0.226,0.577,
154,-0.59,0.906,
155,-0.739,0.001,
156,-0.755,-0.06,
157,0.066,0.528,
158,0.048,0.528,
159,0.021,-0.263,
160,-0.493,0.439,
161,-0.114,0.211,
162,-0.352,0.513,
163,0.497,-0.219,
