1,1.416,1.291,
2,0.159,-0.65,
3,0.367,0.87,
4,0.183,0.261,
5,0.034,-0.493,
6,0.137,2.284,
7,0.353,-0.275,
8,1.935,0.827,
9,0.634,0.863,
10,0.182,-0.256,
11,-1.692,0.024,
12,1.66,-1.801,
13,-0.468,-0.24,
14,-1.428,0.752,
15,-0.15,0.276,
16,-0.09,2.283,
17,0.165,-0.039,
18,-0.662,0.649,
19,-1.673,0,
20,-0.032,1.731,
21,0.209,-0.285,
22,1.049,0.721,
23,-0.673,-0.751,
24,-0.238,0.923,
25,-0.747,0.429,
26,1.043,0.533,
27,0.039,0.909,
28,0.186,-0.043,
29,-0.279,-0.141,
30,0.433,-0.038,
31,-0.282,-0.395,
32,-0.146,-0.366,
33,1.244,-1.23,
34,-0.183,0.128,
35,0.201,0.048,
36,0.168,0.647,
37,0.5,0.123,
38,-0.976,0.605,
39,0.691,0.727,
40,0.486,-0.07,
41,1.147,-1.119,
42,0.047,-2.261,
43,1.114,0.776,
44,0.9,-0.292,
45,-0.69,-0.165,
46,-0.819,1.517,
47,-1.01,-0.199,
48,-0.131,-0.214,
49,0.828,1.137,
50,0.901,-0.432,
51,-0.896,-1.564,
52,0.422,-0.562,
53,0.806,1.099,
54,0.352,0.857,
55,-0.166,-0.016,
56,-0.328,0.721,
57,-0.007,-1.627,
58,-0.062,1.488,
59,-0.09,-0.733,
60,-1.751,0.897,
61,0.745,0.393,
62,0.256,-0.131,
63,0.475,0.796,
64,0.017,-0.461,
65,-0.543,-1.163,
66,-1.789,-1.583,
67,-0.609,-0.433,
68,1.118,1.132,
69,-0.387,-0.123,
70,0.898,-2.31,
71,0.834,0.091,
72,-0.722,0.326,
73,-1.766,-0.187,
74,0.24,-0.29,
75,0.584,0.405,
76,1.398,0.226,
77,0.381,0.098,
78,0.59,-0.339,
79,-0.759,-1.275,
80,-0.025,0.059,
81,-0.462,1.536,
82,-0.318,-0.057,
83,0.281,-1.516,
84,1.358,0.133,
85,-0.76,0.279,
86,0.289,0.585,
87,-0.191,-0.313,
88,-1.485,0.105,
89,0.666,-0.521,
90,-0.294,0.172,
91,1.501,-0.048,
92,0.355,1.201,
93,-0.833,-0.511,
94,0.738,-0.207,
95,-0.371,0.514,
96,-0.338,0.737,
97,0.686,-1.113,
98,-0.981,0.928,
99,-0.344,-0.55,
100,0.125,0.537,
101,-0.298,-0.098,
102,-2.326,0.289,
103,1.177,-1.014,
104,-0.347,0.869,
105,0.189,0.321,
106,-0.469,-0.773,
107,-0.595,-0.586,
108,2.054,-0.197,
109,0.018,-0.941,
110,-0.478,0.896,
111,-0.924,1.635,
112,-0.682,-0.011,
113,-0.397,0.845,
114,-0.294,0.167,
115,-1.828,0.463,
116,0.024,-0.269,
117,-1.455,0.003,
118,-0.201,0.981,
119,0.138,-0.151,
120,1.629,0.062,
121,0.588,-0.029,
122,0.725,0.326,
123,0.046,0.48,
124,0.494,-0.177,
125,-0.186,0.913,
126,1.551,0.64,
127,0,-0.246,
128,1.224,-0.106,
129,0.366,0.216,
130,0.971,0.996,
131,0.36,-0.253,
132,0.074,-0.573,
133,-0.257,0.427,
134,0.105,0.341,
135,-1.417,-0.998,
136,-0.729,-0.406,
137,-0.22,1.175,
138,0.543,-0.949,
139,-0.858,1.201,
140,-0.525,-0.357,
141,-1.252,0.613,
142,-0.138,-1.167,
143,0.562,-0.397,
144,1.409,0.653,
145,0.275,-0.267,
146,0.281,-0.509,
147,-0.005,-0.155,
148,-1.029,-0.446,
149,0.294,0.073,
150,-1.387,-1.802,
151,-0.491,-0.139,
152,0.26,0.595,
153,0.247,-1.932,
154,-0.193,0.086,
155,0.11,-0.156,
156,-0.771,-0.769,
157,-0.315,-0.916,
158,0.874,0.216,
159,0.247,0.802,
160,-0.123,-0.011,
161,1.06,-1.022,
162,-0.963,-1.23,
163,0.172,-0.077,
