1,0.035,0.966,
2,-0.113,0.096,
3,-0.681,0.585,
4,-0.146,0.68,
5,-0.068,0.869,
6,-1.587,0.488,
7,-0.255,1.13,
8,0.363,0.536,
9,-0.35,-0.074,
10,-0.699,1.136,
11,0.421,1.149,
12,0.215,-0.01,
13,0.444,0.702,
14,-0.911,0.553,
15,-0.668,0.521,
16,-0.09,0.369,
17,-1.033,0.73,
18,-0.147,0.521,
19,-0.343,0.758,
20,-0.161,0.555,
21,-0.055,0.671,
22,-0.404,0.371,
23,-0.13,0.26,
24,-0.291,0.433,
25,-0.676,0.876,
26,-0.34,0.841,
27,-0.023,0.283,
28,-0.016,0.615,
29,-0.255,0.566,
30,-0.023,1.475,
31,-0.236,1.314,
32,-0.163,0.218,
33,-0.395,0.878,
34,-0.82,0.316,
35,-0.17,1.517,
36,-0.667,0.894,
37,-0.01,0.421,
38,-0.333,0.292,
39,-0.329,0.764,
40,-0.417,0.374,
41,-0.089,0.647,
42,0.307,0.652,
43,-0.135,0.667,
44,0.135,1.254,
45,-0.349,0.615,
46,-0.259,0.757,
47,-0.854,0.122,
48,0.69,0.408,
49,-0.462,-0.021,
50,-0.655,-0.072,
51,-0.271,0.51,
52,-0.211,0.565,
53,0.209,0.019,
54,-0.086,0.859,
55,-0.5,-0.256,
56,-0.405,0.638,
57,-0.254,0.456,
58,-0.49,0.901,
59,-0.903,0.498,
60,-0.443,0.38,
61,-0.292,0.745,
62,0.245,0.532,
63,-0.297,0.687,
64,-0.799,-0.233,
65,-0.085,0.306,
66,0.239,0.983,
67,-0.695,0.142,
68,-0.556,0.698,
69,-0.17,1.183,
70,-0.293,0.644,
71,-0.475,0.76,
72,0.051,0.713,
73,-0.562,0.796,
74,0,0.82,
75,-0.523,0.722,
76,-0.107,0.785,
77,-0.459,0.229,
78,-0.429,0.635,
79,-1.167,0.434,
80,-0.368,-0.182,
81,0.152,0.648,
82,-0.291,0.555,
83,0.089,0.521,
84,-0.316,0.568,
85,-0.012,0.852,
86,-0.584,1.128,
87,-0.326,-0.028,
88,-0.023,0.317,
89,0.092,0.349,
90,-0.263,0.503,
91,-0.232,0.701,
92,-0.605,0.313,
93,-0.635,1.089,
94,-0.529,0.987,
95,-0.207,0.506,
96,-0.059,0.197,
97,0.346,0.672,
98,-1.142,0.017,
99,-0.279,0.484,
100,-0.773,0.633,
101,-0.304,1.089,
102,-0.273,0.013,
103,-0.359,0.57,
104,-0.413,0.451,
105,-0.219,0.481,
106,-0.34,0.948,
107,0.29,1.468,
108,-0.227,0.495,
109,-0.318,0.344,
110,0.274,0.853,
111,-0.238,0.711,
112,-1.232,0.344,
113,-0.381,0.487,
114,-0.425,0.275,
115,-0.116,-0.778,
116,-0.174,0.131,
117,-0.101,0.47,
118,-0.22,0.724,
119,-0.024,0.654,
120,-0.182,0.27,
121,-0.426,0.553,
122,0.194,0.765,
123,-0.602,-0.433,
124,-0.011,0.272,
125,-0.449,0.205,
126,-0.065,0.548,
127,-0.014,0.204,
128,-0.399,0.807,
129,-0.301,0.425,
130,0.29,0.561,
131,-0.223,1.544,
132,-0.744,0.501,
133,-0.584,0.69,
134,-0.489,0.863,
135,-0.675,0.017,
136,-0.309,0.348,
137,-0.668,0.951,
138,-0.369,0.908,
139,-0.753,-0.08,
140,-0.441,0.555,
141,-0.424,-0.379,
142,-0.605,0.004,
143,-0.435,1.171,
144,-0.603,0.653,
145,-0.702,0.094,
146,0.214,1.059,
147,-0.36,0.67,
148,-0.819,0.557,
149,-0.196,-1.254,
150,-1.126,0.612,
151,0.712,0.846,
152,-0.529,1.017,
153,-0.168,0.282,
154,-0.773,0.584,
155,-0.61,0.541,
156,-0.781,0.644,
157,-0.555,0.282,
158,0.208,0.809,
159,-0.171,0.242,
160,-0.626,0.721,
161,-0.06,0.667,
162,-0.432,0.668,
163,0.312,-0.163,
