1,-1.675,-0.987,
2,0.112,-0.006,
3,-0.144,-0.706,
4,0.265,-0.602,
5,0.051,-1.26,
6,0.058,0.505,
7,0.269,-0.261,
8,0.072,-0.447,
9,-0.355,-0.114,
10,-0.221,-0.228,
11,0.235,1.141,
12,-0.724,-1.246,
13,0.923,0.587,
14,0.276,-0.544,
15,-1.301,-0.064,
16,0.402,-1.032,
17,-0.033,0.143,
18,-0.02,0.198,
19,0.015,0.349,
20,0.865,0.448,
21,0.385,0.096,
22,0.509,0.136,
23,-0.025,-0.144,
24,0.016,0.353,
25,0.447,1.376,
26,0.202,-0.682,
27,0.144,-0.044,
28,0.335,0.033,
29,-0.327,-0.616,
30,0.748,0.342,
31,0.43,0.063,
32,-0.141,-0.517,
33,-0.076,-0.236,
34,-0.96,0.595,
35,-1.146,-1.215,
36,0.18,0.386,
37,0.347,0.197,
38,-0.072,-0.562,
39,0.601,-0.129,
40,-0.824,0.623,
41,0.185,0.304,
42,0.152,-0.17,
43,0.169,0.483,
44,-0.04,-0.122,
45,0.109,0.211,
46,-0.541,-0.359,
47,0.43,0.362,
48,-0.71,-0.438,
49,0.005,-0.258,
50,-0.388,-0.134,
51,-0.614,-0.016,
52,0.352,0.575,
53,-0.207,0.152,
54,0.598,-0.534,
55,0.046,0.296,
56,0.027,0.586,
57,-0.373,-0.151,
58,0.271,0.179,
59,0.704,0.585,
60,-0.11,0.139,
61,0.182,-0.197,
62,-0.291,0.662,
63,-0.278,0.365,
64,-0.102,0.141,
65,-0.302,0.138,
66,0.216,0.031,
67,-0.285,-0.172,
68,0.187,0.192,
69,-0.154,0.038,
70,-0.278,-0.328,
71,0.121,-0.538,
72,0.254,-0.333,
73,0.145,0.294,
74,0.179,-0.111,
75,-0.977,0.106,
76,0.32,-0.566,
77,0.147,0.225,
78,0.287,0.9,
79,-0.657,0.118,
80,-0.723,-0.007,
81,-0.278,0.449,
82,-0.178,-0.854,
83,-1.03,-0.055,
84,1.229,0.303,
85,-0.706,-0.111,
86,0.021,-0.492,
87,0.323,0.242,
88,-0.087,0.355,
89,-0.257,-0.185,
90,-0.395,0.196,
91,0.228,0.413,
92,0.426,-0.928,
93,1.237,0.297,
94,0.256,0.544,
95,-0.294,1.021,
96,-0.167,0.493,
97,0.584,0.313,
98,0.017,0.279,
99,0.605,0.035,
100,0.226,0.195,
101,-0.034,0.033,
102,0.101,-0.325,
103,-0.218,-0.698,
104,-0.556,-0.052,
105,0.673,0.461,
106,-0.567,-1.242,
107,-0.307,-0.299,
108,0.319,0.166,
109,0.115,-0.218,
110,-0.654,0.267,
111,-0.732,0.303,
112,-0.508,0.781,
113,0.018,0.028,
114,0.143,0.562,
115,-0.352,0.336,
116,-0.159,-0.164,
117,0.476,0.555,
118,0.302,-0.41,
119,-0.15,0.054,
120,-0.113,-0.177,
121,-0.17,0.527,
122,-0.258,-0.513,
123,-0.558,-0.183,
124,-0.234,0.62,
125,-0.077,-0.311,
126,0.13,-0.244,
127,-0.241,0.243,
128,-0.322,0.171,
129,0.562,0.49,
130,-0.602,-0.938,
131,0.26,0.857,
132,-0.377,0.746,
133,-0.206,0.308,
134,-0.513,-0.448,
135,-0.291,0.24,
136,-0.853,-0.547,
137,-0.499,0.452,
138,-0.023,0.063,
139,0.162,-0.71,
140,-0.113,0.032,
141,-0.207,-0.158,
142,-0.192,0.032,
143,-0.11,-0.283,
144,0.792,-0.711,
145,-0.061,-0.478,
146,-0.763,-0.268,
147,-0.944,-0.286,
148,-0.286,0.014,
149,0.186,-0.106,
150,-0.265,0.15,
151,-0.689,0.527,
152,-0.542,-0.223,
153,0.172,-0.162,
154,1.015,0.26,
155,-0.022,0.13,
156,-0.296,0.316,
157,-0.064,0.12,
158,-0.292,-0.182,
159,-0.237,0.085,
160,0.214,-0.274,
161,-0.439,-0.208,
162,-0.869,0.073,
163,0.619,-0.493,
