1,-0.758,-1.21,
2,-0.612,-0.598,
3,0.344,-1.564,
4,-1.164,0.409,
5,0.239,-0.5,
6,-0.056,0.208,
7,0.477,-0.556,
8,-0.333,-1.271,
9,2.098,0.298,
10,-0.03,-0.283,
11,-0.043,-1.174,
12,0.675,0.164,
13,0.115,0.565,
14,-0.605,-0.164,
15,-0.948,0.077,
16,0.797,-0.167,
17,-0.695,-1.971,
18,0.585,-0.214,
19,-0.103,0.399,
20,0.039,0.131,
21,-0.052,-0.658,
22,0.143,0.032,
23,-0.108,-1.762,
24,0.563,-1.297,
25,0.177,-0.92,
26,-2.357,-1.533,
27,-1.493,-0.927,
28,1.359,-0.427,
29,0.81,0.9,
30,1.446,-0.105,
31,-0.488,-1.17,
32,0.53,-0.629,
33,-1.596,-1.085,
34,0.236,-2.321,
35,-0.171,-0.504,
36,0.697,0.105,
37,1.293,0.5,
38,1.116,-0.65,
39,-0.127,-0.401,
40,1.208,-0.969,
41,0.67,1.141,
42,-0.094,1.332,
43,0.322,1.591,
44,-0.465,-1.315,
45,-0.356,-0.423,
46,-0.933,0.079,
47,0.042,0.802,
48,-0.66,-0.698,
49,0.511,-1.12,
50,0.867,0.147,
51,-0.518,-1.528,
52,-1.003,0.621,
53,-0.944,1.402,
54,-1.392,-0.126,
55,-1.129,-0.218,
56,-0.692,-0.106,
57,0.343,-0.322,
58,-1.786,-0.068,
59,-0.076,-1.163,
60,0.175,-0.399,
61,-1.3,-0.007,
62,0.146,-0.602,
63,1.67,1.254,
64,-0.388,0.556,
65,0.672,0.006,
66,1.197,0.18,
67,0.173,0.887,
68,0.128,-0.543,
69,-0.104,-0.123,
70,1.454,-0.69,
71,1.024,-0.736,
72,0.078,-1.684,
73,1.821,-0.428,
74,1.589,-0.457,
75,1.039,0.688,
76,-0.172,-1.863,
77,0.352,1.64,
78,0.442,1.023,
79,0.944,0.727,
80,0.953,0.464,
81,-0.992,-0.897,
82,-0.154,0.917,
83,0.151,0.056,
84,-0.067,0.056,
85,0.971,-0.296,
86,1.338,0.042,
87,-0.077,-0.488,
88,0.466,0.61,
89,-1.997,-0.13,
90,-0.843,0.525,
91,-0.76,-0.174,
92,-0.322,-0.095,
93,1.29,1.406,
94,-0.839,2.204,
95,1.672,-0.482,
96,-0.277,-1.115,
97,-0.918,-0.271,
98,-0.379,-2.219,
99,0.572,-0.385,
100,0.312,-1.643,
101,-0.062,-0.434,
102,-0.461,-1.311,
103,-0.1,-1.488,
104,0.454,-0.821,
105,-1.439,0.35,
106,0.981,-0.469,
107,-0.422,0.052,
108,0.631,-1.1,
109,0.581,-2.115,
110,-1.411,-2.849,
111,0.261,0.25,
112,1.674,-0.588,
113,0.427,-0.483,
114,-0.037,-0.423,
115,-0.151,-0.848,
116,-0.018,-0.795,
117,2.065,-0.082,
118,0.391,-0.179,
119,0.507,-0.721,
120,-0.21,-0.006,
121,0.083,-0.128,
122,0.325,0.013,
123,0.117,-1.104,
124,-1.197,-1.162,
125,0.305,0.037,
126,0.379,-0.373,
127,0.649,-1.051,
128,-0.344,0.033,
129,-0.127,-0.179,
130,-0.533,-0.098,
131,0.719,-0.498,
132,0.359,1.125,
133,0.013,-1.169,
134,-0.311,0.333,
135,-1.511,-0.884,
136,0.029,-0.607,
137,1.409,0.154,
138,-0.389,-0.127,
139,-0.692,0.195,
140,-1.019,-0.81,
141,-0.589,-0.508,
142,0.982,-0.966,
143,-0.239,0.111,
144,0.004,-1.013,
145,-1.001,0.318,
146,-0.058,0.257,
147,-0.084,-0.251,
148,-1.972,-0.348,
149,-0.086,-0.774,
150,0.022,-2.61,
151,-0.301,0.072,
152,-0.232,-0.923,
153,0.373,-0.144,
154,-1.692,0.481,
155,-0.721,-1.061,
156,1.087,0.402,
157,0.391,-0.229,
158,-0.135,-0.449,
159,0.268,0.663,
160,-1.146,-0.361,
161,-0.633,-0.071,
162,1.233,0.714,
163,0.617,-0.672,
