1,0.301,0.722,
2,-0.05,-0.507,
3,0.171,0.713,
4,0.188,0.14,
5,-0.048,-0.282,
6,0.385,1.337,
7,0.226,0.003,
8,0.741,0.254,
9,0.42,0.499,
10,-0.039,-0.067,
11,-0.934,-0.081,
12,1.336,-1.011,
13,-0.563,-0.232,
14,-0.474,-0.178,
15,0.122,0.499,
16,-0.1,1.132,
17,-0.18,0.152,
18,-0.561,0.735,
19,-0.894,0.287,
20,-0.39,1.338,
21,0.263,-0.016,
22,0.578,0.367,
23,-0.306,-0.338,
24,-0.396,0.832,
25,0.05,0.077,
26,0.607,-0.023,
27,0.088,0.479,
28,0.04,-0.012,
29,-0.306,0.111,
30,0.569,0.185,
31,0.005,-0.33,
32,-0.06,-0.191,
33,0.768,-0.867,
34,0.176,-0.017,
35,-0.014,0.081,
36,0.154,0.474,
37,0.131,0.174,
38,-0.242,0.23,
39,0.489,0.171,
40,0.144,-0.288,
41,0.513,-0.559,
42,-0.13,-1.837,
43,0.71,0.373,
44,0.321,-0.173,
45,-0.2,0.005,
46,-0.168,0.3,
47,-0.356,0.055,
48,-0.033,-0.11,
49,0.199,0.991,
50,0.614,-0.179,
51,-0.608,-0.889,
52,0.339,-0.413,
53,0.478,0.821,
54,0.351,0.171,
55,-0.171,0.126,
56,-0.285,0.7,
57,-0.149,-0.799,
58,-0.062,1.078,
59,-0.013,-0.327,
60,-1.352,0.775,
61,0.546,0.532,
62,-0.178,0.038,
63,0.268,0.682,
64,0.053,-0.199,
65,-0.412,-0.636,
66,-1.269,-0.862,
67,-0.453,-0.265,
68,0.712,0.494,
69,0.365,-0.135,
70,0.488,-1.602,
71,0.234,0.014,
72,-0.451,0.188,
73,-0.61,0.104,
74,0.239,-0.044,
75,1.038,0.065,
76,0.963,0,
77,0.164,0.104,
78,0.31,0.155,
79,-0.675,-0.905,
80,-0.086,0.56,
81,-0.599,1.054,
82,-0.18,0.124,
83,0.694,-0.525,
84,1.086,-0.265,
85,-0.92,0.095,
86,0.052,0.271,
87,0.038,-0.159,
88,-0.351,0.106,
89,-0.21,-0.244,
90,-0.261,0.306,
91,0.896,0.225,
92,0.086,0.99,
93,-0.547,-0.115,
94,0.321,-0.273,
95,-0.373,0.343,
96,-0.004,0.531,
97,0.31,-0.813,
98,-0.834,0.79,
99,-0.259,-0.392,
100,0.088,0.111,
101,-0.121,-0.159,
102,-1.179,0.571,
103,0.502,-0.709,
104,-0.247,0.596,
105,0.106,0.316,
106,-0.457,-0.92,
107,-0.61,-0.344,
108,1.221,-0.08,
109,-0.193,-0.723,
110,-0.226,0.546,
111,-0.481,0.558,
112,-0.348,-0.016,
113,-0.16,0.549,
114,-0.107,0.174,
115,-1.097,0.251,
116,-0.086,-0.045,
117,-0.99,-0.026,
118,-0.144,0.368,
119,0.038,-0.018,
120,0.997,-0.044,
121,0.366,-0.121,
122,0.461,0.226,
123,0.004,0.661,
124,0.133,0.18,
125,0.091,0.658,
126,0.945,0.351,
127,0.019,-0.075,
128,0.75,0.206,
129,0.438,0.224,
130,0.581,0.919,
131,0.133,-0.096,
132,0.019,-0.179,
133,-0.275,0.296,
134,-0.219,0.205,
135,-0.646,-0.451,
136,-0.316,-0.215,
137,-0.235,0.754,
138,0.434,-0.347,
139,-0.465,1.007,
140,-0.512,-0.196,
141,-0.952,0.568,
142,-0.068,-0.595,
143,0.529,-0.165,
144,1.253,0.185,
145,0.497,0.022,
146,0.088,-0.284,
147,-0.097,0.042,
148,-0.347,-0.126,
149,0.069,-0.218,
150,-0.698,-0.762,
151,-0.546,0.157,
152,0.215,0.303,
153,0.156,-1.181,
154,-0.091,0.098,
155,0.212,-0.119,
156,-0.582,-0.143,
157,-0.186,-0.391,
158,0.583,0.189,
159,0.009,0.155,
160,-0.268,0.223,
161,0.899,-0.607,
162,-0.591,-0.364,
163,0.088,-0.295,
