1,-0.287,-1.052,
2,-0.075,-1.276,
3,-0.503,-1.235,
4,-0.566,-0.671,
5,0.167,-0.551,
6,-1.193,-0.712,
7,-0.214,-0.469,
8,-0.009,-1.026,
9,-0.488,-1.295,
10,-0.954,-0.148,
11,0.302,-0.642,
12,0.32,-0.681,
13,0.217,-0.185,
14,-0.788,-0.757,
15,-0.432,-0.968,
16,-0.305,-1.005,
17,-1.295,-1.562,
18,-0.118,-1.11,
19,-0.046,-0.613,
20,-0.036,-0.613,
21,-0.219,-1.231,
22,-0.288,-0.725,
23,-0.594,-1.278,
24,0.578,-1.057,
25,-0.483,-0.689,
26,-0.478,-0.268,
27,0.062,-0.865,
28,0.245,-0.664,
29,0.247,-0.537,
30,0.581,-0.248,
31,-0.241,-0.543,
32,0.021,-1.001,
33,-0.97,-1.233,
34,-0.773,-1.512,
35,0.036,-0.349,
36,-0.298,-0.432,
37,-0.099,-0.673,
38,-0.041,-0.829,
39,-0.613,-0.868,
40,-0.104,-1.489,
41,0.176,-0.27,
42,-0.095,0.028,
43,-0.218,0.143,
44,-0.376,-0.634,
45,-0.089,-0.927,
46,-0.508,-0.579,
47,-0.672,-1.087,
48,0.378,-0.489,
49,-0.312,-1.032,
50,-0.673,-1.194,
51,-0.148,-0.94,
52,-0.345,-0.718,
53,-0.199,-0.614,
54,-0.39,-0.388,
55,-0.896,-1.482,
56,-0.22,-0.615,
57,-0.133,-0.974,
58,-0.546,-0.421,
59,-0.546,-1.18,
60,-0.193,-0.872,
61,-0.425,-0.486,
62,-0.147,-0.729,
63,0.07,-0.703,
64,-0.91,-1.114,
65,0.294,-1.004,
66,0.153,-0.23,
67,-1.538,-0.484,
68,-0.267,-0.743,
69,-0.314,-0.176,
70,-0.102,-0.562,
71,-0.295,-0.97,
72,-0.073,-0.87,
73,-0.253,-0.859,
74,0.025,-0.696,
75,0.469,-0.736,
76,-0.862,-0.755,
77,-0.164,-0.89,
78,-0.488,0.234,
79,-1.056,-0.641,
80,0.282,-1.464,
81,-0.237,-0.933,
82,-0.188,-0.237,
83,-0.107,-0.582,
84,-0.352,-0.751,
85,0.096,-0.831,
86,-0.26,0.297,
87,-0.29,-1.088,
88,0.342,-0.265,
89,-0.453,-0.826,
90,-0.34,-0.899,
91,-0.789,-0.326,
92,-0.411,-0.848,
93,-0.481,-0.175,
94,-0.465,0.285,
95,0.006,-0.956,
96,-0.376,-0.952,
97,-0.059,-0.691,
98,-1.023,-1.588,
99,-0.514,-0.758,
100,-0.61,-1.09,
101,-0.195,-0.331,
102,-0.271,-1.099,
103,-0.535,-0.777,
104,-0.844,-0.472,
105,-0.79,-1.169,
106,0.032,-0.334,
107,-0.136,0.222,
108,-0.639,-1.082,
109,-0.186,-1.16,
110,0.02,-0.69,
111,-0.322,0.043,
112,-0.911,-1.48,
113,-0.147,-0.863,
114,-0.299,-1.108,
115,-0.346,-2.124,
116,-0.061,-1.284,
117,0.287,-0.81,
118,-0.109,-0.901,
119,-0.044,-0.99,
120,-0.189,-0.866,
121,-0.298,-0.84,
122,0.148,-0.441,
123,-0.578,-1.576,
124,-0.07,-1.067,
125,-0.492,-1.197,
126,0.094,-0.636,
127,0.083,-1.455,
128,-0.234,-0.728,
129,-0.451,-0.75,
130,-0.347,-0.578,
131,-0.34,0.077,
132,-0.25,-0.138,
133,-0.744,-0.598,
134,-0.397,-0.805,
135,-0.934,-1.282,
136,-0.434,-0.837,
137,-0.241,-0.376,
138,-0.483,-0.606,
139,-1.028,-1.24,
140,-0.216,-1.078,
141,-0.964,-1.337,
142,-0.399,-1.37,
143,-0.438,-0.169,
144,-0.838,-0.807,
145,-0.711,-1.34,
146,0.412,0.092,
147,-0.193,-0.895,
148,-0.856,-0.412,
149,-0.511,-1.769,
150,-2.024,-1.65,
151,0.434,-0.342,
152,-1.296,-0.265,
153,-0.009,-0.967,
154,-0.696,-0.685,
155,-0.773,-1.032,
156,-0.241,-0.456,
157,-0.693,-0.843,
158,-0.202,-0.537,
159,-0.382,-0.7,
160,-0.866,-0.49,
161,-0.435,-0.589,
162,-0.125,-0.219,
163,0.725,-0.986,
