1,-3.106,-3.522,
2,0.668,-1.18,
3,-1.464,-1.306,
4,0.674,-0.967,
5,-0.339,-1.942,
6,0.129,1.46,
7,2.093,0.686,
8,0.79,-0.281,
9,-1.302,-0.015,
10,1.287,-0.946,
11,0.182,2.378,
12,-1.78,-2.012,
13,1.95,1.441,
14,-0.183,-0.534,
15,-2.165,-0.333,
16,0.442,-2.732,
17,0.928,0.234,
18,0.158,-0.827,
19,2.312,0.623,
20,3.671,1.942,
21,1.538,0.25,
22,1.725,0.426,
23,0.252,-0.039,
24,-0.576,0.851,
25,-0.795,3.174,
26,0.588,-0.57,
27,-0.006,-0.441,
28,0.513,-0.177,
29,-0.094,-2.904,
30,0.386,0.151,
31,1.056,0.986,
32,0.029,-1.334,
33,-0.482,-0.648,
34,-2.613,1.292,
35,-2.732,-0.368,
36,-1.501,1.242,
37,0.659,0.332,
38,-0.84,-1.592,
39,0.25,0.461,
40,-1.454,2.189,
41,0.445,0.676,
42,0.857,0.935,
43,-0.217,2.136,
44,-0.43,-0.827,
45,-0.746,0.098,
46,-2.878,-0.999,
47,-0.135,0.854,
48,-2.037,-0.841,
49,-1.089,-2.459,
50,-1.21,-1.052,
51,-1.468,-0.325,
52,0.833,1.465,
53,0.01,-1.013,
54,1.914,-0.752,
55,-0.219,1.534,
56,-0.701,0.321,
57,-0.74,-0.858,
58,1.273,0.598,
59,2.247,0.749,
60,0.113,-0.474,
61,0.404,-0.738,
62,-2.055,1.12,
63,-0.972,2.243,
64,-0.446,-0.266,
65,-0.333,0.319,
66,0.492,0.622,
67,-0.46,-1.305,
68,-0.081,0.398,
69,-2.123,0.502,
70,-0.259,-0.223,
71,0.186,-1.794,
72,0.906,-1.039,
73,-0.236,-0.25,
74,-0.847,-0.266,
75,-2.599,-0.021,
76,-0.236,0.205,
77,0.415,-0.485,
78,-0.153,0.057,
79,-1.073,-0.537,
80,-1.52,-0.442,
81,-1.079,1.775,
82,-1.13,-1.386,
83,-2.885,-0.188,
84,1.205,0.053,
85,-0.931,-0.353,
86,-0.078,-0.568,
87,1.083,-0.016,
88,0.415,0.619,
89,0.331,0.038,
90,-0.169,0.444,
91,-0.236,1.975,
92,1.183,-1.695,
93,2.764,-0.279,
94,0.799,1.041,
95,0.119,2.396,
96,-1.893,1.81,
97,1.646,1.673,
98,0.44,-0.608,
99,-0.053,1.279,
100,-2.181,0.141,
101,0.384,0.525,
102,0.034,-1.506,
103,-0.68,-1.842,
104,-0.816,-0.578,
105,0.801,0.945,
106,-0.49,-1.27,
107,-0.627,0.363,
108,0.784,0.357,
109,-0.461,0.272,
110,-2.592,1.281,
111,-1.41,1.364,
112,-1.628,2.446,
113,1.117,-0.351,
114,-0.089,0.778,
115,-1.36,0.84,
116,-0.3,-0.821,
117,2.44,0.112,
118,0.509,-1.186,
119,-0.979,0.411,
120,0.148,-1.331,
121,-0.189,2.716,
122,-1.211,-0.008,
123,-1.064,-0.898,
124,-0.35,0.719,
125,-1.231,-0.247,
126,0.203,-0.727,
127,0.031,1.222,
128,-0.177,-0.347,
129,0.6,1.401,
130,-1.534,-1.845,
131,1.229,2.254,
132,-0.904,2.236,
133,-0.45,0.428,
134,-1.202,-0.982,
135,-1.638,0.556,
136,-2.642,-0.28,
137,-1.715,0.339,
138,-1.074,0.257,
139,0.689,-1.01,
140,0.123,0.3,
141,-0.334,-1.109,
142,-0.243,0.792,
143,-0.473,-0.477,
144,-0.173,0.818,
145,-0.362,-1.122,
146,-1.706,-1.182,
147,-2.703,-2.23,
148,-0.997,-0.139,
149,1.993,-0.543,
150,-0.138,-0.455,
151,-1.31,0.442,
152,-1.145,-0.712,
153,0.48,0.776,
154,1.64,0.246,
155,-0.416,-0.1,
156,-0.269,-0.406,
157,-0.71,-0.656,
158,-2.355,-1.352,
159,-0.151,0.08,
160,0.554,-1.246,
161,-1.58,-0.35,
162,-1.128,-0.593,
163,1.16,-0.896,
