1,1.734,0.912,
2,0.072,-1.057,
3,0.62,0.537,
4,0.204,0.261,
5,0.314,-1.016,
6,0.007,2.102,
7,-0.156,-1.057,
8,2.629,0.661,
9,0.557,0.688,
10,0.233,0.19,
11,-1.686,0.063,
12,1.402,-1.685,
13,-0.167,-0.119,
14,-1.871,0.786,
15,-0.012,-0.532,
16,-0.49,1.949,
17,0.351,0.049,
18,-0.174,0.33,
19,-1.628,-0.569,
20,0.691,-0.15,
21,-0.774,-1.479,
22,0.94,-0.212,
23,-0.604,-0.722,
24,-0.083,0.882,
25,-0.811,-0.091,
26,1.433,0.537,
27,0.484,1.203,
28,0.402,-0.498,
29,-0.037,-0.949,
30,0.766,0.428,
31,-0.369,-0.434,
32,-0.031,-0.517,
33,0.964,-0.806,
34,-0.826,0.263,
35,0.24,0.465,
36,0.147,0.602,
37,0.672,0.043,
38,-1.075,1.05,
39,0.294,-0.329,
40,0.448,0.112,
41,1.356,-1.001,
42,0.284,-1.408,
43,1.395,0.741,
44,1.317,-0.344,
45,-0.825,-0.59,
46,-1.605,0.48,
47,-0.599,-0.198,
48,0.027,-0.238,
49,0.31,0.742,
50,0.808,-0.26,
51,-1.172,-1.311,
52,0.35,-0.006,
53,1.156,1.232,
54,0.439,1.559,
55,0.147,-0.026,
56,-0.147,0.342,
57,-0.286,-1.428,
58,0.235,0.694,
59,0.29,-0.938,
60,-1.35,0.546,
61,1.156,-0.385,
62,0.164,-0.284,
63,0.827,0.385,
64,0.214,-0.417,
65,-0.39,-1.032,
66,-0.895,-1.154,
67,-0.346,-0.34,
68,1.744,1.028,
69,-0.406,-0.337,
70,0.338,-1.244,
71,1.276,0.154,
72,-0.254,0.622,
73,-2.017,-0.631,
74,-0.081,-0.401,
75,0.534,0.514,
76,1.089,0.017,
77,1.046,0.229,
78,0.32,-0.47,
79,-0.249,-0.243,
80,-0.232,-1.162,
81,0.243,0.893,
82,-0.198,-0.109,
83,-1.085,-1.855,
84,1.487,0.88,
85,-0.565,0.247,
86,1.173,0.439,
87,-0.673,-0.807,
88,-1.851,0.034,
89,1.308,-0.736,
90,0.072,-0.226,
91,0.801,-0.407,
92,0.206,0.273,
93,-0.374,-0.694,
94,1.21,-0.079,
95,-0.499,0.395,
96,-1.079,0.371,
97,0.691,-1.21,
98,-0.855,-0.016,
99,0.051,-0.427,
100,0.252,0.862,
101,-0.158,0.019,
102,-2.323,0.195,
103,1.178,-1.439,
104,0.172,0.508,
105,-0.561,-0.391,
106,-0.526,-0.54,
107,0.151,-0.941,
108,1.615,0.251,
109,-0.072,-0.823,
110,-0.151,0.506,
111,-1.054,1.98,
112,-0.676,-0.182,
113,0.202,0.92,
114,-0.666,-0.072,
115,-1.206,0.608,
116,0.236,-0.452,
117,-0.296,0.217,
118,0.129,1.33,
119,0.236,0.035,
120,1.072,0.051,
121,0.185,-0.009,
122,0.076,-0.333,
123,0.218,0.235,
124,0.642,-0.138,
125,-0.803,0.523,
126,1.481,0.2,
127,0.157,-0.424,
128,1.134,-0.216,
129,0.463,-0.141,
130,0.65,0.318,
131,0.252,-0.309,
132,0.011,-0.691,
133,-0.107,0.157,
134,0.48,0.599,
135,-1.592,-1.226,
136,-0.761,-0.209,
137,-0.112,0.531,
138,0.391,-1.222,
139,-1.206,0.932,
140,0.001,-0.636,
141,-0.796,0.071,
142,0.221,-1.461,
143,-0.309,-0.69,
144,1.843,0.515,
145,-0.303,-0.394,
146,-0.105,-0.878,
147,-0.095,-0.535,
148,-0.751,0.077,
149,-0.011,0.622,
150,-1.834,-2.023,
151,0.292,-0.658,
152,0.166,0.104,
153,0.206,-1.01,
154,-0.209,-0.403,
155,-0.005,-0.518,
156,-0.625,-0.659,
157,-0.004,-0.796,
158,0.841,0.974,
159,-0.105,1.465,
160,0.035,-0.264,
161,1.159,-1.222,
162,-1.001,-1.117,
163,0.646,0.448,
