1,1.124,1.283,
2,0.347,-1.094,
3,0.458,0.061,
4,0.488,-0.317,
5,0.997,-0.516,
6,-0.97,1.329,
7,-0.055,-0.093,
8,2.493,0.396,
9,0.622,-0.377,
10,0.456,-0.015,
11,-0.566,0.334,
12,1.262,-1.951,
13,0.553,0.015,
14,-1.253,0.88,
15,-0.334,-0.256,
16,0.507,1.037,
17,1.33,-0.37,
18,0.334,-0.113,
19,-1.059,-0.41,
20,1.214,-0.713,
21,-0.079,-0.875,
22,1.173,1.094,
23,-0.528,-1.006,
24,-0.179,0.287,
25,-0.911,-0.641,
26,2.029,1.365,
27,0.264,1.973,
28,0.188,-0.387,
29,-0.301,-0.662,
30,0.193,-0.197,
31,-0.263,-0.027,
32,0.096,-0.812,
33,0.695,-0.744,
34,-0.914,-0.259,
35,0.474,0.554,
36,0.241,0.422,
37,0.699,-0.337,
38,-0.754,0.878,
39,0.614,0.7,
40,1.25,-0.157,
41,1.853,-1.408,
42,0.65,-1.673,
43,1.064,0.369,
44,1.459,-0.237,
45,-0.651,-0.435,
46,-0.429,0.862,
47,-0.765,0.74,
48,0.696,-0.935,
49,0.56,-0.294,
50,1.329,-0.03,
51,-0.038,-1.622,
52,0.425,-0.334,
53,0.427,-0.378,
54,0.732,0.927,
55,0.61,-1.531,
56,0.187,0.316,
57,0.838,-1.708,
58,-0.037,0.707,
59,-0.313,-1.185,
60,-0.901,-0.107,
61,0.924,-0.15,
62,1.025,-0.489,
63,1.297,0.118,
64,-0.483,-0.868,
65,0.076,-1.139,
66,-0.257,-0.814,
67,-0.685,-0.639,
68,0.997,0.724,
69,-0.253,0.003,
70,0.627,-1.424,
71,0.97,-0.254,
72,0.048,0.472,
73,-1.768,-0.865,
74,0.161,-0.599,
75,-0.52,-0.382,
76,1.074,0.92,
77,1.505,0.051,
78,0.526,-1.041,
79,-0.513,-0.645,
80,-0.372,-1.964,
81,0.438,0.469,
82,0.259,-0.773,
83,-0.628,-2.258,
84,0.968,-0.162,
85,0.348,0.25,
86,0.969,-0.073,
87,-1.016,-0.824,
88,-1.695,-0.107,
89,2.121,-0.955,
90,0.39,-0.563,
91,1.627,-0.875,
92,0.528,-0.21,
93,-0.321,-0.417,
94,1.522,0.351,
95,-0.036,-0.068,
96,-0.469,-0.271,
97,0.628,-0.964,
98,-1.303,-0.633,
99,0.296,-0.665,
100,1.239,0.215,
101,-0.198,0.159,
102,-1.493,-0.083,
103,1.45,-0.749,
104,0.621,0.206,
105,0.275,-0.079,
106,0.296,-0.138,
107,1.216,-0.43,
108,1.441,-0.799,
109,0.583,-0.758,
110,-0.411,-0.221,
111,-0.278,1.149,
112,-0.983,-0.116,
113,-0.194,0.643,
114,-0.322,-0.461,
115,-1.737,-0.494,
116,-0.816,-1.144,
117,0.45,-0.28,
118,0.135,0.972,
119,0.826,-0.117,
120,1.756,0.484,
121,0.368,-0.582,
122,1.024,0.465,
123,0.102,-0.69,
124,1.37,-1.236,
125,-0.671,0.004,
126,1.639,-0.157,
127,0.395,-0.813,
128,0.897,-0.184,
129,1.112,-0.71,
130,0.869,0.125,
131,0.893,0.431,
132,0.427,-0.95,
133,-0.008,-0.12,
134,0.247,0.031,
135,-1.489,-1.405,
136,-0.219,-0.615,
137,-0.003,0.567,
138,0.443,-0.915,
139,-0.752,0.18,
140,0.348,-0.64,
141,-0.379,-0.305,
142,0.265,-0.98,
143,0.018,-0.764,
144,0.745,0.535,
145,0.36,-1.275,
146,0.391,-0.816,
147,0.221,-0.767,
148,-0.513,-0.498,
149,0.199,-1.355,
150,-1.258,-0.561,
151,0.88,-0.952,
152,0.021,0.436,
153,0.454,-1.452,
154,-0.005,-0.912,
155,-0.157,-0.194,
156,-0.69,-0.715,
157,0.282,-1.226,
158,1.934,0.465,
159,0.732,0.434,
160,0.169,-0.524,
161,1.469,-0.818,
162,-0.188,-1.523,
163,0.693,-0.729,
