1,-3.131,-3.25,
2,0.643,-0.971,
3,-1.469,-1.379,
4,0.593,-1.007,
5,-0.363,-2.179,
6,0.149,1.685,
7,2.003,0.612,
8,0.783,-0.355,
9,-1.344,0.03,
10,0.906,-0.825,
11,0.347,2.461,
12,-1.781,-2.087,
13,1.957,1.408,
14,-0.173,-0.506,
15,-2.293,-0.214,
16,0.449,-2.738,
17,0.795,0.192,
18,0.183,-0.594,
19,1.98,0.787,
20,3.304,1.718,
21,1.235,0.299,
22,1.622,0.523,
23,0.209,-0.03,
24,-0.482,0.616,
25,-0.61,3.192,
26,0.506,-0.683,
27,0.099,-0.322,
28,0.604,-0.054,
29,-0.121,-2.874,
30,0.477,0.185,
31,0.992,0.791,
32,-0.036,-1.293,
33,-0.428,-0.75,
34,-2.551,1.401,
35,-2.77,-0.506,
36,-1.15,1.043,
37,0.691,0.35,
38,-0.512,-1.464,
39,0.475,0.352,
40,-1.439,2.116,
41,0.411,0.644,
42,0.578,0.682,
43,-0.132,1.965,
44,-0.339,-0.72,
45,-0.63,0.163,
46,-2.759,-0.929,
47,-0.049,0.919,
48,-2.111,-0.86,
49,-0.853,-2.226,
50,-1.187,-0.942,
51,-1.395,-0.198,
52,0.779,1.395,
53,-0.158,-0.676,
54,1.903,-0.685,
55,-0.224,1.462,
56,-0.351,0.484,
57,-0.835,-0.754,
58,1.154,0.525,
59,2.022,0.86,
60,-0.029,-0.339,
61,0.385,-0.701,
62,-1.684,1.092,
63,-0.973,1.929,
64,-0.269,-0.136,
65,-0.331,0.305,
66,0.487,0.478,
67,-0.445,-1.187,
68,-0.164,0.512,
69,-2.045,0.403,
70,-0.332,-0.279,
71,0.224,-1.49,
72,0.838,-0.991,
73,-0.329,-0.234,
74,-0.88,-0.279,
75,-2.826,-0.027,
76,-0.001,0.035,
77,0.426,-0.351,
78,-0.197,0.184,
79,-1.071,-0.482,
80,-1.464,-0.301,
81,-0.958,1.729,
82,-1.034,-1.437,
83,-2.985,-0.207,
84,1.374,0.204,
85,-0.75,-0.298,
86,-0.068,-0.574,
87,0.937,0.173,
88,0.45,0.581,
89,0.364,0.001,
90,-0.286,0.426,
91,-0.039,1.822,
92,1.084,-1.691,
93,2.899,-0.238,
94,0.772,1.067,
95,0.278,2.203,
96,-1.689,1.607,
97,1.599,1.628,
98,0.335,-0.344,
99,0.214,1.046,
100,-1.854,0.235,
101,0.282,0.42,
102,-0.255,-1.468,
103,-0.686,-1.848,
104,-0.859,-0.527,
105,1.205,0.889,
106,-0.541,-1.328,
107,-0.646,0.19,
108,0.858,0.285,
109,-0.223,0.126,
110,-2.352,1.076,
111,-1.493,1.296,
112,-1.556,2.415,
113,0.912,-0.326,
114,-0.038,0.849,
115,-1.416,0.84,
116,-0.25,-0.729,
117,2.191,0.196,
118,0.551,-1.151,
119,-0.849,0.34,
120,0.055,-1.105,
121,-0.21,2.571,
122,-1.107,-0.072,
123,-1.014,-0.855,
124,-0.461,0.699,
125,-1.062,-0.32,
126,0.063,-0.707,
127,-0.148,1.133,
128,-0.224,-0.324,
129,0.658,1.356,
130,-1.468,-2.015,
131,1.197,2.189,
132,-0.928,2.214,
133,-0.426,0.484,
134,-1.137,-0.956,
135,-1.538,0.65,
136,-2.629,-0.504,
137,-1.581,0.468,
138,-0.958,0.169,
139,0.658,-1.095,
140,0.062,0.251,
141,-0.21,-1.076,
142,-0.217,0.631,
143,-0.48,-0.501,
144,-0.079,0.429,
145,-0.348,-1.117,
146,-1.657,-1.075,
147,-2.595,-1.912,
148,-0.893,-0.18,
149,1.875,-0.591,
150,-0.253,-0.308,
151,-1.334,0.484,
152,-1.132,-0.714,
153,0.371,0.511,
154,1.726,0.248,
155,-0.4,-0.024,
156,-0.359,-0.342,
157,-0.75,-0.469,
158,-1.961,-1.537,
159,-0.098,0.121,
160,0.511,-1.215,
161,-1.617,-0.372,
162,-1.281,-0.469,
163,0.892,-1.03,
