1,0.239,0.158,
2,-0.053,-0.097,
3,-0.998,-0.965,
4,0.185,0.123,
5,-0.607,-0.271,
6,-0.912,-0.411,
7,-0.546,0.367,
8,-0.376,-0.135,
9,-1.508,0.521,
10,-0.128,0.38,
11,-0.583,0.625,
12,1.06,-0.282,
13,0.098,-0.195,
14,-0.135,0.128,
15,-0.982,-0.381,
16,0.783,-0.1,
17,-0.544,0.308,
18,0.258,0.779,
19,-0.173,0.298,
20,-0.073,0.531,
21,1.178,-0.127,
22,0.025,-0.468,
23,-0.548,-0.607,
24,-0.781,0.71,
25,-0.097,-0.288,
26,-0.003,0.088,
27,-0.799,0.244,
28,0.173,-0.221,
29,-0.362,0.014,
30,0.101,0.235,
31,0.706,-0.223,
32,0.202,-0.121,
33,-0.319,0.008,
34,0.41,0.189,
35,0.01,0.18,
36,-0.966,0.408,
37,-0.049,0.119,
38,0.08,-0.447,
39,0.528,0.027,
40,-0.238,-0.326,
41,-0.769,-0.594,
42,-0.162,-0.322,
43,0.296,-0.144,
44,0.342,0.112,
45,-0.014,-0.082,
46,0.473,0.059,
47,0.053,-0.271,
48,0.098,-0.05,
49,-0.488,-0.013,
50,0.579,0.092,
51,-0.621,-0.546,
52,0.101,0.077,
53,-0.162,0.29,
54,-0.265,-0.409,
55,0.261,0.151,
56,-0.021,0.85,
57,0.285,1.082,
58,-0.448,0.254,
59,-0.142,0.24,
60,0.598,0.149,
61,-0.341,1.1,
62,0.583,-0.686,
63,0.466,-0.642,
64,-0.012,0.163,
65,-0.091,-0.172,
66,0.246,0.104,
67,-0.657,0.32,
68,0.444,-0.074,
69,0.462,0.696,
70,0.28,-0.293,
71,-0.416,0.259,
72,-0.706,0.331,
73,-0.222,-0.163,
74,0.318,-0.282,
75,-0.975,0.391,
76,0.263,-0.177,
77,0.025,-0.065,
78,0.316,0.528,
79,-0.106,0.09,
80,-0.885,1.406,
81,-0.097,-0.006,
82,-0.64,0.289,
83,0.25,0.285,
84,0.387,0.121,
85,-0.188,0.375,
86,0.157,-0.528,
87,0.002,-0.271,
88,-0.333,0.426,
89,0.016,0.053,
90,-0.613,-0.038,
91,0.078,0.809,
92,-0.316,0.246,
93,0.103,0.579,
94,-0.535,-0.18,
95,-0.762,-0.597,
96,0.323,-0.07,
97,-0.311,-0.348,
98,-0.279,-0.046,
99,0.063,-0.145,
100,0.368,0.19,
101,-0.402,-0.036,
102,-0.609,0.563,
103,0.685,-0.099,
104,-0.112,0.132,
105,-0.557,0.716,
106,-0.03,-0.605,
107,0.395,-0.008,
108,0.203,-0.18,
109,-0.703,-0.835,
110,-0.055,0.04,
111,0.272,-0.84,
112,-0.376,0.584,
113,-0.193,-0.345,
114,0.672,-0.038,
115,-0.36,0.115,
116,-0.038,0.653,
117,-0.651,-0.788,
118,-0.036,-0.3,
119,0.356,0.448,
120,-0.666,-0.182,
121,-0.293,-0.916,
122,-0.223,-0.456,
123,-1.041,1.107,
124,-0.318,-0.06,
125,0.072,0.279,
126,-0.275,0.026,
127,-0.007,-0.296,
128,-0.165,0.294,
129,0.57,0.158,
130,0.374,-0.913,
131,0.138,0.403,
132,-0.07,0.598,
133,-0.536,0.154,
134,-1.251,-0.897,
135,-0.013,-0.691,
136,0.077,-0.421,
137,0.163,0.1,
138,1.351,0.21,
139,-0.507,0.063,
140,-0.412,0.091,
141,-0.341,0.992,
142,0.983,-0.199,
143,0.426,0.572,
144,0.623,-0.629,
145,0.725,-0.3,
146,-0.672,0.444,
147,0.336,-0.128,
148,0.118,-0.134,
149,0.169,-0.538,
150,-0.207,-0.21,
151,0.38,0.489,
152,0.316,-0.231,
153,-0.17,-0.316,
154,-0.33,1.138,
155,0.411,-0.132,
156,-0.822,0.052,
157,0.022,0.326,
158,0.258,-0.561,
159,-0.135,-0.152,
160,-0.108,0.19,
161,0.194,-0.189,
162,-0.195,-0.282,
163,0.374,-0.707,
