1,-2.19,-2.859,
2,0.807,-1.202,
3,-1.327,-0.769,
4,0.746,-0.527,
5,-0.089,-0.755,
6,-0.39,1.188,
7,1.68,0.869,
8,0.611,-0.025,
9,-0.888,-0.208,
10,1.729,-0.888,
11,-0.199,2.14,
12,-1.38,-1.521,
13,1.788,1.221,
14,-0.345,-0.65,
15,-1.421,-0.216,
16,0.544,-2.193,
17,0.835,0.315,
18,0.039,-0.992,
19,2.248,0.362,
20,3.598,1.989,
21,1.448,0.126,
22,1.269,0.368,
23,0.179,-0.206,
24,-0.551,1.441,
25,-0.733,2.467,
26,0.733,-0.058,
27,-0.199,-0.556,
28,0.334,-0.196,
29,-0.043,-1.721,
30,0.155,0.146,
31,0.923,1.217,
32,0.24,-1.026,
33,-0.335,-0.107,
34,-2.243,1.26,
35,-2.04,-0.068,
36,-1.919,1.425,
37,0.51,0.301,
38,-1.196,-1.43,
39,-0.201,0.612,
40,-1.052,1.605,
41,0.445,0.584,
42,1.381,1.367,
43,-0.247,1.801,
44,-0.46,-0.773,
45,-0.644,-0.29,
46,-2.384,-1.123,
47,-0.41,0.506,
48,-1.402,-0.687,
49,-1.108,-2.288,
50,-1.049,-1.092,
51,-1.144,-0.533,
52,0.729,1.167,
53,0.38,-1.701,
54,1.704,-0.922,
55,-0.362,1.183,
56,-1.196,0.281,
57,-0.22,-0.845,
58,1.107,0.642,
59,2.237,0.324,
60,0.235,-0.597,
61,0.248,-0.503,
62,-2.119,0.804,
63,-0.911,2.518,
64,-0.612,-0.139,
65,-0.153,0.283,
66,0.391,0.914,
67,-0.418,-1.236,
68,0.105,0.266,
69,-1.611,0.815,
70,-0.053,-0.049,
71,-0.158,-1.899,
72,0.834,-0.763,
73,-0.254,-0.177,
74,-0.341,-0.109,
75,-1.761,-0.104,
76,-0.455,0.37,
77,0.238,-0.631,
78,0.096,-0.122,
79,-0.997,-0.291,
80,-1.228,-0.636,
81,-1.288,1.228,
82,-0.944,-0.815,
83,-1.664,-0.073,
84,0.566,-0.296,
85,-1.273,-0.379,
86,-0.175,-0.322,
87,1.099,-0.593,
88,-0.002,0.741,
89,0.238,0.186,
90,0.187,0.33,
91,-0.413,1.722,
92,1.071,-1.347,
93,1.657,-0.178,
94,0.541,0.732,
95,-0.08,2.359,
96,-1.565,1.445,
97,1.244,1.326,
98,0.429,-1.039,
99,-0.524,1.3,
100,-2.654,-0.108,
101,0.493,0.665,
102,0.288,-1.115,
103,-0.618,-1.428,
104,-0.483,-0.483,
105,-0.335,0.635,
106,-0.298,-0.881,
107,-0.277,0.824,
108,0.378,0.319,
109,-0.67,0.222,
110,-2.836,1.358,
111,-0.959,1.321,
112,-1.34,1.962,
113,1.098,-0.413,
114,-0.17,0.43,
115,-0.678,0.148,
116,-0.363,-0.843,
117,2.492,-0.082,
118,0.348,-0.938,
119,-0.978,0.478,
120,0.316,-1.5,
121,-0.074,2.253,
122,-1.04,0.008,
123,-0.838,-1.007,
124,0.063,0.39,
125,-1.219,-0.309,
126,0.396,-0.602,
127,0.48,1.008,
128,-0.062,-0.237,
129,0.447,1.44,
130,-1.135,-1.05,
131,1.229,2.074,
132,-0.784,1.853,
133,-0.496,0.008,
134,-1,-0.713,
135,-1.347,0.053,
136,-2.13,0.097,
137,-1.569,-0.031,
138,-1.066,0.417,
139,0.617,-0.921,
140,0.262,0.287,
141,-0.457,-1.123,
142,-0.34,0.563,
143,-0.257,-0.187,
144,-0.011,1.27,
145,-0.401,-1.148,
146,-1.232,-0.991,
147,-2.12,-2.397,
148,-1.139,-0.016,
149,1.971,-0.841,
150,-0.171,-0.68,
151,-0.777,0.331,
152,-0.893,-0.457,
153,0.829,0.978,
154,1.065,0.237,
155,-0.397,-0.269,
156,-0.019,-0.454,
157,-0.158,-0.724,
158,-2.095,-0.762,
159,-0.304,-0.121,
160,0.62,-0.903,
161,-1.179,-0.352,
162,-0.532,-0.752,
163,1.455,-0.52,
