1,1.792,1.215,
2,0.363,-0.946,
3,0.399,0.22,
4,0.498,-0.392,
5,0.754,-0.481,
6,-0.829,1.487,
7,-0.326,-0.476,
8,2.789,0.477,
9,0.642,-0.198,
10,0.33,-0.469,
11,-0.954,0.16,
12,1.605,-2.244,
13,0.098,-0.44,
14,-1.484,0.889,
15,-0.227,-0.222,
16,0.325,1.67,
17,0.576,-0.685,
18,-0.197,-0.006,
19,-1.264,-0.253,
20,1.258,0.222,
21,0.049,-0.42,
22,1.299,0.934,
23,-0.59,-1.061,
24,0.256,0.062,
25,-1.203,-0.142,
26,1.37,0.732,
27,0.026,1.365,
28,0.439,-0.091,
29,-0.202,-0.641,
30,0.327,-0.007,
31,-0.39,-0.163,
32,-0.066,-0.722,
33,0.994,-0.995,
34,-0.986,0.07,
35,0.596,0.108,
36,0.445,0.2,
37,0.467,-0.278,
38,-0.824,1.043,
39,0.524,0.613,
40,1.016,-0.04,
41,1.823,-1.513,
42,0.499,-1.928,
43,1.19,0.7,
44,1.477,-0.181,
45,-0.642,-0.23,
46,-0.609,1.307,
47,-0.976,0.585,
48,0.694,-0.688,
49,0.855,0.353,
50,0.916,-0.396,
51,-0.255,-1.74,
52,0.549,-0.357,
53,0.776,0.207,
54,0.625,0.935,
55,0.265,-1.023,
56,0.113,0.436,
57,0.426,-1.885,
58,-0.14,1.265,
59,-0.105,-1.189,
60,-1.121,0.255,
61,0.833,0.078,
62,0.996,-0.579,
63,0.335,0.456,
64,-0.219,-0.749,
65,0.02,-1.375,
66,-0.804,-1.168,
67,-0.624,-0.676,
68,1.122,0.998,
69,-0.378,0.059,
70,0.957,-2.004,
71,1.171,-0.095,
72,-0.224,0.426,
73,-1.936,-0.634,
74,0.784,-0.574,
75,-0.373,0.033,
76,1.23,0.306,
77,0.832,-0.087,
78,0.63,-0.959,
79,-0.841,-1.103,
80,-0.124,-1.281,
81,0.303,1.012,
82,0.13,-0.565,
83,-0.384,-2.415,
84,1.178,-0.284,
85,-0.045,0.115,
86,0.863,0.027,
87,-0.542,-0.699,
88,-2.502,-0.187,
89,2.049,-0.782,
90,-0.089,-0.293,
91,1.587,-0.687,
92,0.671,0.478,
93,-0.554,-0.535,
94,1.36,0.167,
95,0.077,0.175,
96,-0.394,0.047,
97,0.784,-1.053,
98,-1.35,-0.115,
99,-0.06,-0.614,
100,0.855,0.438,
101,0.252,0.028,
102,-1.735,0.116,
103,1.403,-0.653,
104,-0.187,0.523,
105,0.407,-0.049,
106,0.101,-0.371,
107,0.605,-0.694,
108,1.827,-0.772,
109,0.383,-0.803,
110,-0.706,0.421,
111,-0.563,1.498,
112,-1.081,-0.13,
113,-0.351,0.546,
114,-0.036,-0.168,
115,-1.982,0.107,
116,-0.475,-0.723,
117,-0.364,-0.159,
118,0.117,0.973,
119,0.521,-0.285,
120,1.872,0.283,
121,0.515,-0.433,
122,1.1,0.394,
123,0.172,-0.352,
124,1.107,-0.996,
125,-0.554,0.079,
126,1.809,0.281,
127,0.598,-0.572,
128,0.93,-0.037,
129,0.457,-0.145,
130,1.038,0.371,
131,0.621,0.181,
132,0.247,-0.908,
133,-0.114,0.138,
134,0.323,0.167,
135,-1.666,-1.48,
136,-0.506,-0.51,
137,0.037,1.129,
138,0.784,-0.783,
139,-0.922,0.603,
140,-0.36,-0.172,
141,-0.888,0.239,
142,0.155,-1.241,
143,0.372,-0.638,
144,0.865,0.633,
145,0.255,-0.987,
146,0.573,-0.172,
147,0.532,-0.107,
148,-0.534,-0.531,
149,0.274,-0.805,
150,-1.544,-1.26,
151,0.054,-0.236,
152,0.045,0.869,
153,0.416,-1.846,
154,0.032,-0.203,
155,0.174,0.2,
156,-0.716,-1.041,
157,0.175,-1.325,
158,1.745,0.677,
159,0.727,0.511,
160,-0.006,0.048,
161,1.382,-0.857,
162,-0.634,-1.486,
163,0.486,-0.362,
