1,-0.273,-0.213,
2,-0.209,0.014,
3,0.516,-0.059,
4,-0.073,0.134,
5,-0.061,-0.292,
6,0.04,0.009,
7,0.224,-0.245,
8,0.065,-0.411,
9,1.12,-0.203,
10,-0.052,-0.145,
11,-0.193,-0.149,
12,0.42,0.057,
13,-0.061,-0.025,
14,0.163,-0.44,
15,-0.129,0.056,
16,0.485,-0.295,
17,-0.287,0.079,
18,-0.073,0.403,
19,-0.563,0.436,
20,-0.117,0.066,
21,0.056,0.084,
22,0.133,0.026,
23,0.186,-0.633,
24,-0.307,-0.061,
25,0.376,-0.184,
26,-0.279,-0.455,
27,-0.442,-0.083,
28,0.144,0.055,
29,-0.138,0.391,
30,0.611,0.341,
31,-0.045,-0.261,
32,0.128,-0.162,
33,-0.24,-0.017,
34,0.115,-0.493,
35,-0.159,0.166,
36,0.352,0.35,
37,0.344,0.087,
38,0.064,-0.157,
39,0.504,-0.372,
40,0.157,-0.165,
41,0.115,0.478,
42,0.138,-0.06,
43,0.379,0.27,
44,0.139,-0.326,
45,-0.095,0.03,
46,0.043,-0.036,
47,0.041,0.343,
48,-0.192,-0.355,
49,-0.007,-0.121,
50,0.345,0.245,
51,-0.483,-0.413,
52,-0.129,0.328,
53,-0.222,0.433,
54,-0.046,-0.08,
55,-0.082,0.094,
56,-0.363,0.413,
57,0.131,0.011,
58,-0.511,0.157,
59,0.099,-0.175,
60,-0.063,0.123,
61,-0.355,-0.115,
62,0.229,-0.079,
63,0.3,0.524,
64,0.124,0.465,
65,0.069,0.105,
66,0.197,0.136,
67,0.421,0.445,
68,0.228,-0.142,
69,0.347,-0.006,
70,0.135,-0.343,
71,0.363,-0.169,
72,0.005,-0.358,
73,0.616,0.189,
74,0.697,0.013,
75,0.143,0.488,
76,0.215,-0.538,
77,-0.019,0.54,
78,0.257,0.417,
79,0.229,0.51,
80,-0.269,0.339,
81,-0.081,-0.366,
82,-0.014,0.432,
83,0.14,0.13,
84,0.38,0.184,
85,-0.379,0.003,
86,0.351,-0.404,
87,0.05,-0.241,
88,0.022,0.171,
89,-0.487,0.252,
90,-0.471,0.348,
91,0.148,0.276,
92,-0.011,0.011,
93,0.385,0.748,
94,-0.245,0.355,
95,0.338,-0.071,
96,0.198,-0.364,
97,-0.242,-0.258,
98,0.009,-0.556,
99,0.208,0.038,
100,0.204,-0.481,
101,-0.23,-0.129,
102,-0.129,0.013,
103,0.098,-0.509,
104,0.325,-0.099,
105,-0.074,0.543,
106,-0.248,-1.032,
107,-0.234,-0.363,
108,0.384,-0.396,
109,-0.055,-0.646,
110,-0.465,-0.855,
111,0.024,-0.298,
112,0.623,0.029,
113,0.117,0.176,
114,0,0.111,
115,-0.165,0.497,
116,-0.207,-0.048,
117,0.808,-0.268,
118,-0.033,-0.039,
119,0.133,0.124,
120,-0.137,-0.037,
121,-0.08,-0.287,
122,0.187,0.072,
123,0.028,0.004,
124,-0.26,0.096,
125,0.202,0.007,
126,0.122,-0.25,
127,0.083,0.006,
128,-0.354,0.413,
129,0.391,0.127,
130,0.043,0.094,
131,0.211,-0.274,
132,-0.089,0.237,
133,-0.059,-0.505,
134,-0.481,0.317,
135,-0.157,0.04,
136,0.012,-0.178,
137,0.22,0.076,
138,0.056,0.094,
139,-0.088,0.24,
140,-0.372,-0.087,
141,-0.431,0.42,
142,0.262,-0.246,
143,0.174,-0.299,
144,0.817,-0.708,
145,-0.169,0.295,
146,-0.352,0.017,
147,-0.097,0.2,
148,-0.573,-0.309,
149,-0.01,-0.076,
150,0.248,-0.593,
151,-0.07,0.202,
152,0.398,-0.254,
153,-0.017,-0.051,
154,-0.443,0.144,
155,0.172,-0.218,
156,0.026,0.537,
157,0.21,0.112,
158,-0.114,0.214,
159,0.003,0.35,
160,-0.23,0.181,
161,0.013,-0.164,
162,0.299,0.432,
163,0.236,-0.252,
