1,0.761,1.856,
2,-0.415,-0.983,
3,-2.545,-1.678,
4,0.111,0.656,
5,-1.632,-0.292,
6,-3.765,0.358,
7,-1.865,2.299,
8,-1.643,0.488,
9,-2.586,1.359,
10,-0.616,0.716,
11,0.533,1.765,
12,1.544,-0.92,
13,0.096,0.411,
14,-2.038,1.196,
15,-4.137,-0.689,
16,0.908,1.439,
17,-1.224,0.491,
18,0.986,1.379,
19,0.072,0.919,
20,-0.569,1.113,
21,2.084,-1.59,
22,-0.051,-0.779,
23,-1.603,-0.873,
24,-1.628,0.894,
25,-1.287,-0.542,
26,-0.538,0.494,
27,-1.902,0.597,
28,1.091,0.706,
29,-0.309,0.59,
30,-0.462,1.298,
31,0.941,0.5,
32,0.288,-0.109,
33,-1.744,1.186,
34,0.613,0.949,
35,-0.371,1.113,
36,-2.45,1.032,
37,-0.435,0.161,
38,0.753,-0.28,
39,0.168,2.991,
40,-0.998,-0.257,
41,-1.521,-1.087,
42,1.077,-1.322,
43,0.166,0.38,
44,0.358,1.53,
45,-0.615,0.019,
46,0.262,0.961,
47,-0.24,0.866,
48,0.243,-0.493,
49,-1.244,-1.397,
50,0.989,-0.169,
51,-0.88,0.148,
52,0.097,0.578,
53,-0.445,0.579,
54,-1.367,-1.204,
55,0.724,0.055,
56,0.066,1.888,
57,1.322,1.556,
58,-0.794,0.597,
59,-2.786,1.817,
60,0.585,-0.263,
61,-1.492,2.426,
62,1.347,-1.321,
63,0.499,-0.83,
64,-0.344,-0.339,
65,-0.374,-0.45,
66,0.497,0.254,
67,-1.636,0.339,
68,-0.457,1.153,
69,-0.275,1.247,
70,1.008,-0.196,
71,-0.317,0.31,
72,-1.635,1.363,
73,-0.992,-0.597,
74,-1.184,0.148,
75,-3.242,1.167,
76,0.509,0.083,
77,-0.108,-0.543,
78,1.707,1.474,
79,-0.428,-0.002,
80,-1.508,1.848,
81,0.57,-0.033,
82,-1.566,0.654,
83,0.511,0.235,
84,-0.731,0.441,
85,0.519,1.336,
86,-1.151,-0.345,
87,-0.744,-0.834,
88,-0.728,1.932,
89,0.359,0.237,
90,-1.152,0.417,
91,-0.439,1.071,
92,-1.067,0.611,
93,0.852,1.843,
94,-1.214,-0.095,
95,-1.061,-0.949,
96,0.477,-0.972,
97,0.035,0.086,
98,-0.528,0.173,
99,-0.538,-0.517,
100,-0.251,1.479,
101,-0.309,0.536,
102,-2.348,0.403,
103,1.149,0.607,
104,-0.182,0.096,
105,-0.509,2.107,
106,0.21,0.78,
107,2.248,1.014,
108,0.199,0.525,
109,-1.43,-0.974,
110,-0.065,0.893,
111,0.082,-1.936,
112,-1.131,1.673,
113,-1.688,-0.348,
114,0.864,-0.046,
115,-0.492,-0.799,
116,0.506,1.551,
117,-1.628,-0.96,
118,-0.296,0.416,
119,1.137,0.861,
120,-0.41,0.086,
121,-0.074,-0.892,
122,-1.676,-0.452,
123,-2.061,1.229,
124,-1.213,-0.837,
125,-0.279,1.235,
126,-2.219,0.921,
127,0.12,-1.178,
128,-0.145,0.284,
129,0.731,0.435,
130,1.521,-1.376,
131,-0.557,2.053,
132,-0.271,1.272,
133,-0.705,1.348,
134,-2.366,-1.348,
135,-0.838,-1.909,
136,0.406,-0.832,
137,-0.265,0.635,
138,1.909,0.618,
139,-0.961,-0.116,
140,-0.22,-1.092,
141,-0.334,0.742,
142,1.24,-0.318,
143,-0.061,2.333,
144,-0.293,0.311,
145,-0.007,-1.171,
146,-1.146,0.833,
147,0.322,-0.25,
148,0.18,-0.395,
149,1.512,-2.549,
150,0.126,0.231,
151,1.719,0.519,
152,0.316,0.086,
153,-0.358,0.046,
154,-0.998,2.658,
155,-0.363,-0.372,
156,-2.196,-0.95,
157,0.213,0.092,
158,0.834,-1.925,
159,0.678,-0.762,
160,-0.225,0.102,
161,0.035,0.786,
162,-0.936,0.39,
163,-0.452,-2.402,
