1,-3.151,-2.905,
2,0.54,-0.759,
3,-1.378,-1.431,
4,0.536,-1.053,
5,-0.387,-2.352,
6,0.086,1.835,
7,1.782,0.454,
8,0.682,-0.392,
9,-1.307,0.091,
10,0.627,-0.767,
11,0.388,2.523,
12,-1.73,-2.19,
13,1.908,1.445,
14,-0.214,-0.438,
15,-2.333,-0.177,
16,0.433,-2.701,
17,0.742,0.168,
18,0.178,-0.488,
19,1.745,0.772,
20,3.039,1.61,
21,1.137,0.325,
22,1.631,0.457,
23,0.175,0,
24,-0.457,0.41,
25,-0.454,3.124,
26,0.416,-0.865,
27,0.188,-0.23,
28,0.634,-0.045,
29,-0.136,-2.754,
30,0.569,0.21,
31,0.979,0.665,
32,-0.107,-1.261,
33,-0.342,-0.805,
34,-2.46,1.448,
35,-2.799,-0.674,
36,-0.873,0.95,
37,0.7,0.315,
38,-0.317,-1.382,
39,0.624,0.249,
40,-1.499,2.053,
41,0.39,0.632,
42,0.395,0.421,
43,-0.079,1.799,
44,-0.295,-0.697,
45,-0.527,0.242,
46,-2.646,-0.89,
47,0.068,0.968,
48,-2.057,-0.812,
49,-0.621,-1.971,
50,-1.162,-0.792,
51,-1.371,-0.113,
52,0.762,1.389,
53,-0.326,-0.354,
54,1.853,-0.757,
55,-0.201,1.49,
56,-0.035,0.571,
57,-0.896,-0.702,
58,1.094,0.467,
59,1.817,0.958,
60,-0.057,-0.232,
61,0.396,-0.675,
62,-1.321,1.129,
63,-0.986,1.63,
64,-0.292,0.082,
65,-0.336,0.32,
66,0.459,0.318,
67,-0.439,-1.093,
68,-0.161,0.536,
69,-1.869,0.247,
70,-0.385,-0.344,
71,0.312,-1.308,
72,0.801,-0.992,
73,-0.272,-0.189,
74,-0.869,-0.3,
75,-2.914,-0.027,
76,0.193,-0.089,
77,0.446,-0.234,
78,-0.191,0.231,
79,-1.072,-0.513,
80,-1.41,-0.235,
81,-1.043,1.518,
82,-0.911,-1.475,
83,-3.003,-0.225,
84,1.55,0.323,
85,-0.567,-0.284,
86,-0.041,-0.595,
87,0.867,0.371,
88,0.332,0.659,
89,0.348,-0.019,
90,-0.375,0.426,
91,0.025,1.715,
92,1.054,-1.729,
93,2.966,-0.119,
94,0.847,1.108,
95,0.159,2.15,
96,-1.546,1.59,
97,1.627,1.72,
98,0.274,-0.095,
99,0.387,0.898,
100,-1.43,0.277,
101,0.191,0.331,
102,-0.316,-1.415,
103,-0.661,-1.766,
104,-0.922,-0.507,
105,1.417,0.822,
106,-0.588,-1.423,
107,-0.73,0.03,
108,0.939,0.273,
109,-0.038,0.103,
110,-2.106,0.962,
111,-1.612,1.277,
112,-1.473,2.411,
113,0.697,-0.252,
114,0.008,0.928,
115,-1.388,0.795,
116,-0.215,-0.649,
117,1.905,0.345,
118,0.593,-1.155,
119,-0.779,0.28,
120,-0.027,-0.938,
121,-0.275,2.434,
122,-1.05,-0.141,
123,-1.06,-0.757,
124,-0.66,0.732,
125,-0.968,-0.327,
126,0.042,-0.593,
127,-0.319,1.049,
128,-0.254,-0.333,
129,0.638,1.314,
130,-1.442,-2.19,
131,1.06,2.127,
132,-0.872,2.248,
133,-0.37,0.61,
134,-1.085,-0.996,
135,-1.462,0.727,
136,-2.606,-0.589,
137,-1.51,0.578,
138,-0.871,0.096,
139,0.616,-1.147,
140,0.052,0.188,
141,-0.159,-1.024,
142,-0.243,0.629,
143,-0.447,-0.422,
144,-0.027,0.182,
145,-0.321,-1.059,
146,-1.683,-1.037,
147,-2.549,-1.697,
148,-0.778,-0.19,
149,1.736,-0.622,
150,-0.309,-0.204,
151,-1.411,0.503,
152,-1.146,-0.739,
153,0.254,0.298,
154,1.786,0.246,
155,-0.334,0.028,
156,-0.444,-0.315,
157,-0.751,-0.269,
158,-1.465,-1.672,
159,-0.095,0.159,
160,0.525,-1.206,
161,-1.598,-0.349,
162,-1.408,-0.358,
163,0.792,-1.123,
