1,0.649,0.17,
2,0.236,-0.884,
3,0.527,-0.19,
4,0.445,-0.165,
5,0.799,-0.34,
6,-0.965,0.494,
7,-0.183,-0.64,
8,1.649,-0.18,
9,0.37,-0.426,
10,0.232,0.259,
11,0.268,0.023,
12,0.866,-1.099,
13,0.791,-0.234,
14,-0.521,0.537,
15,-0.088,-0.88,
16,0.46,0.005,
17,0.521,-0.083,
18,0.356,-0.28,
19,-0.398,-0.297,
20,1.404,-1.476,
21,-0.28,-1.062,
22,0.644,0.011,
23,0.023,-0.809,
24,0.184,-0.063,
25,-0.146,-0.979,
26,1.354,0.594,
27,0.647,0.768,
28,0.73,-0.149,
29,0.08,-0.913,
30,0.456,0.197,
31,0.022,-0.033,
32,0.33,-0.712,
33,0.283,-0.517,
34,-1.123,-0.007,
35,0.534,0.528,
36,0.132,0.142,
37,0.735,-0.269,
38,-0.4,0.691,
39,0.124,-0.632,
40,0.604,-0.201,
41,1.25,-0.66,
42,0.879,-0.232,
43,0.925,0.201,
44,1.262,-0.098,
45,-0.205,-0.461,
46,-0.171,-0.395,
47,-0.196,0.373,
48,0.739,-0.497,
49,0.4,-0.461,
50,0.585,-0.42,
51,-0.081,-0.719,
52,0.4,-0.023,
53,0.847,-0.457,
54,0.442,0.694,
55,0.383,-1.031,
56,0.434,0.03,
57,0.154,-0.913,
58,0.236,0.115,
59,0.386,-0.93,
60,-0.113,-0.275,
61,0.55,-0.5,
62,0.83,-0.377,
63,0.798,-0.149,
64,0.003,-0.671,
65,0.328,-0.761,
66,0.643,0.228,
67,-0.162,-0.585,
68,1.095,0.16,
69,0.598,0.163,
70,0.183,-0.418,
71,0.785,-0.302,
72,0.495,0.263,
73,-0.645,-0.517,
74,0.313,-0.381,
75,-0.297,-0.208,
76,0.631,0.336,
77,0.881,-0.221,
78,0.044,-0.622,
79,-0.156,0.12,
80,-0.071,-1.703,
81,0.773,-0.129,
82,0.386,-0.443,
83,-0.344,-1.629,
84,0.423,0.223,
85,0.348,-0.074,
86,1.094,-0.49,
87,-0.411,-0.982,
88,-0.99,-0.598,
89,1.549,-0.605,
90,0.518,-0.623,
91,0.401,-0.344,
92,0.363,-0.667,
93,0.214,-0.128,
94,1.048,0.252,
95,0.475,-0.341,
96,-0.031,-0.639,
97,0.855,-0.621,
98,-0.829,-1.27,
99,0.441,-0.439,
100,0.839,-0.034,
101,0.172,0.028,
102,-0.205,-0.367,
103,0.779,-0.43,
104,0.509,-0.17,
105,0.085,-0.648,
106,0.172,-0.187,
107,1.237,-0.432,
108,0.426,-0.569,
109,0.348,-0.555,
110,0.652,-0.492,
111,0.115,0.653,
112,-0.669,-0.414,
113,0.457,-0.005,
114,-0.152,-0.529,
115,-0.199,-0.856,
116,0.219,-0.818,
117,1.142,0.01,
118,0.341,0.647,
119,0.543,-0.135,
120,0.794,-0.102,
121,-0.092,-0.973,
122,0.607,-0.377,
123,0.258,-0.85,
124,0.925,-0.702,
125,-0.374,-0.855,
126,1.032,-0.497,
127,0.499,-0.797,
128,0.576,-0.211,
129,0.669,-0.509,
130,0.649,-0.376,
131,0.523,0.295,
132,0.076,-0.674,
133,0.113,-0.274,
134,0.516,0.092,
135,-0.231,-0.924,
136,-0.024,-0.219,
137,0.06,-0.018,
138,0.227,-0.797,
139,-0.564,-0.477,
140,0.496,-0.629,
141,-0.029,-0.671,
142,0.566,-0.865,
143,0.036,-0.44,
144,0.659,-0.011,
145,-0.004,-0.908,
146,0.332,-0.437,
147,0.246,-0.634,
148,0.119,-0.333,
149,0.157,-1.166,
150,-0.799,-0.507,
151,1.208,-0.562,
152,0.074,0.04,
153,0.457,-0.609,
154,0.084,-0.758,
155,0.008,-0.553,
156,-0.25,-0.393,
157,0.288,-0.325,
158,1.217,0.704,
159,0.27,0.383,
160,0.23,-0.373,
161,0.977,-0.973,
162,0.23,-0.648,
163,0.877,-0.742,
