1,1.555,1.829,
2,-0.038,-1.221,
3,0.162,0.788,
4,0.325,0.018,
5,0.233,-0.83,
6,-0.026,2.605,
7,0.618,0.23,
8,2.155,1.212,
9,0.658,0.829,
10,0.136,-0.131,
11,-1.756,0.079,
12,1.64,-1.993,
13,-0.471,-0.06,
14,-1.515,1.029,
15,-0.372,0.77,
16,-0.353,2.088,
17,0.237,-0.151,
18,-0.488,0.879,
19,-1.718,-0.006,
20,-0.092,1.705,
21,0.141,-0.471,
22,1.008,0.721,
23,-0.788,-0.588,
24,-0.374,1.17,
25,-0.565,-0.052,
26,1.065,0.471,
27,0.136,1.12,
28,0.108,-0.177,
29,-0.308,-0.184,
30,0.388,-0.158,
31,-0.3,-0.471,
32,-0.122,-0.409,
33,1.293,-1.249,
34,-0.135,0.079,
35,0.12,0.148,
36,0.276,0.519,
37,0.222,0.105,
38,-1.068,0.619,
39,0.739,0.797,
40,0.52,-0.143,
41,1.206,-1.207,
42,0.025,-2.383,
43,1.168,0.768,
44,0.91,-0.371,
45,-0.7,-0.212,
46,-0.929,1.573,
47,-1.033,-0.273,
48,0.135,-0.322,
49,0.356,1.238,
50,1.103,-0.309,
51,-0.906,-1.632,
52,0.402,-0.676,
53,0.8,1.157,
54,0.373,1.011,
55,-0.114,0.034,
56,-0.368,0.726,
57,0.034,-1.701,
58,-0.043,1.569,
59,-0.111,-0.782,
60,-2.1,0.988,
61,1.403,0.559,
62,0.52,-0.111,
63,0.703,0.9,
64,-0.047,-0.5,
65,-0.675,-1.163,
66,-1.841,-1.691,
67,-0.64,-0.381,
68,1.178,1.177,
69,-0.405,-0.16,
70,0.828,-2.335,
71,0.923,0.087,
72,-0.724,0.366,
73,-1.94,-0.291,
74,0.124,-0.314,
75,0.346,0.301,
76,1.849,0.309,
77,0.67,0.199,
78,0.573,-0.359,
79,-0.785,-1.346,
80,-0.076,-0.075,
81,-0.472,1.508,
82,-0.358,-0.068,
83,0.142,-1.542,
84,1.425,0.294,
85,-0.684,0.352,
86,0.413,0.712,
87,-0.382,-0.325,
88,-1.85,0.097,
89,1.016,-0.714,
90,-0.308,0.207,
91,1.555,-0.101,
92,0.302,1.225,
93,-0.846,-0.573,
94,0.794,-0.201,
95,-0.513,0.521,
96,-0.495,0.788,
97,0.636,-1.239,
98,-1.013,0.928,
99,-0.294,-0.597,
100,0.167,0.614,
101,-0.709,-0.095,
102,-2.823,0.391,
103,0.765,-0.989,
104,-0.181,0.894,
105,0.063,0.323,
106,-0.512,-0.742,
107,-0.546,-0.582,
108,2.112,-0.107,
109,0.049,-1.031,
110,-0.479,0.863,
111,-0.975,1.741,
112,-0.693,0.033,
113,-0.349,0.968,
114,-0.418,0.101,
115,-1.804,0.495,
116,-0.415,-0.275,
117,-1.421,0.017,
118,-0.232,1.116,
119,0.151,-0.098,
120,1.734,0.159,
121,0.592,0.068,
122,0.653,0.324,
123,-0.018,0.539,
124,0.589,-0.159,
125,-0.272,1.06,
126,1.639,0.643,
127,0.182,-0.218,
128,1.294,0.073,
129,0.542,0.069,
130,0.971,1.056,
131,0.413,-0.255,
132,0.087,-0.585,
133,-0.275,0.49,
134,0.085,0.393,
135,-1.479,-0.986,
136,-0.755,-0.435,
137,-0.245,1.197,
138,0.683,-0.884,
139,-1.138,1.786,
140,-0.562,-0.366,
141,-1.212,0.485,
142,-0.145,-1.191,
143,0.434,-0.439,
144,1.568,0.77,
145,0.233,-0.265,
146,0.254,-0.771,
147,-0.047,-0.17,
148,-0.902,-0.132,
149,0.473,-0.304,
150,-1.213,-1.939,
151,-0.579,-0.179,
152,0.285,0.516,
153,0.277,-1.933,
154,-0.215,-0.077,
155,0.112,-0.114,
156,-0.937,-1.033,
157,-0.554,-1.352,
158,1.166,-0.184,
159,0.102,1.213,
160,-0.241,0.133,
161,1.292,-0.784,
162,-0.793,-0.86,
163,-0.056,-0.461,
