1,0.305,1.511,
2,-0.069,0.108,
3,-0.958,0.449,
4,-0.171,0.772,
5,-0.253,0.877,
6,-1.864,0.715,
7,-0.414,1.66,
8,0.18,0.452,
9,-0.448,-0.07,
10,-0.762,0.976,
11,0.507,1.375,
12,0.366,-0.328,
13,0.458,0.78,
14,-1.264,0.613,
15,-1.17,0.54,
16,0.099,0.707,
17,-1.632,0.748,
18,-0.01,0.604,
19,-0.315,0.795,
20,-0.096,0.597,
21,0.187,0.529,
22,-0.37,0.29,
23,-0.235,0.039,
24,-0.496,0.349,
25,-1.067,0.842,
26,-0.418,0.745,
27,-0.318,0.198,
28,0.325,0.633,
29,-0.243,0.431,
30,0.063,1.71,
31,-0.216,1.358,
32,-0.15,0.18,
33,-0.623,1.01,
34,-0.724,0.419,
35,-0.292,1.643,
36,-0.865,1.022,
37,-0.089,0.345,
38,-0.195,0.157,
39,-0.324,1.298,
40,-0.644,0.286,
41,-0.158,0.456,
42,0.587,0.281,
43,-0.11,0.61,
44,0.084,1.632,
45,-0.518,0.537,
46,-0.188,0.937,
47,-0.825,0.196,
48,0.668,0.182,
49,-0.446,-0.186,
50,-0.534,-0.161,
51,-0.346,0.51,
52,-0.188,0.576,
53,0.121,-0.005,
54,-0.31,0.83,
55,-0.313,-0.291,
56,-0.388,0.602,
57,0.079,0.448,
58,-0.504,0.829,
59,-1.205,0.673,
60,-0.431,0.177,
61,-0.488,1.049,
62,0.538,0.487,
63,-0.373,0.652,
64,-0.755,-0.416,
65,-0.158,0.198,
66,0.46,0.993,
67,-0.951,0.09,
68,-0.76,0.723,
69,-0.272,1.165,
70,-0.11,0.565,
71,-0.552,0.989,
72,-0.194,0.977,
73,-0.616,0.715,
74,-0.074,0.772,
75,-0.915,1.343,
76,0.042,0.809,
77,-0.46,0.11,
78,-0.116,0.777,
79,-1.182,0.378,
80,-0.405,0.014,
81,0.382,0.624,
82,-0.508,0.464,
83,0.202,0.416,
84,-0.487,0.552,
85,0.039,0.956,
86,-0.924,0.988,
87,-0.487,-0.323,
88,-0.032,0.359,
89,0.585,0.278,
90,-0.38,0.643,
91,-0.226,0.576,
92,-0.807,0.393,
93,-0.184,1.297,
94,-0.543,0.886,
95,-0.268,0.542,
96,0.173,-0.125,
97,0.418,0.636,
98,-1.335,0.202,
99,-0.416,0.296,
100,-0.87,0.718,
101,-0.113,1.119,
102,-0.559,-0.111,
103,-0.164,0.363,
104,-0.406,0.383,
105,-0.062,0.719,
106,-0.365,1.022,
107,0.517,1.577,
108,-0.158,0.691,
109,-0.452,0.236,
110,0.284,0.822,
111,-0.12,0.478,
112,-1.251,0.54,
113,-0.549,0.466,
114,-0.369,0.273,
115,-0.134,-0.826,
116,0.057,0.377,
117,-0.145,0.374,
118,-0.183,0.873,
119,0.207,0.784,
120,0.072,0.288,
121,-0.369,0.456,
122,0.264,0.704,
123,-0.697,-0.323,
124,-0.238,0.076,
125,-0.422,0.301,
126,-0.17,0.693,
127,0.037,-0.067,
128,-0.349,0.756,
129,-0.153,0.471,
130,0.624,0.446,
131,-0.394,1.658,
132,-0.74,0.611,
133,-0.512,0.899,
134,-0.565,0.657,
135,-0.961,-0.279,
136,-0.29,0.135,
137,-0.691,0.99,
138,-0.21,0.952,
139,-0.64,-0.133,
140,-0.468,0.419,
141,-0.423,-0.498,
142,-0.543,-0.152,
143,-0.595,1.377,
144,-0.614,0.601,
145,-0.684,-0.178,
146,0.107,1.065,
147,-0.406,0.585,
148,-0.733,0.306,
149,0.132,-1.682,
150,-0.845,0.436,
151,0.971,0.705,
152,-0.455,0.934,
153,-0.218,0.27,
154,-0.925,0.884,
155,-0.695,0.419,
156,-1.058,0.311,
157,-0.577,0.036,
158,0.443,0.462,
159,-0.008,-0.038,
160,-0.62,0.622,
161,0.028,0.789,
162,-0.495,0.672,
163,0.255,-0.556,
