1,-0.031,-0.109,
2,0.007,0.012,
3,-0.224,-0.465,
4,0.132,0.065,
5,-0.345,-0.228,
6,-0.304,-0.349,
7,-0.142,-0.008,
8,-0.023,-0.242,
9,-0.549,0.202,
10,-0.081,0.216,
11,-0.422,0.248,
12,0.732,-0.142,
13,-0.044,-0.151,
14,0.081,-0.181,
15,-0.328,-0.255,
16,0.487,-0.256,
17,-0.41,0.33,
18,-0.018,0.547,
19,-0.228,0.286,
20,-0.067,0.278,
21,0.636,0.105,
22,0.057,-0.241,
23,-0.258,-0.262,
24,-0.503,0.472,
25,0.262,-0.151,
26,0.109,-0.029,
27,-0.387,0.17,
28,0.055,-0.107,
29,-0.316,0.045,
30,0.388,0.231,
31,0.436,-0.195,
32,0.104,-0.094,
33,-0.036,-0.012,
34,0.212,0.061,
35,-0.008,0.152,
36,-0.381,0.343,
37,0.008,0.096,
38,-0.037,-0.334,
39,0.431,-0.248,
40,-0.153,-0.269,
41,-0.389,-0.28,
42,-0.119,-0.245,
43,0.309,-0.224,
44,0.221,0,
45,0.013,-0.049,
46,0.241,-0.016,
47,0.03,-0.277,
48,0.111,0.01,
49,-0.273,0.164,
50,0.279,0.09,
51,-0.545,-0.3,
52,0.101,0.048,
53,-0.046,0.246,
54,-0.016,-0.178,
55,0.121,0.096,
56,-0.127,0.639,
57,-0.047,0.668,
58,-0.258,0.174,
59,0.145,0.032,
60,0.261,0.172,
61,-0.118,0.53,
62,0.369,-0.338,
63,0.199,-0.293,
64,0.026,0.145,
65,-0.036,-0.087,
66,0.077,0.072,
67,-0.391,0.212,
68,0.316,-0.123,
69,0.479,0.394,
70,-0.015,-0.189,
71,-0.249,0.134,
72,-0.37,0.163,
73,-0.042,0.07,
74,0.432,-0.112,
75,-0.389,0.302,
76,0.163,-0.115,
77,-0.019,0.093,
78,0.137,0.398,
79,-0.093,0.156,
80,-0.628,0.878,
81,-0.087,0.038,
82,-0.247,0.187,
83,0.191,0.216,
84,0.434,0.082,
85,-0.417,0.146,
86,0.172,-0.469,
87,0.079,-0.214,
88,-0.071,0.154,
89,0.003,0.032,
90,-0.304,0.001,
91,0.121,0.537,
92,-0.214,0.179,
93,0.016,0.434,
94,-0.277,-0.09,
95,-0.406,-0.258,
96,0.279,-0.054,
97,-0.278,-0.365,
98,-0.118,-0.093,
99,0.079,-0.015,
100,0.294,-0.008,
101,-0.385,-0.027,
102,-0.208,0.526,
103,0.388,-0.222,
104,-0.11,0.151,
105,-0.318,0.306,
106,-0.234,-0.835,
107,0.054,-0.147,
108,0.185,-0.148,
109,-0.44,-0.622,
110,-0.026,-0.075,
111,0.085,-0.452,
112,-0.196,0.23,
113,0.022,-0.111,
114,0.402,0.044,
115,-0.282,0.254,
116,-0.102,0.326,
117,-0.259,-0.469,
118,0.021,-0.225,
119,0.199,0.297,
120,-0.415,-0.126,
121,-0.227,-0.653,
122,-0.022,-0.255,
123,-0.569,0.723,
124,-0.143,0.154,
125,0.039,0.048,
126,-0.018,-0.088,
127,0.02,-0.098,
128,-0.188,0.354,
129,0.44,0.141,
130,0.164,-0.431,
131,0.088,0.159,
132,-0.039,0.297,
133,-0.394,-0.036,
134,-0.808,-0.469,
135,0.046,-0.121,
136,-0.004,-0.174,
137,0.154,0.058,
138,0.847,0.179,
139,-0.28,0.083,
140,-0.287,0.072,
141,-0.381,0.747,
142,0.575,-0.162,
143,0.347,0.123,
144,0.754,-0.703,
145,0.445,-0.116,
146,-0.468,0.259,
147,0.156,0.012,
148,0.087,-0.071,
149,-0.064,-0.18,
150,-0.273,-0.175,
151,0.109,0.424,
152,0.174,-0.138,
153,-0.115,-0.216,
154,-0.187,0.551,
155,0.38,-0.054,
156,-0.409,0.315,
157,0.027,0.247,
158,0.083,-0.043,
159,-0.231,0.034,
160,-0.155,0.262,
161,0.228,-0.222,
162,-0.203,-0.097,
163,0.382,-0.324,
