1,1.063,0.39,
2,0.184,-1.007,
3,0.621,0.016,
4,0.382,-0.031,
5,0.79,-0.569,
6,-0.946,1.032,
7,-0.521,-0.921,
8,2.206,-0.026,
9,0.457,-0.093,
10,0.252,0.272,
11,-0.272,-0.009,
12,0.991,-1.315,
13,0.56,-0.193,
14,-1.038,0.754,
15,0.007,-0.871,
16,0.149,0.6,
17,0.533,-0.044,
18,0.244,-0.148,
19,-0.806,-0.388,
20,1.516,-1.403,
21,-0.595,-1.296,
22,0.833,0.017,
23,-0.161,-0.808,
24,0.16,0.213,
25,-0.4,-0.888,
26,1.524,0.611,
27,0.649,1.085,
28,0.725,-0.219,
29,0.044,-1.102,
30,0.548,0.269,
31,-0.158,-0.167,
32,0.21,-0.687,
33,0.464,-0.684,
34,-1.295,0.186,
35,0.456,0.568,
36,0.122,0.284,
37,0.783,-0.19,
38,-0.674,1.166,
39,0.04,-0.662,
40,0.612,-0.086,
41,1.412,-0.86,
42,0.737,-0.497,
43,1.117,0.461,
44,1.416,-0.17,
45,-0.415,-0.533,
46,-0.615,-0.328,
47,-0.304,0.6,
48,0.536,-0.441,
49,0.393,-0.156,
50,0.668,-0.349,
51,-0.403,-1.016,
52,0.387,0.074,
53,0.994,0.007,
54,0.444,1.05,
55,0.351,-0.784,
56,0.343,0.113,
57,-0.063,-1.171,
58,0.252,0.237,
59,0.422,-1.061,
60,-0.473,-0.072,
61,0.775,-0.539,
62,0.619,-0.481,
63,0.871,-0.026,
64,0.028,-0.612,
65,0.147,-0.874,
66,0.249,-0.086,
67,-0.199,-0.525,
68,1.384,0.481,
69,0.401,-0.036,
70,0.211,-0.606,
71,1.024,-0.128,
72,0.321,0.516,
73,-1.102,-0.653,
74,0.147,-0.428,
75,-0.084,-0.041,
76,0.649,0.376,
77,1.068,-0.098,
78,0.095,-0.7,
79,-0.162,0.106,
80,-0.126,-1.718,
81,0.72,0.187,
82,0.244,-0.378,
83,-0.65,-1.992,
84,0.722,0.362,
85,0.132,0.014,
86,1.286,-0.372,
87,-0.648,-1.007,
88,-1.7,-0.412,
89,1.798,-0.683,
90,0.457,-0.568,
91,0.468,-0.527,
92,0.326,-0.5,
93,0.091,-0.318,
94,1.332,0.236,
95,0.261,-0.12,
96,-0.41,-0.388,
97,0.876,-0.835,
98,-1.145,-1,
99,0.358,-0.446,
100,0.834,0.309,
101,0.075,0.039,
102,-0.86,-0.116,
103,1.029,-0.846,
104,0.462,-0.006,
105,-0.096,-0.62,
106,0.002,-0.22,
107,1.067,-0.755,
108,0.75,-0.393,
109,0.25,-0.639,
110,0.262,-0.227,
111,-0.171,1.153,
112,-0.784,-0.377,
113,0.395,0.248,
114,-0.335,-0.406,
115,-0.688,-0.312,
116,0.244,-0.763,
117,0.859,0.044,
118,0.312,1.03,
119,0.485,-0.073,
120,0.889,-0.046,
121,-0.041,-0.82,
122,0.482,-0.425,
123,0.292,-0.585,
124,0.893,-0.58,
125,-0.581,-0.586,
126,1.314,-0.25,
127,0.399,-0.733,
128,0.768,-0.262,
129,0.607,-0.448,
130,0.668,-0.207,
131,0.4,0.094,
132,0.06,-0.721,
133,0.067,-0.161,
134,0.549,0.284,
135,-0.791,-1.166,
136,-0.279,-0.139,
137,0.004,0.145,
138,0.26,-0.972,
139,-0.854,-0.073,
140,0.414,-0.679,
141,-0.243,-0.497,
142,0.58,-1.066,
143,-0.098,-0.533,
144,1.034,0.248,
145,-0.156,-0.811,
146,0.085,-0.583,
147,0.147,-0.669,
148,-0.024,-0.211,
149,0.009,-0.672,
150,-1.228,-0.784,
151,1.059,-0.734,
152,0.076,0.043,
153,0.394,-0.734,
154,-0.001,-0.706,
155,-0.02,-0.587,
156,-0.356,-0.597,
157,0.445,-0.521,
158,1.352,1.104,
159,0.219,0.766,
160,0.207,-0.402,
161,1.046,-1.176,
162,-0.18,-0.868,
163,0.839,-0.229,
