1,1.715,0.761,
2,0.14,-1.119,
3,0.692,0.35,
4,0.279,0.166,
5,0.569,-0.947,
6,-0.548,1.759,
7,-0.598,-1.181,
8,2.795,0.356,
9,0.591,0.426,
10,0.262,0.254,
11,-1.215,0.015,
12,1.251,-1.641,
13,0.144,-0.138,
14,-1.793,0.747,
15,0.088,-0.745,
16,-0.367,1.604,
17,0.485,0.01,
18,0.022,0.108,
19,-1.3,-0.597,
20,1.246,-0.899,
21,-0.881,-1.588,
22,0.998,-0.143,
23,-0.448,-0.789,
24,0.063,0.651,
25,-0.785,-0.329,
26,1.63,0.608,
27,0.599,1.316,
28,0.588,-0.431,
29,0.02,-1.181,
30,0.696,0.381,
31,-0.367,-0.36,
32,0.04,-0.618,
33,0.806,-0.817,
34,-1.203,0.32,
35,0.327,0.559,
36,0.125,0.497,
37,0.785,-0.055,
38,-0.97,1.261,
39,0.096,-0.565,
40,0.567,0.075,
41,1.533,-1.056,
42,0.495,-0.997,
43,1.4,0.738,
44,1.487,-0.284,
45,-0.68,-0.609,
46,-1.328,0.026,
47,-0.509,0.219,
48,0.223,-0.335,
49,0.323,0.363,
50,0.769,-0.242,
51,-0.887,-1.296,
52,0.368,0.089,
53,1.196,0.852,
54,0.501,1.509,
55,0.263,-0.351,
56,0.085,0.228,
57,-0.267,-1.45,
58,0.258,0.5,
59,0.4,-1.115,
60,-1.069,0.305,
61,1.096,-0.57,
62,0.327,-0.488,
63,0.92,0.211,
64,0.123,-0.516,
65,-0.168,-1.03,
66,-0.444,-0.739,
67,-0.277,-0.425,
68,1.724,0.903,
69,-0.086,-0.285,
70,0.287,-0.984,
71,1.339,0.107,
72,-0.001,0.679,
73,-1.821,-0.773,
74,-0.042,-0.465,
75,0.294,0.318,
76,0.808,0.125,
77,1.21,0.102,
78,0.236,-0.667,
79,-0.206,-0.031,
80,-0.211,-1.56,
81,0.539,0.657,
82,-0.007,-0.244,
83,-1.136,-2.095,
84,1.283,0.641,
85,-0.261,0.158,
86,1.382,0.092,
87,-0.782,-0.97,
88,-2.056,-0.16,
89,1.822,-0.778,
90,0.288,-0.419,
91,0.653,-0.593,
92,0.267,-0.094,
93,-0.194,-0.648,
94,1.4,0.073,
95,-0.214,0.232,
96,-0.975,0.082,
97,0.826,-1.135,
98,-1.208,-0.429,
99,0.194,-0.447,
100,0.577,0.786,
101,-0.071,0.044,
102,-1.905,0.11,
103,1.298,-1.361,
104,0.333,0.291,
105,-0.442,-0.542,
106,-0.299,-0.36,
107,0.615,-1.031,
108,1.32,0.009,
109,0.069,-0.77,
110,-0.209,0.355,
111,-0.747,1.832,
112,-0.785,-0.28,
113,0.292,0.694,
114,-0.588,-0.216,
115,-1.252,0.419,
116,0.265,-0.623,
117,0.178,0.203,
118,0.276,1.328,
119,0.358,-0.002,
120,1.035,0.029,
121,0.122,-0.259,
122,0.202,-0.395,
123,0.277,-0.088,
124,0.797,-0.348,
125,-0.837,0.054,
126,1.57,0.054,
127,0.247,-0.585,
128,1.051,-0.288,
129,0.509,-0.303,
130,0.666,0.092,
131,0.275,-0.171,
132,0.035,-0.754,
133,-0.025,0.031,
134,0.554,0.546,
135,-1.516,-1.39,
136,-0.63,-0.135,
137,-0.08,0.391,
138,0.335,-1.198,
139,-1.197,0.556,
140,0.209,-0.707,
141,-0.598,-0.184,
142,0.436,-1.404,
143,-0.305,-0.675,
144,1.661,0.532,
145,-0.356,-0.573,
146,-0.065,-0.791,
147,-0.005,-0.658,
148,-0.433,0.057,
149,-0.056,0.16,
150,-1.887,-1.535,
151,0.686,-0.827,
152,0.124,0.071,
153,0.277,-0.906,
154,-0.136,-0.568,
155,-0.038,-0.593,
156,-0.471,-0.746,
157,0.358,-0.834,
158,1.202,1.266,
159,0.07,1.301,
160,0.135,-0.381,
161,1.15,-1.294,
162,-0.802,-1.151,
163,0.814,0.36,
