1,0.015,0.952,
2,-0.097,0.12,
3,-0.678,0.633,
4,-0.157,0.716,
5,-0.063,0.904,
6,-1.59,0.468,
7,-0.272,1.143,
8,0.375,0.535,
9,-0.337,-0.079,
10,-0.704,1.155,
11,0.433,1.172,
12,0.212,0.001,
13,0.445,0.746,
14,-0.924,0.554,
15,-0.658,0.509,
16,-0.088,0.388,
17,-1.035,0.758,
18,-0.138,0.527,
19,-0.362,0.767,
20,-0.17,0.554,
21,-0.043,0.68,
22,-0.394,0.37,
23,-0.124,0.258,
24,-0.303,0.453,
25,-0.692,0.916,
26,-0.335,0.846,
27,-0.001,0.28,
28,-0.031,0.592,
29,-0.272,0.572,
30,-0.012,1.504,
31,-0.245,1.329,
32,-0.165,0.214,
33,-0.39,0.908,
34,-0.824,0.31,
35,-0.193,1.547,
36,-0.689,0.923,
37,0.022,0.424,
38,-0.35,0.311,
39,-0.328,0.756,
40,-0.427,0.368,
41,-0.099,0.649,
42,0.31,0.653,
43,-0.16,0.704,
44,0.134,1.272,
45,-0.366,0.611,
46,-0.263,0.763,
47,-0.855,0.138,
48,0.673,0.407,
49,-0.44,-0.029,
50,-0.652,-0.074,
51,-0.292,0.509,
52,-0.213,0.569,
53,0.219,0.01,
54,-0.086,0.863,
55,-0.501,-0.257,
56,-0.405,0.648,
57,-0.265,0.446,
58,-0.492,0.896,
59,-0.94,0.53,
60,-0.475,0.378,
61,-0.321,0.751,
62,0.227,0.559,
63,-0.278,0.705,
64,-0.819,-0.248,
65,-0.09,0.312,
66,0.243,0.968,
67,-0.683,0.141,
68,-0.6,0.694,
69,-0.174,1.188,
70,-0.291,0.649,
71,-0.466,0.763,
72,0.061,0.721,
73,-0.556,0.816,
74,-0.009,0.842,
75,-0.496,0.743,
76,-0.091,0.806,
77,-0.458,0.225,
78,-0.445,0.632,
79,-1.181,0.428,
80,-0.359,-0.205,
81,0.129,0.654,
82,-0.297,0.569,
83,0.101,0.53,
84,-0.326,0.563,
85,-0.006,0.858,
86,-0.572,1.139,
87,-0.345,-0.036,
88,-0.045,0.319,
89,0.054,0.337,
90,-0.242,0.513,
91,-0.216,0.705,
92,-0.623,0.32,
93,-0.646,1.088,
94,-0.516,0.999,
95,-0.208,0.542,
96,-0.067,0.205,
97,0.358,0.678,
98,-1.179,0.025,
99,-0.275,0.487,
100,-0.785,0.653,
101,-0.317,1.102,
102,-0.257,-0.003,
103,-0.339,0.58,
104,-0.403,0.443,
105,-0.219,0.496,
106,-0.348,0.962,
107,0.299,1.458,
108,-0.23,0.513,
109,-0.317,0.338,
110,0.277,0.868,
111,-0.226,0.713,
112,-1.234,0.34,
113,-0.382,0.5,
114,-0.444,0.271,
115,-0.142,-0.79,
116,-0.149,0.115,
117,-0.102,0.487,
118,-0.241,0.766,
119,-0.004,0.67,
120,-0.172,0.274,
121,-0.43,0.56,
122,0.196,0.787,
123,-0.586,-0.446,
124,-0.013,0.277,
125,-0.46,0.216,
126,-0.059,0.55,
127,-0.04,0.204,
128,-0.373,0.791,
129,-0.284,0.421,
130,0.317,0.581,
131,-0.249,1.559,
132,-0.75,0.502,
133,-0.581,0.703,
134,-0.483,0.87,
135,-0.682,0.025,
136,-0.304,0.357,
137,-0.687,0.955,
138,-0.385,0.91,
139,-0.745,-0.111,
140,-0.45,0.576,
141,-0.418,-0.41,
142,-0.628,0.014,
143,-0.445,1.185,
144,-0.609,0.685,
145,-0.728,0.09,
146,0.214,1.061,
147,-0.39,0.651,
148,-0.851,0.552,
149,-0.186,-1.256,
150,-1.107,0.635,
151,0.732,0.812,
152,-0.53,1.014,
153,-0.158,0.287,
154,-0.795,0.572,
155,-0.621,0.524,
156,-0.797,0.657,
157,-0.549,0.31,
158,0.213,0.824,
159,-0.162,0.222,
160,-0.623,0.692,
161,-0.059,0.663,
162,-0.451,0.671,
163,0.352,-0.168,
