1,0.895,0.615,
2,0.423,-0.711,
3,0.354,-0.292,
4,0.583,-0.541,
5,0.783,-0.007,
6,-1.079,0.649,
7,0.079,-0.148,
8,1.824,0.07,
9,0.363,-0.771,
10,0.324,-0.168,
11,0.197,0.195,
12,1.103,-1.497,
13,0.76,-0.444,
14,-0.552,0.682,
15,-0.324,-0.43,
16,0.855,0.349,
17,0.658,-0.507,
18,0.237,-0.369,
19,-0.45,-0.131,
20,1.187,-0.555,
21,0.342,-0.356,
22,0.868,0.706,
23,-0.133,-1.002,
24,0.233,-0.37,
25,-0.567,-0.62,
26,1.251,0.685,
27,0.268,0.884,
28,0.529,-0.016,
29,-0.084,-0.481,
30,0.293,0.016,
31,-0.036,0.089,
32,0.235,-0.772,
33,0.48,-0.576,
34,-0.876,-0.21,
35,0.708,0.302,
36,0.376,-0.016,
37,0.47,-0.41,
38,-0.27,0.41,
39,0.503,0.262,
40,0.884,-0.226,
41,1.431,-0.943,
42,0.808,-1.085,
43,0.814,0.151,
44,1.297,-0.055,
45,-0.327,-0.27,
46,0.15,0.656,
47,-0.564,0.446,
48,1.029,-0.742,
49,0.761,-0.382,
50,0.715,-0.444,
51,0.216,-1.095,
52,0.483,-0.237,
53,0.542,-0.698,
54,0.557,0.387,
55,0.444,-1.406,
56,0.37,0.201,
57,0.681,-1.248,
58,-0.001,0.502,
59,-0.061,-1.001,
60,-0.183,-0.31,
61,0.386,-0.058,
62,1.291,-0.428,
63,0.482,-0.037,
64,-0.194,-0.792,
65,0.393,-0.955,
66,0.232,-0.287,
67,-0.396,-0.683,
68,0.759,0.313,
69,0.21,0.371,
70,0.541,-1.003,
71,0.719,-0.43,
72,0.341,0.093,
73,-0.939,-0.437,
74,0.736,-0.444,
75,-0.725,-0.298,
76,1.008,0.357,
77,0.739,-0.239,
78,0.38,-0.771,
79,-0.518,-0.506,
80,-0.094,-1.531,
81,0.554,0.207,
82,0.403,-0.647,
83,-0.074,-1.82,
84,0.465,-0.339,
85,0.409,-0.053,
86,0.704,-0.366,
87,-0.351,-0.821,
88,-1.252,-0.497,
89,1.771,-0.595,
90,0.217,-0.562,
91,1.146,-0.412,
92,0.587,-0.34,
93,-0.101,-0.116,
94,1.011,0.294,
95,0.503,-0.301,
96,0.203,-0.588,
97,0.795,-0.582,
98,-0.852,-0.875,
99,0.309,-0.499,
100,0.911,-0.209,
101,0.411,0.053,
102,-0.544,-0.326,
103,0.942,-0.075,
104,0.232,0,
105,0.549,-0.298,
106,0.335,-0.233,
107,1.145,-0.182,
108,0.942,-0.969,
109,0.49,-0.546,
110,0.277,-0.367,
111,0.109,0.509,
112,-0.776,-0.265,
113,-0.026,0.048,
114,0.106,-0.49,
115,-0.857,-0.91,
116,-0.369,-0.886,
117,0.652,-0.241,
118,0.236,0.394,
119,0.642,-0.26,
120,1.254,0.151,
121,0.204,-0.89,
122,1.087,0.216,
123,0.243,-0.899,
124,1.13,-1.102,
125,-0.287,-0.612,
126,1.179,-0.287,
127,0.737,-0.769,
128,0.458,-0.014,
129,0.691,-0.456,
130,0.876,-0.167,
131,0.785,0.491,
132,0.23,-0.781,
133,0.047,-0.225,
134,0.393,-0.114,
135,-0.593,-1.11,
136,0.003,-0.545,
137,0.152,0.359,
138,0.517,-0.574,
139,-0.382,-0.343,
140,0.161,-0.304,
141,-0.174,-0.383,
142,0.314,-0.838,
143,0.385,-0.503,
144,0.223,0.097,
145,0.404,-1.174,
146,0.665,-0.187,
147,0.519,-0.33,
148,-0.149,-0.687,
149,0.399,-1.632,
150,-0.722,-0.587,
151,0.807,-0.233,
152,0.006,0.467,
153,0.516,-1.283,
154,0.146,-0.599,
155,0.096,-0.059,
156,-0.475,-0.579,
157,0.078,-0.78,
158,1.517,0.251,
159,0.693,-0.049,
160,0.122,-0.098,
161,1.25,-0.613,
162,0.084,-1.01,
163,0.603,-1.133,
