1,-0.703,-0.769,
2,-0.532,-0.149,
3,0.556,-0.668,
4,-0.527,0.403,
5,0.074,-0.465,
6,0.138,0.025,
7,0.384,-0.48,
8,-0.151,-0.777,
9,2.134,0.1,
10,0.052,-0.226,
11,-0.204,-0.636,
12,0.528,0.204,
13,0.11,0.261,
14,-0.077,-0.239,
15,-0.448,0.107,
16,0.847,-0.228,
17,-0.259,-0.75,
18,0.313,0.321,
19,-0.604,0.577,
20,-0.09,0.178,
21,0.007,-0.072,
22,0.164,0.112,
23,0.229,-1.357,
24,-0.095,-0.625,
25,0.366,-0.659,
26,-1.493,-1.11,
27,-1.174,-0.468,
28,0.697,-0.127,
29,0.276,0.814,
30,0.832,0.216,
31,-0.315,-0.709,
32,0.437,-0.355,
33,-0.939,-0.341,
34,0.283,-1.414,
35,-0.224,-0.046,
36,0.602,0.292,
37,0.991,0.394,
38,0.572,-0.347,
39,0.383,-0.362,
40,0.821,-0.358,
41,0.417,1.016,
42,0.089,0.667,
43,0.457,0.99,
44,0.031,-0.866,
45,-0.255,-0.041,
46,-0.392,0.056,
47,0.114,0.843,
48,-0.556,-0.664,
49,0.28,-0.659,
50,0.848,0.407,
51,-0.561,-1.024,
52,-0.635,0.698,
53,-0.628,1.127,
54,-0.777,-0.142,
55,-0.519,0.131,
56,-0.637,0.194,
57,0.336,-0.041,
58,-1.332,0.162,
59,0.036,-0.608,
60,0.057,-0.013,
61,-0.855,-0.036,
62,0.061,-0.355,
63,1.119,1.173,
64,0.002,0.816,
65,0.319,0.232,
66,0.768,0.241,
67,0.85,0.878,
68,0.265,-0.29,
69,0.206,-0.052,
70,0.908,-0.559,
71,0.91,-0.442,
72,0.093,-1.096,
73,1.499,0.023,
74,1.312,-0.154,
75,0.602,0.789,
76,0.193,-1.347,
77,0.217,1.591,
78,0.466,0.645,
79,0.804,0.821,
80,0.224,0.64,
81,-0.553,-0.736,
82,-0.092,0.874,
83,0.169,0.171,
84,0.255,0.197,
85,0.313,0.005,
86,0.971,-0.278,
87,0.031,-0.289,
88,0.265,0.484,
89,-1.676,0.314,
90,-0.762,0.674,
91,-0.155,0.14,
92,-0.04,-0.03,
93,1.069,1.269,
94,-0.647,1.524,
95,1.181,-0.352,
96,0.018,-0.71,
97,-0.534,-0.169,
98,-0.074,-1.482,
99,0.621,-0.024,
100,0.317,-1.106,
101,-0.204,-0.297,
102,-0.165,-0.687,
103,0.092,-1.125,
104,0.74,-0.591,
105,-0.737,0.861,
106,0.382,-0.851,
107,-0.344,-0.28,
108,0.756,-0.833,
109,0.291,-1.365,
110,-1.143,-2.223,
111,0.209,-0.12,
112,1.516,-0.046,
113,0.299,-0.03,
114,-0.05,-0.012,
115,-0.048,0.19,
116,-0.243,-0.289,
117,1.666,-0.181,
118,0.091,-0.013,
119,0.32,-0.144,
120,-0.232,0.019,
121,0.003,-0.1,
122,0.244,0.092,
123,0.129,-0.465,
124,-0.801,-0.511,
125,0.411,0.226,
126,0.248,-0.339,
127,0.44,-0.277,
128,-0.477,0.412,
129,0.234,0.044,
130,-0.242,0.038,
131,0.662,-0.339,
132,-0.042,0.808,
133,0.115,-0.99,
134,-0.491,0.609,
135,-0.752,-0.297,
136,0.088,-0.359,
137,0.811,0.284,
138,-0.171,0.036,
139,-0.33,0.473,
140,-0.804,-0.336,
141,-0.429,0.201,
142,0.745,-0.622,
143,0.026,-0.123,
144,0.592,-0.828,
145,-0.613,0.625,
146,-0.35,0.056,
147,-0.087,0.156,
148,-1.501,-0.421,
149,-0.053,-0.227,
150,0.619,-1.51,
151,-0.232,0.171,
152,0.546,-0.653,
153,0.177,0.024,
154,-1.171,0.428,
155,-0.221,-0.562,
156,0.608,0.606,
157,0.624,0.249,
158,-0.162,0.076,
159,0.278,0.727,
160,-0.581,-0.062,
161,-0.288,-0.052,
162,0.992,0.705,
163,0.372,-0.314,
