1,0.526,1.866,
2,-0.065,0.039,
3,-1.296,0.205,
4,-0.18,0.885,
5,-0.52,0.782,
6,-2.212,0.697,
7,-0.801,2.198,
8,-0.216,0.326,
9,-0.668,0.141,
10,-0.82,0.844,
11,0.576,1.551,
12,0.568,-0.616,
13,0.384,0.82,
14,-1.656,0.703,
15,-1.76,0.285,
16,0.262,1.043,
17,-1.901,0.752,
18,0.194,0.744,
19,-0.257,0.83,
20,-0.059,0.636,
21,0.575,0.197,
22,-0.29,0.097,
23,-0.427,-0.197,
24,-0.757,0.335,
25,-1.373,0.729,
26,-0.478,0.684,
27,-0.684,0.17,
28,0.73,0.647,
29,-0.251,0.293,
30,0.073,1.899,
31,-0.125,1.352,
32,-0.122,0.125,
33,-0.918,1.116,
34,-0.516,0.539,
35,-0.411,1.728,
36,-1.19,1.153,
37,-0.149,0.288,
38,-0.047,0.024,
39,-0.337,1.982,
40,-0.866,0.178,
41,-0.345,0.164,
42,0.881,-0.146,
43,-0.039,0.515,
44,0.083,1.953,
45,-0.671,0.44,
46,-0.067,1.091,
47,-0.746,0.275,
48,0.592,-0.018,
49,-0.485,-0.429,
50,-0.333,-0.235,
51,-0.474,0.522,
52,-0.153,0.601,
53,-0.017,0.002,
54,-0.637,0.661,
55,-0.073,-0.275,
56,-0.353,0.608,
57,0.434,0.599,
58,-0.554,0.762,
59,-1.581,0.873,
60,-0.354,-0.021,
61,-0.735,1.52,
62,0.678,0.318,
63,-0.364,0.508,
64,-0.73,-0.568,
65,-0.236,0.059,
66,0.611,0.957,
67,-1.221,0.082,
68,-0.925,0.799,
69,-0.356,1.172,
70,0.118,0.464,
71,-0.598,1.102,
72,-0.535,1.249,
73,-0.683,0.528,
74,-0.218,0.706,
75,-1.248,1.995,
76,0.062,0.792,
77,-0.443,-0.041,
78,0.319,0.958,
79,-1.135,0.3,
80,-0.551,0.431,
81,0.563,0.548,
82,-0.759,0.399,
83,0.346,0.33,
84,-0.689,0.537,
85,0.142,1.094,
86,-1.248,0.768,
87,-0.645,-0.62,
88,0.081,0.573,
89,0.859,0.125,
90,-0.524,0.741,
91,-0.303,0.522,
92,-0.991,0.492,
93,0.358,1.545,
94,-0.619,0.728,
95,-0.404,0.422,
96,0.381,-0.466,
97,0.451,0.573,
98,-1.463,0.333,
99,-0.529,0.127,
100,-0.892,0.878,
101,-0.001,1.125,
102,-0.816,-0.097,
103,0.113,0.249,
104,-0.394,0.307,
105,-0.027,1.038,
106,-0.35,1.099,
107,0.897,1.66,
108,-0.036,0.845,
109,-0.673,0.037,
110,0.274,0.764,
111,-0.032,0.086,
112,-1.269,0.761,
113,-0.756,0.428,
114,-0.214,0.244,
115,-0.183,-0.881,
116,0.281,0.683,
117,-0.328,0.232,
118,-0.199,1.001,
119,0.481,0.906,
120,0.235,0.284,
121,-0.314,0.26,
122,0.142,0.562,
123,-0.928,-0.084,
124,-0.504,-0.144,
125,-0.393,0.518,
126,-0.344,0.841,
127,0.038,-0.373,
128,-0.263,0.66,
129,0.021,0.512,
130,0.927,0.211,
131,-0.548,1.856,
132,-0.705,0.764,
133,-0.469,1.124,
134,-0.808,0.31,
135,-1.257,-0.623,
136,-0.214,-0.072,
137,-0.686,1.009,
138,0.057,0.945,
139,-0.577,-0.169,
140,-0.392,0.044,
141,-0.429,-0.47,
142,-0.357,-0.276,
143,-0.712,1.693,
144,-0.63,0.6,
145,-0.591,-0.489,
146,-0.083,1.073,
147,-0.381,0.451,
148,-0.618,0.055,
149,0.375,-1.999,
150,-0.649,0.365,
151,1.245,0.588,
152,-0.348,0.837,
153,-0.267,0.299,
154,-1.068,1.28,
155,-0.743,0.273,
156,-1.336,0.001,
157,-0.395,0.039,
158,0.592,0.128,
159,0.195,-0.324,
160,-0.586,0.467,
161,0.082,0.874,
162,-0.613,0.651,
163,0.272,-0.835,
