1,-2.378,-1.64,
2,0.258,-0.212,
3,-0.645,-1.066,
4,0.387,-0.789,
5,-0.118,-1.825,
6,-0.023,1.193,
7,0.793,-0.025,
8,0.255,-0.443,
9,-0.775,-0.015,
10,-0.039,-0.404,
11,0.313,1.928,
12,-1.251,-1.81,
13,1.435,0.995,
14,0.111,-0.516,
15,-1.877,-0.066,
16,0.479,-1.762,
17,0.241,0.119,
18,0.1,0.026,
19,0.558,0.572,
20,1.707,0.809,
21,0.609,0.212,
22,0.925,0.321,
23,0.01,-0.129,
24,-0.138,0.281,
25,0.146,2.187,
26,0.244,-0.83,
27,0.214,-0.084,
28,0.504,0.036,
29,-0.27,-1.475,
30,0.707,0.307,
31,0.641,0.25,
32,-0.155,-0.82,
33,-0.112,-0.514,
34,-1.611,1.055,
35,-1.802,-1.186,
36,-0.105,0.558,
37,0.52,0.257,
38,-0.068,-0.864,
39,0.705,-0.023,
40,-1.134,1.19,
41,0.263,0.436,
42,0.161,0.02,
43,0.098,0.966,
44,-0.109,-0.322,
45,-0.02,0.251,
46,-1.406,-0.606,
47,0.361,0.671,
48,-1.312,-0.634,
49,-0.114,-0.836,
50,-0.713,-0.364,
51,-0.862,-0.006,
52,0.509,0.9,
53,-0.372,0.058,
54,1.125,-0.732,
55,-0.087,0.757,
56,0.13,0.628,
57,-0.612,-0.346,
58,0.56,0.276,
59,1.055,0.825,
60,-0.128,0.046,
61,0.271,-0.373,
62,-0.559,0.848,
63,-0.625,0.769,
64,-0.176,0.221,
65,-0.321,0.22,
66,0.325,0.099,
67,-0.347,-0.492,
68,0.09,0.491,
69,-0.81,0.092,
70,-0.346,-0.362,
71,0.241,-0.819,
72,0.467,-0.594,
73,-0.009,0.181,
74,-0.157,-0.197,
75,-1.901,0.009,
76,0.369,-0.478,
77,0.28,0.101,
78,0.125,0.626,
79,-0.917,-0.068,
80,-0.98,-0.058,
81,-0.61,0.803,
82,-0.41,-1.267,
83,-1.84,-0.221,
84,1.479,0.38,
85,-0.627,-0.164,
86,0.016,-0.524,
87,0.505,0.39,
88,-0.056,0.739,
89,0,-0.104,
90,-0.441,0.283,
91,0.262,0.786,
92,0.71,-1.375,
93,2.041,0.154,
94,0.466,0.81,
95,-0.157,1.566,
96,-0.639,0.866,
97,1.029,1.017,
98,0.079,0.235,
99,0.637,0.29,
100,-0.277,0.27,
101,0.026,0.12,
102,-0.188,-0.751,
103,-0.381,-1.131,
104,-0.745,-0.226,
105,1.063,0.711,
106,-0.593,-1.335,
107,-0.504,-0.25,
108,0.606,0.182,
109,0.179,-0.124,
110,-1.193,0.481,
111,-1.19,0.737,
112,-0.857,1.479,
113,0.156,-0.083,
114,0.113,0.781,
115,-0.703,0.467,
116,-0.174,-0.338,
117,0.957,0.559,
118,0.414,-0.782,
119,-0.365,0.109,
120,-0.139,-0.409,
121,-0.237,1.251,
122,-0.585,-0.509,
123,-0.783,-0.421,
124,-0.436,0.719,
125,-0.448,-0.312,
126,0.078,-0.365,
127,-0.364,0.53,
128,-0.32,-0.065,
129,0.62,0.857,
130,-0.963,-1.556,
131,0.535,1.432,
132,-0.591,1.48,
133,-0.256,0.483,
134,-0.706,-0.711,
135,-0.727,0.473,
136,-1.667,-0.821,
137,-0.89,0.578,
138,-0.327,0.044,
139,0.367,-1.003,
140,-0.06,0.075,
141,-0.104,-0.572,
142,-0.223,0.22,
143,-0.285,-0.342,
144,0.487,-0.469,
145,-0.144,-0.774,
146,-1.133,-0.551,
147,-1.579,-0.763,
148,-0.468,-0.072,
149,0.746,-0.417,
150,-0.355,0.098,
151,-1.019,0.552,
152,-0.811,-0.43,
153,0.228,-0.111,
154,1.452,0.313,
155,-0.171,0.13,
156,-0.39,0.077,
157,-0.397,0.081,
158,-0.506,-0.906,
159,-0.17,0.119,
160,0.404,-0.666,
161,-0.976,-0.265,
162,-1.19,-0.092,
163,0.615,-0.83,
