1,0.93,0.842,
2,0.273,-1.096,
3,0.361,-0.404,
4,0.598,-0.599,
5,0.941,-0.332,
6,-1.194,0.831,
7,0.198,0.141,
8,1.839,0.169,
9,0.423,-0.725,
10,0.377,-0.019,
11,0.197,0.258,
12,1.007,-1.446,
13,0.821,-0.224,
14,-0.627,0.665,
15,-0.422,-0.187,
16,0.62,0.024,
17,0.844,-0.405,
18,0.384,-0.348,
19,-0.446,-0.235,
20,1.14,-0.747,
21,0.24,-0.536,
22,0.851,0.702,
23,-0.166,-0.951,
24,0.104,-0.249,
25,-0.332,-0.988,
26,1.397,0.796,
27,0.344,1.056,
28,0.461,-0.117,
29,-0.093,-0.477,
30,0.279,0.005,
31,-0.049,0.109,
32,0.268,-0.792,
33,0.434,-0.492,
34,-0.854,-0.274,
35,0.669,0.441,
36,0.393,-0.007,
37,0.407,-0.438,
38,-0.265,0.395,
39,0.548,0.294,
40,0.898,-0.232,
41,1.443,-0.941,
42,0.849,-1.045,
43,0.81,0.076,
44,1.309,-0.101,
45,-0.378,-0.308,
46,0.106,0.551,
47,-0.516,0.431,
48,1.108,-0.814,
49,0.282,-0.511,
50,0.85,-0.345,
51,0.19,-1.096,
52,0.431,-0.209,
53,0.488,-0.73,
54,0.584,0.432,
55,0.528,-1.465,
56,0.369,0.193,
57,0.767,-1.238,
58,0.045,0.329,
59,-0.117,-1.03,
60,-0.17,-0.38,
61,0.849,-0.117,
62,1.47,-0.449,
63,0.775,-0.135,
64,-0.227,-0.799,
65,0.365,-0.882,
66,0.306,-0.265,
67,-0.41,-0.654,
68,0.794,0.308,
69,0.191,0.372,
70,0.396,-0.836,
71,0.737,-0.461,
72,0.423,0.103,
73,-1.001,-0.5,
74,0.519,-0.444,
75,-0.893,-0.366,
76,1.108,0.497,
77,0.947,-0.176,
78,0.372,-0.764,
79,-0.4,-0.337,
80,-0.178,-1.7,
81,0.587,0.108,
82,0.4,-0.695,
83,-0.241,-1.791,
84,0.492,-0.236,
85,0.477,-0.004,
86,0.777,-0.336,
87,-0.551,-0.86,
88,-1.214,-0.445,
89,1.941,-0.626,
90,0.385,-0.635,
91,1.16,-0.466,
92,0.52,-0.512,
93,-0.057,-0.123,
94,1.066,0.302,
95,0.423,-0.312,
96,0.098,-0.608,
97,0.75,-0.581,
98,-0.853,-0.985,
99,0.406,-0.492,
100,0.944,-0.229,
101,0.166,0.1,
102,-0.784,-0.316,
103,0.664,-0.17,
104,0.466,-0.066,
105,0.466,-0.328,
106,0.323,-0.182,
107,1.264,-0.14,
108,0.903,-0.922,
109,0.524,-0.589,
110,0.324,-0.494,
111,0.102,0.514,
112,-0.721,-0.232,
113,0.014,0.115,
114,0.011,-0.545,
115,-0.689,-0.956,
116,-0.622,-0.95,
117,0.824,-0.262,
118,0.251,0.407,
119,0.694,-0.197,
120,1.199,0.244,
121,0.169,-0.836,
122,0.999,0.212,
123,0.242,-0.958,
124,1.221,-1.14,
125,-0.375,-0.57,
126,1.151,-0.355,
127,0.749,-0.81,
128,0.401,0.004,
129,0.864,-0.612,
130,0.827,-0.225,
131,0.841,0.509,
132,0.252,-0.814,
133,0.076,-0.272,
134,0.377,-0.111,
135,-0.639,-1.132,
136,0.044,-0.578,
137,0.153,0.188,
138,0.475,-0.601,
139,-0.584,-0.052,
140,0.354,-0.448,
141,-0.043,-0.53,
142,0.341,-0.823,
143,0.247,-0.564,
144,0.289,0.127,
145,0.372,-1.222,
146,0.575,-0.416,
147,0.402,-0.529,
148,-0.03,-0.374,
149,0.476,-1.855,
150,-0.695,-0.501,
151,1.021,-0.434,
152,0.009,0.309,
153,0.522,-1.199,
154,0.099,-0.822,
155,-0.002,-0.188,
156,-0.477,-0.536,
157,0.004,-0.997,
158,1.695,0.029,
159,0.52,0.274,
160,0.153,-0.181,
161,1.319,-0.487,
162,0.287,-0.745,
163,0.477,-1.301,
