1,-1.353,-1.816,
2,0.81,-0.969,
3,-1.175,-0.378,
4,0.682,-0.201,
5,0.011,0.084,
6,-0.784,1.056,
7,1.322,1.015,
8,0.495,0.182,
9,-0.56,-0.329,
10,1.677,-0.657,
11,-0.209,1.823,
12,-0.899,-1.068,
13,1.532,0.919,
14,-0.546,-0.616,
15,-0.887,0.064,
16,0.54,-1.586,
17,0.606,0.345,
18,-0.054,-0.907,
19,1.767,0.251,
20,2.988,1.852,
21,0.993,0.14,
22,0.754,0.306,
23,0.127,-0.297,
24,-0.499,1.621,
25,-0.473,1.796,
26,0.779,0.305,
27,-0.219,-0.511,
28,0.258,-0.091,
29,-0.017,-0.693,
30,0.015,0.188,
31,0.705,1.189,
32,0.299,-0.742,
33,-0.211,0.183,
34,-1.742,1.114,
35,-1.411,0.248,
36,-1.914,1.377,
37,0.406,0.262,
38,-1.07,-1.125,
39,-0.303,0.636,
40,-0.601,1.141,
41,0.419,0.461,
42,1.459,1.423,
43,-0.197,1.266,
44,-0.356,-0.603,
45,-0.447,-0.611,
46,-1.734,-0.955,
47,-0.588,0.226,
48,-0.855,-0.492,
49,-0.809,-1.859,
50,-0.86,-0.939,
51,-0.727,-0.577,
52,0.566,0.808,
53,0.47,-1.968,
54,1.372,-0.621,
55,-0.454,0.791,
56,-1.158,0.46,
57,0.088,-0.704,
58,0.822,0.587,
59,1.867,0.025,
60,0.256,-0.552,
61,0.111,-0.295,
62,-1.585,0.472,
63,-0.79,2.26,
64,-0.494,-0.123,
65,0.024,0.238,
66,0.336,0.995,
67,-0.368,-1.062,
68,0.22,0.22,
69,-1.041,0.98,
70,0.052,0.067,
71,-0.378,-1.611,
72,0.691,-0.442,
73,-0.367,-0.09,
74,-0.037,0.026,
75,-1.194,-0.144,
76,-0.313,0.417,
77,0.087,-0.635,
78,0.023,-0.156,
79,-0.893,-0.098,
80,-0.885,-0.708,
81,-1.281,0.764,
82,-0.69,-0.316,
83,-0.734,0.061,
84,0.115,-0.374,
85,-1.211,-0.324,
86,-0.148,-0.044,
87,0.935,-0.907,
88,-0.264,0.56,
89,0.288,0.196,
90,0.412,0.197,
91,-0.4,1.434,
92,0.792,-0.913,
93,0.829,-0.018,
94,0.317,0.488,
95,-0.058,1.82,
96,-1.082,0.93,
97,0.854,0.996,
98,0.215,-1.085,
99,-0.494,1.039,
100,-2.566,-0.268,
101,0.427,0.668,
102,0.139,-0.754,
103,-0.717,-0.921,
104,-0.216,-0.353,
105,-0.772,0.202,
106,-0.165,-0.558,
107,0.052,1.071,
108,0.205,0.113,
109,-0.496,0.01,
110,-2.632,1.159,
111,-0.612,1.133,
112,-1.047,1.396,
113,0.838,-0.436,
114,-0.198,0.164,
115,-0.34,-0.428,
116,-0.344,-0.692,
117,2.201,-0.198,
118,0.214,-0.708,
119,-0.83,0.475,
120,0.373,-1.385,
121,0.024,1.745,
122,-0.756,-0.013,
123,-0.615,-1.016,
124,0.323,0.095,
125,-0.934,-0.427,
126,0.293,-0.392,
127,0.68,0.713,
128,0.019,-0.124,
129,0.306,1.313,
130,-0.608,-0.519,
131,1.064,1.784,
132,-0.716,1.453,
133,-0.57,-0.405,
134,-0.718,-0.415,
135,-0.94,-0.196,
136,-1.615,0.227,
137,-1.301,-0.227,
138,-0.95,0.45,
139,0.435,-0.925,
140,0.319,0.263,
141,-0.479,-0.996,
142,-0.422,0.19,
143,-0.202,0.198,
144,0.153,1.209,
145,-0.423,-1.032,
146,-0.626,-0.657,
147,-1.484,-2.227,
148,-1.113,0.013,
149,1.842,-1.132,
150,-0.319,-0.751,
151,-0.247,0.244,
152,-0.643,-0.233,
153,0.841,0.875,
154,0.566,0.15,
155,-0.358,-0.371,
156,-0.01,-0.43,
157,0.138,-0.613,
158,-1.171,-0.446,
159,-0.382,-0.256,
160,0.543,-0.578,
161,-0.79,-0.371,
162,-0.171,-0.704,
163,1.387,-0.426,
