1,0.792,1.255,
2,-0.467,-0.914,
3,-2.363,-1.708,
4,0.243,0.231,
5,-1.184,-0.463,
6,-2.7,0.151,
7,-1.476,1.463,
8,-1.277,0.457,
9,-2.72,1.023,
10,-0.301,0.582,
11,-0.394,1.405,
12,1.55,-0.716,
13,0.284,-0.062,
14,-1.118,1.046,
15,-3.089,-0.389,
16,1.07,0.578,
17,-0.879,0.292,
18,0.686,1.133,
19,-0.02,0.55,
20,-0.259,0.858,
21,1.675,-1.035,
22,-0.147,-0.658,
23,-1.151,-1.091,
24,-1.26,0.939,
25,-0.872,-0.739,
26,-0.271,0.248,
27,-1.557,0.309,
28,0.505,0.284,
29,-0.363,0.306,
30,-0.287,0.528,
31,1.001,-0.052,
32,0.303,-0.129,
33,-1.224,0.29,
34,0.602,0.628,
35,-0.018,0.457,
36,-1.888,0.591,
37,-0.312,0.137,
38,0.548,-0.424,
39,0.539,1.231,
40,-0.537,-0.343,
41,-1.318,-1.05,
42,0.283,-0.83,
43,0.207,0.186,
44,0.419,0.609,
45,-0.2,-0.065,
46,0.571,0.36,
47,-0.073,0.301,
48,0.192,-0.312,
49,-1.299,-0.726,
50,0.96,0.013,
51,-0.757,-0.623,
52,0.068,0.194,
53,-0.34,0.539,
54,-0.769,-0.811,
55,0.519,0.12,
56,0.163,1.514,
57,1.061,1.424,
58,-0.733,0.413,
59,-1.269,0.998,
60,1.033,-0.002,
61,-0.952,1.816,
62,1.322,-1.206,
63,0.67,-1.018,
64,-0.024,0.05,
65,-0.22,-0.339,
66,0.571,0.057,
67,-1.205,0.385,
68,0.498,0.478,
69,0.123,1.057,
70,0.851,-0.442,
71,-0.4,0.22,
72,-1.249,0.751,
73,-0.689,-0.509,
74,-0.425,-0.307,
75,-2.543,0.361,
76,0.755,-0.279,
77,0.012,-0.369,
78,0.991,1.025,
79,-0.253,0.018,
80,-1.312,1.753,
81,0.231,-0.092,
82,-1.411,0.513,
83,0.313,0.247,
84,-0.021,0.255,
85,0.197,0.84,
86,-0.27,-0.531,
87,-0.284,-0.47,
88,-1.136,1.345,
89,0.139,0.08,
90,-1.135,0.07,
91,-0.063,1.094,
92,-0.624,0.396,
93,0.301,1.243,
94,-0.971,-0.241,
95,-1.244,-0.995,
96,0.385,-0.453,
97,-0.244,-0.206,
98,-0.213,0.235,
99,-0.165,-0.503,
100,0.226,0.696,
101,-0.319,0.078,
102,-1.985,0.344,
103,0.96,0.246,
104,-0.14,0.111,
105,-0.722,1.596,
106,0.206,-0.023,
107,1.452,0.467,
108,0.115,0.072,
109,-1.113,-1.019,
110,-0.11,0.457,
111,0.472,-1.649,
112,-0.759,1.306,
113,-0.944,-0.555,
114,0.949,-0.097,
115,-0.371,-0.298,
116,0.244,1.205,
117,-1.391,-1.171,
118,-0.156,-0.194,
119,0.698,0.648,
120,-0.81,-0.165,
121,-0.092,-1.154,
122,-0.9,-0.693,
123,-1.645,1.38,
124,-0.716,-0.575,
125,0.062,0.851,
126,-1.618,0.414,
127,0.126,-0.751,
128,-0.218,0.3,
129,0.755,0.254,
130,1.071,-1.486,
131,-0.098,0.973,
132,-0.15,1.054,
133,-0.686,0.659,
134,-1.99,-1.255,
135,-0.243,-1.796,
136,0.293,-1.039,
137,0.061,0.287,
138,1.992,0.395,
139,-0.959,0.121,
140,-0.449,-0.273,
141,-0.329,1.134,
142,1.431,-0.349,
143,0.366,1.565,
144,0.203,-0.289,
145,0.676,-0.793,
146,-0.99,0.689,
147,0.492,-0.265,
148,0.379,-0.143,
149,1.141,-1.568,
150,0.347,-0.417,
151,1.074,0.538,
152,0.462,-0.27,
153,-0.315,-0.314,
154,-0.631,2.121,
155,0.15,-0.303,
156,-1.913,-0.759,
157,0.058,0.11,
158,0.674,-1.926,
159,0.128,-0.433,
160,-0.138,0.2,
161,0.147,0.191,
162,-0.183,-0.024,
163,-0.131,-2.071,
