1,-0.077,0.231,
2,-0.039,-0.267,
3,0.282,0.446,
4,0.136,0.084,
5,-0.108,-0.178,
6,0.305,0.549,
7,0.089,-0.138,
8,0.303,-0.145,
9,0.331,0.13,
10,-0.043,-0.048,
11,-0.468,-0.088,
12,0.891,-0.46,
13,-0.438,-0.18,
14,-0.08,-0.486,
15,0.149,0.181,
16,-0.032,0.404,
17,-0.31,0.267,
18,-0.447,0.513,
19,-0.456,0.275,
20,-0.252,0.738,
21,0.243,0.157,
22,0.333,0.114,
23,-0.089,-0.224,
24,-0.327,0.422,
25,0.304,0.001,
26,0.425,-0.126,
27,0.032,0.186,
28,0.036,0.06,
29,-0.3,0.135,
30,0.675,0.317,
31,0.082,-0.208,
32,-0.012,-0.114,
33,0.417,-0.45,
34,0.103,-0.031,
35,-0.125,0.103,
36,0.186,0.372,
37,0.056,0.126,
38,0.007,0.005,
39,0.387,-0.103,
40,-0.033,-0.295,
41,0.225,-0.185,
42,-0.037,-1.175,
43,0.464,0.102,
44,0.071,-0.026,
45,-0.017,0.088,
46,0.158,0.018,
47,-0.12,0.031,
48,0.01,-0.068,
49,-0.071,0.613,
50,0.286,-0.047,
51,-0.462,-0.454,
52,0.232,-0.18,
53,0.247,0.521,
54,0.317,-0.072,
55,-0.074,0.015,
56,-0.188,0.648,
57,-0.193,-0.324,
58,-0.072,0.556,
59,0.134,-0.163,
60,-0.687,0.421,
61,0.231,0.235,
62,-0.083,0.053,
63,0.012,0.369,
64,0.07,-0.051,
65,-0.138,-0.291,
66,-0.62,-0.425,
67,-0.28,-0.159,
68,0.44,0.129,
69,0.441,-0.068,
70,0.147,-0.9,
71,0.107,-0.093,
72,-0.193,0.089,
73,-0.09,0.263,
74,0.355,0.072,
75,0.776,0.107,
76,0.545,-0.1,
77,-0.049,0.081,
78,0.185,0.329,
79,-0.467,-0.37,
80,-0.177,0.5,
81,-0.345,0.565,
82,-0.022,0.109,
83,0.553,-0.122,
84,0.74,-0.359,
85,-0.8,-0.077,
86,0.04,-0.137,
87,0.115,-0.165,
88,0.007,0.045,
89,-0.285,-0.065,
90,-0.144,0.228,
91,0.469,0.294,
92,-0.014,0.594,
93,-0.267,0.153,
94,0.138,-0.194,
95,-0.229,0.227,
96,0.162,0.21,
97,0.057,-0.511,
98,-0.441,0.391,
99,-0.14,-0.216,
100,0.182,-0.107,
101,-0.053,-0.127,
102,-0.398,0.614,
103,0.222,-0.473,
104,-0.205,0.335,
105,0.098,0.156,
106,-0.421,-1.022,
107,-0.382,-0.281,
108,0.627,-0.086,
109,-0.213,-0.547,
110,-0.13,0.219,
111,-0.252,0.006,
112,-0.137,-0.013,
113,-0.044,0.302,
114,0.068,0.16,
115,-0.575,0.245,
116,-0.033,0.002,
117,-0.429,-0.041,
118,-0.043,0.026,
119,0.045,0.061,
120,0.461,-0.042,
121,0.138,-0.279,
122,0.309,0.131,
123,0.013,0.447,
124,0.002,0.215,
125,0.082,0.226,
126,0.545,0.123,
127,0.03,-0.059,
128,0.255,0.299,
129,0.418,0.199,
130,0.311,0.599,
131,-0.021,-0.003,
132,-0.019,-0.05,
133,-0.233,0.061,
134,-0.32,0.068,
135,-0.216,-0.143,
136,-0.09,-0.11,
137,-0.089,0.387,
138,0.295,-0.056,
139,-0.222,0.532,
140,-0.352,-0.085,
141,-0.7,0.514,
142,0.01,-0.289,
143,0.424,-0.189,
144,0.997,-0.251,
145,0.444,0.038,
146,-0.048,0.065,
147,-0.078,0.119,
148,-0.048,-0.083,
149,-0.056,-0.071,
150,-0.418,-0.403,
151,-0.312,0.285,
152,0.107,0.133,
153,0.067,-0.614,
154,-0.039,0.049,
155,0.237,-0.099,
156,-0.381,0.237,
157,-0.057,-0.097,
158,0.138,0.315,
159,-0.149,-0.055,
160,-0.25,0.294,
161,0.584,-0.394,
162,-0.349,0.037,
163,0.202,-0.216,
