1,1.524,1.613,
2,0.029,-1.038,
3,0.047,0.506,
4,0.404,-0.287,
5,0.144,-0.65,
6,0.055,2.448,
7,0.51,0.041,
8,2.078,1.08,
9,0.58,0.695,
10,0.144,-0.218,
11,-1.719,0.074,
12,1.672,-1.999,
13,-0.44,-0.255,
14,-1.501,0.909,
15,-0.283,0.584,
16,-0.283,2.063,
17,0.061,-0.345,
18,-0.524,0.775,
19,-1.708,-0.077,
20,-0.064,1.647,
21,0.131,-0.446,
22,1.014,0.684,
23,-0.747,-0.645,
24,-0.225,0.934,
25,-0.635,0.096,
26,0.779,0.237,
27,0.075,0.994,
28,0.134,-0.143,
29,-0.288,-0.176,
30,0.408,-0.099,
31,-0.298,-0.435,
32,-0.117,-0.408,
33,1.251,-1.204,
34,-0.167,0.09,
35,0.187,0.074,
36,0.496,0.25,
37,-0.093,0.031,
38,-1.017,0.614,
39,0.713,0.728,
40,0.489,-0.13,
41,1.175,-1.174,
42,0.041,-2.323,
43,1.141,0.743,
44,0.902,-0.352,
45,-0.695,-0.178,
46,-0.882,1.519,
47,-0.992,-0.244,
48,0.438,-0.352,
49,0.437,1.257,
50,1.038,-0.347,
51,-0.946,-1.566,
52,0.425,-0.604,
53,0.805,1.144,
54,0.365,0.96,
55,-0.101,0.037,
56,-0.336,0.731,
57,0.023,-1.659,
58,-0.054,1.506,
59,-0.113,-0.784,
60,-1.93,0.937,
61,1.191,0.603,
62,0.447,-0.132,
63,0.433,0.868,
64,-0.012,-0.473,
65,-0.637,-1.134,
66,-1.785,-1.633,
67,-0.625,-0.389,
68,1.181,1.153,
69,-0.392,-0.15,
70,0.784,-2.276,
71,0.888,0.079,
72,-0.672,0.345,
73,-1.857,-0.256,
74,0.37,-0.31,
75,0.413,0.351,
76,1.693,0.266,
77,0.588,0.174,
78,0.565,-0.333,
79,-0.776,-1.306,
80,-0.072,-0.061,
81,-0.45,1.49,
82,-0.343,-0.075,
83,0.146,-1.507,
84,1.407,0.278,
85,-0.701,0.316,
86,0.388,0.652,
87,-0.294,-0.331,
88,-1.751,0.092,
89,0.899,-0.622,
90,-0.487,0.205,
91,1.5,-0.085,
92,0.306,1.195,
93,-0.813,-0.541,
94,0.801,-0.226,
95,-0.474,0.522,
96,-0.475,0.776,
97,0.624,-1.199,
98,-0.996,0.877,
99,-0.284,-0.565,
100,0.146,0.573,
101,-0.439,-0.092,
102,-2.549,0.346,
103,0.802,-0.9,
104,-0.294,0.89,
105,0.076,0.292,
106,-0.512,-0.749,
107,-0.538,-0.577,
108,2.078,-0.131,
109,0.026,-1.038,
110,-0.448,0.833,
111,-0.951,1.691,
112,-0.668,0.018,
113,-0.338,0.924,
114,-0.298,0.122,
115,-1.753,0.507,
116,-0.685,-0.181,
117,-1.369,0.006,
118,-0.205,1.058,
119,0.137,-0.089,
120,1.665,0.149,
121,0.567,0.042,
122,0.643,0.299,
123,0.019,0.517,
124,0.57,-0.141,
125,-0.262,0.989,
126,1.579,0.632,
127,0.482,-0.126,
128,1.056,0.288,
129,0.463,0.144,
130,0.946,0.997,
131,0.392,-0.257,
132,0.067,-0.573,
133,-0.266,0.459,
134,0.103,0.381,
135,-1.443,-0.988,
136,-0.73,-0.42,
137,-0.186,1.216,
138,0.884,-0.638,
139,-1.032,1.616,
140,-0.707,-0.165,
141,-1.203,0.529,
142,-0.122,-1.176,
143,0.438,-0.436,
144,1.522,0.726,
145,0.221,-0.267,
146,0.269,-0.664,
147,0.101,0.035,
148,-0.874,-0.215,
149,0.425,-0.176,
150,-1.258,-1.911,
151,-0.704,0.084,
152,0.246,0.577,
153,0.272,-1.9,
154,-0.183,0.022,
155,0.225,0.086,
156,-0.869,-0.942,
157,-0.467,-1.196,
158,1.056,-0.037,
159,0.147,1.125,
160,-0.323,0.433,
161,1.31,-0.488,
162,-0.803,-0.894,
163,0.013,-0.317,
