1,0.658,0.473,
2,0.361,-0.918,
3,0.305,-0.491,
4,0.601,-0.565,
5,0.837,-0.18,
6,-1.1,0.306,
7,0.357,0.143,
8,1.387,-0.036,
9,0.302,-0.921,
10,0.306,0.059,
11,0.548,0.217,
12,0.873,-1.136,
13,1.015,-0.305,
14,-0.263,0.321,
15,-0.294,-0.366,
16,0.688,-0.357,
17,0.709,-0.336,
18,0.456,-0.445,
19,-0.038,-0.236,
20,0.899,-0.794,
21,0.38,-0.491,
22,0.621,0.371,
23,0.083,-0.889,
24,0.156,-0.436,
25,-0.121,-0.687,
26,1.199,0.704,
27,0.44,0.601,
28,0.468,-0.168,
29,0.027,-0.369,
30,0.284,0.02,
31,0.152,0.183,
32,0.402,-0.773,
33,0.341,-0.369,
34,-0.627,-0.452,
35,0.689,0.415,
36,0.311,-0.081,
37,0.467,-0.442,
38,0.023,-0.045,
39,0.554,0.113,
40,0.783,-0.333,
41,1.2,-0.628,
42,0.932,-0.704,
43,0.716,-0.114,
44,1.127,-0.037,
45,-0.115,-0.272,
46,0.369,0.246,
47,-0.357,-0.076,
48,1.159,-0.751,
49,0.279,-0.692,
50,0.665,-0.43,
51,0.382,-0.799,
52,0.447,-0.27,
53,0.516,-0.912,
54,0.626,0.169,
55,0.498,-1.512,
56,0.407,0.052,
57,0.798,-0.942,
58,0.091,0.175,
59,-0.06,-0.89,
60,0.153,-0.508,
61,0.634,-0.208,
62,1.366,-0.399,
63,0.707,-0.251,
64,-0.176,-0.822,
65,0.518,-0.731,
66,0.578,-0.026,
67,-0.273,-0.681,
68,0.675,0.043,
69,0.379,0.44,
70,0.323,-0.573,
71,0.571,-0.55,
72,0.614,-0.124,
73,-0.552,-0.391,
74,0.607,-0.365,
75,-0.647,-0.469,
76,0.875,0.345,
77,0.726,-0.3,
78,0.308,-0.605,
79,-0.362,-0.263,
80,-0.09,-1.574,
81,0.628,-0.152,
82,0.516,-0.647,
83,-0.013,-1.19,
84,0.367,-0.332,
85,0.619,-0.105,
86,0.639,-0.275,
87,-0.223,-0.863,
88,-0.319,-0.525,
89,1.511,-0.487,
90,0.46,-0.667,
91,0.943,-0.254,
92,0.507,-0.679,
93,0.028,-0.027,
94,0.705,0.238,
95,0.506,-0.475,
96,0.296,-0.711,
97,0.763,-0.387,
98,-0.524,-1.131,
99,0.484,-0.466,
100,0.803,-0.454,
101,0.304,0.058,
102,-0.163,-0.533,
103,0.563,-0.015,
104,0.502,-0.238,
105,0.457,-0.415,
106,0.426,-0.178,
107,1.277,0.122,
108,0.644,-0.893,
109,0.539,-0.494,
110,0.635,-0.555,
111,0.241,0.149,
112,-0.55,-0.326,
113,0.165,-0.077,
114,0.134,-0.654,
115,-0.21,-1.364,
116,-0.362,-0.943,
117,0.94,-0.22,
118,0.321,0.038,
119,0.683,-0.237,
120,0.962,0.061,
121,0.174,-0.754,
122,0.952,0.136,
123,0.214,-1.135,
124,1.138,-1.084,
125,-0.175,-0.712,
126,0.928,-0.549,
127,0.747,-0.86,
128,0.304,-0.019,
129,0.848,-0.619,
130,0.752,-0.331,
131,0.885,0.61,
132,0.21,-0.714,
133,0.124,-0.357,
134,0.39,-0.211,
135,-0.225,-0.961,
136,0.259,-0.587,
137,0.168,-0.03,
138,0.361,-0.507,
139,-0.337,-0.481,
140,0.457,-0.453,
141,0.164,-0.732,
142,0.313,-0.711,
143,0.312,-0.432,
144,0.171,-0.064,
145,0.439,-1.152,
146,0.807,-0.276,
147,0.433,-0.521,
148,0.016,-0.42,
149,0.501,-2.007,
150,-0.593,-0.384,
151,1.188,-0.282,
152,0.044,0.213,
153,0.564,-0.972,
154,0.171,-0.826,
155,0.035,-0.272,
156,-0.286,-0.264,
157,0.047,-0.749,
158,1.42,-0.157,
159,0.519,-0.065,
160,0.197,-0.217,
161,1.164,-0.417,
162,0.481,-0.613,
163,0.728,-1.35,
