1,-3.014,-3.427,
2,0.699,-1.125,
3,-1.436,-1.263,
4,0.657,-0.908,
5,-0.31,-1.857,
6,0.117,1.467,
7,2.061,0.712,
8,0.802,-0.284,
9,-1.285,-0.04,
10,1.2,-0.878,
11,0.202,2.366,
12,-1.757,-1.975,
13,1.958,1.376,
14,-0.176,-0.567,
15,-2.141,-0.297,
16,0.485,-2.661,
17,0.844,0.228,
18,0.165,-0.725,
19,2.176,0.685,
20,3.523,1.825,
21,1.39,0.244,
22,1.596,0.53,
23,0.222,-0.084,
24,-0.516,0.858,
25,-0.748,3.135,
26,0.59,-0.495,
27,0.004,-0.414,
28,0.528,-0.112,
29,-0.113,-2.781,
30,0.381,0.163,
31,0.996,0.93,
32,0.038,-1.284,
33,-0.439,-0.651,
34,-2.571,1.322,
35,-2.627,-0.384,
36,-1.418,1.178,
37,0.653,0.356,
38,-0.786,-1.525,
39,0.261,0.428,
40,-1.36,2.096,
41,0.431,0.647,
42,0.81,0.941,
43,-0.185,2.054,
44,-0.388,-0.754,
45,-0.665,0.076,
46,-2.786,-1.005,
47,-0.148,0.83,
48,-2.007,-0.865,
49,-1.03,-2.376,
50,-1.183,-1.048,
51,-1.391,-0.302,
52,0.789,1.38,
53,0.011,-1.013,
54,1.887,-0.737,
55,-0.245,1.422,
56,-0.683,0.354,
57,-0.711,-0.802,
58,1.191,0.578,
59,2.183,0.741,
60,0.051,-0.443,
61,0.344,-0.695,
62,-1.996,1.047,
63,-0.96,2.184,
64,-0.358,-0.248,
65,-0.302,0.295,
66,0.494,0.632,
67,-0.448,-1.242,
68,-0.081,0.451,
69,-2.055,0.536,
70,-0.255,-0.21,
71,0.142,-1.698,
72,0.862,-0.966,
73,-0.313,-0.249,
74,-0.767,-0.244,
75,-2.561,-0.025,
76,-0.204,0.158,
77,0.39,-0.456,
78,-0.144,0.079,
79,-1.07,-0.44,
80,-1.474,-0.401,
81,-0.981,1.739,
82,-1.065,-1.355,
83,-2.749,-0.206,
84,1.18,0.057,
85,-0.954,-0.323,
86,-0.088,-0.535,
87,1.014,-0.047,
88,0.423,0.627,
89,0.349,0.063,
90,-0.166,0.417,
91,-0.145,1.859,
92,1.119,-1.64,
93,2.668,-0.298,
94,0.714,0.999,
95,0.192,2.306,
96,-1.775,1.65,
97,1.547,1.561,
98,0.4,-0.605,
99,-0.028,1.186,
100,-2.16,0.153,
101,0.368,0.508,
102,-0.081,-1.435,
103,-0.637,-1.819,
104,-0.775,-0.537,
105,0.785,0.928,
106,-0.48,-1.219,
107,-0.573,0.362,
108,0.737,0.314,
109,-0.408,0.192,
110,-2.543,1.207,
111,-1.366,1.327,
112,-1.551,2.38,
113,1.082,-0.367,
114,-0.085,0.745,
115,-1.332,0.8,
116,-0.292,-0.795,
117,2.391,0.094,
118,0.466,-1.147,
119,-0.916,0.395,
120,0.141,-1.268,
121,-0.155,2.602,
122,-1.137,-0.039,
123,-0.985,-0.914,
124,-0.284,0.651,
125,-1.193,-0.288,
126,0.179,-0.747,
127,0.044,1.165,
128,-0.184,-0.311,
129,0.652,1.391,
130,-1.486,-1.768,
131,1.222,2.222,
132,-0.913,2.177,
133,-0.463,0.359,
134,-1.146,-0.91,
135,-1.568,0.537,
136,-2.563,-0.348,
137,-1.63,0.332,
138,-1.022,0.251,
139,0.705,-1.039,
140,0.096,0.297,
141,-0.284,-1.112,
142,-0.215,0.661,
143,-0.494,-0.509,
144,-0.119,0.751,
145,-0.34,-1.166,
146,-1.597,-1.097,
147,-2.568,-2.116,
148,-0.997,-0.158,
149,1.942,-0.595,
150,-0.191,-0.423,
151,-1.219,0.449,
152,-1.094,-0.661,
153,0.512,0.735,
154,1.609,0.265,
155,-0.433,-0.091,
156,-0.255,-0.363,
157,-0.665,-0.646,
158,-2.297,-1.293,
159,-0.126,0.051,
160,0.558,-1.177,
161,-1.577,-0.37,
162,-1.107,-0.605,
163,1.084,-0.88,
