1,0.25,0.512,
2,-0.017,-0.432,
3,0.243,0.634,
4,0.166,0.142,
5,-0.08,-0.261,
6,0.396,1.166,
7,0.141,-0.163,
8,0.643,0.106,
9,0.404,0.444,
10,0.016,-0.087,
11,-0.864,-0.107,
12,1.262,-0.884,
13,-0.536,-0.239,
14,-0.467,-0.252,
15,0.191,0.32,
16,-0.112,1.019,
17,-0.215,0.181,
18,-0.545,0.615,
19,-0.83,0.212,
20,-0.32,1.236,
21,0.246,0.013,
22,0.576,0.292,
23,-0.258,-0.362,
24,-0.331,0.646,
25,0.101,0.095,
26,0.604,-0.028,
27,0.056,0.38,
28,0.053,0.026,
29,-0.287,0.109,
30,0.639,0.275,
31,-0.019,-0.287,
32,-0.047,-0.181,
33,0.704,-0.793,
34,0.123,-0.022,
35,0.017,0.077,
36,0.172,0.449,
37,0.156,0.153,
38,-0.23,0.181,
39,0.475,0.145,
40,0.102,-0.264,
41,0.472,-0.465,
42,-0.102,-1.686,
43,0.651,0.315,
44,0.302,-0.111,
45,-0.206,0.031,
46,-0.085,0.231,
47,-0.282,0.055,
48,-0.036,-0.089,
49,0.158,0.871,
50,0.524,-0.201,
51,-0.612,-0.818,
52,0.313,-0.31,
53,0.455,0.755,
54,0.347,0.098,
55,-0.137,0.074,
56,-0.237,0.691,
57,-0.158,-0.694,
58,-0.069,0.904,
59,0.068,-0.33,
60,-1.131,0.634,
61,0.453,0.405,
62,-0.18,0.006,
63,0.169,0.561,
64,0.048,-0.176,
65,-0.31,-0.559,
66,-1.123,-0.776,
67,-0.402,-0.269,
68,0.694,0.428,
69,0.36,-0.1,
70,0.392,-1.417,
71,0.263,-0.03,
72,-0.374,0.165,
73,-0.507,0.152,
74,0.303,-0.023,
75,1.039,0.127,
76,0.795,-0.021,
77,0.07,0.077,
78,0.292,0.186,
79,-0.604,-0.743,
80,-0.094,0.53,
81,-0.533,0.959,
82,-0.146,0.092,
83,0.666,-0.461,
84,1.021,-0.295,
85,-0.928,0.038,
86,0.064,0.141,
87,0.051,-0.183,
88,-0.236,0.099,
89,-0.277,-0.14,
90,-0.228,0.263,
91,0.783,0.248,
92,0.093,0.878,
93,-0.471,-0.051,
94,0.331,-0.273,
95,-0.321,0.322,
96,0.035,0.485,
97,0.276,-0.707,
98,-0.743,0.653,
99,-0.22,-0.332,
100,0.128,0.054,
101,-0.052,-0.146,
102,-0.958,0.511,
103,0.477,-0.701,
104,-0.27,0.524,
105,0.123,0.268,
106,-0.456,-0.964,
107,-0.55,-0.336,
108,1.111,-0.113,
109,-0.201,-0.703,
110,-0.2,0.46,
111,-0.443,0.452,
112,-0.296,-0.012,
113,-0.133,0.483,
114,-0.044,0.173,
115,-0.923,0.263,
116,-0.018,-0.045,
117,-0.879,-0.014,
118,-0.12,0.284,
119,0.043,0.003,
120,0.839,-0.036,
121,0.313,-0.176,
122,0.435,0.185,
123,0.056,0.558,
124,0.12,0.156,
125,0.078,0.521,
126,0.905,0.333,
127,0.015,-0.1,
128,0.62,0.191,
129,0.409,0.224,
130,0.521,0.84,
131,0.094,-0.075,
132,-0.012,-0.179,
133,-0.249,0.215,
134,-0.193,0.166,
135,-0.575,-0.421,
136,-0.244,-0.178,
137,-0.171,0.675,
138,0.384,-0.325,
139,-0.421,0.853,
140,-0.464,-0.167,
141,-0.91,0.565,
142,-0.041,-0.527,
143,0.515,-0.169,
144,1.175,0.119,
145,0.482,0.022,
146,0.057,-0.166,
147,-0.069,0.055,
148,-0.298,-0.123,
149,0.038,-0.121,
150,-0.705,-0.741,
151,-0.455,0.193,
152,0.177,0.269,
153,0.141,-1.057,
154,-0.093,0.078,
155,0.214,-0.123,
156,-0.505,-0.047,
157,-0.099,-0.264,
158,0.472,0.297,
159,-0.028,0.154,
160,-0.244,0.233,
161,0.823,-0.591,
162,-0.563,-0.323,
163,0.144,-0.182,
