1,1.951,1.887,
2,0.056,-1.273,
3,0.072,0.478,
4,0.463,-0.39,
5,0.315,-0.856,
6,-0.042,2.523,
7,0.524,0.042,
8,2.628,1.282,
9,0.708,0.691,
10,0.196,-0.239,
11,-1.903,0.146,
12,1.7,-2.31,
13,-0.418,-0.133,
14,-1.822,1.106,
15,-0.458,0.515,
16,-0.3,2.231,
17,0.256,-0.473,
18,-0.429,0.778,
19,-1.925,-0.185,
20,0.199,1.536,
21,0.116,-0.482,
22,1.127,0.763,
23,-0.879,-0.73,
24,-0.186,0.98,
25,-0.967,0.019,
26,0.922,0.495,
27,0.095,1.279,
28,0.179,-0.201,
29,-0.303,-0.358,
30,0.359,-0.162,
31,-0.402,-0.459,
32,-0.137,-0.513,
33,1.411,-1.213,
34,-0.375,0.112,
35,0.21,0.121,
36,0.565,0.229,
37,-0.079,-0.036,
38,-1.148,0.745,
39,0.746,0.878,
40,0.654,-0.065,
41,1.459,-1.423,
42,0.113,-2.467,
43,1.298,0.861,
44,1.13,-0.404,
45,-0.825,-0.26,
46,-1.183,1.911,
47,-1.184,-0.229,
48,0.57,-0.47,
49,0.412,1.223,
50,1.192,-0.297,
51,-0.937,-1.765,
52,0.425,-0.68,
53,0.874,1.151,
54,0.47,1.23,
55,-0.028,-0.094,
56,-0.331,0.709,
57,0.117,-1.953,
58,-0.054,1.602,
59,-0.157,-0.96,
60,-2.077,0.937,
61,1.461,0.548,
62,0.705,-0.218,
63,0.586,0.883,
64,-0.07,-0.582,
65,-0.632,-1.314,
66,-1.756,-1.862,
67,-0.659,-0.407,
68,1.232,1.288,
69,-0.756,-0.158,
70,0.884,-2.437,
71,1.143,0.101,
72,-0.675,0.416,
73,-2.295,-0.413,
74,0.347,-0.427,
75,0.101,0.37,
76,1.95,0.231,
77,0.831,0.201,
78,0.657,-0.572,
79,-0.838,-1.373,
80,-0.102,-0.431,
81,-0.307,1.558,
82,-0.297,-0.19,
83,-0.157,-1.922,
84,1.58,0.232,
85,-0.539,0.353,
86,0.565,0.718,
87,-0.494,-0.429,
88,-2.349,0.072,
89,1.429,-0.833,
90,-0.364,0.107,
91,1.72,-0.27,
92,0.384,1.162,
93,-0.882,-0.695,
94,0.993,-0.137,
95,-0.487,0.557,
96,-0.656,0.782,
97,0.702,-1.343,
98,-1.089,0.822,
99,-0.257,-0.628,
100,0.267,0.754,
101,-0.693,-0.045,
102,-2.804,0.402,
103,0.857,-0.898,
104,-0.223,0.936,
105,0.077,0.253,
106,-0.461,-0.641,
107,-0.361,-0.686,
108,2.297,-0.184,
109,0.179,-1.114,
110,-0.636,0.897,
111,-1.114,1.981,
112,-0.804,0.026,
113,-0.404,1.001,
114,-0.393,0.073,
115,-1.953,0.592,
116,-0.863,-0.301,
117,-1.383,0.011,
118,-0.192,1.223,
119,0.214,-0.114,
120,1.901,0.25,
121,0.618,0.07,
122,0.732,0.358,
123,-0.04,0.353,
124,0.775,-0.324,
125,-0.433,1.026,
126,1.798,0.666,
127,0.58,-0.185,
128,1.163,0.257,
129,0.514,0.047,
130,1.06,1.007,
131,0.451,-0.194,
132,0.115,-0.732,
133,-0.252,0.483,
134,0.186,0.438,
135,-1.702,-1.131,
136,-0.86,-0.493,
137,-0.182,1.3,
138,0.984,-0.761,
139,-1.248,1.785,
140,-0.669,-0.227,
141,-1.217,0.441,
142,-0.183,-1.371,
143,0.372,-0.57,
144,1.535,0.848,
145,0.164,-0.433,
146,0.319,-0.694,
147,0.147,-0.063,
148,-0.95,-0.173,
149,0.476,-0.16,
150,-1.455,-2.137,
151,-0.622,-0.067,
152,0.24,0.647,
153,0.328,-2.105,
154,-0.205,-0.084,
155,0.182,0.097,
156,-0.985,-1.162,
157,-0.555,-1.531,
158,1.258,-0.021,
159,0.198,1.288,
160,-0.286,0.39,
161,1.345,-0.509,
162,-0.769,-1.042,
163,0.036,-0.343,
