1,-0.067,-0.11,
2,0.461,-0.483,
3,-0.635,0.06,
4,0.386,0.076,
5,-0.019,0.857,
6,-1.315,0.497,
7,0.583,0.952,
8,0.402,0.285,
9,-0.143,-0.509,
10,0.851,0.018,
11,0.079,1.049,
12,0.061,-0.394,
13,0.988,0.258,
14,-0.697,-0.253,
15,-0.103,0.236,
16,0.275,-0.512,
17,0.035,0.316,
18,-0.131,-0.502,
19,0.665,0.117,
20,1.037,1.005,
21,0.241,0.181,
22,-0.069,0.144,
23,0.109,-0.343,
24,-0.303,0.872,
25,-0.175,0.609,
26,0.643,0.715,
27,-0.023,-0.287,
28,0.172,0.143,
29,-0.026,0.145,
30,-0.089,0.363,
31,0.301,0.921,
32,0.199,-0.302,
33,0.01,0.073,
34,-0.794,0.412,
35,-0.232,0.746,
36,-1.303,0.898,
37,0.227,0.145,
38,-0.481,-0.446,
39,-0.217,0.385,
40,0.008,0.366,
41,0.385,0.276,
42,1.036,0.991,
43,-0.043,0.302,
44,0.039,-0.071,
45,-0.059,-0.433,
46,-0.54,-0.321,
47,-0.745,-0.233,
48,0.208,-0.129,
49,-0.208,-0.842,
50,-0.481,-0.519,
51,0,-0.421,
52,0.269,0.269,
53,0.501,-1.093,
54,0.615,0.224,
55,-0.445,-0.092,
56,-0.68,0.45,
57,0.213,-0.369,
58,0.239,0.474,
59,0.623,-0.332,
60,0.193,-0.278,
61,-0.008,-0.061,
62,-0.247,-0.128,
63,-0.356,1.075,
64,-0.306,-0.354,
65,0.241,0.086,
66,0.297,0.87,
67,-0.32,-0.604,
68,0.26,0.19,
69,-0.103,0.976,
70,0.106,0.183,
71,-0.284,-0.661,
72,0.425,0.032,
73,-0.5,0.106,
74,0.322,0.2,
75,-0.334,-0.156,
76,-0.066,0.473,
77,-0.137,-0.437,
78,-0.325,-0.186,
79,-0.766,0.135,
80,-0.235,-0.692,
81,-0.597,0.223,
82,-0.065,0.236,
83,0.339,0.182,
84,-0.358,-0.187,
85,-0.573,-0.088,
86,0.068,0.333,
87,0.475,-1.027,
88,-0.267,0.191,
89,0.388,0.108,
90,0.538,-0.059,
91,-0.159,0.832,
92,0.234,-0.169,
93,-0.235,0.343,
94,-0.065,0.258,
95,0.095,0.306,
96,-0.255,-0.063,
97,0.368,0.36,
98,-0.296,-0.977,
99,-0.196,0.331,
100,-1.4,-0.449,
101,0.166,0.504,
102,-0.326,-0.211,
103,-0.482,-0.026,
104,0.069,-0.096,
105,-0.721,-0.309,
106,-0.023,-0.04,
107,0.411,1.186,
108,0.13,-0.307,
109,-0.138,-0.203,
110,-0.945,0.534,
111,-0.15,0.604,
112,-0.75,0.307,
113,0.099,-0.286,
114,-0.172,-0.223,
115,-0.058,-1.28,
116,-0.229,-0.267,
117,1.234,-0.217,
118,-0.012,-0.432,
119,-0.409,0.289,
120,0.315,-0.824,
121,-0.005,0.724,
122,-0.074,0.077,
123,-0.339,-0.934,
124,0.583,-0.305,
125,-0.415,-0.466,
126,0.036,-0.116,
127,0.753,0.051,
128,0.054,0.146,
129,0.104,0.666,
130,0.137,0.082,
131,0.565,1.183,
132,-0.598,0.57,
133,-0.528,-0.608,
134,-0.185,0.141,
135,-0.36,-0.357,
136,-0.573,0.189,
137,-0.694,-0.252,
138,-0.567,0.351,
139,-0.084,-0.828,
140,0.148,0.347,
141,-0.377,-0.675,
142,-0.39,-0.504,
143,-0.051,0.511,
144,0.008,0.725,
145,-0.338,-0.573,
146,0.505,0.089,
147,-0.314,-0.967,
148,-0.772,0.044,
149,0.925,-1.634,
150,-0.875,-0.488,
151,0.643,0.256,
152,-0.277,0.223,
153,0.587,0.168,
154,-0.118,-0.047,
155,-0.283,-0.365,
156,-0.234,0.006,
157,0.099,-0.367,
158,0.228,0.063,
159,-0.324,-0.317,
160,0.179,0.036,
161,-0.042,-0.278,
162,0.18,-0.303,
163,0.922,-0.485,
