1,0.282,1.489,
2,-0.053,0.132,
3,-0.956,0.506,
4,-0.187,0.819,
5,-0.247,0.909,
6,-1.863,0.686,
7,-0.437,1.667,
8,0.19,0.453,
9,-0.435,-0.07,
10,-0.77,0.986,
11,0.514,1.388,
12,0.365,-0.324,
13,0.455,0.815,
14,-1.279,0.616,
15,-1.157,0.518,
16,0.096,0.726,
17,-1.643,0.767,
18,0,0.611,
19,-0.332,0.802,
20,-0.102,0.585,
21,0.202,0.53,
22,-0.354,0.285,
23,-0.23,0.033,
24,-0.504,0.362,
25,-1.085,0.877,
26,-0.406,0.756,
27,-0.301,0.188,
28,0.318,0.61,
29,-0.257,0.431,
30,0.076,1.743,
31,-0.221,1.371,
32,-0.16,0.175,
33,-0.618,1.043,
34,-0.723,0.413,
35,-0.316,1.67,
36,-0.892,1.057,
37,-0.049,0.351,
38,-0.217,0.174,
39,-0.326,1.292,
40,-0.657,0.28,
41,-0.171,0.453,
42,0.588,0.286,
43,-0.134,0.648,
44,0.082,1.654,
45,-0.537,0.534,
46,-0.178,0.941,
47,-0.822,0.207,
48,0.642,0.182,
49,-0.425,-0.192,
50,-0.542,-0.167,
51,-0.38,0.511,
52,-0.192,0.578,
53,0.133,-0.012,
54,-0.317,0.833,
55,-0.31,-0.292,
56,-0.388,0.61,
57,0.067,0.447,
58,-0.511,0.823,
59,-1.229,0.697,
60,-0.458,0.17,
61,-0.515,1.059,
62,0.509,0.512,
63,-0.365,0.668,
64,-0.775,-0.434,
65,-0.163,0.2,
66,0.468,0.981,
67,-0.94,0.088,
68,-0.805,0.721,
69,-0.279,1.17,
70,-0.105,0.569,
71,-0.549,1,
72,-0.189,0.986,
73,-0.61,0.732,
74,-0.079,0.793,
75,-0.874,1.364,
76,0.056,0.827,
77,-0.462,0.103,
78,-0.129,0.777,
79,-1.197,0.37,
80,-0.398,0,
81,0.359,0.632,
82,-0.513,0.476,
83,0.217,0.421,
84,-0.501,0.547,
85,0.046,0.964,
86,-0.916,0.993,
87,-0.506,-0.334,
88,-0.056,0.363,
89,0.537,0.266,
90,-0.369,0.658,
91,-0.214,0.579,
92,-0.825,0.405,
93,-0.188,1.299,
94,-0.53,0.896,
95,-0.27,0.574,
96,0.171,-0.122,
97,0.431,0.641,
98,-1.376,0.209,
99,-0.414,0.302,
100,-0.881,0.74,
101,-0.117,1.135,
102,-0.533,-0.128,
103,-0.144,0.369,
104,-0.405,0.377,
105,-0.069,0.734,
106,-0.373,1.038,
107,0.531,1.567,
108,-0.155,0.709,
109,-0.455,0.229,
110,0.288,0.83,
111,-0.111,0.48,
112,-1.253,0.536,
113,-0.543,0.485,
114,-0.378,0.271,
115,-0.155,-0.839,
116,0.087,0.364,
117,-0.149,0.398,
118,-0.212,0.923,
119,0.23,0.798,
120,0.084,0.291,
121,-0.371,0.459,
122,0.261,0.721,
123,-0.684,-0.334,
124,-0.244,0.078,
125,-0.429,0.316,
126,-0.155,0.698,
127,0,-0.071,
128,-0.315,0.734,
129,-0.141,0.471,
130,0.648,0.463,
131,-0.415,1.668,
132,-0.745,0.612,
133,-0.508,0.913,
134,-0.567,0.66,
135,-0.972,-0.274,
136,-0.287,0.147,
137,-0.705,0.999,
138,-0.233,0.946,
139,-0.631,-0.162,
140,-0.479,0.438,
141,-0.424,-0.518,
142,-0.564,-0.142,
143,-0.607,1.397,
144,-0.624,0.643,
145,-0.709,-0.185,
146,0.106,1.07,
147,-0.429,0.575,
148,-0.764,0.301,
149,0.135,-1.675,
150,-0.826,0.453,
151,0.993,0.678,
152,-0.46,0.944,
153,-0.207,0.285,
154,-0.946,0.879,
155,-0.705,0.41,
156,-1.078,0.32,
157,-0.571,0.07,
158,0.445,0.485,
159,0.002,-0.062,
160,-0.618,0.583,
161,0.025,0.781,
162,-0.513,0.673,
163,0.286,-0.544,
