1,2.086,2.07,
2,0.196,-1.503,
3,0.408,0.534,
4,0.451,-0.194,
5,0.826,-1.007,
6,-0.755,2.269,
7,0.064,0.102,
8,3.165,1.038,
9,1.027,0.26,
10,0.336,-0.127,
11,-1.574,0.267,
12,1.657,-2.569,
13,-0.102,0.181,
14,-1.97,0.928,
15,-0.474,0.425,
16,-0.099,2.17,
17,1.052,-0.438,
18,0.022,0.518,
19,-1.622,-0.363,
20,0.998,0.435,
21,-0.133,-0.799,
22,1.29,1.04,
23,-0.854,-0.815,
24,-0.219,0.872,
25,-1.277,-0.231,
26,1.973,1.314,
27,0.197,2.071,
28,0.162,-0.413,
29,-0.307,-0.681,
30,0.293,-0.245,
31,-0.496,-0.393,
32,-0.108,-0.733,
33,1.268,-1.072,
34,-0.825,-0.007,
35,0.299,0.413,
36,0.298,0.553,
37,0.567,-0.175,
38,-1.204,0.926,
39,0.701,1.022,
40,1.143,-0.047,
41,2.005,-1.726,
42,0.32,-2.394,
43,1.425,0.846,
44,1.424,-0.378,
45,-0.713,-0.427,
46,-1.145,1.639,
47,-1.194,0.275,
48,0.46,-0.792,
49,0.453,0.485,
50,1.437,-0.022,
51,-0.43,-1.989,
52,0.426,-0.616,
53,0.781,0.641,
54,0.781,1.395,
55,0.324,-0.883,
56,-0.121,0.534,
57,0.483,-2.194,
58,-0.084,1.427,
59,-0.245,-1.257,
60,-1.886,0.531,
61,1.58,0.061,
62,1.023,-0.498,
63,1.21,0.603,
64,-0.393,-0.822,
65,-0.344,-1.457,
66,-1.274,-1.726,
67,-0.763,-0.568,
68,1.2,1.234,
69,-0.75,-0.137,
70,0.918,-2.272,
71,1.454,0.034,
72,-0.459,0.594,
73,-2.598,-0.888,
74,0.1,-0.642,
75,-0.412,-0.023,
76,1.763,0.489,
77,1.508,0.179,
78,0.763,-1.065,
79,-0.795,-1.16,
80,-0.292,-1.469,
81,0.109,1.285,
82,-0.013,-0.535,
83,-0.778,-2.547,
84,1.639,-0.029,
85,-0.076,0.372,
86,1.022,0.484,
87,-1.092,-0.7,
88,-2.66,-0.019,
89,2.364,-1.192,
90,0.227,-0.271,
91,1.94,-0.824,
92,0.521,0.599,
93,-0.775,-0.817,
94,1.507,0.1,
95,-0.405,0.354,
96,-0.88,0.38,
97,0.648,-1.398,
98,-1.493,0.201,
99,-0.026,-0.738,
100,0.92,0.818,
101,-0.785,0.102,
102,-2.848,0.347,
103,1.492,-1.1,
104,0.276,0.664,
105,0.119,0.112,
106,-0.045,-0.325,
107,0.496,-0.783,
108,2.218,-0.469,
109,0.429,-1.01,
110,-1.073,0.679,
111,-0.913,1.892,
112,-1.1,0.027,
113,-0.421,1.009,
114,-0.507,-0.195,
115,-2.455,0.327,
116,-0.826,-0.868,
117,-0.722,-0.054,
118,0.016,1.308,
119,0.585,-0.144,
120,2.159,0.459,
121,0.647,-0.025,
122,0.937,0.562,
123,-0.137,-0.13,
124,1.298,-0.961,
125,-0.809,0.707,
126,2.113,0.356,
127,0.27,-0.555,
128,1.344,-0.163,
129,0.875,-0.433,
130,1.067,0.726,
131,0.689,0.123,
132,0.35,-0.965,
133,-0.148,0.282,
134,0.113,0.357,
135,-2.028,-1.512,
136,-0.714,-0.583,
137,-0.146,1.13,
138,0.7,-1.081,
139,-1.306,1.277,
140,-0.121,-0.568,
141,-0.971,0.102,
142,-0.025,-1.398,
143,0.099,-0.799,
144,1.394,0.959,
145,0.214,-0.91,
146,0.377,-0.867,
147,0.132,-0.579,
148,-0.854,-0.194,
149,0.368,-0.786,
150,-1.763,-1.399,
151,0.159,-0.815,
152,0.163,0.626,
153,0.4,-1.989,
154,-0.159,-0.599,
155,-0.078,-0.093,
156,-0.916,-1.152,
157,-0.183,-1.96,
158,2.016,0.261,
159,0.572,1.036,
160,0.018,-0.308,
161,1.457,-0.911,
162,-0.683,-1.605,
163,0.349,-0.55,
