1,0.554,0.538,
2,0.405,-0.839,
3,0.34,-0.45,
4,0.568,-0.495,
5,0.84,-0.156,
6,-1.063,0.343,
7,0.424,0.19,
8,1.377,-0.019,
9,0.267,-0.946,
10,0.337,0.091,
11,0.539,0.258,
12,0.854,-1.115,
13,1.083,-0.297,
14,-0.303,0.293,
15,-0.308,-0.355,
16,0.751,-0.263,
17,0.836,-0.312,
18,0.505,-0.466,
19,-0.026,-0.309,
20,0.833,-0.909,
21,0.341,-0.582,
22,0.637,0.395,
23,0.06,-0.896,
24,0.103,-0.43,
25,-0.177,-0.587,
26,1.344,0.852,
27,0.443,0.69,
28,0.4,-0.251,
29,0.015,-0.335,
30,0.248,-0.005,
31,0.156,0.209,
32,0.424,-0.772,
33,0.299,-0.312,
34,-0.577,-0.52,
35,0.667,0.455,
36,0.251,0.009,
37,0.573,-0.438,
38,0.026,-0.086,
39,0.608,0.187,
40,0.85,-0.344,
41,1.22,-0.624,
42,0.956,-0.681,
43,0.708,-0.164,
44,1.139,-0.045,
45,-0.174,-0.296,
46,0.36,0.181,
47,-0.334,-0.096,
48,1.077,-0.786,
49,0.38,-0.771,
50,0.73,-0.377,
51,0.39,-0.829,
52,0.44,-0.292,
53,0.449,-0.975,
54,0.654,0.172,
55,0.548,-1.6,
56,0.392,0.035,
57,0.889,-0.92,
58,0.088,0.149,
59,-0.109,-0.869,
60,0.171,-0.553,
61,0.515,-0.273,
62,1.376,-0.382,
63,0.813,-0.279,
64,-0.221,-0.839,
65,0.521,-0.699,
66,0.618,-0.02,
67,-0.296,-0.679,
68,0.678,0.029,
69,0.374,0.477,
70,0.291,-0.524,
71,0.56,-0.57,
72,0.623,-0.118,
73,-0.585,-0.441,
74,0.56,-0.371,
75,-0.663,-0.518,
76,0.811,0.512,
77,0.804,-0.272,
78,0.324,-0.614,
79,-0.315,-0.233,
80,-0.147,-1.673,
81,0.64,-0.237,
82,0.518,-0.692,
83,-0.136,-1.186,
84,0.374,-0.313,
85,0.644,-0.069,
86,0.65,-0.244,
87,-0.3,-0.866,
88,-0.098,-0.467,
89,1.535,-0.554,
90,0.465,-0.69,
91,0.979,-0.295,
92,0.487,-0.754,
93,0.043,-0.03,
94,0.721,0.246,
95,0.449,-0.498,
96,0.248,-0.75,
97,0.725,-0.382,
98,-0.478,-1.181,
99,0.515,-0.494,
100,0.842,-0.482,
101,0.301,0.081,
102,-0.19,-0.555,
103,0.758,-0.082,
104,0.594,-0.259,
105,0.422,-0.41,
106,0.461,-0.165,
107,1.352,0.17,
108,0.625,-0.886,
109,0.57,-0.494,
110,0.649,-0.624,
111,0.233,0.152,
112,-0.556,-0.305,
113,0.17,-0.029,
114,0.098,-0.689,
115,-0.286,-1.412,
116,-0.355,-1.019,
117,1.02,-0.233,
118,0.329,0.034,
119,0.747,-0.213,
120,0.981,0.103,
121,0.171,-0.722,
122,0.938,0.176,
123,0.215,-1.182,
124,1.185,-1.137,
125,-0.222,-0.667,
126,0.91,-0.622,
127,0.667,-0.909,
128,0.343,-0.074,
129,0.94,-0.682,
130,0.717,-0.368,
131,0.949,0.636,
132,0.237,-0.742,
133,0.13,-0.384,
134,0.391,-0.24,
135,-0.282,-0.977,
136,0.304,-0.623,
137,0.168,-0.068,
138,0.294,-0.554,
139,-0.243,-0.664,
140,0.534,-0.496,
141,0.213,-0.781,
142,0.322,-0.689,
143,0.237,-0.47,
144,0.2,-0.067,
145,0.443,-1.199,
146,0.807,-0.367,
147,0.396,-0.589,
148,-0.089,-0.509,
149,0.473,-2.056,
150,-0.624,-0.336,
151,1.27,-0.381,
152,0.043,0.189,
153,0.558,-0.906,
154,0.167,-0.903,
155,-0.001,-0.287,
156,-0.31,-0.227,
157,0.105,-0.799,
158,1.474,-0.197,
159,0.582,-0.163,
160,0.228,-0.329,
161,1.177,-0.462,
162,0.44,-0.797,
163,0.789,-1.389,
