1,-0.273,-0.212,
2,-0.214,0.006,
3,0.515,-0.065,
4,-0.071,0.125,
5,-0.058,-0.301,
6,0.04,0.007,
7,0.223,-0.244,
8,0.06,-0.418,
9,1.117,-0.205,
10,-0.053,-0.145,
11,-0.193,-0.149,
12,0.42,0.057,
13,-0.061,-0.026,
14,0.167,-0.448,
15,-0.129,0.056,
16,0.481,-0.303,
17,-0.288,0.079,
18,-0.073,0.402,
19,-0.562,0.437,
20,-0.117,0.067,
21,0.056,0.086,
22,0.133,0.027,
23,0.185,-0.632,
24,-0.307,-0.062,
25,0.383,-0.19,
26,-0.284,-0.459,
27,-0.441,-0.082,
28,0.145,0.056,
29,-0.138,0.39,
30,0.611,0.34,
31,-0.044,-0.261,
32,0.128,-0.162,
33,-0.239,-0.018,
34,0.114,-0.491,
35,-0.158,0.166,
36,0.358,0.346,
37,0.336,0.085,
38,0.064,-0.157,
39,0.505,-0.371,
40,0.156,-0.166,
41,0.115,0.477,
42,0.139,-0.061,
43,0.378,0.268,
44,0.139,-0.325,
45,-0.094,0.03,
46,0.043,-0.035,
47,0.041,0.341,
48,-0.185,-0.359,
49,-0.016,-0.123,
50,0.343,0.244,
51,-0.482,-0.412,
52,-0.128,0.327,
53,-0.222,0.433,
54,-0.045,-0.08,
55,-0.082,0.093,
56,-0.362,0.413,
57,0.132,0.011,
58,-0.51,0.157,
59,0.099,-0.175,
60,-0.062,0.122,
61,-0.346,-0.118,
62,0.23,-0.08,
63,0.298,0.522,
64,0.125,0.464,
65,0.068,0.104,
66,0.196,0.134,
67,0.418,0.444,
68,0.229,-0.14,
69,0.346,-0.003,
70,0.134,-0.342,
71,0.362,-0.169,
72,0.004,-0.357,
73,0.614,0.189,
74,0.697,0.013,
75,0.143,0.486,
76,0.205,-0.537,
77,-0.019,0.539,
78,0.256,0.417,
79,0.228,0.509,
80,-0.268,0.339,
81,-0.078,-0.365,
82,-0.014,0.431,
83,0.137,0.13,
84,0.38,0.184,
85,-0.38,0.002,
86,0.35,-0.403,
87,0.049,-0.241,
88,0.032,0.172,
89,-0.485,0.252,
90,-0.473,0.348,
91,0.149,0.275,
92,-0.012,0.011,
93,0.385,0.748,
94,-0.244,0.354,
95,0.338,-0.073,
96,0.197,-0.365,
97,-0.242,-0.259,
98,0.008,-0.554,
99,0.207,0.038,
100,0.203,-0.481,
101,-0.228,-0.129,
102,-0.13,0.014,
103,0.09,-0.508,
104,0.323,-0.098,
105,-0.072,0.542,
106,-0.248,-1.032,
107,-0.233,-0.363,
108,0.382,-0.396,
109,-0.055,-0.646,
110,-0.464,-0.853,
111,0.024,-0.298,
112,0.622,0.028,
113,0.115,0.177,
114,0.001,0.111,
115,-0.156,0.5,
116,-0.214,-0.045,
117,0.806,-0.268,
118,-0.033,-0.04,
119,0.132,0.123,
120,-0.137,-0.036,
121,-0.08,-0.287,
122,0.186,0.072,
123,0.028,0.004,
124,-0.259,0.096,
125,0.2,0.006,
126,0.122,-0.25,
127,0.089,0.009,
128,-0.359,0.416,
129,0.391,0.127,
130,0.044,0.093,
131,0.21,-0.273,
132,-0.089,0.237,
133,-0.059,-0.504,
134,-0.481,0.316,
135,-0.156,0.04,
136,0.012,-0.179,
137,0.22,0.077,
138,0.061,0.099,
139,-0.094,0.247,
140,-0.372,-0.086,
141,-0.432,0.421,
142,0.262,-0.247,
143,0.174,-0.3,
144,0.816,-0.709,
145,-0.168,0.292,
146,-0.351,0.017,
147,-0.096,0.2,
148,-0.567,-0.302,
149,-0.011,-0.077,
150,0.244,-0.586,
151,-0.07,0.203,
152,0.396,-0.253,
153,-0.017,-0.052,
154,-0.442,0.143,
155,0.173,-0.217,
156,0.03,0.544,
157,0.21,0.111,
158,-0.113,0.214,
159,0.001,0.359,
160,-0.23,0.189,
161,0.013,-0.156,
162,0.301,0.439,
163,0.236,-0.252,
