1,0.998,1.432,
2,-0.05,-0.831,
3,0.151,0.841,
4,0.241,0.14,
5,0.051,-0.492,
6,0.167,2.238,
7,0.502,0.207,
8,1.502,0.846,
9,0.533,0.742,
10,0.043,-0.092,
11,-1.436,-0.009,
12,1.58,-1.608,
13,-0.527,-0.146,
14,-1.06,0.529,
15,-0.148,0.785,
16,-0.229,1.805,
17,0.05,0.001,
18,-0.56,0.84,
19,-1.386,0.127,
20,-0.344,1.694,
21,0.193,-0.298,
22,0.841,0.579,
23,-0.586,-0.478,
24,-0.416,1.089,
25,-0.288,0.095,
26,0.908,0.295,
27,0.125,0.84,
28,0.044,-0.131,
29,-0.288,0.007,
30,0.45,-0.08,
31,-0.14,-0.411,
32,-0.094,-0.304,
33,1.082,-1.144,
34,0.083,0.016,
35,0.1,0.109,
36,0.174,0.56,
37,0.241,0.159,
38,-0.748,0.442,
39,0.687,0.581,
40,0.353,-0.226,
41,0.896,-0.929,
42,-0.077,-2.202,
43,0.976,0.609,
44,0.64,-0.294,
45,-0.473,-0.122,
46,-0.594,0.991,
47,-0.743,-0.173,
48,-0.016,-0.215,
49,0.394,1.196,
50,0.917,-0.278,
51,-0.785,-1.349,
52,0.377,-0.612,
53,0.675,1.055,
54,0.348,0.639,
55,-0.167,0.12,
56,-0.364,0.729,
57,-0.05,-1.323,
58,-0.048,1.419,
59,-0.107,-0.541,
60,-1.857,0.958,
61,0.952,0.605,
62,0.168,-0.004,
63,0.552,0.855,
64,-0.029,-0.384,
65,-0.615,-0.942,
66,-1.731,-1.357,
67,-0.591,-0.342,
68,1.003,0.933,
69,-0.006,-0.159,
70,0.712,-2.089,
71,0.584,0.067,
72,-0.647,0.289,
73,-1.341,-0.124,
74,0.148,-0.189,
75,0.721,0.16,
76,1.496,0.211,
77,0.445,0.159,
78,0.482,-0.108,
79,-0.752,-1.228,
80,-0.052,0.291,
81,-0.581,1.373,
82,-0.323,0.042,
83,0.447,-1.08,
84,1.275,0.103,
85,-0.83,0.265,
86,0.19,0.589,
87,-0.17,-0.225,
88,-1.109,0.116,
89,0.406,-0.499,
90,-0.34,0.291,
91,1.278,0.072,
92,0.199,1.195,
93,-0.744,-0.384,
94,0.578,-0.258,
95,-0.477,0.448,
96,-0.28,0.708,
97,0.516,-1.073,
98,-0.974,0.943,
99,-0.299,-0.528,
100,0.12,0.4,
101,-0.45,-0.135,
102,-2.248,0.383,
103,0.774,-0.944,
104,-0.217,0.798,
105,0.091,0.345,
106,-0.504,-0.826,
107,-0.655,-0.455,
108,1.774,-0.076,
109,-0.079,-0.911,
110,-0.346,0.749,
111,-0.762,1.246,
112,-0.547,0.011,
113,-0.288,0.817,
114,-0.296,0.137,
115,-1.57,0.356,
116,-0.211,-0.16,
117,-1.324,0.016,
118,-0.2,0.817,
119,0.091,-0.062,
120,1.448,0.044,
121,0.518,0.017,
122,0.567,0.292,
123,-0.012,0.654,
124,0.371,0.026,
125,-0.105,0.951,
126,1.379,0.521,
127,0.021,-0.145,
128,1.142,0.086,
129,0.512,0.138,
130,0.819,1.078,
131,0.324,-0.243,
132,0.058,-0.387,
133,-0.285,0.438,
134,-0.053,0.322,
135,-1.138,-0.786,
136,-0.557,-0.334,
137,-0.261,1.072,
138,0.563,-0.681,
139,-0.797,1.417,
140,-0.565,-0.309,
141,-1.166,0.555,
142,-0.114,-0.924,
143,0.494,-0.312,
144,1.49,0.541,
145,0.376,-0.092,
146,0.193,-0.646,
147,-0.084,-0.081,
148,-0.727,-0.193,
149,0.355,-0.363,
150,-0.974,-1.443,
151,-0.616,-0.035,
152,0.276,0.431,
153,0.23,-1.637,
154,-0.166,0.025,
155,0.159,-0.125,
156,-0.784,-0.636,
157,-0.431,-0.948,
158,0.964,-0.099,
159,0.099,0.705,
160,-0.246,0.129,
161,1.129,-0.767,
162,-0.757,-0.758,
163,-0.024,-0.435,
