1,0.992,1.464,
2,-0.018,-0.784,
3,0.147,0.907,
4,0.227,0.183,
5,0.056,-0.489,
6,0.194,2.273,
7,0.497,0.2,
8,1.528,0.854,
9,0.554,0.777,
10,0.006,-0.094,
11,-1.48,0.049,
12,1.584,-1.656,
13,-0.521,-0.144,
14,-1.041,0.556,
15,-0.147,0.768,
16,-0.175,1.901,
17,0.094,0,
18,-0.582,0.88,
19,-1.459,0.185,
20,-0.368,1.721,
21,0.187,-0.328,
22,0.847,0.664,
23,-0.626,-0.475,
24,-0.454,1.201,
25,-0.37,0.173,
26,0.897,0.331,
27,0.133,0.92,
28,0.059,-0.15,
29,-0.313,-0.002,
30,0.399,-0.135,
31,-0.132,-0.438,
32,-0.113,-0.315,
33,1.13,-1.227,
34,0.102,0.035,
35,0.09,0.108,
36,0.144,0.61,
37,0.284,0.174,
38,-0.73,0.483,
39,0.691,0.601,
40,0.385,-0.224,
41,0.941,-0.99,
42,-0.095,-2.278,
43,1.02,0.655,
44,0.66,-0.337,
45,-0.475,-0.152,
46,-0.686,1.051,
47,-0.835,-0.154,
48,-0.064,-0.223,
49,0.495,1.248,
50,0.952,-0.251,
51,-0.762,-1.363,
52,0.389,-0.669,
53,0.677,1.088,
54,0.347,0.712,
55,-0.186,0.138,
56,-0.401,0.714,
57,-0.045,-1.396,
58,-0.04,1.519,
59,-0.185,-0.529,
60,-1.945,1.037,
61,0.91,0.644,
62,0.125,0.013,
63,0.633,0.915,
64,-0.026,-0.399,
65,-0.678,-1.004,
66,-1.806,-1.395,
67,-0.621,-0.323,
68,0.987,1.025,
69,-0.064,-0.176,
70,0.79,-2.198,
71,0.55,0.103,
72,-0.709,0.304,
73,-1.437,-0.147,
74,0.095,-0.209,
75,0.773,0.153,
76,1.487,0.222,
77,0.506,0.183,
78,0.494,-0.14,
79,-0.781,-1.31,
80,-0.058,0.283,
81,-0.585,1.45,
82,-0.34,0.069,
83,0.417,-1.173,
84,1.307,0.15,
85,-0.798,0.308,
86,0.186,0.683,
87,-0.176,-0.216,
88,-1.084,0.129,
89,0.379,-0.536,
90,-0.344,0.311,
91,1.388,0.032,
92,0.195,1.242,
93,-0.798,-0.431,
94,0.557,-0.226,
95,-0.467,0.455,
96,-0.285,0.691,
97,0.521,-1.137,
98,-1.012,1.031,
99,-0.322,-0.562,
100,0.089,0.442,
101,-0.49,-0.134,
102,-2.306,0.385,
103,0.881,-0.986,
104,-0.204,0.848,
105,0.084,0.383,
106,-0.501,-0.787,
107,-0.68,-0.466,
108,1.837,-0.046,
109,-0.053,-0.9,
110,-0.379,0.815,
111,-0.796,1.336,
112,-0.579,0.001,
113,-0.31,0.873,
114,-0.35,0.136,
115,-1.691,0.337,
116,-0.203,-0.175,
117,-1.38,-0.019,
118,-0.214,0.861,
119,0.092,-0.08,
120,1.547,0.038,
121,0.558,0.057,
122,0.582,0.315,
123,-0.059,0.699,
124,0.386,0.03,
125,-0.108,1.039,
126,1.333,0.517,
127,0.004,-0.127,
128,1.231,0.051,
129,0.515,0.155,
130,0.889,1.128,
131,0.351,-0.251,
132,0.092,-0.39,
133,-0.299,0.483,
134,-0.068,0.348,
135,-1.194,-0.782,
136,-0.644,-0.376,
137,-0.306,1.105,
138,0.572,-0.724,
139,-0.781,1.415,
140,-0.574,-0.344,
141,-1.204,0.565,
142,-0.141,-1,
143,0.501,-0.322,
144,1.538,0.544,
145,0.382,-0.13,
146,0.21,-0.721,
147,-0.102,-0.116,
148,-0.798,-0.222,
149,0.336,-0.336,
150,-1.039,-1.442,
151,-0.642,-0.086,
152,0.295,0.46,
153,0.204,-1.745,
154,-0.161,0.053,
155,0.141,-0.134,
156,-0.791,-0.628,
157,-0.427,-0.935,
158,0.98,-0.085,
159,0.141,0.667,
160,-0.236,0.08,
161,1.124,-0.819,
162,-0.787,-0.87,
163,0.002,-0.41,
