1,-0.032,-0.109,
2,0.008,0.011,
3,-0.227,-0.472,
4,0.135,0.058,
5,-0.348,-0.226,
6,-0.304,-0.348,
7,-0.14,-0.01,
8,-0.023,-0.243,
9,-0.545,0.199,
10,-0.082,0.214,
11,-0.419,0.249,
12,0.731,-0.144,
13,-0.043,-0.151,
14,0.081,-0.182,
15,-0.325,-0.253,
16,0.488,-0.25,
17,-0.412,0.329,
18,-0.02,0.545,
19,-0.228,0.288,
20,-0.067,0.277,
21,0.634,0.105,
22,0.056,-0.239,
23,-0.257,-0.261,
24,-0.501,0.469,
25,0.261,-0.147,
26,0.103,-0.037,
27,-0.386,0.167,
28,0.055,-0.105,
29,-0.316,0.047,
30,0.39,0.232,
31,0.435,-0.194,
32,0.103,-0.094,
33,-0.034,-0.013,
34,0.211,0.061,
35,-0.007,0.152,
36,-0.375,0.337,
37,0,0.095,
38,-0.036,-0.332,
39,0.43,-0.247,
40,-0.153,-0.268,
41,-0.387,-0.279,
42,-0.118,-0.245,
43,0.308,-0.223,
44,0.22,0.001,
45,0.013,-0.048,
46,0.24,-0.016,
47,0.029,-0.275,
48,0.12,0.009,
49,-0.272,0.163,
50,0.276,0.089,
51,-0.543,-0.299,
52,0.101,0.048,
53,-0.046,0.245,
54,-0.015,-0.177,
55,0.12,0.095,
56,-0.128,0.64,
57,-0.048,0.666,
58,-0.258,0.173,
59,0.144,0.033,
60,0.263,0.171,
61,-0.121,0.528,
62,0.366,-0.334,
63,0.196,-0.291,
64,0.026,0.145,
65,-0.036,-0.087,
66,0.077,0.071,
67,-0.39,0.211,
68,0.314,-0.123,
69,0.478,0.392,
70,-0.016,-0.188,
71,-0.247,0.131,
72,-0.368,0.162,
73,-0.042,0.072,
74,0.434,-0.111,
75,-0.382,0.303,
76,0.163,-0.115,
77,-0.02,0.094,
78,0.136,0.397,
79,-0.093,0.157,
80,-0.626,0.874,
81,-0.086,0.039,
82,-0.246,0.187,
83,0.19,0.215,
84,0.434,0.083,
85,-0.419,0.145,
86,0.173,-0.468,
87,0.079,-0.214,
88,-0.071,0.154,
89,-0.005,0.032,
90,-0.305,0.002,
91,0.122,0.535,
92,-0.214,0.179,
93,0.016,0.434,
94,-0.276,-0.089,
95,-0.404,-0.255,
96,0.278,-0.055,
97,-0.278,-0.365,
98,-0.119,-0.092,
99,0.078,-0.015,
100,0.292,-0.009,
101,-0.384,-0.027,
102,-0.205,0.525,
103,0.391,-0.222,
104,-0.111,0.152,
105,-0.317,0.305,
106,-0.235,-0.836,
107,0.054,-0.147,
108,0.185,-0.147,
109,-0.438,-0.62,
110,-0.025,-0.074,
111,0.085,-0.451,
112,-0.196,0.229,
113,0.022,-0.11,
114,0.401,0.045,
115,-0.287,0.254,
116,-0.107,0.325,
117,-0.26,-0.468,
118,0.022,-0.224,
119,0.198,0.297,
120,-0.413,-0.126,
121,-0.226,-0.652,
122,-0.021,-0.253,
123,-0.566,0.721,
124,-0.142,0.154,
125,0.038,0.048,
126,-0.019,-0.089,
127,0.029,-0.096,
128,-0.194,0.361,
129,0.438,0.142,
130,0.165,-0.429,
131,0.085,0.159,
132,-0.039,0.296,
133,-0.393,-0.036,
134,-0.806,-0.465,
135,0.046,-0.119,
136,-0.004,-0.174,
137,0.154,0.059,
138,0.851,0.187,
139,-0.279,0.082,
140,-0.287,0.072,
141,-0.382,0.745,
142,0.572,-0.162,
143,0.346,0.122,
144,0.754,-0.703,
145,0.443,-0.116,
146,-0.466,0.258,
147,0.155,0.014,
148,0.086,-0.072,
149,-0.065,-0.177,
150,-0.27,-0.172,
151,0.108,0.425,
152,0.174,-0.137,
153,-0.115,-0.215,
154,-0.187,0.55,
155,0.38,-0.053,
156,-0.406,0.318,
157,0.032,0.249,
158,0.082,-0.042,
159,-0.231,0.035,
160,-0.159,0.27,
161,0.232,-0.215,
162,-0.203,-0.094,
163,0.379,-0.323,
