1,2.21,2.329,
2,0.088,-1.471,
3,0.291,0.881,
4,0.365,0.002,
5,0.527,-1.036,
6,-0.282,2.669,
7,0.571,0.297,
8,3.07,1.473,
9,0.941,0.652,
10,0.144,-0.148,
11,-1.983,0.218,
12,1.738,-2.638,
13,-0.391,0.172,
14,-1.984,1.195,
15,-0.63,0.744,
16,-0.23,2.609,
17,0.74,-0.354,
18,-0.232,0.932,
19,-1.989,-0.11,
20,0.422,1.348,
21,0.069,-0.589,
22,1.157,0.921,
23,-0.971,-0.668,
24,-0.35,1.276,
25,-1.301,-0.017,
26,1.604,1.215,
27,0.173,1.805,
28,0.118,-0.361,
29,-0.349,-0.519,
30,0.295,-0.32,
31,-0.458,-0.543,
32,-0.164,-0.607,
33,1.552,-1.222,
34,-0.507,0.063,
35,0.146,0.278,
36,0.258,0.671,
37,0.493,-0.006,
38,-1.323,0.779,
39,0.805,1.14,
40,0.92,-0.035,
41,1.791,-1.682,
42,0.112,-2.669,
43,1.478,0.981,
44,1.294,-0.458,
45,-0.831,-0.407,
46,-1.46,2.126,
47,-1.376,-0.193,
48,0.186,-0.585,
49,0.544,1.057,
50,1.394,-0.108,
51,-0.735,-2.013,
52,0.382,-0.88,
53,0.871,1.105,
54,0.653,1.504,
55,0.067,-0.33,
56,-0.377,0.653,
57,0.254,-2.231,
58,-0.063,1.768,
59,-0.224,-1.043,
60,-2.352,0.96,
61,1.664,0.357,
62,0.889,-0.263,
63,1.109,0.914,
64,-0.253,-0.739,
65,-0.651,-1.503,
66,-1.774,-2.09,
67,-0.736,-0.422,
68,1.149,1.359,
69,-0.978,-0.196,
70,1.049,-2.627,
71,1.387,0.148,
72,-0.744,0.54,
73,-2.743,-0.665,
74,0.026,-0.557,
75,-0.199,0.179,
76,2.289,0.245,
77,1.25,0.265,
78,0.78,-0.863,
79,-0.896,-1.47,
80,-0.179,-0.863,
81,-0.214,1.613,
82,-0.236,-0.289,
83,-0.493,-2.343,
84,1.77,0.166,
85,-0.357,0.448,
86,0.764,0.844,
87,-0.838,-0.518,
88,-2.792,0.079,
89,1.977,-1.189,
90,-0.057,0.002,
91,2.009,-0.521,
92,0.44,1.112,
93,-0.978,-0.881,
94,1.208,-0.023,
95,-0.572,0.521,
96,-0.844,0.703,
97,0.732,-1.534,
98,-1.272,0.801,
99,-0.229,-0.751,
100,0.523,0.978,
101,-1.187,0.02,
102,-3.313,0.476,
103,1.299,-1.099,
104,0.038,0.946,
105,0.043,0.281,
106,-0.327,-0.507,
107,-0.127,-0.777,
108,2.453,-0.186,
109,0.327,-1.077,
110,-0.972,0.97,
111,-1.241,2.115,
112,-1.002,0.063,
113,-0.477,1.159,
114,-0.609,-0.024,
115,-2.444,0.559,
116,-0.631,-0.597,
117,-1.402,0.038,
118,-0.198,1.387,
119,0.367,-0.141,
120,2.227,0.344,
121,0.707,0.138,
122,0.84,0.519,
123,-0.258,0.227,
124,1.037,-0.578,
125,-0.636,1.155,
126,2.07,0.574,
127,0.124,-0.353,
128,1.596,-0.136,
129,0.725,-0.181,
130,1.164,1.101,
131,0.559,-0.057,
132,0.253,-0.866,
133,-0.244,0.514,
134,0.122,0.487,
135,-1.964,-1.242,
136,-0.952,-0.576,
137,-0.253,1.366,
138,0.781,-1.136,
139,-1.387,1.788,
140,-0.413,-0.533,
141,-1.252,0.323,
142,-0.293,-1.509,
143,0.257,-0.709,
144,1.626,0.963,
145,0.217,-0.606,
146,0.35,-0.911,
147,0.012,-0.427,
148,-1.141,-0.229,
149,0.497,-0.368,
150,-1.576,-2.076,
151,-0.338,-0.595,
152,0.276,0.655,
153,0.36,-2.221,
154,-0.239,-0.318,
155,-0.009,-0.098,
156,-1.132,-1.274,
157,-0.677,-1.99,
158,1.653,-0.104,
159,0.365,1.185,
160,-0.095,-0.175,
161,1.289,-0.982,
162,-0.836,-1.481,
163,0.099,-0.56,
