1,2.13,2.304,
2,0.305,-1.287,
3,0.344,1.012,
4,0.359,0.068,
5,0.727,-1.079,
6,-0.192,2.414,
7,0.228,-0.119,
8,3.375,1.416,
9,1.24,0.466,
10,-0.018,-0.137,
11,-2.151,0.269,
12,1.752,-2.946,
13,-0.345,0.325,
14,-2.124,1.145,
15,-0.516,0.3,
16,0.046,2.972,
17,1.263,-0.39,
18,-0.105,0.981,
19,-2.125,-0.057,
20,0.69,0.875,
21,-0.063,-0.866,
22,1.107,1.264,
23,-1.019,-0.667,
24,-0.52,1.639,
25,-1.817,0.309,
26,1.855,1.552,
27,0.169,2.617,
28,-0.048,-0.637,
29,-0.481,-0.814,
30,0.207,-0.664,
31,-0.424,-0.732,
32,-0.283,-0.752,
33,1.619,-1.355,
34,-0.514,0.027,
35,0.087,0.403,
36,0.173,0.874,
37,0.694,-0.035,
38,-1.439,0.993,
39,0.715,1.118,
40,1.31,0.02,
41,2.154,-2.002,
42,0.016,-2.94,
43,1.716,1.175,
44,1.419,-0.618,
45,-0.699,-0.683,
46,-1.871,2.194,
47,-1.617,-0.117,
48,0.114,-0.795,
49,0.893,0.938,
50,1.608,0.291,
51,-0.473,-2.028,
52,0.424,-1.005,
53,0.793,1.046,
54,0.898,1.922,
55,0.226,-0.665,
56,-0.456,0.526,
57,0.415,-2.501,
58,-0.076,2.038,
59,-0.526,-1.048,
60,-2.6,1.074,
61,1.486,0.28,
62,0.59,-0.289,
63,1.606,1.022,
64,-0.438,-0.891,
65,-0.749,-1.833,
66,-1.814,-2.177,
67,-0.922,-0.397,
68,1.033,1.428,
69,-1.09,-0.381,
70,1.382,-2.985,
71,1.219,0.336,
72,-0.914,0.767,
73,-3.046,-1.089,
74,-0.247,-0.775,
75,0.097,0.08,
76,2.091,0.371,
77,1.881,0.383,
78,0.875,-1.244,
79,-1.006,-1.662,
80,-0.348,-1.414,
81,-0.175,1.675,
82,-0.136,-0.344,
83,-0.897,-2.816,
84,2.04,0.123,
85,-0.054,0.626,
86,0.917,1.075,
87,-1.067,-0.606,
88,-2.854,0.153,
89,2.062,-1.441,
90,0.167,-0.085,
91,2.476,-0.9,
92,0.53,1.12,
93,-1.158,-1.131,
94,1.374,0.188,
95,-0.708,0.481,
96,-1.141,0.617,
97,0.576,-1.845,
98,-1.56,0.895,
99,-0.218,-0.906,
100,0.876,1.326,
101,-1.264,0.09,
102,-3.16,0.36,
103,1.993,-1.325,
104,0.285,1.031,
105,-0.076,0.404,
106,-0.147,-0.279,
107,0.152,-0.937,
108,2.581,-0.078,
109,0.501,-0.898,
110,-1.501,1.145,
111,-1.303,2.313,
112,-1.24,0.019,
113,-0.582,1.434,
114,-0.927,-0.082,
115,-3.065,0.385,
116,-0.861,-0.89,
117,-1.466,0.101,
118,-0.111,1.618,
119,0.562,-0.167,
120,2.697,0.376,
121,0.887,0.301,
122,0.951,0.79,
123,-0.663,0.233,
124,1.216,-0.806,
125,-0.807,1.433,
126,2.224,0.421,
127,0.09,-0.257,
128,1.885,-0.279,
129,0.899,-0.254,
130,1.212,1.201,
131,0.667,0.099,
132,0.587,-0.87,
133,-0.268,0.585,
134,-0.134,0.59,
135,-2.265,-1.298,
136,-1.154,-0.692,
137,-0.441,1.463,
138,0.837,-1.241,
139,-1.349,1.549,
140,-0.268,-0.755,
141,-1.313,0.336,
142,-0.34,-1.645,
143,0.067,-0.881,
144,1.807,0.977,
145,0.249,-0.803,
146,0.402,-1.196,
147,-0.032,-0.742,
148,-1.362,-0.323,
149,0.188,-0.219,
150,-1.944,-1.919,
151,-0.174,-1.09,
152,0.273,0.796,
153,0.354,-2.304,
154,-0.17,-0.344,
155,-0.175,-0.141,
156,-1.213,-1.349,
157,-0.316,-1.789,
158,1.718,0.351,
159,0.714,0.972,
160,-0.007,-0.513,
161,1.26,-1.148,
162,-0.875,-2.16,
163,0.627,-0.299,
