1,-0.492,-1.274,
2,-0.21,-1.223,
3,-0.277,-1.693,
4,-1.065,-0.312,
5,0.28,-0.381,
6,-0.723,-0.292,
7,0.009,-0.544,
8,-0.164,-1.493,
9,0.305,-0.637,
10,-0.96,-0.205,
11,0.26,-0.955,
12,0.536,-0.424,
13,0.097,0.297,
14,-0.914,-0.569,
15,-0.763,-0.627,
16,-0.047,-0.668,
17,-1.342,-2.138,
18,0.191,-1.016,
19,0.292,-0.335,
20,0.083,-0.349,
21,-0.145,-1.276,
22,-0.094,-0.451,
23,-0.683,-1.472,
24,1.076,-1.478,
25,-0.241,-0.834,
26,-1.248,-0.739,
27,-0.397,-0.968,
28,0.859,-0.626,
29,0.674,-0.062,
30,1.651,-0.291,
31,-0.287,-0.907,
32,0.385,-0.91,
33,-1.467,-1.512,
34,-0.416,-2.007,
35,0.03,-0.746,
36,0.101,-0.261,
37,0.376,-0.268,
38,0.549,-0.884,
39,-0.659,-0.721,
40,0.399,-1.658,
41,0.406,0.226,
42,-0.212,0.702,
43,-0.114,0.857,
44,-0.697,-0.965,
45,-0.161,-0.931,
46,-0.787,-0.308,
47,-0.429,-0.512,
48,0.054,-0.438,
49,0.042,-1.128,
50,-0.253,-0.85,
51,-0.245,-1.208,
52,-0.568,-0.419,
53,-0.583,0.216,
54,-0.881,-0.256,
55,-1.221,-1.146,
56,-0.283,-0.46,
57,0.051,-0.858,
58,-0.884,-0.433,
59,-0.354,-1.348,
60,-0.011,-0.853,
61,-0.807,-0.292,
62,0.012,-0.695,
63,0.76,-0.072,
64,-0.892,-0.692,
65,0.649,-0.755,
66,0.598,-0.185,
67,-1.372,0.246,
68,-0.196,-0.74,
69,-0.36,-0.148,
70,0.538,-0.555,
71,0.115,-0.966,
72,-0.082,-1.239,
73,0.518,-0.895,
74,0.544,-0.707,
75,1.092,-0.306,
76,-0.827,-1.164,
77,0.128,-0.119,
78,-0.183,0.937,
79,-0.364,-0.238,
80,0.975,-0.889,
81,-0.727,-1.032,
82,-0.302,0.311,
83,-0.038,-0.379,
84,-0.318,-0.528,
85,0.536,-0.789,
86,0.384,0.389,
87,-0.278,-0.905,
88,0.492,0.187,
89,-0.955,-0.727,
90,-0.526,-0.386,
91,-1.189,-0.406,
92,-0.53,-0.52,
93,0.24,0.418,
94,-0.637,1.145,
95,0.715,-0.838,
96,-0.378,-1.024,
97,-0.627,-0.623,
98,-0.944,-1.915,
99,-0.314,-0.804,
100,-0.308,-1.557,
101,-0.073,-0.359,
102,-0.403,-1.25,
103,-0.433,-1.166,
104,-0.711,-0.478,
105,-1.263,-0.81,
106,0.502,-0.188,
107,-0.265,0.262,
108,-0.386,-1.113,
109,0.156,-1.727,
110,-0.49,-1.487,
111,-0.111,0.345,
112,-0.145,-1.419,
113,0.12,-0.852,
114,-0.12,-0.995,
115,-0.387,-1.997,
116,0.101,-1.263,
117,1.021,-0.68,
118,0.293,-0.704,
119,0.394,-1.129,
120,-0.144,-0.544,
121,-0.098,-0.666,
122,0.253,-0.298,
123,-0.31,-1.519,
124,-0.491,-1.219,
125,-0.311,-0.872,
126,0.276,-0.396,
127,0.314,-1.649,
128,-0.032,-0.64,
129,-0.463,-0.579,
130,-0.5,-0.352,
131,-0.105,-0.137,
132,0.181,0.698,
133,-0.608,-0.633,
134,-0.16,-0.678,
135,-1.411,-1.299,
136,-0.319,-0.789,
137,0.642,-0.181,
138,-0.432,-0.444,
139,-1.021,-0.882,
140,-0.459,-1.19,
141,-1.04,-1.135,
142,0.224,-1.416,
143,-0.443,0.08,
144,-0.766,-0.955,
145,-0.876,-0.99,
146,0.401,0.312,
147,-0.125,-0.854,
148,-1.19,-0.306,
149,-0.45,-1.4,
150,-1.629,-2.781,
151,0.153,-0.222,
152,-1.53,-0.542,
153,0.188,-0.75,
154,-1.109,-0.258,
155,-0.876,-1.229,
156,0.459,-0.238,
157,-0.462,-0.773,
158,-0.183,-0.614,
159,-0.241,-0.253,
160,-1.155,-0.477,
161,-0.588,-0.326,
162,0.326,0.149,
163,0.838,-0.876,
