1,0.283,0.637,
2,-0.073,-0.578,
3,0.172,0.611,
4,0.213,0.067,
5,-0.036,-0.325,
6,0.36,1.253,
7,0.199,-0.039,
8,0.694,0.195,
9,0.395,0.445,
10,0.003,-0.071,
11,-0.876,-0.105,
12,1.3,-0.944,
13,-0.55,-0.244,
14,-0.483,-0.217,
15,0.15,0.445,
16,-0.172,0.984,
17,-0.224,0.14,
18,-0.532,0.664,
19,-0.837,0.215,
20,-0.335,1.266,
21,0.252,0,
22,0.571,0.287,
23,-0.272,-0.342,
24,-0.352,0.698,
25,0.143,-0.021,
26,0.588,-0.091,
27,0.071,0.404,
28,0.039,0.001,
29,-0.293,0.101,
30,0.63,0.254,
31,-0.021,-0.304,
32,-0.042,-0.183,
33,0.725,-0.816,
34,0.139,-0.033,
35,-0.002,0.084,
36,0.207,0.395,
37,0.064,0.154,
38,-0.243,0.192,
39,0.48,0.155,
40,0.111,-0.286,
41,0.484,-0.488,
42,-0.118,-1.739,
43,0.661,0.325,
44,0.298,-0.123,
45,-0.201,0.036,
46,-0.084,0.261,
47,-0.289,0.046,
48,0.047,-0.107,
49,0.054,0.921,
50,0.569,-0.189,
51,-0.616,-0.847,
52,0.322,-0.34,
53,0.465,0.778,
54,0.35,0.114,
55,-0.14,0.092,
56,-0.242,0.703,
57,-0.157,-0.719,
58,-0.071,0.952,
59,0.067,-0.343,
60,-1.226,0.674,
61,0.612,0.477,
62,-0.137,0.01,
63,0.197,0.604,
64,0.034,-0.184,
65,-0.339,-0.567,
66,-1.158,-0.815,
67,-0.418,-0.273,
68,0.71,0.433,
69,0.372,-0.107,
70,0.394,-1.463,
71,0.274,-0.028,
72,-0.386,0.171,
73,-0.526,0.134,
74,0.298,-0.025,
75,1.001,0.089,
76,0.901,-0.009,
77,0.108,0.086,
78,0.286,0.182,
79,-0.632,-0.794,
80,-0.091,0.535,
81,-0.549,0.965,
82,-0.153,0.095,
83,0.663,-0.461,
84,1.039,-0.287,
85,-0.933,0.049,
86,0.082,0.166,
87,0.038,-0.174,
88,-0.318,0.088,
89,-0.203,-0.186,
90,-0.26,0.286,
91,0.787,0.243,
92,0.09,0.919,
93,-0.483,-0.063,
94,0.344,-0.291,
95,-0.351,0.324,
96,0.01,0.502,
97,0.286,-0.738,
98,-0.773,0.673,
99,-0.225,-0.351,
100,0.136,0.068,
101,-0.085,-0.154,
102,-1.084,0.552,
103,0.359,-0.665,
104,-0.257,0.54,
105,0.104,0.275,
106,-0.461,-0.963,
107,-0.559,-0.338,
108,1.149,-0.109,
109,-0.208,-0.73,
110,-0.209,0.473,
111,-0.448,0.466,
112,-0.307,-0.005,
113,-0.13,0.501,
114,-0.051,0.164,
115,-0.928,0.277,
116,-0.132,-0.035,
117,-0.902,-0.006,
118,-0.129,0.31,
119,0.04,0.004,
120,0.88,-0.027,
121,0.323,-0.166,
122,0.441,0.19,
123,0.053,0.597,
124,0.132,0.168,
125,0.079,0.552,
126,0.935,0.348,
127,0.081,-0.09,
128,0.641,0.252,
129,0.432,0.209,
130,0.521,0.862,
131,0.1,-0.073,
132,-0.011,-0.177,
133,-0.258,0.239,
134,-0.2,0.175,
135,-0.588,-0.433,
136,-0.245,-0.179,
137,-0.182,0.712,
138,0.435,-0.284,
139,-0.496,1.022,
140,-0.498,-0.15,
141,-0.926,0.559,
142,-0.044,-0.527,
143,0.509,-0.162,
144,1.196,0.15,
145,0.48,0.032,
146,0.067,-0.202,
147,-0.067,0.076,
148,-0.252,-0.059,
149,0.072,-0.209,
150,-0.659,-0.752,
151,-0.508,0.212,
152,0.189,0.271,
153,0.153,-1.075,
154,-0.091,0.067,
155,0.229,-0.099,
156,-0.54,-0.104,
157,-0.152,-0.365,
158,0.543,0.21,
159,-0.054,0.237,
160,-0.288,0.295,
161,0.909,-0.523,
162,-0.548,-0.217,
163,0.085,-0.268,
