1,-0.049,-0.127,
2,0.013,0.019,
3,-0.169,-0.393,
4,0.116,0.08,
5,-0.33,-0.209,
6,-0.292,-0.364,
7,-0.147,-0.037,
8,-0.039,-0.254,
9,-0.472,0.16,
10,-0.083,0.198,
11,-0.393,0.255,
12,0.685,-0.133,
13,-0.054,-0.122,
14,0.096,-0.192,
15,-0.305,-0.277,
16,0.467,-0.256,
17,-0.394,0.344,
18,-0.053,0.527,
19,-0.252,0.315,
20,-0.069,0.235,
21,0.629,0.067,
22,0.06,-0.207,
23,-0.231,-0.255,
24,-0.486,0.441,
25,0.268,-0.132,
26,0.155,-0.022,
27,-0.335,0.169,
28,0.052,-0.092,
29,-0.339,0.076,
30,0.418,0.243,
31,0.392,-0.183,
32,0.089,-0.089,
33,-0.031,-0.027,
34,0.186,0.06,
35,-0.026,0.172,
36,-0.32,0.358,
37,0.017,0.099,
38,-0.038,-0.275,
39,0.409,-0.245,
40,-0.158,-0.257,
41,-0.329,-0.235,
42,-0.078,-0.271,
43,0.291,-0.202,
44,0.19,0.01,
45,0.003,-0.04,
46,0.223,-0.033,
47,0.012,-0.231,
48,0.084,0.002,
49,-0.276,0.148,
50,0.246,0.091,
51,-0.504,-0.278,
52,0.096,0.047,
53,-0.056,0.228,
54,0,-0.158,
55,0.113,0.075,
56,-0.145,0.683,
57,-0.063,0.603,
58,-0.228,0.165,
59,0.093,0.061,
60,0.217,0.168,
61,-0.128,0.491,
62,0.323,-0.309,
63,0.166,-0.241,
64,0.023,0.147,
65,-0.04,-0.08,
66,0.036,0.013,
67,-0.374,0.186,
68,0.272,-0.137,
69,0.474,0.355,
70,-0.027,-0.19,
71,-0.206,0.06,
72,-0.329,0.163,
73,-0.037,0.098,
74,0.417,-0.076,
75,-0.344,0.296,
76,0.145,-0.112,
77,-0.018,0.102,
78,0.118,0.392,
79,-0.11,0.172,
80,-0.585,0.796,
81,-0.082,0.027,
82,-0.228,0.182,
83,0.185,0.218,
84,0.407,0.084,
85,-0.446,0.116,
86,0.171,-0.443,
87,0.06,-0.218,
88,-0.055,0.151,
89,-0.074,0.032,
90,-0.271,0.016,
91,0.114,0.513,
92,-0.207,0.173,
93,0.018,0.41,
94,-0.244,-0.074,
95,-0.396,-0.199,
96,0.229,-0.052,
97,-0.268,-0.359,
98,-0.135,-0.077,
99,0.061,-0.029,
100,0.278,-0.019,
101,-0.349,-0.026,
102,-0.173,0.517,
103,0.388,-0.175,
104,-0.099,0.154,
105,-0.311,0.296,
106,-0.266,-0.848,
107,0.077,-0.152,
108,0.174,-0.138,
109,-0.408,-0.576,
110,-0.027,-0.052,
111,0.088,-0.43,
112,-0.178,0.214,
113,0.029,-0.068,
114,0.342,0.057,
115,-0.317,0.243,
116,-0.069,0.287,
117,-0.239,-0.428,
118,0.018,-0.19,
119,0.174,0.292,
120,-0.356,-0.104,
121,-0.224,-0.632,
122,0,-0.188,
123,-0.512,0.676,
124,-0.137,0.158,
125,0.023,0.075,
126,0.005,-0.102,
127,0.015,-0.098,
128,-0.182,0.348,
129,0.438,0.139,
130,0.184,-0.383,
131,0.037,0.17,
132,-0.047,0.273,
133,-0.371,-0.041,
134,-0.747,-0.413,
135,0.06,-0.081,
136,-0.003,-0.168,
137,0.132,0.047,
138,0.759,0.158,
139,-0.26,0.072,
140,-0.268,0.059,
141,-0.389,0.697,
142,0.522,-0.154,
143,0.34,0.108,
144,0.752,-0.679,
145,0.439,-0.111,
146,-0.437,0.24,
147,0.112,0.018,
148,0.076,-0.064,
149,-0.069,-0.137,
150,-0.262,-0.126,
151,0.111,0.391,
152,0.15,-0.13,
153,-0.103,-0.191,
154,-0.17,0.486,
155,0.346,-0.074,
156,-0.368,0.344,
157,0.068,0.29,
158,0.058,-0.013,
159,-0.237,0.037,
160,-0.16,0.257,
161,0.222,-0.241,
162,-0.203,-0.069,
163,0.392,-0.297,
