1,0.682,1.614,
2,-0.022,-0.427,
3,-1.994,-0.996,
4,0.075,0.413,
5,-1.168,0.162,
6,-3.206,0.299,
7,-1.514,2.451,
8,-1.184,0.392,
9,-1.924,0.635,
10,-0.751,0.391,
11,0.586,1.566,
12,1.097,-0.986,
13,0.514,0.014,
14,-1.637,1.172,
15,-3.097,-0.575,
16,0.79,1.302,
17,-1.352,0.074,
18,0.409,0.767,
19,0.117,0.826,
20,-0.084,0.902,
21,1.291,-0.788,
22,-0.38,-0.295,
23,-0.814,-0.717,
24,-0.942,0.159,
25,-1.574,0.422,
26,-0.367,0.741,
27,-1.703,0.352,
28,1.196,0.834,
29,-0.07,0.39,
30,-0.268,1.429,
31,0.604,0.738,
32,0.017,0.115,
33,-1.325,0.877,
34,0.024,0.813,
35,0.073,0.963,
36,-1.613,0.749,
37,-0.613,0.185,
38,0.469,-0.338,
39,-0.025,2.911,
40,-0.841,0.082,
41,-0.941,-0.561,
42,0.939,-0.66,
43,0.366,0.022,
44,0.334,1.779,
45,-0.461,0.329,
46,0.12,1.071,
47,-0.478,0.346,
48,0.344,-0.191,
49,-0.493,-0.899,
50,0.068,-0.271,
51,-0.419,0.463,
52,0.015,0.487,
53,-0.34,0.297,
54,-1.112,-0.306,
55,0.313,-0.133,
56,-0.172,1.008,
57,0.935,1.324,
58,-0.892,0.804,
59,-1.788,0.896,
60,0.77,-0.168,
61,-0.85,2.314,
62,0.643,-0.659,
63,-0.464,-0.444,
64,-0.335,-0.333,
65,-0.151,-0.254,
66,0.533,0.965,
67,-1.602,0.21,
68,-0.453,1.167,
69,-0.379,1.14,
70,0.561,0.121,
71,-0.618,0.761,
72,-1.413,1.327,
73,-0.887,-0.181,
74,0.034,0.363,
75,-1.857,1.678,
76,0.106,0.089,
77,-0.565,-0.206,
78,1.378,1.196,
79,-0.731,0.187,
80,-1.188,1.607,
81,0.913,0.318,
82,-1.112,0.363,
83,0.312,0.106,
84,-0.623,0.503,
85,0.199,1.203,
86,-1.418,0.091,
87,-0.219,-0.64,
88,0.08,1.566,
89,0.035,0.196,
90,-1.209,0.501,
91,-0.552,0.676,
92,-0.802,0.492,
93,0.946,1.725,
94,-1.14,0.189,
95,-0.548,-0.571,
96,0.64,-0.974,
97,0.179,0.269,
98,-0.883,0.354,
99,-0.622,-0.105,
100,-0.531,0.938,
101,0.45,0.766,
102,-1.474,0.256,
103,1.333,0.446,
104,-0.521,0.29,
105,-0.266,1.49,
106,0.19,0.846,
107,1.468,1.483,
108,0.161,0.552,
109,-1.105,-0.385,
110,0.091,0.632,
111,-0.09,-1.166,
112,-1.318,1.261,
113,-1.183,-0.04,
114,0.695,0.193,
115,-0.922,-0.762,
116,0.2,1.364,
117,-0.987,-0.637,
118,-0.051,0.299,
119,0.597,0.77,
120,-0.223,0.055,
121,-0.201,-0.445,
122,-0.71,-0.27,
123,-1.835,0.887,
124,-0.863,-0.661,
125,-0.238,0.989,
126,-1.284,0.889,
127,0.251,-0.836,
128,-0.471,0.582,
129,-0.053,0.71,
130,1.256,-0.785,
131,-0.556,1.784,
132,-0.434,1.059,
133,-0.614,1.095,
134,-1.805,-0.751,
135,-1.167,-1.449,
136,0.103,-0.723,
137,-0.127,1.055,
138,0.956,0.513,
139,-0.528,-0.284,
140,-0.582,-0.179,
141,-0.595,0.721,
142,0.576,-0.498,
143,-0.391,2.03,
144,-0.406,0.112,
145,0,-0.81,
146,-0.468,1.252,
147,0.542,0.519,
148,-0.198,-0.67,
149,0.755,-1.878,
150,-0.369,0.152,
151,1.156,1.29,
152,-0.017,0.636,
153,-0.48,0.092,
154,-0.857,2.287,
155,-0.098,0.39,
156,-1.667,-0.484,
157,0.619,0.399,
158,0.473,-0.871,
159,0.696,-0.843,
160,-0.413,0.595,
161,-0.07,0.75,
162,-0.827,0.233,
163,0.032,-1.476,
