1,-3.238,-3.319,
2,0.615,-1.012,
3,-1.512,-1.417,
4,0.606,-1.107,
5,-0.405,-2.299,
6,0.094,1.803,
7,2.12,0.651,
8,0.749,-0.353,
9,-1.338,0.105,
10,1.027,-0.934,
11,0.32,2.532,
12,-1.811,-2.158,
13,1.916,1.528,
14,-0.2,-0.434,
15,-2.33,-0.234,
16,0.398,-2.799,
17,0.935,0.207,
18,0.173,-0.762,
19,2.248,0.77,
20,3.525,1.941,
21,1.423,0.294,
22,1.808,0.44,
23,0.243,0.078,
24,-0.585,0.598,
25,-0.732,3.301,
26,0.519,-0.783,
27,0.097,-0.353,
28,0.632,-0.082,
29,-0.077,-3.068,
30,0.491,0.167,
31,1.12,0.916,
32,-0.026,-1.329,
33,-0.533,-0.724,
34,-2.683,1.405,
35,-2.978,-0.464,
36,-1.29,1.155,
37,0.719,0.313,
38,-0.552,-1.565,
39,0.452,0.421,
40,-1.565,2.281,
41,0.436,0.699,
42,0.627,0.644,
43,-0.165,2.075,
44,-0.4,-0.841,
45,-0.798,0.217,
46,-2.926,-0.909,
47,-0.108,0.991,
48,-2.161,-0.818,
49,-0.875,-2.365,
50,-1.238,-0.952,
51,-1.517,-0.209,
52,0.853,1.543,
53,-0.185,-0.659,
54,1.953,-0.72,
55,-0.177,1.645,
56,-0.356,0.433,
57,-0.88,-0.863,
58,1.297,0.56,
59,2.087,0.877,
60,0.038,-0.385,
61,0.442,-0.741,
62,-1.726,1.18,
63,-0.99,2.001,
64,-0.33,-0.16,
65,-0.376,0.348,
66,0.461,0.459,
67,-0.47,-1.294,
68,-0.24,0.439,
69,-2.199,0.351,
70,-0.346,-0.303,
71,0.306,-1.644,
72,0.911,-1.125,
73,-0.27,-0.205,
74,-1.032,-0.324,
75,-3.037,-0.027,
76,-0.056,0.12,
77,0.476,-0.39,
78,-0.187,0.165,
79,-1.08,-0.655,
80,-1.524,-0.381,
81,-1.094,1.856,
82,-1.146,-1.485,
83,-3.213,-0.218,
84,1.428,0.21,
85,-0.691,-0.343,
86,-0.092,-0.638,
87,1.041,0.247,
88,0.438,0.555,
89,0.386,-0.057,
90,-0.287,0.472,
91,-0.124,1.983,
92,1.191,-1.795,
93,3.047,-0.172,
94,0.923,1.15,
95,0.225,2.371,
96,-1.832,1.801,
97,1.774,1.834,
98,0.416,-0.342,
99,0.158,1.197,
100,-1.949,0.215,
101,0.288,0.443,
102,-0.224,-1.546,
103,-0.697,-1.878,
104,-0.929,-0.6,
105,1.268,0.861,
106,-0.559,-1.413,
107,-0.75,0.222,
108,0.947,0.365,
109,-0.298,0.279,
110,-2.447,1.188,
111,-1.559,1.38,
112,-1.693,2.555,
113,0.936,-0.319,
114,-0.049,0.912,
115,-1.504,0.897,
116,-0.248,-0.774,
117,2.307,0.207,
118,0.695,-1.186,
119,-0.956,0.362,
120,0.06,-1.2,
121,-0.273,2.819,
122,-1.23,-0.018,
123,-1.148,-0.836,
124,-0.618,0.772,
125,-1.155,-0.276,
126,0.048,-0.723,
127,-0.187,1.227,
128,-0.208,-0.395,
129,0.598,1.346,
130,-1.515,-2.255,
131,1.217,2.213,
132,-0.918,2.294,
133,-0.407,0.605,
134,-1.234,-1.082,
135,-1.654,0.633,
136,-2.793,-0.443,
137,-1.726,0.492,
138,-1.051,0.163,
139,0.663,-1.078,
140,0.116,0.228,
141,-0.275,-1.089,
142,-0.222,0.758,
143,-0.442,-0.443,
144,-0.159,0.499,
145,-0.428,-1.121,
146,-1.852,-1.227,
147,-2.838,-2.104,
148,-0.935,-0.179,
149,1.982,-0.601,
150,-0.156,-0.387,
151,-1.492,0.472,
152,-1.22,-0.807,
153,0.336,0.544,
154,1.763,0.196,
155,-0.358,-0.036,
156,-0.378,-0.411,
157,-0.848,-0.549,
158,-2.015,-1.705,
159,-0.114,0.121,
160,0.492,-1.342,
161,-1.639,-0.366,
162,-1.336,-0.492,
163,0.937,-1.116,
