1,0.79,1.903,
2,-0.185,-0.575,
3,-2.169,-0.965,
4,-0.043,0.872,
5,-1.322,0.109,
6,-3.384,0.284,
7,-1.787,2.676,
8,-1.386,0.015,
9,-1.728,1.056,
10,-0.808,0.686,
11,0.735,1.773,
12,1.145,-0.942,
13,0.07,0.634,
14,-2.076,0.921,
15,-3.416,-0.689,
16,0.595,1.576,
17,-1.542,0.633,
18,0.759,1.18,
19,-0.024,0.933,
20,-0.243,0.87,
21,1.828,-1.136,
22,-0.073,-0.545,
23,-1.174,-0.67,
24,-1.414,0.566,
25,-1.423,0.069,
26,-0.598,0.584,
27,-1.613,0.427,
28,1.384,0.651,
29,-0.35,0.311,
30,-0.257,1.801,
31,0.505,0.951,
32,0.076,-0.018,
33,-1.611,1.284,
34,0.235,0.842,
35,-0.486,1.539,
36,-2.097,1.2,
37,-0.395,0.206,
38,0.423,-0.17,
39,-0.234,3.294,
40,-1.134,-0.086,
41,-1.127,-0.686,
42,1.306,-1.064,
43,0.145,0.354,
44,0.238,2.042,
45,-0.774,0.183,
46,0.182,1.186,
47,-0.403,0.67,
48,0.41,-0.357,
49,-0.916,-1.18,
50,0.439,-0.27,
51,-0.79,0.493,
52,0.036,0.7,
53,-0.404,0.226,
54,-1.422,-0.511,
55,0.523,-0.087,
56,-0.193,1.415,
57,1.065,1.3,
58,-0.762,0.678,
59,-2.716,1.549,
60,0.165,-0.313,
61,-1.332,2.559,
62,0.828,-0.713,
63,0.027,-0.258,
64,-0.601,-0.58,
65,-0.369,-0.314,
66,0.521,0.577,
67,-1.627,0.221,
68,-1.015,1.209,
69,-0.406,1.225,
70,0.701,0.123,
71,-0.438,0.596,
72,-1.413,1.576,
73,-0.897,-0.204,
74,-0.796,0.438,
75,-2.29,2.085,
76,0.002,0.5,
77,-0.283,-0.405,
78,1.417,1.362,
79,-0.71,0.1,
80,-1.142,1.597,
81,0.698,0.219,
82,-1.319,0.512,
83,0.568,0.238,
84,-0.994,0.447,
85,0.443,1.366,
86,-1.442,0.074,
87,-0.821,-0.95,
88,0.105,1.582,
89,0.476,0.143,
90,-0.938,0.67,
91,-0.566,0.776,
92,-1.163,0.657,
93,1.111,1.88,
94,-1.004,0.203,
95,-0.776,-0.382,
96,0.528,-1.033,
97,0.287,0.315,
98,-1.192,0.327,
99,-0.648,-0.234,
100,-0.607,1.377,
101,-0.061,0.896,
102,-1.624,0.29,
103,0.825,0.496,
104,-0.305,0.16,
105,-0.345,1.871,
106,-0.024,1.097,
107,2,1.444,
108,0.216,0.81,
109,-1.269,-0.606,
110,0.093,0.848,
111,-0.052,-1.304,
112,-1.28,1.399,
113,-1.395,0.122,
114,0.462,0.084,
115,-0.371,-0.921,
116,0.512,1.365,
117,-1.201,-0.431,
118,-0.351,0.916,
119,1.014,1.003,
120,0.064,0.191,
121,-0.209,-0.484,
122,-0.947,0.022,
123,-1.753,0.809,
124,-1.095,-0.649,
125,-0.362,1.244,
126,-1.298,1.027,
127,0.098,-1.025,
128,-0.162,0.431,
129,0.446,0.54,
130,1.393,-0.773,
131,-0.756,2.38,
132,-0.48,1.166,
133,-0.581,1.484,
134,-1.859,-0.836,
135,-1.302,-1.432,
136,0.187,-0.546,
137,-0.494,0.878,
138,1.169,0.808,
139,-0.765,-0.134,
140,-0.217,-0.891,
141,-0.412,0.194,
142,0.569,-0.362,
143,-0.503,2.434,
144,-0.547,0.615,
145,-0.185,-1.041,
146,-0.745,1.019,
147,0.012,0.031,
148,-0.217,-0.259,
149,0.994,-2.588,
150,-0.392,0.576,
151,1.693,0.53,
152,0.035,0.459,
153,-0.36,0.275,
154,-1.161,2.339,
155,-0.62,-0.108,
156,-1.919,-0.455,
157,0.364,0.38,
158,0.707,-0.904,
159,0.626,-0.678,
160,-0.402,0.198,
161,0.086,0.945,
162,-1.007,0.609,
163,0.082,-1.604,
