1,1.972,2.142,
2,-0.007,-1.481,
3,0.21,0.805,
4,0.367,-0.033,
5,0.41,-1.059,
6,-0.14,2.701,
7,0.65,0.266,
8,2.71,1.429,
9,0.783,0.801,
10,0.171,-0.148,
11,-1.945,0.156,
12,1.674,-2.326,
13,-0.445,0.077,
14,-1.835,1.237,
15,-0.563,0.73,
16,-0.351,2.305,
17,0.464,-0.266,
18,-0.383,0.903,
19,-1.93,-0.083,
20,0.168,1.597,
21,0.126,-0.515,
22,1.11,0.81,
23,-0.924,-0.659,
24,-0.351,1.239,
25,-0.901,-0.136,
26,1.266,0.794,
27,0.155,1.435,
28,0.14,-0.249,
29,-0.332,-0.374,
30,0.337,-0.236,
31,-0.405,-0.505,
32,-0.147,-0.511,
33,1.462,-1.261,
34,-0.338,0.094,
35,0.134,0.204,
36,0.311,0.551,
37,0.3,0.048,
38,-1.213,0.743,
39,0.779,0.972,
40,0.703,-0.075,
41,1.505,-1.463,
42,0.093,-2.537,
43,1.333,0.891,
44,1.137,-0.424,
45,-0.832,-0.303,
46,-1.252,1.979,
47,-1.236,-0.265,
48,0.21,-0.445,
49,0.365,1.192,
50,1.248,-0.243,
51,-0.873,-1.847,
52,0.4,-0.772,
53,0.861,1.162,
54,0.488,1.3,
55,-0.039,-0.11,
56,-0.375,0.698,
57,0.134,-2.004,
58,-0.046,1.683,
59,-0.153,-0.953,
60,-2.271,0.991,
61,1.696,0.474,
62,0.778,-0.193,
63,0.888,0.92,
64,-0.119,-0.617,
65,-0.671,-1.353,
66,-1.82,-1.935,
67,-0.677,-0.393,
68,1.216,1.313,
69,-0.78,-0.173,
70,0.943,-2.508,
71,1.193,0.113,
72,-0.746,0.446,
73,-2.408,-0.463,
74,0.078,-0.436,
75,0.021,0.308,
76,2.129,0.289,
77,0.931,0.236,
78,0.67,-0.61,
79,-0.846,-1.423,
80,-0.113,-0.461,
81,-0.332,1.58,
82,-0.311,-0.184,
83,-0.176,-1.969,
84,1.605,0.244,
85,-0.513,0.401,
86,0.605,0.792,
87,-0.601,-0.424,
88,-2.447,0.086,
89,1.56,-0.952,
90,-0.187,0.109,
91,1.794,-0.297,
92,0.384,1.195,
93,-0.923,-0.737,
94,0.988,-0.104,
95,-0.539,0.552,
96,-0.685,0.79,
97,0.714,-1.392,
98,-1.107,0.883,
99,-0.273,-0.667,
100,0.303,0.809,
101,-1.003,-0.044,
102,-3.122,0.455,
103,0.882,-1.015,
104,-0.097,0.945,
105,0.058,0.293,
106,-0.454,-0.635,
107,-0.364,-0.693,
108,2.332,-0.15,
109,0.213,-1.095,
110,-0.685,0.933,
111,-1.146,2.036,
112,-0.841,0.046,
113,-0.42,1.06,
114,-0.526,0.048,
115,-2.077,0.576,
116,-0.556,-0.415,
117,-1.445,0.025,
118,-0.224,1.295,
119,0.239,-0.128,
120,1.994,0.264,
121,0.65,0.105,
122,0.745,0.395,
123,-0.1,0.372,
124,0.802,-0.358,
125,-0.453,1.117,
126,1.875,0.676,
127,0.228,-0.289,
128,1.438,0.004,
129,0.607,-0.036,
130,1.089,1.08,
131,0.477,-0.186,
132,0.147,-0.752,
133,-0.261,0.515,
134,0.153,0.449,
135,-1.748,-1.121,
136,-0.892,-0.514,
137,-0.242,1.29,
138,0.753,-1.049,
139,-1.364,1.96,
140,-0.509,-0.446,
141,-1.233,0.396,
142,-0.215,-1.388,
143,0.361,-0.58,
144,1.596,0.899,
145,0.181,-0.435,
146,0.306,-0.812,
147,-0.019,-0.286,
148,-1.022,-0.12,
149,0.524,-0.302,
150,-1.414,-2.152,
151,-0.483,-0.368,
152,0.285,0.587,
153,0.33,-2.138,
154,-0.241,-0.191,
155,0.054,-0.114,
156,-1.064,-1.256,
157,-0.655,-1.713,
158,1.392,-0.189,
159,0.173,1.344,
160,-0.19,0.039,
161,1.327,-0.853,
162,-0.788,-1.059,
163,-0.034,-0.51,
