1,-0.998,-0.493,
2,0.043,0.055,
3,0.241,-0.334,
4,0.152,-0.38,
5,0.051,-0.729,
6,0.077,0.136,
7,0.086,-0.263,
8,0.092,-0.406,
9,-0.004,-0.174,
10,-0.214,-0.119,
11,0.091,0.532,
12,-0.2,-0.669,
13,0.42,0.254,
14,0.284,-0.508,
15,-0.724,-0.053,
16,0.287,-0.511,
17,-0.196,0.216,
18,-0.146,0.272,
19,-0.211,0.253,
20,0.326,0.227,
21,0.242,0.062,
22,0.249,0.065,
23,-0.028,-0.125,
24,-0.057,0.276,
25,0.504,0.692,
26,0.235,-0.463,
27,0.066,-0.006,
28,0.198,0.054,
29,-0.344,-0.135,
30,0.743,0.34,
31,0.274,-0.045,
32,-0.106,-0.275,
33,-0.034,-0.08,
34,-0.454,0.256,
35,-0.567,-0.748,
36,0.262,0.331,
37,0.2,0.139,
38,-0.062,-0.326,
39,0.491,-0.207,
40,-0.531,0.189,
41,0.128,0.192,
42,0.161,-0.312,
43,0.218,0.137,
44,-0.01,-0.024,
45,0.101,0.152,
46,-0.046,-0.159,
47,0.307,0.139,
48,-0.27,-0.255,
49,-0.014,0.039,
50,-0.155,0.011,
51,-0.474,-0.042,
52,0.228,0.313,
53,-0.07,0.213,
54,0.294,-0.273,
55,0.105,0.028,
56,-0.099,0.56,
57,-0.244,-0.032,
58,0.092,0.112,
59,0.413,0.332,
60,-0.086,0.162,
61,0.045,-0.136,
62,-0.032,0.443,
63,-0.073,0.146,
64,0.01,0.072,
65,-0.228,0.069,
66,0.108,0.003,
67,-0.232,0.009,
68,0.192,-0.014,
69,0.201,0.02,
70,-0.209,-0.272,
71,0.079,-0.267,
72,0.092,-0.123,
73,0.158,0.32,
74,0.323,-0.019,
75,-0.383,0.185,
76,0.275,-0.427,
77,0.035,0.256,
78,0.276,0.841,
79,-0.39,0.198,
80,-0.523,0.057,
81,-0.059,0.243,
82,-0.05,-0.418,
83,-0.447,0.055,
84,0.845,0.194,
85,-0.698,-0.092,
86,0.039,-0.469,
87,0.197,0.035,
88,0.072,0.024,
89,-0.218,-0.166,
90,-0.275,0.136,
91,0.185,0.281,
92,0.162,-0.441,
93,0.592,0.369,
94,0.121,0.293,
95,-0.253,0.556,
96,0.098,0.162,
97,0.202,-0.175,
98,0.001,0.192,
99,0.419,-0.082,
100,0.367,0.046,
101,-0.089,-0.016,
102,0.121,0.015,
103,-0.035,-0.448,
104,-0.352,0.066,
105,0.392,0.191,
106,-0.529,-1.156,
107,-0.192,-0.233,
108,0.146,0.113,
109,-0.015,-0.275,
110,-0.273,0.091,
111,-0.367,-0.001,
112,-0.247,0.273,
113,-0.017,0.112,
114,0.133,0.351,
115,-0.339,0.292,
116,-0.126,-0.038,
117,0.253,0.352,
118,0.192,-0.194,
119,-0.021,0.062,
120,-0.052,-0.056,
121,-0.123,0.049,
122,0.017,-0.279,
123,-0.343,0.011,
124,-0.105,0.447,
125,0.048,-0.262,
126,0.112,-0.197,
127,-0.088,0.06,
128,-0.276,0.324,
129,0.5,0.245,
130,-0.275,-0.433,
131,0.067,0.404,
132,-0.211,0.23,
133,-0.194,0.102,
134,-0.389,-0.197,
135,-0.05,0.14,
136,-0.314,-0.246,
137,-0.206,0.269,
138,0.147,0.084,
139,0.063,-0.39,
140,-0.124,0.003,
141,-0.329,0.172,
142,-0.073,-0.075,
143,0.05,-0.293,
144,0.877,-0.775,
145,0.012,-0.243,
146,-0.469,-0.076,
147,-0.473,-0.003,
148,-0.12,0.018,
149,-0.051,0.018,
150,-0.194,0.034,
151,-0.374,0.435,
152,-0.292,-0.091,
153,-0.014,-0.156,
154,0.554,0.152,
155,0.1,0.059,
156,-0.256,0.44,
157,0.079,0.057,
158,-0.186,0.174,
159,-0.267,0.06,
160,0.022,0.03,
161,-0.013,-0.196,
162,-0.548,0.167,
163,0.512,-0.317,
