1,1.418,1.248,
2,0.189,-1.369,
3,0.363,-0.209,
4,0.597,-0.607,
5,1.005,-0.651,
6,-1.159,1.392,
7,-0.052,0.022,
8,2.465,0.431,
9,0.624,-0.39,
10,0.413,-0.097,
11,-0.406,0.25,
12,1.244,-1.849,
13,0.467,-0.096,
14,-1.16,0.92,
15,-0.409,-0.015,
16,0.286,0.617,
17,0.891,-0.475,
18,0.243,-0.118,
19,-0.931,-0.309,
20,1.277,-0.451,
21,0.014,-0.635,
22,1.1,0.879,
23,-0.443,-0.953,
24,0.048,0.066,
25,-0.607,-0.983,
26,1.535,0.843,
27,0.264,1.48,
28,0.408,-0.162,
29,-0.178,-0.61,
30,0.29,-0.02,
31,-0.263,-0.032,
32,0.11,-0.791,
33,0.694,-0.719,
34,-0.992,-0.111,
35,0.585,0.427,
36,0.468,0.069,
37,0.315,-0.39,
38,-0.605,0.868,
39,0.537,0.481,
40,0.986,-0.144,
41,1.692,-1.296,
42,0.693,-1.518,
43,1.008,0.374,
44,1.435,-0.185,
45,-0.566,-0.319,
46,-0.313,0.871,
47,-0.722,0.691,
48,1.031,-0.834,
49,0.185,-0.16,
50,1.061,-0.263,
51,-0.078,-1.482,
52,0.436,-0.23,
53,0.59,-0.283,
54,0.617,0.771,
55,0.48,-1.285,
56,0.256,0.333,
57,0.637,-1.625,
58,-0.01,0.652,
59,-0.154,-1.192,
60,-0.719,-0.101,
61,1.258,-0.031,
62,1.356,-0.546,
63,0.844,0.094,
64,-0.272,-0.78,
65,0.143,-1.093,
66,-0.223,-0.721,
67,-0.547,-0.638,
68,1.02,0.696,
69,-0.133,0.131,
70,0.557,-1.318,
71,1.004,-0.291,
72,0.156,0.34,
73,-1.574,-0.646,
74,0.418,-0.524,
75,-0.767,-0.227,
76,1.306,0.537,
77,1.15,-0.063,
78,0.495,-0.903,
79,-0.543,-0.583,
80,-0.227,-1.67,
81,0.469,0.527,
82,0.255,-0.681,
83,-0.417,-2.189,
84,0.866,-0.175,
85,0.274,0.101,
86,0.934,-0.179,
87,-0.817,-0.822,
88,-2.123,-0.27,
89,2.23,-0.772,
90,0.323,-0.529,
91,1.403,-0.679,
92,0.538,-0.151,
93,-0.271,-0.337,
94,1.378,0.272,
95,0.187,-0.055,
96,-0.267,-0.275,
97,0.745,-0.856,
98,-1.234,-0.643,
99,0.261,-0.55,
100,0.992,0.132,
101,-0.059,0.108,
102,-1.525,-0.021,
103,0.8,-0.517,
104,0.362,0.182,
105,0.379,-0.202,
106,0.185,-0.211,
107,1.056,-0.451,
108,1.369,-0.831,
109,0.476,-0.753,
110,-0.213,-0.157,
111,-0.215,1.045,
112,-0.902,-0.141,
113,-0.152,0.403,
114,-0.13,-0.397,
115,-1.275,-0.4,
116,-0.846,-0.896,
117,0.393,-0.26,
118,0.181,0.802,
119,0.649,-0.172,
120,1.525,0.376,
121,0.298,-0.665,
122,0.995,0.295,
123,0.211,-0.671,
124,1.263,-1.108,
125,-0.57,-0.223,
126,1.531,-0.039,
127,0.735,-0.712,
128,0.616,0.037,
129,0.831,-0.542,
130,0.908,0.051,
131,0.756,0.343,
132,0.27,-0.896,
133,0.001,-0.098,
134,0.334,0.051,
135,-1.258,-1.369,
136,-0.233,-0.547,
137,0.076,0.53,
138,0.633,-0.702,
139,-0.957,0.577,
140,0.153,-0.441,
141,-0.369,-0.268,
142,0.292,-1.024,
143,0.189,-0.662,
144,0.633,0.464,
145,0.287,-1.159,
146,0.413,-0.527,
147,0.36,-0.503,
148,-0.152,-0.196,
149,0.402,-1.491,
150,-1.1,-0.79,
151,0.706,-0.54,
152,0.019,0.442,
153,0.48,-1.499,
154,0.012,-0.741,
155,-0.01,-0.107,
156,-0.653,-0.863,
157,0.065,-1.354,
158,1.929,0.296,
159,0.492,0.719,
160,0.075,-0.102,
161,1.464,-0.563,
162,-0.033,-0.902,
163,0.362,-0.919,
