1,-3.165,-2.888,
2,0.54,-0.752,
3,-1.388,-1.424,
4,0.533,-1.088,
5,-0.401,-2.385,
6,0.02,1.943,
7,1.852,0.511,
8,0.667,-0.392,
9,-1.294,0.137,
10,0.662,-0.805,
11,0.387,2.587,
12,-1.747,-2.22,
13,1.887,1.498,
14,-0.228,-0.4,
15,-2.346,-0.161,
16,0.427,-2.698,
17,0.796,0.177,
18,0.177,-0.547,
19,1.858,0.805,
20,3.114,1.705,
21,1.185,0.326,
22,1.691,0.472,
23,0.177,0.054,
24,-0.499,0.404,
25,-0.512,3.191,
26,0.429,-0.891,
27,0.194,-0.234,
28,0.669,-0.013,
29,-0.112,-2.823,
30,0.576,0.204,
31,1.037,0.725,
32,-0.093,-1.253,
33,-0.393,-0.789,
34,-2.541,1.473,
35,-2.891,-0.649,
36,-0.93,0.998,
37,0.72,0.303,
38,-0.305,-1.416,
39,0.608,0.285,
40,-1.522,2.116,
41,0.4,0.655,
42,0.401,0.393,
43,-0.083,1.825,
44,-0.314,-0.743,
45,-0.596,0.269,
46,-2.726,-0.877,
47,0.008,1.015,
48,-2.08,-0.805,
49,-0.592,-2.019,
50,-1.182,-0.797,
51,-1.406,-0.102,
52,0.789,1.447,
53,-0.349,-0.345,
54,1.881,-0.78,
55,-0.188,1.556,
56,-0.029,0.55,
57,-0.907,-0.751,
58,1.148,0.483,
59,1.819,0.972,
60,-0.048,-0.245,
61,0.399,-0.674,
62,-1.314,1.145,
63,-0.992,1.65,
64,-0.283,0.078,
65,-0.349,0.337,
66,0.437,0.31,
67,-0.45,-1.132,
68,-0.226,0.522,
69,-1.947,0.229,
70,-0.393,-0.354,
71,0.348,-1.365,
72,0.828,-1.047,
73,-0.279,-0.169,
74,-0.93,-0.32,
75,-3.066,-0.034,
76,0.171,-0.057,
77,0.467,-0.245,
78,-0.172,0.23,
79,-1.078,-0.582,
80,-1.43,-0.261,
81,-1.083,1.601,
82,-0.96,-1.497,
83,-3.08,-0.25,
84,1.572,0.33,
85,-0.535,-0.299,
86,-0.071,-0.622,
87,0.9,0.408,
88,0.326,0.647,
89,0.38,-0.039,
90,-0.371,0.444,
91,0.02,1.757,
92,1.096,-1.774,
93,3.018,-0.086,
94,0.903,1.144,
95,0.171,2.226,
96,-1.571,1.624,
97,1.697,1.806,
98,0.312,-0.091,
99,0.359,0.953,
100,-1.495,0.271,
101,0.182,0.337,
102,-0.37,-1.424,
103,-0.639,-1.778,
104,-0.947,-0.537,
105,1.453,0.782,
106,-0.595,-1.454,
107,-0.777,0.059,
108,0.974,0.307,
109,-0.056,0.169,
110,-2.152,0.999,
111,-1.632,1.32,
112,-1.525,2.477,
113,0.683,-0.261,
114,0.002,0.955,
115,-1.435,0.809,
116,-0.205,-0.667,
117,1.963,0.334,
118,0.683,-1.156,
119,-0.82,0.286,
120,-0.028,-0.97,
121,-0.303,2.55,
122,-1.095,-0.118,
123,-1.111,-0.752,
124,-0.735,0.747,
125,-1.021,-0.324,
126,0.014,-0.618,
127,-0.342,1.083,
128,-0.244,-0.367,
129,0.631,1.304,
130,-1.45,-2.326,
131,1.078,2.119,
132,-0.871,2.281,
133,-0.363,0.659,
134,-1.122,-1.046,
135,-1.508,0.7,
136,-2.685,-0.596,
137,-1.565,0.591,
138,-0.91,0.086,
139,0.634,-1.159,
140,0.078,0.165,
141,-0.175,-1.037,
142,-0.225,0.638,
143,-0.436,-0.416,
144,-0.05,0.184,
145,-0.367,-1.1,
146,-1.762,-1.099,
147,-2.647,-1.772,
148,-0.816,-0.202,
149,1.787,-0.674,
150,-0.271,-0.251,
151,-1.472,0.498,
152,-1.18,-0.777,
153,0.245,0.293,
154,1.799,0.221,
155,-0.316,0.024,
156,-0.449,-0.34,
157,-0.798,-0.333,
158,-1.457,-1.772,
159,-0.092,0.136,
160,0.514,-1.261,
161,-1.612,-0.358,
162,-1.438,-0.388,
163,0.769,-1.184,
