1,1.26,1.324,
2,0.282,-1.206,
3,0.451,-0.029,
4,0.519,-0.399,
5,0.99,-0.562,
6,-1.119,1.406,
7,-0.016,0.07,
8,2.439,0.411,
9,0.604,-0.405,
10,0.434,-0.044,
11,-0.478,0.298,
12,1.253,-1.913,
13,0.549,-0.051,
14,-1.201,0.825,
15,-0.398,-0.016,
16,0.429,0.907,
17,1.131,-0.415,
18,0.313,-0.091,
19,-0.971,-0.361,
20,1.224,-0.572,
21,-0.034,-0.763,
22,1.137,0.981,
23,-0.491,-0.959,
24,-0.065,0.157,
25,-0.772,-0.772,
26,1.88,1.194,
27,0.271,1.724,
28,0.287,-0.289,
29,-0.22,-0.598,
30,0.236,-0.104,
31,-0.271,-0.028,
32,0.119,-0.79,
33,0.68,-0.694,
34,-0.948,-0.198,
35,0.526,0.505,
36,0.31,0.306,
37,0.59,-0.355,
38,-0.691,0.852,
39,0.611,0.652,
40,1.127,-0.157,
41,1.773,-1.333,
42,0.682,-1.589,
43,1.033,0.358,
44,1.441,-0.207,
45,-0.62,-0.38,
46,-0.372,0.853,
47,-0.733,0.703,
48,0.793,-0.886,
49,0.454,-0.26,
50,1.192,-0.148,
51,-0.049,-1.587,
52,0.421,-0.301,
53,0.499,-0.341,
54,0.678,0.843,
55,0.549,-1.417,
56,0.213,0.322,
57,0.754,-1.659,
58,-0.023,0.673,
59,-0.234,-1.182,
60,-0.803,-0.123,
61,1.035,-0.134,
62,1.234,-0.538,
63,1.079,0.093,
64,-0.384,-0.827,
65,0.117,-1.095,
66,-0.246,-0.788,
67,-0.607,-0.64,
68,1.022,0.71,
69,-0.194,0.077,
70,0.568,-1.351,
71,1.032,-0.288,
72,0.096,0.41,
73,-1.694,-0.76,
74,0.296,-0.556,
75,-0.702,-0.323,
76,1.168,0.825,
77,1.333,-0.001,
78,0.539,-0.97,
79,-0.506,-0.603,
80,-0.31,-1.83,
81,0.448,0.481,
82,0.254,-0.736,
83,-0.539,-2.207,
84,0.913,-0.171,
85,0.307,0.184,
86,0.971,-0.116,
87,-0.977,-0.826,
88,-1.803,-0.18,
89,2.223,-0.916,
90,0.329,-0.552,
91,1.513,-0.778,
92,0.521,-0.203,
93,-0.292,-0.377,
94,1.454,0.295,
95,0.073,-0.074,
96,-0.368,-0.295,
97,0.691,-0.905,
98,-1.248,-0.658,
99,0.284,-0.617,
100,1.115,0.16,
101,-0.146,0.143,
102,-1.584,-0.004,
103,1.249,-0.67,
104,0.513,0.181,
105,0.329,-0.153,
106,0.247,-0.183,
107,1.15,-0.424,
108,1.395,-0.817,
109,0.531,-0.754,
110,-0.301,-0.21,
111,-0.243,1.089,
112,-0.957,-0.099,
113,-0.172,0.517,
114,-0.227,-0.44,
115,-1.563,-0.455,
116,-0.77,-1.046,
117,0.437,-0.267,
118,0.165,0.887,
119,0.756,-0.139,
120,1.637,0.432,
121,0.326,-0.617,
122,1.011,0.387,
123,0.15,-0.703,
124,1.358,-1.204,
125,-0.657,-0.106,
126,1.593,-0.12,
127,0.497,-0.796,
128,0.784,-0.125,
129,0.993,-0.645,
130,0.881,0.075,
131,0.847,0.374,
132,0.343,-0.938,
133,0.004,-0.12,
134,0.286,0.032,
135,-1.384,-1.408,
136,-0.21,-0.589,
137,0.049,0.537,
138,0.491,-0.849,
139,-0.806,0.278,
140,0.273,-0.541,
141,-0.353,-0.318,
142,0.283,-0.998,
143,0.082,-0.724,
144,0.709,0.511,
145,0.322,-1.223,
146,0.398,-0.696,
147,0.274,-0.642,
148,-0.396,-0.42,
149,0.308,-1.465,
150,-1.196,-0.567,
151,0.822,-0.763,
152,0.03,0.426,
153,0.472,-1.451,
154,-0.006,-0.858,
155,-0.089,-0.147,
156,-0.674,-0.737,
157,0.152,-1.377,
158,2.015,0.319,
159,0.645,0.506,
160,0.143,-0.37,
161,1.456,-0.742,
162,-0.158,-1.316,
163,0.488,-0.903,
