1,0.468,0.554,
2,0.5,-0.699,
3,0.356,-0.379,
4,0.526,-0.409,
5,0.856,-0.099,
6,-0.901,0.213,
7,0.425,0.073,
8,1.435,0.062,
9,0.284,-0.934,
10,0.399,0.132,
11,0.51,0.336,
12,0.833,-1.058,
13,1.115,-0.215,
14,-0.375,0.377,
15,-0.305,-0.509,
16,0.852,-0.198,
17,1.083,-0.255,
18,0.578,-0.486,
19,-0.043,-0.411,
20,0.734,-1.093,
21,0.315,-0.695,
22,0.679,0.486,
23,0,-0.907,
24,-0.028,-0.361,
25,-0.282,-0.45,
26,1.507,1.039,
27,0.442,0.893,
28,0.295,-0.374,
29,-0.033,-0.298,
30,0.175,-0.046,
31,0.172,0.258,
32,0.433,-0.785,
33,0.23,-0.21,
34,-0.515,-0.628,
35,0.615,0.511,
36,0.168,0.139,
37,0.687,-0.428,
38,0.085,-0.117,
39,0.673,0.257,
40,0.984,-0.36,
41,1.239,-0.675,
42,0.997,-0.705,
43,0.704,-0.235,
44,1.167,-0.078,
45,-0.27,-0.325,
46,0.347,0.142,
47,-0.33,-0.097,
48,0.974,-0.851,
49,0.467,-0.884,
50,0.866,-0.274,
51,0.409,-0.819,
52,0.444,-0.323,
53,0.327,-1.097,
54,0.694,0.171,
55,0.635,-1.774,
56,0.374,0.009,
57,1.065,-0.914,
58,0.071,0.138,
59,-0.23,-0.836,
60,0.16,-0.596,
61,0.372,-0.323,
62,1.283,-0.359,
63,0.997,-0.298,
64,-0.264,-0.843,
65,0.51,-0.685,
66,0.682,0.017,
67,-0.376,-0.685,
68,0.661,0.007,
69,0.348,0.49,
70,0.292,-0.5,
71,0.475,-0.578,
72,0.65,-0.118,
73,-0.618,-0.52,
74,0.434,-0.392,
75,-0.52,-0.578,
76,0.856,0.637,
77,0.952,-0.223,
78,0.344,-0.645,
79,-0.285,-0.221,
80,-0.261,-1.838,
81,0.631,-0.333,
82,0.523,-0.778,
83,-0.281,-1.181,
84,0.391,-0.295,
85,0.708,-0.004,
86,0.636,-0.203,
87,-0.395,-0.858,
88,-0.028,-0.346,
89,1.481,-0.516,
90,0.548,-0.727,
91,1.072,-0.376,
92,0.483,-0.844,
93,0.043,-0.048,
94,0.709,0.277,
95,0.378,-0.509,
96,0.174,-0.788,
97,0.637,-0.39,
98,-0.418,-1.243,
99,0.554,-0.542,
100,0.898,-0.54,
101,0.287,0.104,
102,-0.007,-0.697,
103,0.963,-0.155,
104,0.74,-0.271,
105,0.381,-0.388,
106,0.529,-0.125,
107,1.475,0.244,
108,0.608,-0.884,
109,0.604,-0.49,
110,0.673,-0.714,
111,0.216,0.173,
112,-0.56,-0.3,
113,0.158,0.046,
114,0.011,-0.728,
115,-0.367,-1.507,
116,-0.409,-1.146,
117,1.145,-0.274,
118,0.359,0.006,
119,0.841,-0.19,
120,1.059,0.206,
121,0.168,-0.678,
122,0.94,0.264,
123,0.223,-1.224,
124,1.214,-1.208,
125,-0.273,-0.584,
126,0.848,-0.727,
127,0.585,-0.969,
128,0.404,-0.121,
129,1.082,-0.754,
130,0.663,-0.428,
131,1.043,0.691,
132,0.307,-0.786,
133,0.122,-0.414,
134,0.38,-0.293,
135,-0.39,-0.999,
136,0.353,-0.676,
137,0.129,-0.141,
138,0.203,-0.631,
139,-0.134,-0.86,
140,0.655,-0.591,
141,0.31,-0.827,
142,0.317,-0.653,
143,0.126,-0.539,
144,0.213,-0.076,
145,0.496,-1.284,
146,0.822,-0.507,
147,0.332,-0.72,
148,-0.205,-0.563,
149,0.452,-2.095,
150,-0.638,-0.43,
151,1.383,-0.573,
152,0.025,0.175,
153,0.565,-0.863,
154,0.172,-1.015,
155,-0.076,-0.332,
156,-0.412,-0.257,
157,0.269,-0.667,
158,1.442,-0.158,
159,0.667,-0.268,
160,0.271,-0.517,
161,1.233,-0.505,
162,0.43,-1.021,
163,0.902,-1.341,
