1,1.19,1.305,
2,0.319,-1.124,
3,0.448,-0.005,
4,0.509,-0.372,
5,0.977,-0.506,
6,-1.049,1.376,
7,-0.028,-0.008,
8,2.456,0.395,
9,0.609,-0.377,
10,0.45,-0.016,
11,-0.523,0.322,
12,1.254,-1.925,
13,0.555,-0.005,
14,-1.226,0.833,
15,-0.367,-0.134,
16,0.473,0.988,
17,1.244,-0.375,
18,0.33,-0.099,
19,-1.011,-0.391,
20,1.208,-0.616,
21,-0.05,-0.793,
22,1.152,1.035,
23,-0.511,-0.979,
24,-0.134,0.236,
25,-0.854,-0.684,
26,1.971,1.304,
27,0.277,1.854,
28,0.236,-0.342,
29,-0.26,-0.623,
30,0.211,-0.156,
31,-0.259,-0.022,
32,0.111,-0.8,
33,0.683,-0.705,
34,-0.932,-0.231,
35,0.49,0.537,
36,0.284,0.354,
37,0.633,-0.351,
38,-0.724,0.859,
39,0.659,0.706,
40,1.19,-0.16,
41,1.812,-1.372,
42,0.663,-1.628,
43,1.047,0.36,
44,1.45,-0.221,
45,-0.636,-0.413,
46,-0.424,0.87,
47,-0.745,0.713,
48,0.762,-0.915,
49,0.519,-0.279,
50,1.267,-0.084,
51,-0.034,-1.621,
52,0.418,-0.328,
53,0.459,-0.363,
54,0.703,0.885,
55,0.581,-1.473,
56,0.19,0.317,
57,0.802,-1.686,
58,-0.029,0.684,
59,-0.299,-1.172,
60,-0.864,-0.113,
61,0.954,-0.144,
62,1.119,-0.513,
63,1.211,0.104,
64,-0.436,-0.847,
65,0.097,-1.112,
66,-0.263,-0.807,
67,-0.647,-0.641,
68,1,0.728,
69,-0.248,0.037,
70,0.593,-1.383,
71,1.01,-0.273,
72,0.074,0.443,
73,-1.731,-0.815,
74,0.211,-0.577,
75,-0.61,-0.372,
76,1.093,0.898,
77,1.426,0.024,
78,0.551,-0.998,
79,-0.507,-0.622,
80,-0.346,-1.9,
81,0.46,0.489,
82,0.258,-0.755,
83,-0.601,-2.241,
84,0.94,-0.167,
85,0.326,0.217,
86,0.967,-0.09,
87,-1.007,-0.825,
88,-1.722,-0.146,
89,2.187,-0.95,
90,0.37,-0.561,
91,1.569,-0.827,
92,0.522,-0.214,
93,-0.312,-0.399,
94,1.487,0.322,
95,0.041,-0.071,
96,-0.419,-0.305,
97,0.666,-0.932,
98,-1.265,-0.651,
99,0.292,-0.642,
100,1.177,0.184,
101,-0.184,0.15,
102,-1.552,-0.053,
103,1.366,-0.713,
104,0.584,0.189,
105,0.32,-0.134,
106,0.274,-0.157,
107,1.185,-0.421,
108,1.414,-0.812,
109,0.557,-0.759,
110,-0.351,-0.225,
111,-0.257,1.115,
112,-0.971,-0.105,
113,-0.206,0.559,
114,-0.284,-0.455,
115,-1.656,-0.473,
116,-0.81,-1.092,
117,0.46,-0.276,
118,0.173,0.929,
119,0.795,-0.122,
120,1.695,0.459,
121,0.339,-0.593,
122,1.024,0.433,
123,0.125,-0.703,
124,1.353,-1.221,
125,-0.679,-0.063,
126,1.629,-0.148,
127,0.448,-0.804,
128,0.825,-0.146,
129,1.071,-0.699,
130,0.874,0.095,
131,0.873,0.395,
132,0.381,-0.945,
133,-0.002,-0.12,
134,0.269,0.031,
135,-1.433,-1.406,
136,-0.212,-0.603,
137,0.018,0.545,
138,0.479,-0.868,
139,-0.768,0.21,
140,0.325,-0.608,
141,-0.359,-0.317,
142,0.272,-0.988,
143,0.04,-0.771,
144,0.727,0.507,
145,0.341,-1.249,
146,0.394,-0.762,
147,0.234,-0.719,
148,-0.464,-0.473,
149,0.263,-1.409,
150,-1.232,-0.541,
151,0.863,-0.876,
152,0.028,0.416,
153,0.479,-1.461,
154,-0.011,-0.902,
155,-0.128,-0.191,
156,-0.657,-0.708,
157,0.215,-1.304,
158,1.965,0.403,
159,0.694,0.461,
160,0.152,-0.435,
161,1.464,-0.763,
162,-0.174,-1.436,
163,0.594,-0.813,
