1,1.957,2.106,
2,0.37,-1.327,
3,0.402,0.861,
4,0.388,-0.014,
5,0.943,-1.118,
6,-0.342,2.115,
7,-0.062,-0.347,
8,3.48,1.223,
9,1.382,0.223,
10,0.062,-0.146,
11,-2.022,0.268,
12,1.718,-3.025,
13,-0.227,0.414,
14,-2.086,1.06,
15,-0.425,0.047,
16,0.146,2.721,
17,1.564,-0.416,
18,0.031,0.866,
19,-2.031,-0.18,
20,1.034,0.262,
21,-0.226,-1.068,
22,1.182,1.426,
23,-0.977,-0.723,
24,-0.531,1.555,
25,-1.827,0.194,
26,2.063,1.627,
27,0.137,3.053,
28,-0.151,-0.795,
29,-0.526,-0.962,
30,0.214,-0.77,
31,-0.413,-0.741,
32,-0.326,-0.839,
33,1.403,-1.173,
34,-0.692,-0.09,
35,0.142,0.503,
36,0.173,0.888,
37,0.728,-0.115,
38,-1.397,1.153,
39,0.621,1.045,
40,1.546,0.037,
41,2.219,-2.081,
42,0.122,-2.912,
43,1.743,1.16,
44,1.481,-0.651,
45,-0.629,-0.765,
46,-1.806,1.942,
47,-1.472,0.221,
48,0.207,-0.949,
49,0.844,0.6,
50,1.636,0.41,
51,-0.275,-1.952,
52,0.443,-0.903,
53,0.693,0.791,
54,0.999,1.966,
55,0.421,-1.048,
56,-0.365,0.441,
57,0.601,-2.546,
58,-0.106,1.967,
59,-0.697,-1.187,
60,-2.492,0.907,
61,1.471,0.107,
62,0.49,-0.394,
63,1.63,0.915,
64,-0.431,-0.815,
65,-0.644,-1.919,
66,-1.609,-1.964,
67,-1.025,-0.453,
68,1.042,1.42,
69,-1.041,-0.525,
70,1.437,-2.937,
71,1.159,0.377,
72,-0.836,0.939,
73,-2.996,-1.338,
74,-0.285,-0.884,
75,0.149,-0.032,
76,1.835,0.61,
77,2.223,0.4,
78,0.925,-1.446,
79,-0.987,-1.566,
80,-0.502,-1.853,
81,-0.031,1.565,
82,0.004,-0.442,
83,-1.077,-2.989,
84,2.046,0.031,
85,0.158,0.662,
86,0.931,0.945,
87,-1.172,-0.702,
88,-2.882,0.226,
89,2.129,-1.453,
90,0.351,-0.267,
91,2.527,-1.198,
92,0.601,0.907,
93,-1.119,-1.175,
94,1.503,0.332,
95,-0.613,0.444,
96,-1.267,0.487,
97,0.38,-1.887,
98,-1.738,0.639,
99,-0.129,-0.929,
100,1.104,1.245,
101,-0.99,0.144,
102,-2.688,0.249,
103,2.14,-1.343,
104,0.444,0.927,
105,-0.064,0.398,
106,0.038,-0.143,
107,0.504,-0.977,
108,2.457,-0.206,
109,0.522,-0.845,
110,-1.594,1.033,
111,-1.173,2.297,
112,-1.342,-0.047,
113,-0.613,1.468,
114,-0.972,-0.04,
115,-3.111,0.256,
116,-1.047,-1.099,
117,-1.153,-0.025,
118,0.05,1.635,
119,0.729,-0.152,
120,2.797,0.431,
121,0.896,0.278,
122,1.05,0.895,
123,-0.739,0.091,
124,1.278,-0.991,
125,-0.893,1.276,
126,2.287,0.334,
127,0.168,-0.326,
128,1.778,-0.233,
129,0.987,-0.279,
130,1.071,1.026,
131,0.784,0.137,
132,0.775,-0.868,
133,-0.235,0.489,
134,-0.273,0.564,
135,-2.434,-1.46,
136,-1.071,-0.636,
137,-0.431,1.33,
138,0.803,-1.233,
139,-1.341,1.307,
140,-0.114,-0.813,
141,-1.118,0.274,
142,-0.223,-1.539,
143,-0.073,-0.979,
144,1.7,1.01,
145,0.327,-0.944,
146,0.389,-1.26,
147,-0.035,-0.84,
148,-1.23,-0.3,
149,0.038,-0.4,
150,-2.104,-1.544,
151,0.075,-1.334,
152,0.199,0.85,
153,0.366,-2.17,
154,-0.093,-0.425,
155,-0.262,-0.128,
156,-1.177,-1.362,
157,0.086,-1.643,
158,1.879,0.623,
159,0.87,0.93,
160,0.058,-0.666,
161,1.362,-1.135,
162,-0.781,-2.265,
163,0.849,-0.251,
