1,0.627,0.889,
2,0.462,-0.804,
3,0.444,-0.194,
4,0.491,-0.357,
5,0.97,-0.226,
6,-0.893,0.671,
7,0.223,-0.05,
8,1.938,0.3,
9,0.432,-0.75,
10,0.468,0.067,
11,0.088,0.35,
12,0.974,-1.435,
13,0.935,-0.091,
14,-0.781,0.751,
15,-0.386,-0.48,
16,0.871,0.322,
17,1.368,-0.307,
18,0.541,-0.376,
19,-0.557,-0.442,
20,1.009,-1.153,
21,0.15,-0.815,
22,0.944,0.912,
23,-0.295,-0.982,
24,-0.159,-0.081,
25,-0.613,-0.671,
26,1.85,1.285,
27,0.332,1.584,
28,0.181,-0.413,
29,-0.217,-0.456,
30,0.13,-0.14,
31,-0.038,0.177,
32,0.272,-0.822,
33,0.33,-0.37,
34,-0.732,-0.517,
35,0.559,0.581,
36,0.185,0.331,
37,0.732,-0.406,
38,-0.292,0.373,
39,0.669,0.502,
40,1.208,-0.251,
41,1.561,-1.056,
42,0.89,-1.14,
43,0.825,-0.014,
44,1.37,-0.173,
45,-0.555,-0.419,
46,0.024,0.48,
47,-0.488,0.466,
48,0.816,-0.956,
49,0.602,-0.731,
50,1.131,-0.082,
51,0.231,-1.16,
52,0.423,-0.286,
53,0.229,-0.946,
54,0.691,0.527,
55,0.723,-1.822,
56,0.314,0.145,
57,1.096,-1.263,
58,0.014,0.313,
59,-0.362,-0.982,
60,-0.245,-0.459,
61,0.504,-0.255,
62,1.214,-0.388,
63,1.209,-0.161,
64,-0.42,-0.849,
65,0.32,-0.882,
66,0.38,-0.256,
67,-0.578,-0.654,
68,0.785,0.285,
69,0.107,0.3,
70,0.414,-0.841,
71,0.62,-0.457,
72,0.404,0.2,
73,-1.119,-0.733,
74,0.254,-0.514,
75,-0.61,-0.5,
76,1.062,0.903,
77,1.337,-0.049,
78,0.421,-0.888,
79,-0.327,-0.333,
80,-0.408,-2.09,
81,0.555,-0.079,
82,0.406,-0.857,
83,-0.535,-1.821,
84,0.549,-0.201,
85,0.6,0.158,
86,0.789,-0.252,
87,-0.801,-0.861,
88,-0.915,-0.205,
89,1.828,-0.743,
90,0.489,-0.706,
91,1.359,-0.675,
92,0.503,-0.677,
93,-0.071,-0.172,
94,1.14,0.384,
95,0.229,-0.346,
96,-0.094,-0.687,
97,0.596,-0.638,
98,-0.82,-1.077,
99,0.484,-0.61,
100,1.192,-0.262,
101,0.113,0.166,
102,-0.581,-0.489,
103,1.273,-0.378,
104,0.782,-0.074,
105,0.359,-0.24,
106,0.465,-0.094,
107,1.521,-0.049,
108,0.899,-0.904,
109,0.631,-0.556,
110,0.232,-0.677,
111,0.068,0.594,
112,-0.767,-0.207,
113,-0.017,0.329,
114,-0.201,-0.617,
115,-1.023,-1.119,
116,-0.688,-1.238,
117,0.996,-0.305,
118,0.278,0.466,
119,0.916,-0.126,
120,1.41,0.435,
121,0.194,-0.758,
122,1.023,0.414,
123,0.188,-1.041,
124,1.324,-1.301,
125,-0.501,-0.354,
126,1.148,-0.547,
127,0.504,-0.926,
128,0.606,-0.163,
129,1.178,-0.772,
130,0.692,-0.262,
131,1.037,0.617,
132,0.423,-0.902,
133,0.067,-0.335,
134,0.322,-0.181,
135,-0.897,-1.178,
136,0.141,-0.651,
137,0.065,0.104,
138,0.277,-0.786,
139,-0.342,-0.515,
140,0.601,-0.651,
141,0.09,-0.612,
142,0.321,-0.708,
143,-0.001,-0.71,
144,0.357,0.143,
145,0.462,-1.371,
146,0.559,-0.751,
147,0.261,-0.819,
148,-0.35,-0.605,
149,0.321,-1.813,
150,-0.78,-0.5,
151,1.255,-0.877,
152,-0.014,0.29,
153,0.516,-1.062,
154,0.1,-1.048,
155,-0.166,-0.263,
156,-0.663,-0.539,
157,0.329,-0.796,
158,1.678,0.163,
159,0.76,-0.001,
160,0.251,-0.616,
161,1.388,-0.666,
162,0.187,-1.351,
163,0.812,-1.183,
