1,0.293,0.707,
2,-0.055,-0.515,
3,0.173,0.708,
4,0.189,0.135,
5,-0.044,-0.289,
6,0.39,1.32,
7,0.217,-0.011,
8,0.735,0.243,
9,0.414,0.491,
10,-0.032,-0.067,
11,-0.93,-0.086,
12,1.332,-1.002,
13,-0.56,-0.237,
14,-0.473,-0.185,
15,0.131,0.48,
16,-0.108,1.112,
17,-0.186,0.148,
18,-0.555,0.719,
19,-0.895,0.275,
20,-0.383,1.327,
21,0.261,-0.017,
22,0.579,0.358,
23,-0.301,-0.34,
24,-0.39,0.813,
25,0.061,0.065,
26,0.607,-0.029,
27,0.086,0.469,
28,0.04,-0.009,
29,-0.306,0.108,
30,0.577,0.192,
31,0.001,-0.326,
32,-0.057,-0.19,
33,0.77,-0.873,
34,0.169,-0.019,
35,-0.013,0.08,
36,0.158,0.467,
37,0.128,0.172,
38,-0.241,0.227,
39,0.486,0.17,
40,0.14,-0.289,
41,0.512,-0.548,
42,-0.13,-1.822,
43,0.702,0.367,
44,0.318,-0.164,
45,-0.199,0.008,
46,-0.16,0.3,
47,-0.348,0.053,
48,-0.028,-0.11,
49,0.182,0.981,
50,0.608,-0.181,
51,-0.611,-0.885,
52,0.336,-0.404,
53,0.476,0.816,
54,0.352,0.164,
55,-0.167,0.122,
56,-0.279,0.7,
57,-0.151,-0.788,
58,-0.064,1.062,
59,0.002,-0.33,
60,-1.335,0.761,
61,0.556,0.524,
62,-0.182,0.038,
63,0.262,0.672,
64,0.044,-0.198,
65,-0.403,-0.625,
66,-1.255,-0.859,
67,-0.448,-0.268,
68,0.714,0.486,
69,0.37,-0.129,
70,0.474,-1.585,
71,0.242,0.007,
72,-0.442,0.185,
73,-0.599,0.108,
74,0.246,-0.041,
75,1.051,0.066,
76,0.951,-0.001,
77,0.156,0.101,
78,0.303,0.159,
79,-0.669,-0.892,
80,-0.085,0.558,
81,-0.594,1.041,
82,-0.177,0.12,
83,0.69,-0.514,
84,1.081,-0.269,
85,-0.925,0.089,
86,0.06,0.257,
87,0.04,-0.16,
88,-0.343,0.105,
89,-0.215,-0.242,
90,-0.264,0.307,
91,0.881,0.227,
92,0.086,0.981,
93,-0.538,-0.106,
94,0.325,-0.277,
95,-0.373,0.339,
96,-0.003,0.528,
97,0.311,-0.801,
98,-0.826,0.775,
99,-0.253,-0.388,
100,0.098,0.106,
101,-0.111,-0.158,
102,-1.169,0.571,
103,0.487,-0.705,
104,-0.248,0.589,
105,0.103,0.316,
106,-0.457,-0.927,
107,-0.602,-0.344,
108,1.216,-0.083,
109,-0.194,-0.724,
110,-0.23,0.534,
111,-0.476,0.545,
112,-0.342,-0.015,
113,-0.153,0.545,
114,-0.1,0.171,
115,-1.077,0.254,
116,-0.088,-0.044,
117,-0.982,-0.021,
118,-0.147,0.363,
119,0.039,-0.015,
120,0.981,-0.043,
121,0.361,-0.127,
122,0.461,0.22,
123,0.011,0.651,
124,0.134,0.179,
125,0.089,0.643,
126,0.945,0.35,
127,0.022,-0.077,
128,0.74,0.207,
129,0.439,0.219,
130,0.577,0.92,
131,0.127,-0.089,
132,0.015,-0.179,
133,-0.273,0.288,
134,-0.216,0.201,
135,-0.637,-0.445,
136,-0.305,-0.21,
137,-0.23,0.752,
138,0.431,-0.342,
139,-0.468,1.009,
140,-0.51,-0.19,
141,-0.958,0.57,
142,-0.066,-0.586,
143,0.527,-0.164,
144,1.245,0.181,
145,0.492,0.022,
146,0.086,-0.273,
147,-0.089,0.048,
148,-0.335,-0.117,
149,0.065,-0.206,
150,-0.697,-0.755,
151,-0.542,0.164,
152,0.211,0.299,
153,0.156,-1.169,
154,-0.091,0.094,
155,0.216,-0.113,
156,-0.575,-0.13,
157,-0.176,-0.376,
158,0.572,0.202,
159,0.002,0.164,
160,-0.269,0.228,
161,0.898,-0.6,
162,-0.586,-0.348,
163,0.095,-0.282,
