1,-0.032,-0.109,
2,0.007,0.014,
3,-0.226,-0.466,
4,0.132,0.066,
5,-0.346,-0.227,
6,-0.303,-0.351,
7,-0.144,-0.007,
8,-0.024,-0.244,
9,-0.553,0.204,
10,-0.081,0.217,
11,-0.423,0.248,
12,0.734,-0.141,
13,-0.044,-0.15,
14,0.079,-0.181,
15,-0.33,-0.257,
16,0.489,-0.256,
17,-0.409,0.331,
18,-0.017,0.548,
19,-0.227,0.285,
20,-0.066,0.282,
21,0.638,0.107,
22,0.058,-0.243,
23,-0.259,-0.264,
24,-0.505,0.474,
25,0.26,-0.15,
26,0.109,-0.028,
27,-0.387,0.171,
28,0.055,-0.108,
29,-0.316,0.045,
30,0.386,0.23,
31,0.438,-0.196,
32,0.105,-0.095,
33,-0.037,-0.011,
34,0.214,0.061,
35,-0.009,0.152,
36,-0.384,0.344,
37,0.009,0.096,
38,-0.036,-0.335,
39,0.434,-0.247,
40,-0.154,-0.269,
41,-0.39,-0.281,
42,-0.12,-0.245,
43,0.31,-0.224,
44,0.222,0,
45,0.013,-0.049,
46,0.24,-0.015,
47,0.03,-0.278,
48,0.109,0.01,
49,-0.271,0.164,
50,0.281,0.09,
51,-0.544,-0.301,
52,0.102,0.048,
53,-0.047,0.246,
54,-0.017,-0.18,
55,0.122,0.097,
56,-0.126,0.639,
57,-0.047,0.67,
58,-0.258,0.174,
59,0.143,0.033,
60,0.261,0.172,
61,-0.119,0.533,
62,0.368,-0.34,
63,0.202,-0.295,
64,0.025,0.145,
65,-0.036,-0.088,
66,0.077,0.073,
67,-0.392,0.213,
68,0.318,-0.123,
69,0.48,0.395,
70,-0.014,-0.189,
71,-0.25,0.136,
72,-0.372,0.163,
73,-0.042,0.068,
74,0.433,-0.113,
75,-0.393,0.301,
76,0.161,-0.114,
77,-0.019,0.092,
78,0.139,0.398,
79,-0.092,0.156,
80,-0.629,0.881,
81,-0.088,0.037,
82,-0.248,0.186,
83,0.191,0.217,
84,0.435,0.083,
85,-0.416,0.146,
86,0.171,-0.47,
87,0.079,-0.214,
88,-0.07,0.154,
89,0.006,0.032,
90,-0.304,0,
91,0.12,0.538,
92,-0.214,0.18,
93,0.015,0.435,
94,-0.278,-0.091,
95,-0.407,-0.26,
96,0.28,-0.053,
97,-0.279,-0.365,
98,-0.118,-0.094,
99,0.08,-0.014,
100,0.295,-0.008,
101,-0.385,-0.028,
102,-0.209,0.527,
103,0.39,-0.223,
104,-0.109,0.151,
105,-0.317,0.306,
106,-0.232,-0.835,
107,0.054,-0.147,
108,0.186,-0.148,
109,-0.441,-0.623,
110,-0.026,-0.074,
111,0.085,-0.454,
112,-0.196,0.231,
113,0.019,-0.114,
114,0.403,0.043,
115,-0.284,0.253,
116,-0.102,0.327,
117,-0.259,-0.47,
118,0.023,-0.228,
119,0.2,0.298,
120,-0.417,-0.126,
121,-0.227,-0.654,
122,-0.024,-0.256,
123,-0.572,0.726,
124,-0.143,0.154,
125,0.037,0.046,
126,-0.019,-0.088,
127,0.018,-0.098,
128,-0.187,0.352,
129,0.441,0.141,
130,0.163,-0.434,
131,0.09,0.158,
132,-0.039,0.298,
133,-0.395,-0.035,
134,-0.811,-0.471,
135,0.045,-0.124,
136,-0.003,-0.174,
137,0.154,0.058,
138,0.85,0.178,
139,-0.279,0.081,
140,-0.288,0.073,
141,-0.38,0.749,
142,0.577,-0.161,
143,0.348,0.122,
144,0.754,-0.706,
145,0.446,-0.116,
146,-0.468,0.261,
147,0.156,0.01,
148,0.085,-0.074,
149,-0.064,-0.183,
150,-0.274,-0.175,
151,0.11,0.424,
152,0.175,-0.139,
153,-0.115,-0.216,
154,-0.187,0.552,
155,0.381,-0.056,
156,-0.411,0.312,
157,0.025,0.248,
158,0.082,-0.042,
159,-0.23,0.031,
160,-0.154,0.26,
161,0.227,-0.223,
162,-0.204,-0.101,
163,0.384,-0.323,
