1,0.197,0.41,
2,-0.052,-0.486,
3,0.287,0.526,
4,0.157,0.131,
5,-0.059,-0.349,
6,0.42,1.137,
7,0.094,-0.275,
8,0.608,0.051,
9,0.371,0.367,
10,0.015,-0.016,
11,-0.836,-0.092,
12,1.167,-0.78,
13,-0.473,-0.209,
14,-0.484,-0.246,
15,0.228,0.21,
16,-0.208,0.87,
17,-0.214,0.21,
18,-0.457,0.552,
19,-0.782,0.084,
20,-0.301,0.942,
21,0.065,-0.219,
22,0.52,0.089,
23,-0.241,-0.327,
24,-0.313,0.601,
25,0.207,-0.01,
26,0.612,-0.065,
27,0.111,0.374,
28,0.041,-0.087,
29,-0.239,0.032,
30,0.712,0.373,
31,-0.011,-0.28,
32,-0.025,-0.183,
33,0.591,-0.684,
34,0.104,-0.031,
35,0.034,0.144,
36,0.179,0.432,
37,0.149,0.137,
38,-0.241,0.171,
39,0.43,-0.053,
40,0.058,-0.234,
41,0.438,-0.378,
42,-0.079,-1.521,
43,0.654,0.254,
44,0.313,-0.116,
45,-0.22,-0.038,
46,-0.187,-0.045,
47,-0.143,0.02,
48,-0.011,-0.083,
49,0.013,0.809,
50,0.455,-0.162,
51,-0.666,-0.698,
52,0.28,-0.196,
53,0.466,0.766,
54,0.333,0.168,
55,-0.078,0.089,
56,-0.223,0.62,
57,-0.197,-0.574,
58,-0.017,0.713,
59,0.129,-0.288,
60,-0.996,0.554,
61,0.513,0.291,
62,-0.23,0.019,
63,0.179,0.464,
64,0.106,-0.128,
65,-0.284,-0.478,
66,-0.968,-0.647,
67,-0.353,-0.218,
68,0.825,0.393,
69,0.409,-0.137,
70,0.264,-1.18,
71,0.276,-0.034,
72,-0.294,0.19,
73,-0.483,0.091,
74,0.265,-0.015,
75,1.088,0.163,
76,0.696,-0.012,
77,0.137,0.116,
78,0.236,0.237,
79,-0.488,-0.541,
80,-0.146,0.387,
81,-0.42,0.768,
82,-0.142,0.101,
83,0.439,-0.393,
84,1.011,-0.109,
85,-0.926,0.033,
86,0.182,0.13,
87,-0.003,-0.247,
88,-0.145,0.108,
89,-0.312,-0.121,
90,-0.201,0.204,
91,0.609,0.217,
92,0.044,0.705,
93,-0.375,-0.046,
94,0.348,-0.244,
95,-0.384,0.291,
96,-0.098,0.415,
97,0.216,-0.686,
98,-0.639,0.49,
99,-0.149,-0.284,
100,0.103,0.062,
101,-0.029,-0.123,
102,-0.908,0.471,
103,0.406,-0.778,
104,-0.183,0.447,
105,-0.042,0.143,
106,-0.494,-0.954,
107,-0.46,-0.351,
108,0.966,0,
109,-0.227,-0.65,
110,-0.074,0.358,
111,-0.438,0.462,
112,-0.251,-0.031,
113,-0.012,0.506,
114,-0.092,0.142,
115,-0.716,0.267,
116,0.005,-0.051,
117,-0.648,0.012,
118,-0.054,0.314,
119,0.051,0.049,
120,0.666,-0.034,
121,0.228,-0.146,
122,0.28,0.064,
123,0.076,0.514,
124,0.11,0.19,
125,-0.017,0.475,
126,0.81,0.22,
127,0.048,-0.106,
128,0.526,0.207,
129,0.422,0.173,
130,0.406,0.686,
131,0.089,-0.121,
132,-0.024,-0.168,
133,-0.229,0.144,
134,-0.153,0.189,
135,-0.541,-0.382,
136,-0.209,-0.149,
137,-0.127,0.517,
138,0.348,-0.325,
139,-0.444,0.811,
140,-0.373,-0.184,
141,-0.803,0.487,
142,0.058,-0.533,
143,0.336,-0.21,
144,1.297,0.053,
145,0.34,0.027,
146,-0.031,-0.248,
147,-0.089,0.021,
148,-0.229,0,
149,-0.006,-0.035,
150,-0.724,-0.776,
151,-0.327,0.146,
152,0.148,0.163,
153,0.108,-0.808,
154,-0.091,0.004,
155,0.205,-0.163,
156,-0.463,0.006,
157,-0.048,-0.168,
158,0.404,0.376,
159,-0.128,0.298,
160,-0.228,0.218,
161,0.791,-0.568,
162,-0.529,-0.22,
163,0.203,-0.106,
