1,1.799,1.743,
2,0.183,-1.589,
3,0.428,0.172,
4,0.518,-0.379,
5,0.972,-0.999,
6,-1.026,1.912,
7,-0.082,0.084,
8,2.921,0.747,
9,0.831,-0.054,
10,0.407,-0.107,
11,-1.041,0.263,
12,1.473,-2.223,
13,0.142,0.115,
14,-1.663,0.961,
15,-0.422,0.274,
16,-0.004,1.407,
17,1.025,-0.441,
18,0.14,0.198,
19,-1.308,-0.37,
20,1.203,-0.055,
21,-0.129,-0.769,
22,1.261,0.981,
23,-0.693,-0.894,
24,-0.096,0.489,
25,-0.916,-0.679,
26,1.85,1.088,
27,0.228,1.871,
28,0.273,-0.312,
29,-0.258,-0.689,
30,0.294,-0.106,
31,-0.427,-0.205,
32,-0.017,-0.762,
33,0.99,-0.925,
34,-0.952,-0.049,
35,0.439,0.448,
36,0.374,0.344,
37,0.477,-0.282,
38,-0.927,1.039,
39,0.607,0.756,
40,1.095,-0.086,
41,1.903,-1.568,
42,0.519,-1.988,
43,1.234,0.632,
44,1.461,-0.277,
45,-0.686,-0.358,
46,-0.754,1.216,
47,-0.948,0.553,
48,0.718,-0.833,
49,0.25,0.137,
50,1.285,-0.134,
51,-0.276,-1.816,
52,0.446,-0.381,
53,0.691,0.211,
54,0.707,1.106,
55,0.417,-1.121,
56,0.081,0.44,
57,0.565,-1.952,
58,-0.059,1.046,
59,-0.195,-1.279,
60,-1.347,0.201,
61,1.577,-0.049,
62,1.217,-0.592,
63,1.068,0.343,
64,-0.348,-0.797,
65,-0.092,-1.291,
66,-0.775,-1.24,
67,-0.679,-0.619,
68,1.185,1.025,
69,-0.456,-0.032,
70,0.739,-1.82,
71,1.287,-0.122,
72,-0.151,0.519,
73,-2.171,-0.812,
74,0.225,-0.595,
75,-0.61,-0.123,
76,1.486,0.576,
77,1.362,0.071,
78,0.629,-1.007,
79,-0.671,-0.864,
80,-0.282,-1.613,
81,0.301,0.926,
82,0.112,-0.644,
83,-0.654,-2.396,
84,1.299,-0.111,
85,0.083,0.248,
86,1.071,0.14,
87,-1.055,-0.772,
88,-2.488,-0.096,
89,2.398,-0.998,
90,0.302,-0.414,
91,1.686,-0.826,
92,0.544,0.217,
93,-0.534,-0.601,
94,1.503,0.184,
95,-0.146,0.181,
96,-0.648,0.083,
97,0.698,-1.133,
98,-1.441,-0.236,
99,0.111,-0.645,
100,0.993,0.499,
101,-0.436,0.112,
102,-2.314,0.207,
103,1.173,-0.903,
104,0.342,0.423,
105,0.234,-0.044,
106,0.078,-0.267,
107,0.805,-0.663,
108,1.84,-0.664,
109,0.452,-0.898,
110,-0.753,0.264,
111,-0.606,1.556,
112,-1.031,-0.045,
113,-0.3,0.737,
114,-0.336,-0.289,
115,-1.959,0.047,
116,-0.853,-0.912,
117,-0.151,-0.168,
118,0.107,1.107,
119,0.632,-0.159,
120,1.885,0.47,
121,0.498,-0.295,
122,0.962,0.428,
123,0.087,-0.393,
124,1.298,-1.078,
125,-0.738,0.252,
126,1.894,0.208,
127,0.497,-0.671,
128,0.994,-0.083,
129,0.869,-0.505,
130,0.975,0.381,
131,0.716,0.221,
132,0.31,-0.973,
133,-0.073,0.087,
134,0.234,0.2,
135,-1.797,-1.524,
136,-0.48,-0.561,
137,-0.032,0.839,
138,0.633,-0.953,
139,-1.217,1.02,
140,0.043,-0.527,
141,-0.677,-0.068,
142,0.164,-1.222,
143,0.113,-0.748,
144,1.06,0.785,
145,0.23,-1.052,
146,0.381,-0.708,
147,0.219,-0.57,
148,-0.495,-0.13,
149,0.358,-1.181,
150,-1.525,-1.048,
151,0.469,-0.755,
152,0.084,0.528,
153,0.436,-1.749,
154,-0.086,-0.708,
155,-0.07,-0.121,
156,-0.806,-1.063,
157,0.016,-1.761,
158,2.115,0.277,
159,0.527,0.956,
160,0.052,-0.23,
161,1.531,-0.764,
162,-0.412,-1.27,
163,0.309,-0.695,
