1,1.801,0.869,
2,0.108,-1.107,
3,0.669,0.462,
4,0.238,0.227,
5,0.438,-1.019,
6,-0.239,1.944,
7,-0.394,-1.153,
8,2.784,0.539,
9,0.596,0.59,
10,0.253,0.227,
11,-1.513,0.044,
12,1.345,-1.705,
13,-0.027,-0.123,
14,-1.907,0.729,
15,0.045,-0.641,
16,-0.457,1.864,
17,0.429,0.031,
18,-0.079,0.224,
19,-1.49,-0.611,
20,0.995,-0.537,
21,-0.869,-1.565,
22,0.984,-0.204,
23,-0.544,-0.763,
24,-0.01,0.795,
25,-0.849,-0.18,
26,1.556,0.593,
27,0.548,1.289,
28,0.499,-0.484,
29,-0.004,-1.097,
30,0.741,0.413,
31,-0.387,-0.41,
32,-0.003,-0.572,
33,0.921,-0.808,
34,-1.04,0.309,
35,0.278,0.519,
36,0.134,0.564,
37,0.742,-0.001,
38,-1.038,1.158,
39,0.188,-0.457,
40,0.515,0.109,
41,1.474,-1.051,
42,0.387,-1.22,
43,1.432,0.769,
44,1.424,-0.322,
45,-0.761,-0.612,
46,-1.521,0.292,
47,-0.584,-0.022,
48,0.11,-0.285,
49,0.31,0.574,
50,0.799,-0.24,
51,-1.052,-1.319,
52,0.359,0.045,
53,1.204,1.098,
54,0.498,1.584,
55,0.208,-0.174,
56,-0.04,0.286,
57,-0.292,-1.474,
58,0.25,0.61,
59,0.363,-1.05,
60,-1.25,0.446,
61,1.158,-0.501,
62,0.241,-0.396,
63,0.892,0.307,
64,0.173,-0.471,
65,-0.291,-1.052,
66,-0.692,-0.998,
67,-0.313,-0.382,
68,1.749,0.985,
69,-0.294,-0.325,
70,0.315,-1.128,
71,1.353,0.147,
72,-0.138,0.667,
73,-1.99,-0.726,
74,-0.079,-0.446,
75,0.416,0.441,
76,0.993,-0.015,
77,1.158,0.175,
78,0.287,-0.586,
79,-0.23,-0.132,
80,-0.23,-1.391,
81,0.4,0.8,
82,-0.11,-0.176,
83,-1.186,-2.026,
84,1.44,0.779,
85,-0.425,0.211,
86,1.316,0.293,
87,-0.751,-0.903,
88,-2.011,-0.055,
89,1.615,-0.785,
90,0.185,-0.327,
91,0.74,-0.515,
92,0.237,0.097,
93,-0.299,-0.706,
94,1.329,-0.007,
95,-0.384,0.335,
96,-1.079,0.249,
97,0.765,-1.202,
98,-1.045,-0.205,
99,0.12,-0.44,
100,0.411,0.874,
101,-0.123,0.036,
102,-2.2,0.155,
103,1.269,-1.433,
104,0.256,0.412,
105,-0.531,-0.477,
106,-0.423,-0.447,
107,0.38,-1.018,
108,1.507,0.155,
109,-0.007,-0.807,
110,-0.226,0.471,
111,-0.942,1.943,
112,-0.74,-0.23,
113,0.247,0.836,
114,-0.651,-0.14,
115,-1.264,0.567,
116,0.258,-0.541,
117,-0.086,0.23,
118,0.212,1.339,
119,0.296,0.019,
120,1.071,0.047,
121,0.155,-0.113,
122,0.113,-0.356,
123,0.242,0.094,
124,0.727,-0.24,
125,-0.854,0.318,
126,1.556,0.142,
127,0.194,-0.506,
128,1.121,-0.264,
129,0.482,-0.223,
130,0.664,0.214,
131,0.245,-0.231,
132,0.022,-0.736,
133,-0.067,0.103,
134,0.525,0.598,
135,-1.603,-1.332,
136,-0.724,-0.17,
137,-0.102,0.471,
138,0.367,-1.237,
139,-1.24,0.779,
140,0.104,-0.684,
141,-0.713,-0.053,
142,0.312,-1.473,
143,-0.333,-0.701,
144,1.789,0.546,
145,-0.34,-0.482,
146,-0.096,-0.852,
147,-0.058,-0.61,
148,-0.61,0.101,
149,-0.041,0.456,
150,-1.924,-1.84,
151,0.487,-0.766,
152,0.148,0.087,
153,0.237,-0.97,
154,-0.181,-0.49,
155,-0.028,-0.566,
156,-0.555,-0.721,
157,0.159,-0.858,
158,1.009,1.154,
159,-0.023,1.421,
160,0.09,-0.335,
161,1.166,-1.28,
162,-0.951,-1.171,
163,0.752,0.451,
