1,0.49,0.519,
2,0.446,-0.773,
3,0.347,-0.418,
4,0.548,-0.45,
5,0.839,-0.126,
6,-0.993,0.312,
7,0.432,0.146,
8,1.398,-0.001,
9,0.262,-0.931,
10,0.369,0.116,
11,0.526,0.29,
12,0.841,-1.08,
13,1.102,-0.26,
14,-0.338,0.336,
15,-0.29,-0.456,
16,0.788,-0.231,
17,0.945,-0.28,
18,0.532,-0.495,
19,-0.032,-0.369,
20,0.789,-0.997,
21,0.319,-0.642,
22,0.656,0.421,
23,0.041,-0.913,
24,0.042,-0.393,
25,-0.221,-0.52,
26,1.424,0.939,
27,0.447,0.771,
28,0.348,-0.31,
29,-0.006,-0.324,
30,0.217,-0.027,
31,0.164,0.234,
32,0.432,-0.78,
33,0.274,-0.287,
34,-0.536,-0.574,
35,0.644,0.484,
36,0.209,0.068,
37,0.634,-0.432,
38,0.039,-0.108,
39,0.634,0.213,
40,0.905,-0.353,
41,1.237,-0.639,
42,0.969,-0.679,
43,0.703,-0.199,
44,1.152,-0.054,
45,-0.217,-0.31,
46,0.358,0.149,
47,-0.326,-0.104,
48,1.028,-0.811,
49,0.416,-0.819,
50,0.799,-0.33,
51,0.395,-0.83,
52,0.441,-0.302,
53,0.398,-1.025,
54,0.675,0.177,
55,0.585,-1.672,
56,0.385,0.028,
57,0.959,-0.912,
58,0.083,0.134,
59,-0.15,-0.853,
60,0.168,-0.575,
61,0.446,-0.298,
62,1.323,-0.363,
63,0.919,-0.292,
64,-0.262,-0.856,
65,0.516,-0.686,
66,0.652,-0.004,
67,-0.327,-0.682,
68,0.668,0.018,
69,0.361,0.488,
70,0.284,-0.503,
71,0.523,-0.578,
72,0.636,-0.121,
73,-0.593,-0.477,
74,0.495,-0.379,
75,-0.614,-0.572,
76,0.796,0.566,
77,0.865,-0.252,
78,0.322,-0.623,
79,-0.297,-0.222,
80,-0.184,-1.744,
81,0.647,-0.285,
82,0.521,-0.73,
83,-0.207,-1.177,
84,0.379,-0.301,
85,0.667,-0.044,
86,0.646,-0.225,
87,-0.332,-0.863,
88,-0.028,-0.421,
89,1.508,-0.54,
90,0.509,-0.705,
91,1.009,-0.325,
92,0.481,-0.8,
93,0.051,-0.032,
94,0.728,0.261,
95,0.407,-0.507,
96,0.212,-0.764,
97,0.692,-0.379,
98,-0.452,-1.208,
99,0.536,-0.514,
100,0.882,-0.499,
101,0.285,0.091,
102,-0.143,-0.621,
103,0.846,-0.116,
104,0.667,-0.268,
105,0.398,-0.399,
106,0.489,-0.146,
107,1.405,0.203,
108,0.623,-0.884,
109,0.594,-0.497,
110,0.653,-0.668,
111,0.227,0.157,
112,-0.553,-0.305,
113,0.169,0.012,
114,0.061,-0.715,
115,-0.32,-1.451,
116,-0.369,-1.073,
117,1.077,-0.247,
118,0.332,0.026,
119,0.788,-0.198,
120,1.007,0.144,
121,0.174,-0.701,
122,0.93,0.208,
123,0.225,-1.203,
124,1.2,-1.166,
125,-0.239,-0.632,
126,0.891,-0.668,
127,0.616,-0.94,
128,0.377,-0.104,
129,1.011,-0.73,
130,0.693,-0.382,
131,0.991,0.664,
132,0.263,-0.759,
133,0.128,-0.399,
134,0.395,-0.262,
135,-0.325,-0.983,
136,0.335,-0.645,
137,0.152,-0.096,
138,0.247,-0.589,
139,-0.194,-0.755,
140,0.597,-0.548,
141,0.242,-0.803,
142,0.322,-0.667,
143,0.191,-0.497,
144,0.208,-0.076,
145,0.458,-1.231,
146,0.814,-0.429,
147,0.366,-0.657,
148,-0.141,-0.54,
149,0.447,-2.045,
150,-0.629,-0.374,
151,1.328,-0.474,
152,0.036,0.173,
153,0.553,-0.874,
154,0.167,-0.957,
155,-0.037,-0.32,
156,-0.332,-0.222,
157,0.165,-0.748,
158,1.446,-0.172,
159,0.616,-0.207,
160,0.247,-0.416,
161,1.193,-0.49,
162,0.435,-0.89,
163,0.862,-1.332,
