1,-0.076,0.262,
2,-0.054,-0.294,
3,0.265,0.46,
4,0.142,0.08,
5,-0.099,-0.185,
6,0.31,0.575,
7,0.098,-0.111,
8,0.317,-0.126,
9,0.327,0.141,
10,-0.05,-0.044,
11,-0.472,-0.087,
12,0.914,-0.477,
13,-0.45,-0.191,
14,-0.078,-0.496,
15,0.144,0.211,
16,-0.035,0.414,
17,-0.314,0.261,
18,-0.452,0.527,
19,-0.462,0.291,
20,-0.257,0.76,
21,0.254,0.167,
22,0.333,0.125,
23,-0.089,-0.222,
24,-0.334,0.444,
25,0.304,-0.017,
26,0.422,-0.14,
27,0.038,0.191,
28,0.039,0.063,
29,-0.303,0.134,
30,0.675,0.321,
31,0.085,-0.214,
32,-0.012,-0.113,
33,0.429,-0.466,
34,0.106,-0.028,
35,-0.134,0.102,
36,0.184,0.37,
37,0.046,0.13,
38,0.011,0.018,
39,0.385,-0.102,
40,-0.03,-0.302,
41,0.227,-0.193,
42,-0.051,-1.21,
43,0.469,0.112,
44,0.071,-0.03,
45,-0.013,0.089,
46,0.159,0.037,
47,-0.131,0.036,
48,0.015,-0.068,
49,-0.074,0.636,
50,0.299,-0.046,
51,-0.463,-0.466,
52,0.238,-0.19,
53,0.254,0.532,
54,0.318,-0.07,
55,-0.08,0.026,
56,-0.191,0.653,
57,-0.197,-0.337,
58,-0.073,0.58,
59,0.127,-0.167,
60,-0.719,0.441,
61,0.259,0.264,
62,-0.102,0.06,
63,0.021,0.388,
64,0.07,-0.054,
65,-0.149,-0.298,
66,-0.64,-0.439,
67,-0.285,-0.163,
68,0.436,0.133,
69,0.447,-0.07,
70,0.158,-0.927,
71,0.102,-0.088,
72,-0.201,0.092,
73,-0.094,0.263,
74,0.351,0.071,
75,0.795,0.089,
76,0.568,-0.102,
77,-0.042,0.082,
78,0.184,0.325,
79,-0.481,-0.396,
80,-0.171,0.513,
81,-0.358,0.585,
82,-0.025,0.115,
83,0.569,-0.128,
84,0.755,-0.366,
85,-0.814,-0.074,
86,0.036,-0.128,
87,0.119,-0.16,
88,-0.009,0.039,
89,-0.286,-0.091,
90,-0.154,0.239,
91,0.48,0.295,
92,-0.014,0.616,
93,-0.277,0.148,
94,0.139,-0.202,
95,-0.23,0.229,
96,0.165,0.216,
97,0.066,-0.522,
98,-0.459,0.41,
99,-0.146,-0.225,
100,0.179,-0.102,
101,-0.045,-0.132,
102,-0.435,0.637,
103,0.207,-0.464,
104,-0.205,0.344,
105,0.101,0.164,
106,-0.421,-1.019,
107,-0.393,-0.283,
108,0.646,-0.087,
109,-0.219,-0.552,
110,-0.137,0.232,
111,-0.254,0.012,
112,-0.143,-0.014,
113,-0.048,0.304,
114,0.065,0.16,
115,-0.599,0.246,
116,-0.044,0.006,
117,-0.448,-0.042,
118,-0.048,0.032,
119,0.042,0.058,
120,0.479,-0.046,
121,0.145,-0.279,
122,0.317,0.136,
123,0.013,0.468,
124,0,0.223,
125,0.09,0.237,
126,0.551,0.13,
127,0.034,-0.055,
128,0.275,0.304,
129,0.421,0.201,
130,0.321,0.614,
131,-0.022,-0.001,
132,-0.018,-0.047,
133,-0.237,0.072,
134,-0.324,0.073,
135,-0.222,-0.151,
136,-0.098,-0.112,
137,-0.099,0.402,
138,0.304,-0.054,
139,-0.236,0.573,
140,-0.364,-0.084,
141,-0.711,0.518,
142,0.005,-0.294,
143,0.433,-0.184,
144,0.998,-0.243,
145,0.452,0.041,
146,-0.043,0.057,
147,-0.079,0.123,
148,-0.045,-0.079,
149,-0.056,-0.079,
150,-0.412,-0.385,
151,-0.332,0.288,
152,0.113,0.137,
153,0.071,-0.637,
154,-0.037,0.054,
155,0.242,-0.095,
156,-0.387,0.23,
157,-0.07,-0.111,
158,0.154,0.307,
159,-0.147,-0.053,
160,-0.257,0.299,
161,0.605,-0.394,
162,-0.357,0.049,
163,0.194,-0.231,
