1,0.521,0.531,
2,0.427,-0.796,
3,0.341,-0.445,
4,0.561,-0.48,
5,0.834,-0.129,
6,-1.026,0.335,
7,0.433,0.17,
8,1.385,-0.012,
9,0.263,-0.932,
10,0.356,0.11,
11,0.531,0.276,
12,0.845,-1.092,
13,1.094,-0.271,
14,-0.322,0.31,
15,-0.301,-0.403,
16,0.772,-0.241,
17,0.898,-0.287,
18,0.522,-0.48,
19,-0.027,-0.343,
20,0.807,-0.948,
21,0.33,-0.607,
22,0.645,0.408,
23,0.05,-0.904,
24,0.066,-0.404,
25,-0.203,-0.544,
26,1.389,0.903,
27,0.449,0.735,
28,0.373,-0.284,
29,0.004,-0.328,
30,0.23,-0.019,
31,0.163,0.224,
32,0.43,-0.776,
33,0.284,-0.294,
34,-0.556,-0.548,
35,0.651,0.474,
36,0.235,0.033,
37,0.598,-0.438,
38,0.031,-0.1,
39,0.636,0.209,
40,0.879,-0.349,
41,1.229,-0.632,
42,0.962,-0.678,
43,0.706,-0.184,
44,1.146,-0.049,
45,-0.197,-0.306,
46,0.351,0.166,
47,-0.327,-0.104,
48,1.061,-0.801,
49,0.402,-0.797,
50,0.768,-0.35,
51,0.394,-0.836,
52,0.439,-0.301,
53,0.421,-1.002,
54,0.663,0.175,
55,0.568,-1.637,
56,0.385,0.03,
57,0.927,-0.916,
58,0.086,0.139,
59,-0.138,-0.857,
60,0.164,-0.564,
61,0.471,-0.287,
62,1.346,-0.373,
63,0.878,-0.287,
64,-0.243,-0.847,
65,0.519,-0.69,
66,0.633,-0.014,
67,-0.313,-0.681,
68,0.67,0.025,
69,0.36,0.482,
70,0.285,-0.511,
71,0.543,-0.574,
72,0.631,-0.118,
73,-0.589,-0.461,
74,0.518,-0.375,
75,-0.639,-0.553,
76,0.794,0.549,
77,0.84,-0.262,
78,0.329,-0.616,
79,-0.304,-0.226,
80,-0.169,-1.712,
81,0.65,-0.26,
82,0.52,-0.712,
83,-0.181,-1.184,
84,0.377,-0.306,
85,0.656,-0.056,
86,0.647,-0.233,
87,-0.32,-0.865,
88,-0.055,-0.444,
89,1.529,-0.553,
90,0.494,-0.7,
91,0.994,-0.311,
92,0.483,-0.782,
93,0.045,-0.032,
94,0.724,0.254,
95,0.433,-0.502,
96,0.228,-0.764,
97,0.71,-0.38,
98,-0.46,-1.197,
99,0.527,-0.504,
100,0.862,-0.492,
101,0.286,0.086,
102,-0.175,-0.593,
103,0.808,-0.101,
104,0.639,-0.266,
105,0.414,-0.41,
106,0.476,-0.153,
107,1.381,0.189,
108,0.621,-0.886,
109,0.582,-0.496,
110,0.653,-0.65,
111,0.231,0.154,
112,-0.554,-0.305,
113,0.163,-0.014,
114,0.075,-0.704,
115,-0.305,-1.431,
116,-0.372,-1.045,
117,1.056,-0.241,
118,0.337,0.031,
119,0.77,-0.202,
120,0.993,0.125,
121,0.17,-0.709,
122,0.936,0.194,
123,0.22,-1.196,
124,1.188,-1.152,
125,-0.235,-0.652,
126,0.906,-0.649,
127,0.644,-0.924,
128,0.352,-0.084,
129,0.984,-0.715,
130,0.704,-0.378,
131,0.971,0.649,
132,0.249,-0.751,
133,0.129,-0.392,
134,0.395,-0.251,
135,-0.303,-0.979,
136,0.32,-0.635,
137,0.157,-0.086,
138,0.277,-0.565,
139,-0.215,-0.717,
140,0.574,-0.531,
141,0.231,-0.794,
142,0.322,-0.678,
143,0.209,-0.492,
144,0.205,-0.076,
145,0.45,-1.216,
146,0.81,-0.402,
147,0.374,-0.63,
148,-0.119,-0.529,
149,0.464,-2.053,
150,-0.627,-0.349,
151,1.305,-0.437,
152,0.041,0.174,
153,0.561,-0.891,
154,0.165,-0.938,
155,-0.022,-0.314,
156,-0.313,-0.219,
157,0.134,-0.777,
158,1.455,-0.181,
159,0.6,-0.188,
160,0.235,-0.367,
161,1.186,-0.467,
162,0.437,-0.85,
163,0.826,-1.362,
