1,0.086,0.085,
2,0.244,-0.405,
3,-0.361,0.056,
4,0.244,-0.031,
5,0.002,0.666,
6,-1.328,0.083,
7,0.23,0.66,
8,0.374,0.169,
9,-0.102,-0.553,
10,0.329,0.288,
11,0.231,0.725,
12,0.283,-0.306,
13,0.857,0.065,
14,-0.562,-0.106,
15,0.004,0.031,
16,0.137,-0.309,
17,-0.168,0.257,
18,-0.099,-0.327,
19,0.319,0.053,
20,0.45,0.562,
21,0.113,0.109,
22,-0.205,0.033,
23,0.14,-0.287,
24,-0.178,0.277,
25,-0.203,0.325,
26,0.486,0.666,
27,0.11,-0.203,
28,0.155,0.157,
29,-0.047,0.194,
30,-0.049,0.471,
31,0.19,0.81,
32,0.102,-0.214,
33,0.004,-0.001,
34,-0.578,0.033,
35,0.116,0.751,
36,-0.915,0.607,
37,0.185,0.091,
38,-0.281,-0.213,
39,-0.147,0.205,
40,0.002,0.143,
41,0.393,0.269,
42,0.786,0.686,
43,0.024,0.135,
44,0.207,0.163,
45,0.063,-0.016,
46,-0.177,-0.087,
47,-0.652,-0.37,
48,0.579,-0.026,
49,-0.138,-0.511,
50,-0.361,-0.364,
51,0.122,-0.291,
52,0.181,0.154,
53,0.527,-0.578,
54,0.365,0.355,
55,-0.34,-0.43,
56,-0.471,0.271,
57,0.105,-0.25,
58,0.035,0.442,
59,0.151,-0.345,
60,0.162,-0.134,
61,0.039,-0.035,
62,0.009,-0.147,
63,-0.108,0.526,
64,-0.346,-0.465,
65,0.222,0.03,
66,0.31,0.756,
67,-0.341,-0.412,
68,0.229,0.131,
69,0.121,0.842,
70,0.069,0.157,
71,-0.125,-0.341,
72,0.378,0.087,
73,-0.429,0.16,
74,0.356,0.199,
75,-0.048,-0.158,
76,-0.103,0.41,
77,-0.171,-0.293,
78,-0.243,-0.054,
79,-0.79,0.13,
80,-0.118,-0.664,
81,-0.188,0.152,
82,0.14,0.208,
83,0.346,0.204,
84,-0.288,-0.057,
85,-0.219,0.02,
86,0.049,0.413,
87,0.335,-0.858,
88,0.067,0.038,
89,0.229,0.034,
90,0.436,-0.136,
91,-0.084,0.651,
92,0.126,-0.105,
93,-0.375,0.473,
94,-0.154,0.325,
95,0.095,-0.105,
96,-0.103,-0.206,
97,0.397,0.159,
98,-0.441,-0.886,
99,-0.016,0.07,
100,-0.698,-0.373,
101,0.077,0.416,
102,-0.119,-0.207,
103,-0.179,0.181,
104,0.039,-0.023,
105,-0.443,-0.306,
106,0.005,0.116,
107,0.408,1.084,
108,0.082,-0.304,
109,-0.072,-0.135,
110,-0.112,0.37,
111,-0.073,0.382,
112,-0.746,-0.084,
113,-0.076,-0.169,
114,-0.124,-0.287,
115,-0.037,-1.423,
116,-0.172,-0.128,
117,0.798,-0.056,
118,-0.047,-0.331,
119,-0.254,0.143,
120,0.227,-0.541,
121,-0.088,0.402,
122,0.197,0.17,
123,-0.376,-0.901,
124,0.58,-0.341,
125,-0.25,-0.4,
126,0.081,-0.119,
127,0.648,-0.204,
128,0.009,0.259,
129,0.067,0.311,
130,0.202,0.11,
131,0.407,1.047,
132,-0.564,0.227,
133,-0.422,-0.427,
134,-0.031,0.262,
135,-0.273,-0.394,
136,-0.22,0.123,
137,-0.519,-0.096,
138,-0.387,0.267,
139,-0.295,-0.697,
140,0.1,0.249,
141,-0.308,-0.581,
142,-0.276,-0.485,
143,0.032,0.463,
144,-0.156,0.52,
145,-0.282,-0.385,
146,0.77,0.319,
147,-0.006,-0.262,
148,-0.572,0.104,
149,0.296,-1.606,
150,-1.072,-0.191,
151,0.81,0.359,
152,-0.252,0.382,
153,0.449,-0.136,
154,-0.162,-0.078,
155,-0.265,-0.257,
156,-0.282,0.222,
157,-0.095,-0.201,
158,0.294,0.318,
159,-0.212,-0.23,
160,-0.007,0.203,
161,0.225,-0.188,
162,0.177,-0.086,
163,0.844,-0.448,
