1,0.711,0.671,
2,-0.021,-0.676,
3,0.371,0.555,
4,0.159,0.201,
5,0.006,-0.597,
6,0.343,1.845,
7,0.144,-0.5,
8,1.198,0.355,
9,0.434,0.581,
10,0.096,0.038,
11,-1.264,-0.021,
12,1.348,-1.116,
13,-0.423,-0.178,
14,-1.042,0.275,
15,0.153,0.083,
16,-0.39,1.376,
17,-0.041,0.157,
18,-0.409,0.538,
19,-1.178,-0.198,
20,-0.181,0.821,
21,-0.269,-0.806,
22,0.699,0.014,
23,-0.435,-0.454,
24,-0.275,0.767,
25,-0.029,0.016,
26,0.869,0.098,
27,0.217,0.637,
28,0.101,-0.282,
29,-0.153,-0.198,
30,0.739,0.397,
31,-0.133,-0.352,
32,-0.039,-0.282,
33,0.721,-0.81,
34,-0.057,0.045,
35,0.183,0.23,
36,0.169,0.52,
37,0.31,0.126,
38,-0.66,0.418,
39,0.472,-0.061,
40,0.172,-0.116,
41,0.719,-0.594,
42,-0.001,-1.627,
43,0.915,0.415,
44,0.641,-0.231,
45,-0.495,-0.238,
46,-0.719,0.135,
47,-0.313,-0.187,
48,-0.043,-0.116,
49,0.153,0.905,
50,0.611,-0.264,
51,-0.95,-0.93,
52,0.308,-0.168,
53,0.708,1.024,
54,0.296,0.672,
55,-0.035,0.135,
56,-0.256,0.535,
57,-0.209,-0.878,
58,0.075,0.785,
59,0.146,-0.448,
60,-1.225,0.627,
61,0.766,0.135,
62,-0.13,-0.03,
63,0.397,0.493,
64,0.186,-0.21,
65,-0.425,-0.684,
66,-1.174,-0.874,
67,-0.403,-0.251,
68,1.293,0.738,
69,0.177,-0.22,
70,0.324,-1.311,
71,0.582,0.033,
72,-0.374,0.324,
73,-1.088,-0.163,
74,0.133,-0.135,
75,1.021,0.366,
76,0.852,0.147,
77,0.412,0.183,
78,0.294,0.068,
79,-0.395,-0.543,
80,-0.173,-0.022,
81,-0.287,0.868,
82,-0.267,0.069,
83,-0.033,-0.826,
84,1.218,0.477,
85,-0.938,0.168,
86,0.465,0.386,
87,-0.203,-0.396,
88,-0.581,0.137,
89,0.044,-0.258,
90,-0.211,0.107,
91,0.725,0.051,
92,0.096,0.679,
93,-0.426,-0.292,
94,0.609,-0.235,
95,-0.516,0.357,
96,-0.487,0.5,
97,0.368,-0.887,
98,-0.653,0.424,
99,-0.116,-0.339,
100,0.026,0.327,
101,-0.073,-0.085,
102,-1.648,0.195,
103,0.703,-1.15,
104,-0.1,0.538,
105,-0.274,-0.001,
106,-0.584,-0.848,
107,-0.404,-0.5,
108,1.274,0.163,
109,-0.206,-0.734,
110,0.02,0.444,
111,-0.691,1.137,
112,-0.379,-0.06,
113,0.056,0.76,
114,-0.32,0.098,
115,-0.861,0.36,
116,0.08,-0.153,
117,-0.648,0.069,
118,-0.018,0.75,
119,0.085,0.048,
120,0.842,-0.003,
121,0.249,-0.001,
122,0.159,-0.081,
123,0.136,0.5,
124,0.266,0.123,
125,-0.28,0.658,
126,1.027,0.243,
127,0.07,-0.183,
128,0.785,0.071,
129,0.432,0.101,
130,0.491,0.584,
131,0.221,-0.314,
132,-0.02,-0.337,
133,-0.207,0.192,
134,0.077,0.34,
135,-0.95,-0.663,
136,-0.42,-0.209,
137,-0.129,0.575,
138,0.379,-0.681,
139,-0.706,0.95,
140,-0.304,-0.332,
141,-0.854,0.399,
142,0.157,-0.889,
143,0.098,-0.364,
144,1.654,0.288,
145,0.051,-0.073,
146,-0.051,-0.633,
147,-0.11,-0.148,
148,-0.528,0.049,
149,0.086,0.152,
150,-1.129,-1.415,
151,-0.216,-0.092,
152,0.171,0.158,
153,0.116,-0.916,
154,-0.155,-0.099,
155,0.138,-0.27,
156,-0.534,-0.291,
157,-0.076,-0.347,
158,0.552,0.432,
159,-0.153,0.913,
160,-0.16,0.075,
161,0.954,-0.788,
162,-0.716,-0.579,
163,0.295,0.082,
