1,-0.049,-0.098,
2,0.454,-0.484,
3,-0.642,0.075,
4,0.397,0.091,
5,-0.051,0.878,
6,-1.341,0.506,
7,0.583,0.96,
8,0.398,0.288,
9,-0.127,-0.502,
10,0.887,0.006,
11,0.066,1.066,
12,0.065,-0.384,
13,0.987,0.272,
14,-0.716,-0.234,
15,-0.097,0.254,
16,0.267,-0.508,
17,0.055,0.327,
18,-0.135,-0.517,
19,0.679,0.105,
20,1.054,1.019,
21,0.258,0.185,
22,-0.061,0.139,
23,0.107,-0.338,
24,-0.32,0.9,
25,-0.193,0.599,
26,0.655,0.713,
27,-0.029,-0.292,
28,0.173,0.135,
29,-0.019,0.15,
30,-0.097,0.359,
31,0.309,0.937,
32,0.201,-0.297,
33,0.013,0.074,
34,-0.791,0.423,
35,-0.239,0.747,
36,-1.343,0.931,
37,0.234,0.145,
38,-0.481,-0.447,
39,-0.228,0.391,
40,0.009,0.365,
41,0.386,0.274,
42,1.045,1.003,
43,-0.055,0.299,
44,0.03,-0.089,
45,-0.063,-0.442,
46,-0.556,-0.329,
47,-0.759,-0.226,
48,0.202,-0.12,
49,-0.202,-0.842,
50,-0.478,-0.515,
51,0.002,-0.435,
52,0.275,0.275,
53,0.505,-1.098,
54,0.609,0.227,
55,-0.451,-0.08,
56,-0.689,0.438,
57,0.214,-0.389,
58,0.246,0.473,
59,0.638,-0.341,
60,0.203,-0.284,
61,-0.004,-0.073,
62,-0.23,-0.132,
63,-0.354,1.091,
64,-0.318,-0.362,
65,0.24,0.095,
66,0.292,0.872,
67,-0.318,-0.611,
68,0.266,0.186,
69,-0.104,0.982,
70,0.114,0.187,
71,-0.277,-0.678,
72,0.427,0.037,
73,-0.493,0.112,
74,0.313,0.201,
75,-0.351,-0.157,
76,-0.072,0.494,
77,-0.136,-0.447,
78,-0.322,-0.195,
79,-0.762,0.131,
80,-0.241,-0.696,
81,-0.621,0.222,
82,-0.072,0.235,
83,0.345,0.188,
84,-0.36,-0.192,
85,-0.589,-0.097,
86,0.079,0.333,
87,0.485,-1.04,
88,-0.293,0.195,
89,0.409,0.104,
90,0.559,-0.058,
91,-0.169,0.839,
92,0.243,-0.163,
93,-0.24,0.35,
94,-0.059,0.251,
95,0.086,0.312,
96,-0.269,-0.059,
97,0.368,0.37,
98,-0.293,-0.988,
99,-0.199,0.342,
100,-1.428,-0.47,
101,0.162,0.506,
102,-0.257,-0.222,
103,-0.482,-0.028,
104,0.079,-0.101,
105,-0.747,-0.316,
106,-0.018,-0.044,
107,0.407,1.199,
108,0.135,-0.307,
109,-0.14,-0.197,
110,-0.966,0.548,
111,-0.155,0.617,
112,-0.746,0.31,
113,0.086,-0.289,
114,-0.177,-0.229,
115,-0.066,-1.297,
116,-0.228,-0.269,
117,1.251,-0.233,
118,-0.014,-0.445,
119,-0.419,0.298,
120,0.323,-0.841,
121,-0.017,0.732,
122,-0.088,0.086,
123,-0.344,-0.937,
124,0.588,-0.3,
125,-0.424,-0.464,
126,0.017,-0.105,
127,0.755,0.055,
128,0.068,0.134,
129,0.097,0.681,
130,0.144,0.092,
131,0.556,1.172,
132,-0.599,0.576,
133,-0.533,-0.619,
134,-0.177,0.133,
135,-0.36,-0.36,
136,-0.589,0.205,
137,-0.712,-0.268,
138,-0.582,0.354,
139,-0.082,-0.838,
140,0.168,0.347,
141,-0.387,-0.678,
142,-0.398,-0.502,
143,-0.048,0.522,
144,0,0.745,
145,-0.341,-0.572,
146,0.506,0.077,
147,-0.325,-0.995,
148,-0.776,0.044,
149,0.945,-1.652,
150,-0.873,-0.51,
151,0.643,0.24,
152,-0.277,0.213,
153,0.585,0.153,
154,-0.125,-0.051,
155,-0.283,-0.381,
156,-0.242,-0.011,
157,0.056,-0.383,
158,0.244,0.038,
159,-0.338,-0.324,
160,0.192,0.018,
161,-0.035,-0.288,
162,0.181,-0.312,
163,0.916,-0.501,
