1,0.582,1.124,
2,-0.175,-0.582,
3,-2.18,-1.241,
4,0.093,0.501,
5,-1.315,-0.103,
6,-3.057,-0.015,
7,-1.837,1.574,
8,-1.649,0.45,
9,-2.612,0.862,
10,-0.416,0.402,
11,-0.2,1.408,
12,1.491,-0.779,
13,0.433,-0.027,
14,-1.216,1.017,
15,-3.333,-0.758,
16,1.244,0.949,
17,-0.806,0.2,
18,0.584,0.966,
19,0.114,0.66,
20,-0.321,1.006,
21,1.558,-1.062,
22,-0.267,-0.615,
23,-1.056,-1.284,
24,-1.25,0.752,
25,-1.372,-0.133,
26,0.139,0.659,
27,-1.712,0.449,
28,0.646,0.643,
29,-0.182,0.435,
30,-0.335,0.721,
31,1.041,0.039,
32,0.237,-0.038,
33,-1.349,0.461,
34,0.557,0.774,
35,0.165,0.398,
36,-1.861,0.804,
37,-0.15,0.199,
38,0.662,-0.515,
39,0.526,1.771,
40,-0.541,-0.227,
41,-1.328,-1.036,
42,0.371,-0.806,
43,0.323,0.113,
44,0.447,0.877,
45,-0.244,0.075,
46,0.459,0.565,
47,-0.134,0.357,
48,-0.228,-0.304,
49,-0.72,-0.975,
50,0.716,-0.096,
51,-0.745,-0.363,
52,0.105,0.241,
53,-0.289,0.69,
54,-0.897,-0.899,
55,0.532,0.048,
56,0.193,1.413,
57,1.162,1.621,
58,-0.855,0.543,
59,-1.343,0.987,
60,1.103,-0.079,
61,-1.029,1.945,
62,0.898,-1.161,
63,0.386,-0.978,
64,0.016,0.009,
65,-0.131,-0.362,
66,0.586,0.307,
67,-1.353,0.364,
68,0.45,0.822,
69,-0.057,1.124,
70,0.917,-0.355,
71,-0.473,0.407,
72,-1.497,0.893,
73,-0.834,-0.566,
74,-0.263,-0.061,
75,-2.38,0.276,
76,0.448,-0.324,
77,-0.276,-0.367,
78,1.321,1.142,
79,-0.288,0.012,
80,-1.509,1.84,
81,0.479,0.011,
82,-1.426,0.516,
83,0.283,0.128,
84,-0.09,0.354,
85,0.148,0.945,
86,-0.607,-0.526,
87,-0.083,-0.455,
88,-0.795,1.704,
89,-0.584,0.149,
90,-1.034,0.161,
91,-0.164,1.05,
92,-0.565,0.424,
93,0.428,1.51,
94,-1.167,-0.228,
95,-1.075,-1.163,
96,0.57,-0.69,
97,-0.174,-0.144,
98,-0.146,0.271,
99,-0.336,-0.486,
100,0.084,0.795,
101,0.068,0.167,
102,-1.861,0.259,
103,1.729,0.576,
104,-0.273,0.208,
105,-0.625,1.676,
106,0.318,0.142,
107,1.553,0.693,
108,0.134,0.113,
109,-1.197,-0.923,
110,-0.099,0.486,
111,0.381,-1.867,
112,-0.958,1.422,
113,-1.172,-0.592,
114,0.984,-0.017,
115,-1.103,-0.452,
116,0.57,1.18,
117,-1.459,-1.255,
118,-0.09,-0.284,
119,0.735,0.601,
120,-0.777,-0.167,
121,0.019,-1.099,
122,-1.165,-0.93,
123,-1.87,1.346,
124,-0.861,-0.756,
125,0.008,0.933,
126,-2.056,0.582,
127,-0.118,-0.922,
128,-0.123,0.1,
129,0.474,0.42,
130,1.249,-1.538,
131,-0.116,1.036,
132,-0.166,1.091,
133,-0.674,0.702,
134,-2.207,-1.32,
135,-0.438,-1.925,
136,0.35,-1.184,
137,0.14,0.475,
138,1.392,0.051,
139,-0.638,-0.41,
140,-0.594,-0.142,
141,-0.471,1.411,
142,1.417,-0.443,
143,0.27,1.75,
144,0.049,-0.32,
145,0.465,-0.893,
146,-0.837,1.05,
147,0.576,-0.115,
148,0.075,-0.768,
149,1.18,-1.366,
150,0.27,-0.002,
151,1.159,0.764,
152,0.4,0.025,
153,-0.425,-0.288,
154,-0.629,2.227,
155,0.215,-0.275,
156,-1.889,-0.589,
157,0.509,0.508,
158,0.5,-1.769,
159,0.544,-1.059,
160,-0.08,0.054,
161,-0.158,0.033,
162,-0.481,-0.237,
163,-0.145,-2.033,
