1,-0.068,0.81,
2,-0.176,0.057,
3,-0.589,0.601,
4,-0.12,0.655,
5,0.004,0.821,
6,-1.453,0.335,
7,-0.309,0.858,
8,0.237,0.474,
9,-0.382,-0.035,
10,-0.669,1.158,
11,0.355,0.954,
12,0.214,0.049,
13,0.45,0.64,
14,-0.809,0.556,
15,-0.565,0.275,
16,-0.051,0.23,
17,-0.908,0.741,
18,-0.158,0.553,
19,-0.339,0.703,
20,-0.093,0.351,
21,-0.105,0.454,
22,-0.395,0.397,
23,-0.16,0.261,
24,-0.332,0.48,
25,-0.665,0.821,
26,-0.181,0.916,
27,-0.014,0.374,
28,0.04,0.768,
29,-0.281,0.563,
30,-0.136,1.306,
31,-0.187,1.195,
32,-0.128,0.223,
33,-0.386,0.595,
34,-0.817,0.319,
35,-0.125,1.422,
36,-0.691,0.857,
37,-0.013,0.455,
38,-0.294,0.434,
39,-0.446,0.787,
40,-0.357,0.373,
41,-0.011,0.652,
42,0.434,0.572,
43,-0.015,0.498,
44,0.136,1.122,
45,-0.284,0.598,
46,-0.249,0.587,
47,-0.916,0.116,
48,0.562,0.47,
49,-0.492,-0.024,
50,-0.569,-0.002,
51,-0.003,0.605,
52,-0.21,0.534,
53,0.1,0.003,
54,-0.033,0.88,
55,-0.478,-0.21,
56,-0.461,0.765,
57,-0.265,0.314,
58,-0.481,0.906,
59,-0.818,0.382,
60,-0.366,0.431,
61,-0.233,0.621,
62,-0.04,0.511,
63,-0.198,0.608,
64,-0.766,-0.135,
65,-0.093,0.314,
66,0.047,0.855,
67,-0.731,0.167,
68,-0.406,0.618,
69,-0.101,1.052,
70,-0.299,0.611,
71,-0.375,0.494,
72,0.016,0.716,
73,-0.509,0.709,
74,-0.014,0.756,
75,-0.23,0.673,
76,-0.277,0.681,
77,-0.399,0.24,
78,-0.451,0.629,
79,-1.131,0.467,
80,-0.273,-0.366,
81,0.274,0.506,
82,-0.188,0.408,
83,0.025,0.511,
84,-0.379,0.627,
85,-0.026,0.781,
86,-0.599,1.146,
87,-0.302,0.002,
88,0.133,0.292,
89,-0.229,0.355,
90,-0.179,0.405,
91,-0.49,0.621,
92,-0.491,0.265,
93,-0.627,0.99,
94,-0.559,0.924,
95,-0.25,0.473,
96,-0.209,0.207,
97,0.269,0.63,
98,-0.973,0.012,
99,-0.26,0.463,
100,-0.658,0.485,
101,-0.354,0.994,
102,-0.069,0.067,
103,-0.29,0.691,
104,-0.356,0.458,
105,-0.264,0.334,
106,-0.307,0.85,
107,0.404,1.513,
108,-0.23,0.396,
109,-0.34,0.345,
110,0.245,0.85,
111,-0.297,0.801,
112,-1.192,0.359,
113,-0.329,0.552,
114,-0.422,0.244,
115,-0.269,-0.769,
116,-0.162,0.171,
117,0.024,0.555,
118,-0.136,0.602,
119,-0.12,0.635,
120,-0.244,0.254,
121,-0.398,0.583,
122,0.248,0.86,
123,-0.631,-0.36,
124,-0.01,0.276,
125,-0.413,0.283,
126,0.066,0.457,
127,-0.054,0.176,
128,-0.379,0.753,
129,-0.271,0.393,
130,0.102,0.625,
131,-0.234,1.497,
132,-0.741,0.523,
133,-0.61,0.62,
134,-0.433,0.838,
135,-0.525,0.129,
136,-0.293,0.352,
137,-0.659,0.829,
138,-0.498,0.739,
139,-0.644,-0.027,
140,-0.418,0.513,
141,-0.434,-0.211,
142,-0.601,0.037,
143,-0.373,1.06,
144,-0.566,0.58,
145,-0.47,0.23,
146,0.194,1.032,
147,-0.322,0.601,
148,-0.734,0.502,
149,-0.261,-1.022,
150,-1.205,0.653,
151,0.648,0.839,
152,-0.498,0.928,
153,-0.143,0.409,
154,-0.656,0.54,
155,-0.592,0.446,
156,-0.575,0.616,
157,-0.381,0.506,
158,-0.004,0.988,
159,-0.212,0.227,
160,-0.589,0.686,
161,-0.119,0.485,
162,-0.361,0.615,
163,0.45,0.091,
