1,2.001,2.376,
2,0.156,-1.109,
3,0.217,1.165,
4,0.282,0.207,
5,0.383,-0.919,
6,0.025,2.836,
7,0.689,0.216,
8,2.902,1.609,
9,0.92,0.826,
10,-0.102,-0.135,
11,-2.222,0.262,
12,1.652,-2.632,
13,-0.459,0.215,
14,-1.802,1.448,
15,-0.631,0.663,
16,-0.02,2.917,
17,0.769,-0.256,
18,-0.41,1.154,
19,-2.234,0.202,
20,0.012,1.633,
21,0.138,-0.657,
22,1.035,1.134,
23,-1.088,-0.593,
24,-0.569,1.791,
25,-1.417,0.394,
26,1.357,1.269,
27,0.181,1.968,
28,0.04,-0.428,
29,-0.433,-0.468,
30,0.155,-0.594,
31,-0.292,-0.635,
32,-0.248,-0.577,
33,1.665,-1.456,
34,-0.216,0.126,
35,0.016,0.242,
36,0.142,0.863,
37,0.556,0.108,
38,-1.384,0.853,
39,0.809,1.079,
40,0.922,-0.045,
41,1.731,-1.755,
42,-0.051,-2.919,
43,1.569,1.108,
44,1.224,-0.627,
45,-0.804,-0.536,
46,-1.809,2.304,
47,-1.596,-0.391,
48,-0.072,-0.523,
49,0.98,1.378,
50,1.378,0.002,
51,-0.742,-1.966,
52,0.389,-1.127,
53,0.82,1.268,
54,0.561,1.755,
55,-0.065,-0.081,
56,-0.619,0.603,
57,0.189,-2.323,
58,-0.009,2.126,
59,-0.552,-0.813,
60,-2.672,1.344,
61,1.344,0.59,
62,0.546,-0.07,
63,1.312,1.19,
64,-0.175,-0.732,
65,-0.954,-1.659,
66,-2.108,-2.132,
67,-0.79,-0.248,
68,1.081,1.534,
69,-0.987,-0.314,
70,1.339,-2.973,
71,1.028,0.327,
72,-1.02,0.581,
73,-2.875,-0.695,
74,-0.208,-0.571,
75,0.253,0.234,
76,2.235,0.432,
77,1.345,0.383,
78,0.787,-0.836,
79,-0.975,-1.789,
80,-0.167,-0.615,
81,-0.384,1.774,
82,-0.356,-0.082,
83,-0.351,-2.329,
84,1.797,0.39,
85,-0.319,0.62,
86,0.571,1.235,
87,-0.692,-0.397,
88,-2.496,0.169,
89,1.52,-1.206,
90,-0.182,0.175,
91,2.298,-0.468,
92,0.382,1.427,
93,-1.181,-0.983,
94,0.932,0.088,
95,-0.687,0.589,
96,-0.841,0.769,
97,0.699,-1.74,
98,-1.218,1.283,
99,-0.363,-0.837,
100,0.319,1.146,
101,-1.335,-0.019,
102,-3.4,0.464,
103,1.615,-1.224,
104,0.022,1.173,
105,-0.032,0.467,
106,-0.432,-0.468,
107,-0.444,-0.775,
108,2.523,0.055,
109,0.405,-0.959,
110,-0.958,1.193,
111,-1.338,2.417,
112,-1.027,0.032,
113,-0.55,1.352,
114,-0.854,0.051,
115,-2.78,0.484,
116,-0.54,-0.537,
117,-1.782,0.048,
118,-0.288,1.635,
119,0.301,-0.168,
120,2.483,0.234,
121,0.836,0.327,
122,0.821,0.58,
123,-0.494,0.515,
124,0.886,-0.38,
125,-0.528,1.581,
126,1.929,0.569,
127,0.02,-0.176,
128,1.88,-0.188,
129,0.711,-0.03,
130,1.278,1.332,
131,0.607,-0.234,
132,0.362,-0.75,
133,-0.327,0.711,
134,0.014,0.598,
135,-1.99,-1.065,
136,-1.247,-0.68,
137,-0.472,1.457,
138,0.816,-1.219,
139,-1.223,1.776,
140,-0.509,-0.644,
141,-1.386,0.422,
142,-0.356,-1.64,
143,0.309,-0.696,
144,1.883,0.91,
145,0.174,-0.518,
146,0.366,-1.162,
147,-0.118,-0.496,
148,-1.471,-0.414,
149,0.412,-0.129,
150,-1.665,-2.189,
151,-0.571,-0.695,
152,0.364,0.721,
153,0.301,-2.424,
154,-0.24,-0.108,
155,-0.052,-0.158,
156,-1.208,-1.294,
157,-0.679,-1.657,
158,1.414,-0.121,
159,0.468,1.058,
160,-0.122,-0.277,
161,1.174,-1.122,
162,-0.946,-1.777,
163,0.206,-0.47,
