1,2.254,2.004,
2,0.114,-1.587,
3,0.192,0.305,
4,0.545,-0.532,
5,0.682,-1.106,
6,-0.456,2.356,
7,0.21,-0.02,
8,3.108,1.186,
9,0.975,0.438,
10,0.314,-0.224,
11,-1.743,0.222,
12,1.709,-2.504,
13,-0.288,-0.004,
14,-2.056,0.976,
15,-0.482,0.434,
16,-0.339,2.104,
17,0.614,-0.573,
18,-0.163,0.612,
19,-1.786,-0.361,
20,0.788,0.891,
21,-0.038,-0.602,
22,1.254,0.866,
23,-0.879,-0.806,
24,-0.1,0.823,
25,-1.181,-0.261,
26,1.328,0.738,
27,0.138,1.674,
28,0.251,-0.275,
29,-0.283,-0.612,
30,0.339,-0.124,
31,-0.5,-0.411,
32,-0.128,-0.678,
33,1.389,-1.106,
34,-0.742,0.1,
35,0.316,0.248,
36,0.598,0.189,
37,0.034,-0.18,
38,-1.131,0.866,
39,0.682,0.886,
40,0.908,-0.021,
41,1.828,-1.672,
42,0.269,-2.427,
43,1.405,0.892,
44,1.364,-0.386,
45,-0.77,-0.321,
46,-1.195,1.867,
47,-1.244,0.06,
48,0.784,-0.678,
49,0.184,0.847,
50,1.317,-0.183,
51,-0.662,-1.864,
52,0.444,-0.581,
53,0.897,0.911,
54,0.68,1.337,
55,0.176,-0.532,
56,-0.166,0.621,
57,0.306,-2.161,
58,-0.071,1.481,
59,-0.151,-1.198,
60,-1.934,0.692,
61,1.757,0.306,
62,1.056,-0.432,
63,0.807,0.712,
64,-0.203,-0.719,
65,-0.438,-1.439,
66,-1.443,-1.827,
67,-0.706,-0.519,
68,1.215,1.275,
69,-0.863,-0.119,
70,0.897,-2.353,
71,1.398,0.061,
72,-0.475,0.497,
73,-2.552,-0.667,
74,0.318,-0.572,
75,-0.33,0.24,
76,2.002,0.084,
77,1.19,0.156,
78,0.72,-0.885,
79,-0.854,-1.233,
80,-0.192,-1.068,
81,-0.007,1.452,
82,-0.12,-0.418,
83,-0.598,-2.406,
84,1.685,0.062,
85,-0.278,0.316,
86,0.886,0.55,
87,-0.819,-0.62,
88,-2.894,-0.023,
89,2.145,-1.026,
90,0.016,-0.136,
91,1.846,-0.597,
92,0.494,0.835,
93,-0.822,-0.793,
94,1.337,-0.015,
95,-0.392,0.482,
96,-0.815,0.579,
97,0.723,-1.388,
98,-1.365,0.43,
99,-0.12,-0.665,
100,0.609,0.828,
101,-0.716,0.039,
102,-2.847,0.331,
103,0.916,-0.917,
104,-0.012,0.785,
105,0.122,0.117,
106,-0.235,-0.444,
107,0.151,-0.8,
108,2.33,-0.386,
109,0.311,-1.107,
110,-0.934,0.822,
111,-1.053,1.933,
112,-0.972,0.012,
113,-0.425,0.97,
114,-0.407,-0.068,
115,-2.06,0.54,
116,-1.055,-0.561,
117,-1.009,-0.02,
118,-0.037,1.197,
119,0.394,-0.146,
120,2.05,0.412,
121,0.619,-0.007,
122,0.844,0.462,
123,-0.08,0.033,
124,1.09,-0.699,
125,-0.679,0.778,
126,1.999,0.547,
127,0.661,-0.345,
128,1.13,0.172,
129,0.638,-0.195,
130,1.1,0.801,
131,0.526,0.042,
132,0.205,-0.914,
133,-0.187,0.374,
134,0.215,0.419,
135,-1.92,-1.363,
136,-0.81,-0.545,
137,-0.138,1.215,
138,0.992,-0.82,
139,-1.453,1.736,
140,-0.436,-0.341,
141,-1.087,0.267,
142,-0.127,-1.471,
143,0.234,-0.723,
144,1.414,0.924,
145,0.167,-0.738,
146,0.371,-0.696,
147,0.233,-0.274,
148,-0.707,0.064,
149,0.481,-0.491,
150,-1.655,-1.99,
151,-0.237,-0.366,
152,0.173,0.672,
153,0.387,-2.12,
154,-0.173,-0.35,
155,0.087,0.057,
156,-0.985,-1.314,
157,-0.405,-1.896,
158,1.67,0.182,
159,0.312,1.361,
160,-0.166,0.219,
161,1.473,-0.547,
162,-0.658,-1.135,
163,0.178,-0.419,
