1,0.494,1.286,
2,-0.132,-0.881,
3,-1.759,-0.629,
4,0.006,0.651,
5,-1.114,0.046,
6,-3.24,-0.15,
7,-2.081,1.412,
8,-1.846,0.113,
9,-1.684,0.281,
10,-0.508,0.539,
11,0.486,1.14,
12,0.933,-0.757,
13,0.585,0.263,
14,-1.381,1.138,
15,-3.421,-1.338,
16,1.157,0.844,
17,-0.983,0.641,
18,0.283,1.055,
19,-0.172,0.98,
20,-0.267,0.014,
21,1.554,-1.98,
22,-0.227,-0.11,
23,-0.768,-0.949,
24,-1.28,0.548,
25,-1.088,-0.474,
26,0.456,0.782,
27,-1.115,0.45,
28,0.972,1.138,
29,-0.513,0.878,
30,-0.289,0.78,
31,0.42,0.267,
32,0.123,0.025,
33,-1.21,-0.012,
34,0.091,0.811,
35,-0.255,0.964,
36,-1.547,0.948,
37,-0.293,0.322,
38,0.642,0.668,
39,-0.24,2.544,
40,-0.697,-0.078,
41,-0.335,-0.326,
42,1.568,-1.403,
43,0.273,0.121,
44,-0.026,1.097,
45,-0.418,0.139,
46,0.112,0.241,
47,-0.646,0.991,
48,-0.332,-0.241,
49,-1.29,-1.306,
50,0.586,0.099,
51,0.314,0.577,
52,-0.084,0.233,
53,-0.684,0.236,
54,-0.751,-0.531,
55,0.469,-0.116,
56,-0.365,2.37,
57,0.961,0.31,
58,-0.493,0.518,
59,-2.315,1.316,
60,0.536,-0.014,
61,-1.187,1.989,
62,0.097,-1.017,
63,0.264,-0.266,
64,-0.196,0.039,
65,-0.367,-0.202,
66,-0.248,-0.59,
67,-1.463,0.071,
68,-0.47,0.63,
69,-0.095,0.366,
70,0.606,-0.216,
71,0.345,-1.078,
72,-0.952,1.179,
73,-0.723,-0.292,
74,-0.251,0.039,
75,-2.199,0.605,
76,-0.231,-0.188,
77,0.083,-0.19,
78,1.228,1.159,
79,-0.769,0.346,
80,-0.603,0.208,
81,0.956,-0.365,
82,-0.922,0.179,
83,0.165,0.224,
84,-0.972,0.573,
85,-0.041,0.591,
86,-1.031,0.097,
87,-0.703,-0.608,
88,0.07,1.885,
89,-1.308,0.28,
90,-0.474,0.266,
91,-1.006,0.519,
92,-0.48,0.276,
93,0.726,1.133,
94,-0.718,0.051,
95,-0.852,-0.132,
96,-0.475,-0.762,
97,-0.063,0.043,
98,-0.542,0.653,
99,-0.613,-0.634,
100,-0.151,0.674,
101,0.376,0.251,
102,-1.554,0.305,
103,1.196,1.222,
104,0.014,0.228,
105,-0.692,1.589,
106,-0.119,0.191,
107,2.256,1.118,
108,0.094,0.295,
109,-0.839,-0.182,
110,-0.113,0.977,
111,0.149,-1.343,
112,-0.817,1.358,
113,-1.061,0.349,
114,0.071,0.065,
115,-1.116,-0.805,
116,0.882,0.983,
117,-0.76,-0.53,
118,-0.048,0.358,
119,0.141,0.926,
120,0.055,0.174,
121,-0.05,-0.456,
122,-0.872,0.618,
123,-1.168,0.988,
124,-0.831,-0.669,
125,-0.127,1.525,
126,-1.401,0.412,
127,-0.045,-1.047,
128,-0.071,0.156,
129,0.633,0.31,
130,1.178,-0.76,
131,-0.994,1.677,
132,-0.539,1.124,
133,-0.472,0.794,
134,-0.841,-0.661,
135,-0.314,-1.072,
136,0.292,-0.72,
137,-0.431,0.144,
138,0.264,-0.097,
139,-0.473,-0.002,
140,-0.51,-0.065,
141,-0.475,0.526,
142,0.587,-0.468,
143,0.078,1.862,
144,-0.122,0.251,
145,0.549,-0.557,
146,-0.463,0.794,
147,-0.092,-0.209,
148,0.258,-0.342,
149,1.17,-1.559,
150,-0.101,0.775,
151,1.207,0.269,
152,0.083,-0.124,
153,-0.293,0.32,
154,-0.47,1.737,
155,-0.451,-0.623,
156,-1.433,-0.36,
157,1.083,1.074,
158,0.14,-1.001,
159,0.367,-0.607,
160,-0.222,0.063,
161,-0.061,-0.311,
162,-0.62,0.465,
163,0.034,-1.487,
