1,-2.43,-1.641,
2,0.271,-0.175,
3,-0.664,-1.081,
4,0.389,-0.821,
5,-0.155,-1.843,
6,-0.055,1.276,
7,0.855,0.012,
8,0.25,-0.429,
9,-0.78,0.03,
10,-0.021,-0.435,
11,0.312,1.995,
12,-1.283,-1.863,
13,1.445,1.061,
14,0.082,-0.468,
15,-1.908,-0.059,
16,0.495,-1.752,
17,0.297,0.129,
18,0.104,-0.019,
19,0.652,0.58,
20,1.79,0.883,
21,0.67,0.211,
22,0.989,0.307,
23,0.014,-0.088,
24,-0.183,0.268,
25,0.088,2.274,
26,0.251,-0.87,
27,0.232,-0.085,
28,0.529,0.042,
29,-0.257,-1.548,
30,0.715,0.304,
31,0.69,0.291,
32,-0.159,-0.839,
33,-0.144,-0.52,
34,-1.674,1.083,
35,-1.901,-1.17,
36,-0.145,0.601,
37,0.544,0.247,
38,-0.067,-0.904,
39,0.706,-0.011,
40,-1.184,1.27,
41,0.275,0.458,
42,0.165,0.003,
43,0.088,1,
44,-0.122,-0.369,
45,-0.065,0.279,
46,-1.475,-0.608,
47,0.334,0.7,
48,-1.341,-0.627,
49,-0.059,-0.884,
50,-0.737,-0.368,
51,-0.909,0.004,
52,0.537,0.964,
53,-0.405,0.078,
54,1.156,-0.775,
55,-0.084,0.83,
56,0.165,0.609,
57,-0.638,-0.385,
58,0.61,0.288,
59,1.084,0.849,
60,-0.119,0.041,
61,0.246,-0.383,
62,-0.553,0.879,
63,-0.634,0.788,
64,-0.187,0.227,
65,-0.334,0.241,
66,0.321,0.082,
67,-0.36,-0.529,
68,0.068,0.459,
69,-0.847,0.063,
70,-0.355,-0.373,
71,0.28,-0.872,
72,0.496,-0.644,
73,-0.004,0.189,
74,-0.22,-0.217,
75,-2.016,0.021,
76,0.383,-0.462,
77,0.305,0.094,
78,0.128,0.621,
79,-0.934,-0.139,
80,-1.02,-0.082,
81,-0.684,0.824,
82,-0.443,-1.303,
83,-1.918,-0.218,
84,1.524,0.395,
85,-0.574,-0.175,
86,0.006,-0.539,
87,0.536,0.441,
88,-0.095,0.746,
89,0.031,-0.129,
90,-0.44,0.3,
91,0.259,0.832,
92,0.757,-1.435,
93,2.123,0.177,
94,0.53,0.854,
95,-0.202,1.651,
96,-0.692,0.963,
97,1.113,1.13,
98,0.099,0.251,
99,0.646,0.332,
100,-0.306,0.271,
101,0.013,0.124,
102,-0.212,-0.779,
103,-0.341,-1.145,
104,-0.776,-0.259,
105,1.099,0.702,
106,-0.599,-1.368,
107,-0.548,-0.247,
108,0.648,0.215,
109,0.182,-0.074,
110,-1.221,0.535,
111,-1.233,0.785,
112,-0.914,1.558,
113,0.161,-0.084,
114,0.108,0.811,
115,-0.777,0.48,
116,-0.164,-0.357,
117,0.99,0.583,
118,0.47,-0.794,
119,-0.403,0.112,
120,-0.144,-0.436,
121,-0.262,1.355,
122,-0.632,-0.502,
123,-0.841,-0.425,
124,-0.506,0.745,
125,-0.473,-0.285,
126,0.073,-0.371,
127,-0.398,0.561,
128,-0.31,-0.102,
129,0.615,0.856,
130,-0.988,-1.695,
131,0.547,1.455,
132,-0.6,1.543,
133,-0.252,0.535,
134,-0.731,-0.769,
135,-0.767,0.477,
136,-1.744,-0.836,
137,-0.95,0.599,
138,-0.366,0.029,
139,0.396,-1.046,
140,-0.033,0.055,
141,-0.108,-0.596,
142,-0.226,0.251,
143,-0.289,-0.311,
144,0.464,-0.456,
145,-0.182,-0.79,
146,-1.21,-0.608,
147,-1.681,-0.836,
148,-0.508,-0.113,
149,0.793,-0.447,
150,-0.317,0.054,
151,-1.083,0.543,
152,-0.85,-0.47,
153,0.221,-0.112,
154,1.485,0.29,
155,-0.162,0.123,
156,-0.413,0.035,
157,-0.449,0.044,
158,-0.494,-0.996,
159,-0.151,0.075,
160,0.406,-0.728,
161,-1.001,-0.272,
162,-1.241,-0.138,
163,0.619,-0.883,
