1,0.608,0.532,
2,0.376,-0.915,
3,0.333,-0.471,
4,0.58,-0.521,
5,0.845,-0.212,
6,-1.099,0.337,
7,0.392,0.2,
8,1.37,-0.023,
9,0.279,-0.941,
10,0.322,0.079,
11,0.545,0.241,
12,0.861,-1.12,
13,1.054,-0.294,
14,-0.289,0.284,
15,-0.304,-0.324,
16,0.717,-0.303,
17,0.78,-0.318,
18,0.484,-0.455,
19,-0.026,-0.268,
20,0.865,-0.855,
21,0.357,-0.541,
22,0.627,0.384,
23,0.072,-0.893,
24,0.126,-0.43,
25,-0.136,-0.656,
26,1.286,0.779,
27,0.443,0.647,
28,0.432,-0.214,
29,0.019,-0.355,
30,0.27,0.007,
31,0.153,0.195,
32,0.412,-0.77,
33,0.319,-0.34,
34,-0.599,-0.488,
35,0.678,0.441,
36,0.276,-0.028,
37,0.532,-0.439,
38,0.027,-0.065,
39,0.583,0.152,
40,0.818,-0.337,
41,1.211,-0.624,
42,0.946,-0.689,
43,0.71,-0.141,
44,1.132,-0.039,
45,-0.148,-0.283,
46,0.363,0.21,
47,-0.345,-0.087,
48,1.108,-0.771,
49,0.33,-0.74,
50,0.696,-0.403,
51,0.389,-0.816,
52,0.447,-0.281,
53,0.48,-0.946,
54,0.64,0.17,
55,0.525,-1.564,
56,0.399,0.042,
57,0.845,-0.928,
58,0.09,0.161,
59,-0.08,-0.88,
60,0.16,-0.536,
61,0.598,-0.255,
62,1.392,-0.409,
63,0.766,-0.268,
64,-0.199,-0.83,
65,0.523,-0.716,
66,0.602,-0.021,
67,-0.286,-0.681,
68,0.677,0.035,
69,0.376,0.461,
70,0.307,-0.546,
71,0.57,-0.564,
72,0.617,-0.121,
73,-0.576,-0.418,
74,0.578,-0.368,
75,-0.676,-0.496,
76,0.829,0.447,
77,0.762,-0.282,
78,0.314,-0.609,
79,-0.335,-0.243,
80,-0.121,-1.628,
81,0.635,-0.199,
82,0.516,-0.673,
83,-0.082,-1.188,
84,0.372,-0.321,
85,0.63,-0.084,
86,0.657,-0.258,
87,-0.27,-0.866,
88,-0.16,-0.492,
89,1.536,-0.523,
90,0.462,-0.682,
91,0.962,-0.276,
92,0.5,-0.722,
93,0.036,-0.028,
94,0.709,0.245,
95,0.475,-0.486,
96,0.27,-0.733,
97,0.747,-0.38,
98,-0.498,-1.158,
99,0.498,-0.478,
100,0.823,-0.469,
101,0.295,0.071,
102,-0.205,-0.537,
103,0.67,-0.059,
104,0.555,-0.251,
105,0.438,-0.413,
106,0.445,-0.174,
107,1.318,0.147,
108,0.634,-0.889,
109,0.556,-0.489,
110,0.644,-0.592,
111,0.237,0.15,
112,-0.553,-0.315,
113,0.168,-0.051,
114,0.112,-0.672,
115,-0.252,-1.387,
116,-0.354,-0.986,
117,0.986,-0.228,
118,0.325,0.034,
119,0.717,-0.228,
120,0.974,0.086,
121,0.172,-0.737,
122,0.943,0.156,
123,0.217,-1.16,
124,1.161,-1.119,
125,-0.203,-0.689,
126,0.921,-0.585,
127,0.703,-0.89,
128,0.325,-0.052,
129,0.897,-0.653,
130,0.733,-0.353,
131,0.917,0.626,
132,0.225,-0.733,
133,0.129,-0.374,
134,0.388,-0.229,
135,-0.257,-0.969,
136,0.282,-0.608,
137,0.17,-0.054,
138,0.317,-0.541,
139,-0.294,-0.569,
140,0.505,-0.48,
141,0.192,-0.758,
142,0.318,-0.7,
143,0.271,-0.451,
144,0.19,-0.063,
145,0.439,-1.178,
146,0.807,-0.323,
147,0.405,-0.56,
148,-0.045,-0.464,
149,0.475,-2.061,
150,-0.612,-0.333,
151,1.241,-0.343,
152,0.045,0.196,
153,0.56,-0.934,
154,0.167,-0.871,
155,0.011,-0.287,
156,-0.302,-0.249,
157,0.073,-0.793,
158,1.469,-0.203,
159,0.55,-0.117,
160,0.214,-0.278,
161,1.176,-0.445,
162,0.455,-0.712,
163,0.735,-1.387,
