1,-2.919,-2.299,
2,0.422,-0.455,
3,-1.094,-1.312,
4,0.475,-0.965,
5,-0.319,-2.228,
6,-0.058,1.802,
7,1.419,0.296,
8,0.493,-0.414,
9,-1.102,0.114,
10,0.299,-0.633,
11,0.362,2.478,
12,-1.604,-2.172,
13,1.751,1.363,
14,-0.128,-0.424,
15,-2.236,-0.1,
16,0.484,-2.353,
17,0.58,0.148,
18,0.164,-0.278,
19,1.301,0.755,
20,2.563,1.314,
21,0.932,0.302,
22,1.406,0.439,
23,0.086,-0.022,
24,-0.371,0.28,
25,-0.239,2.862,
26,0.337,-0.923,
27,0.245,-0.142,
28,0.64,0.033,
29,-0.176,-2.327,
30,0.652,0.252,
31,0.891,0.514,
32,-0.139,-1.088,
33,-0.24,-0.725,
34,-2.21,1.389,
35,-2.503,-0.906,
36,-0.535,0.816,
37,0.665,0.281,
38,-0.139,-1.191,
39,0.704,0.13,
40,-1.405,1.771,
41,0.346,0.573,
42,0.236,0.173,
43,0.007,1.457,
44,-0.217,-0.585,
45,-0.318,0.291,
46,-2.255,-0.791,
47,0.17,0.925,
48,-1.814,-0.748,
49,-0.296,-1.507,
50,-1.015,-0.598,
51,-1.19,-0.027,
52,0.682,1.251,
53,-0.456,-0.092,
54,1.62,-0.834,
55,-0.175,1.279,
56,0.151,0.608,
57,-0.825,-0.589,
58,0.912,0.39,
59,1.464,0.97,
60,-0.1,-0.097,
61,0.325,-0.554,
62,-0.9,1.04,
63,-0.909,1.235,
64,-0.238,0.222,
65,-0.33,0.304,
66,0.391,0.181,
67,-0.413,-0.867,
68,-0.083,0.587,
69,-1.485,0.132,
70,-0.395,-0.379,
71,0.363,-1.114,
72,0.688,-0.883,
73,-0.175,0.002,
74,-0.617,-0.28,
75,-2.741,-0.033,
76,0.331,-0.261,
77,0.41,-0.076,
78,-0.06,0.332,
79,-1.054,-0.395,
80,-1.257,-0.159,
81,-0.957,1.229,
82,-0.717,-1.488,
83,-2.624,-0.285,
84,1.607,0.396,
85,-0.496,-0.243,
86,-0.03,-0.583,
87,0.729,0.478,
88,0.146,0.784,
89,0.273,-0.054,
90,-0.422,0.385,
91,0.164,1.348,
92,0.959,-1.673,
93,2.723,0.036,
94,0.75,1.048,
95,-0.008,2.034,
96,-1.178,1.332,
97,1.477,1.64,
98,0.203,0.111,
99,0.526,0.654,
100,-0.931,0.288,
101,0.086,0.229,
102,-0.389,-1.158,
103,-0.5,-1.525,
104,-0.897,-0.423,
105,1.393,0.753,
106,-0.607,-1.437,
107,-0.712,-0.099,
108,0.876,0.253,
109,0.117,0.051,
110,-1.734,0.775,
111,-1.543,1.139,
112,-1.252,2.147,
113,0.405,-0.181,
114,0.056,0.934,
115,-1.197,0.657,
116,-0.177,-0.526,
117,1.514,0.469,
118,0.592,-1.058,
119,-0.632,0.199,
120,-0.106,-0.709,
121,-0.303,2.05,
122,-0.887,-0.285,
123,-1.013,-0.614,
124,-0.699,0.743,
125,-0.818,-0.305,
126,0.027,-0.497,
127,-0.423,0.853,
128,-0.279,-0.287,
129,0.633,1.153,
130,-1.271,-2.149,
131,0.83,1.895,
132,-0.764,2.087,
133,-0.309,0.639,
134,-0.944,-0.943,
135,-1.204,0.656,
136,-2.377,-0.765,
137,-1.305,0.631,
138,-0.676,0.038,
139,0.559,-1.176,
140,0.031,0.103,
141,-0.102,-0.894,
142,-0.226,0.46,
143,-0.394,-0.37,
144,0.158,-0.136,
145,-0.278,-1.006,
146,-1.543,-0.889,
147,-2.254,-1.343,
148,-0.675,-0.185,
149,1.379,-0.649,
150,-0.331,-0.1,
151,-1.334,0.522,
152,-1.057,-0.661,
153,0.209,0.056,
154,1.726,0.268,
155,-0.26,0.078,
156,-0.466,-0.189,
157,-0.652,-0.103,
158,-0.899,-1.572,
159,-0.102,0.111,
160,0.503,-1.056,
161,-1.407,-0.327,
162,-1.419,-0.284,
163,0.664,-1.118,
