1,-0.467,-0.455,
2,-0.383,-0.033,
3,0.556,-0.308,
4,-0.262,0.268,
5,-0.002,-0.379,
6,0.099,0.02,
7,0.314,-0.355,
8,-0.026,-0.57,
9,1.725,-0.064,
10,-0.03,-0.19,
11,-0.215,-0.355,
12,0.461,0.141,
13,0.033,0.088,
14,0.082,-0.355,
15,-0.272,0.102,
16,0.702,-0.28,
17,-0.24,-0.249,
18,0.117,0.413,
19,-0.64,0.532,
20,-0.119,0.127,
21,0.031,0.05,
22,0.151,0.069,
23,0.254,-0.992,
24,-0.258,-0.311,
25,0.384,-0.396,
26,-0.857,-0.774,
27,-0.808,-0.251,
28,0.371,-0.013,
29,0.035,0.607,
30,0.673,0.306,
31,-0.182,-0.45,
32,0.291,-0.25,
33,-0.554,-0.123,
34,0.208,-0.918,
35,-0.203,0.093,
36,0.473,0.339,
37,0.662,0.224,
38,0.283,-0.233,
39,0.499,-0.372,
40,0.473,-0.217,
41,0.243,0.765,
42,0.127,0.276,
43,0.437,0.612,
44,0.138,-0.584,
45,-0.169,0.026,
46,-0.137,0.004,
47,0.081,0.624,
48,-0.38,-0.531,
49,0.129,-0.383,
50,0.622,0.356,
51,-0.533,-0.705,
52,-0.365,0.537,
53,-0.409,0.748,
54,-0.365,-0.119,
55,-0.266,0.149,
56,-0.507,0.314,
57,0.262,0.003,
58,-0.919,0.186,
59,0.075,-0.366,
60,-0.012,0.085,
61,-0.587,-0.079,
62,0.151,-0.208,
63,0.698,0.876,
64,0.097,0.685,
65,0.171,0.197,
66,0.461,0.205,
67,0.765,0.732,
68,0.264,-0.199,
69,0.298,-0.021,
70,0.488,-0.451,
71,0.644,-0.276,
72,0.058,-0.714,
73,1.059,0.123,
74,1.002,-0.057,
75,0.334,0.664,
76,0.235,-0.939,
77,0.085,1.05,
78,0.371,0.505,
79,0.531,0.69,
80,-0.073,0.511,
81,-0.312,-0.608,
82,-0.052,0.673,
83,0.155,0.162,
84,0.341,0.212,
85,-0.063,0.036,
86,0.653,-0.367,
87,0.04,-0.252,
88,0.121,0.325,
89,-1.065,0.336,
90,-0.657,0.558,
91,0.041,0.234,
92,0.003,-0.017,
93,0.749,1.041,
94,-0.456,0.882,
95,0.754,-0.224,
96,0.134,-0.511,
97,-0.364,-0.198,
98,-0.012,-1.003,
99,0.43,0.035,
100,0.259,-0.784,
101,-0.239,-0.21,
102,-0.141,-0.315,
103,0.121,-0.808,
104,0.59,-0.346,
105,-0.375,0.838,
106,0.034,-0.969,
107,-0.294,-0.374,
108,0.61,-0.627,
109,0.103,-0.972,
110,-0.821,-1.541,
111,0.118,-0.262,
112,1.101,0.04,
113,0.205,0.107,
114,-0.034,0.073,
115,-0.092,0.436,
116,-0.258,-0.134,
117,1.286,-0.308,
118,0.002,-0.009,
119,0.221,0.033,
120,-0.2,-0.012,
121,-0.045,-0.191,
122,0.208,0.085,
123,0.079,-0.202,
124,-0.509,-0.153,
125,0.331,0.139,
126,0.173,-0.299,
127,0.23,-0.075,
128,-0.434,0.439,
129,0.344,0.096,
130,-0.069,0.073,
131,0.455,-0.322,
132,-0.109,0.518,
133,0.046,-0.762,
134,-0.5,0.507,
135,-0.414,-0.09,
136,0.056,-0.259,
137,0.476,0.185,
138,-0.057,0.076,
139,-0.187,0.388,
140,-0.589,-0.183,
141,-0.421,0.371,
142,0.497,-0.416,
143,0.117,-0.222,
144,0.75,-0.744,
145,-0.383,0.505,
146,-0.381,0.012,
147,-0.095,0.213,
148,-1.051,-0.403,
149,-0.02,-0.13,
150,0.52,-1.014,
151,-0.148,0.184,
152,0.559,-0.457,
153,0.064,-0.01,
154,-0.798,0.29,
155,0.018,-0.364,
156,0.299,0.59,
157,0.431,0.226,
158,-0.143,0.165,
159,0.162,0.561,
160,-0.361,0.069,
161,-0.132,-0.1,
162,0.66,0.576,
163,0.277,-0.273,
