1,1.928,2.045,
2,0.369,-1.293,
3,0.41,0.837,
4,0.393,-0.027,
5,0.905,-1.065,
6,-0.338,2.073,
7,-0.079,-0.37,
8,3.445,1.215,
9,1.305,0.214,
10,0.11,-0.134,
11,-1.967,0.206,
12,1.712,-2.932,
13,-0.203,0.371,
14,-2.083,1.067,
15,-0.384,-0.013,
16,0.141,2.659,
17,1.498,-0.422,
18,0.047,0.762,
19,-2.007,-0.257,
20,1.025,0.272,
21,-0.215,-1.053,
22,1.195,1.329,
23,-0.945,-0.746,
24,-0.493,1.452,
25,-1.779,0.175,
26,2.059,1.581,
27,0.152,2.901,
28,-0.139,-0.766,
29,-0.507,-0.931,
30,0.222,-0.696,
31,-0.433,-0.684,
32,-0.287,-0.824,
33,1.422,-1.246,
34,-0.681,-0.12,
35,0.157,0.493,
36,0.181,0.846,
37,0.719,-0.121,
38,-1.392,1.107,
39,0.633,1.039,
40,1.49,0.018,
41,2.214,-2.016,
42,0.142,-2.822,
43,1.685,1.103,
44,1.471,-0.599,
45,-0.643,-0.715,
46,-1.689,1.882,
47,-1.392,0.193,
48,0.231,-0.929,
49,0.834,0.586,
50,1.616,0.374,
51,-0.322,-1.981,
52,0.444,-0.85,
53,0.688,0.772,
54,0.975,1.887,
55,0.408,-1.028,
56,-0.322,0.454,
57,0.582,-2.478,
58,-0.105,1.877,
59,-0.601,-1.195,
60,-2.392,0.842,
61,1.443,0.099,
62,0.505,-0.395,
63,1.615,0.861,
64,-0.529,-0.859,
65,-0.596,-1.833,
66,-1.564,-1.948,
67,-0.989,-0.479,
68,1.106,1.357,
69,-0.94,-0.451,
70,1.341,-2.838,
71,1.221,0.311,
72,-0.781,0.874,
73,-2.898,-1.284,
74,-0.24,-0.842,
75,0.167,-0.032,
76,1.797,0.602,
77,2.109,0.365,
78,0.868,-1.382,
79,-0.953,-1.502,
80,-0.466,-1.79,
81,-0.045,1.483,
82,-0.004,-0.472,
83,-1.017,-2.876,
84,1.991,0.011,
85,0.116,0.617,
86,0.984,0.873,
87,-1.157,-0.699,
88,-2.822,0.201,
89,2.117,-1.429,
90,0.329,-0.257,
91,2.386,-1.125,
92,0.585,0.852,
93,-1.056,-1.096,
94,1.504,0.28,
95,-0.635,0.417,
96,-1.211,0.486,
97,0.445,-1.789,
98,-1.695,0.583,
99,-0.105,-0.907,
100,1.153,1.192,
101,-0.957,0.139,
102,-2.677,0.253,
103,2.108,-1.327,
104,0.434,0.884,
105,-0.057,0.373,
106,0.029,-0.171,
107,0.509,-0.947,
108,2.439,-0.233,
109,0.55,-0.841,
110,-1.596,0.957,
111,-1.118,2.236,
112,-1.299,-0.039,
113,-0.558,1.413,
114,-0.912,-0.086,
115,-3.053,0.242,
116,-1.009,-1.071,
117,-1.135,0.01,
118,0.024,1.59,
119,0.713,-0.149,
120,2.694,0.438,
121,0.876,0.236,
122,1.029,0.848,
123,-0.635,0.043,
124,1.288,-0.988,
125,-0.852,1.218,
126,2.3,0.339,
127,0.173,-0.365,
128,1.732,-0.246,
129,0.987,-0.323,
130,1.039,1.044,
131,0.763,0.163,
132,0.709,-0.886,
133,-0.225,0.453,
134,-0.21,0.524,
135,-2.349,-1.434,
136,-0.973,-0.604,
137,-0.406,1.312,
138,0.779,-1.203,
139,-1.302,1.257,
140,-0.099,-0.787,
141,-1.125,0.252,
142,-0.209,-1.464,
143,-0.052,-0.936,
144,1.65,1.001,
145,0.291,-0.908,
146,0.394,-1.208,
147,0.005,-0.826,
148,-1.196,-0.313,
149,0.046,-0.382,
150,-2.063,-1.546,
151,0.101,-1.27,
152,0.195,0.806,
153,0.373,-2.089,
154,-0.097,-0.46,
155,-0.234,-0.128,
156,-1.145,-1.326,
157,0.106,-1.598,
158,1.843,0.65,
159,0.855,0.897,
160,0.052,-0.627,
161,1.368,-1.108,
162,-0.771,-2.224,
163,0.858,-0.216,
