1,0.635,0.922,
2,0.465,-0.805,
3,0.444,-0.188,
4,0.486,-0.351,
5,0.991,-0.232,
6,-0.893,0.678,
7,0.231,-0.037,
8,1.936,0.288,
9,0.446,-0.749,
10,0.473,0.066,
11,0.077,0.388,
12,0.974,-1.45,
13,0.938,-0.078,
14,-0.779,0.741,
15,-0.412,-0.441,
16,0.882,0.331,
17,1.412,-0.299,
18,0.545,-0.359,
19,-0.559,-0.425,
20,1.008,-1.186,
21,0.149,-0.829,
22,0.952,0.97,
23,-0.312,-0.987,
24,-0.179,-0.068,
25,-0.626,-0.672,
26,1.878,1.32,
27,0.325,1.641,
28,0.181,-0.413,
29,-0.227,-0.458,
30,0.121,-0.155,
31,-0.034,0.178,
32,0.266,-0.825,
33,0.309,-0.328,
34,-0.752,-0.503,
35,0.555,0.589,
36,0.18,0.349,
37,0.745,-0.406,
38,-0.29,0.387,
39,0.671,0.515,
40,1.236,-0.249,
41,1.562,-1.076,
42,0.891,-1.161,
43,0.834,-0.01,
44,1.373,-0.183,
45,-0.563,-0.428,
46,0.011,0.493,
47,-0.513,0.496,
48,0.805,-0.968,
49,0.602,-0.746,
50,1.154,-0.068,
51,0.241,-1.152,
52,0.424,-0.295,
53,0.218,-0.968,
54,0.696,0.533,
55,0.741,-1.856,
56,0.306,0.142,
57,1.126,-1.278,
58,0.01,0.32,
59,-0.392,-0.986,
60,-0.256,-0.46,
61,0.501,-0.256,
62,1.227,-0.39,
63,1.226,-0.156,
64,-0.386,-0.831,
65,0.315,-0.896,
66,0.386,-0.248,
67,-0.597,-0.651,
68,0.768,0.29,
69,0.083,0.277,
70,0.43,-0.85,
71,0.595,-0.446,
72,0.399,0.217,
73,-1.154,-0.746,
74,0.238,-0.525,
75,-0.62,-0.505,
76,1.067,0.925,
77,1.376,-0.036,
78,0.437,-0.906,
79,-0.329,-0.34,
80,-0.434,-2.127,
81,0.557,-0.079,
82,0.409,-0.866,
83,-0.553,-1.841,
84,0.55,-0.195,
85,0.612,0.175,
86,0.773,-0.252,
87,-0.82,-0.861,
88,-0.917,-0.19,
89,1.85,-0.739,
90,0.495,-0.715,
91,1.412,-0.706,
92,0.508,-0.682,
93,-0.08,-0.193,
94,1.149,0.402,
95,0.227,-0.341,
96,-0.114,-0.689,
97,0.555,-0.664,
98,-0.827,-1.089,
99,0.482,-0.618,
100,1.18,-0.265,
101,0.113,0.17,
102,-0.57,-0.501,
103,1.292,-0.386,
104,0.797,-0.069,
105,0.358,-0.234,
106,0.477,-0.086,
107,1.541,-0.047,
108,0.893,-0.909,
109,0.623,-0.567,
110,0.251,-0.678,
111,0.053,0.602,
112,-0.774,-0.209,
113,-0.029,0.347,
114,-0.216,-0.613,
115,-1.04,-1.123,
116,-0.708,-1.26,
117,1.029,-0.32,
118,0.283,0.479,
119,0.933,-0.122,
120,1.435,0.451,
121,0.187,-0.761,
122,1.033,0.43,
123,0.177,-1.038,
124,1.325,-1.311,
125,-0.52,-0.344,
126,1.132,-0.564,
127,0.493,-0.93,
128,0.612,-0.161,
129,1.197,-0.772,
130,0.705,-0.297,
131,1.052,0.618,
132,0.444,-0.905,
133,0.067,-0.337,
134,0.308,-0.187,
135,-0.927,-1.193,
136,0.12,-0.674,
137,0.064,0.1,
138,0.272,-0.803,
139,-0.341,-0.518,
140,0.608,-0.659,
141,0.107,-0.613,
142,0.331,-0.734,
143,-0.019,-0.726,
144,0.361,0.152,
145,0.482,-1.409,
146,0.553,-0.774,
147,0.248,-0.829,
148,-0.364,-0.602,
149,0.331,-1.849,
150,-0.794,-0.476,
151,1.262,-0.905,
152,-0.02,0.299,
153,0.52,-1.083,
154,0.098,-1.06,
155,-0.179,-0.26,
156,-0.673,-0.534,
157,0.329,-0.817,
158,1.705,0.138,
159,0.765,0,
160,0.258,-0.642,
161,1.404,-0.669,
162,0.185,-1.379,
163,0.794,-1.215,
