1,0.462,0.518,
2,0.483,-0.721,
3,0.354,-0.392,
4,0.535,-0.422,
5,0.844,-0.106,
6,-0.929,0.245,
7,0.422,0.086,
8,1.429,0.053,
9,0.272,-0.933,
10,0.382,0.126,
11,0.513,0.303,
12,0.835,-1.061,
13,1.11,-0.235,
14,-0.37,0.379,
15,-0.287,-0.523,
16,0.828,-0.209,
17,1.023,-0.269,
18,0.561,-0.493,
19,-0.041,-0.412,
20,0.754,-1.047,
21,0.32,-0.669,
22,0.666,0.444,
23,0.014,-0.902,
24,0.002,-0.374,
25,-0.262,-0.471,
26,1.468,0.994,
27,0.445,0.84,
28,0.304,-0.358,
29,-0.018,-0.306,
30,0.191,-0.04,
31,0.164,0.247,
32,0.434,-0.785,
33,0.251,-0.252,
34,-0.505,-0.614,
35,0.627,0.5,
36,0.183,0.111,
37,0.668,-0.43,
38,0.062,-0.112,
39,0.663,0.239,
40,0.948,-0.356,
41,1.245,-0.656,
42,0.982,-0.689,
43,0.702,-0.222,
44,1.163,-0.067,
45,-0.249,-0.32,
46,0.346,0.14,
47,-0.324,-0.115,
48,0.994,-0.833,
49,0.455,-0.856,
50,0.835,-0.287,
51,0.404,-0.821,
52,0.443,-0.31,
53,0.354,-1.065,
54,0.686,0.177,
55,0.613,-1.729,
56,0.379,0.015,
57,1.019,-0.911,
58,0.076,0.134,
59,-0.2,-0.837,
60,0.166,-0.589,
61,0.396,-0.313,
62,1.287,-0.359,
63,0.973,-0.297,
64,-0.28,-0.859,
65,0.512,-0.683,
66,0.669,0.008,
67,-0.354,-0.684,
68,0.675,0.011,
69,0.36,0.495,
70,0.284,-0.5,
71,0.495,-0.583,
72,0.644,-0.122,
73,-0.594,-0.507,
74,0.459,-0.385,
75,-0.545,-0.572,
76,0.838,0.606,
77,0.915,-0.236,
78,0.336,-0.635,
79,-0.288,-0.219,
80,-0.227,-1.8,
81,0.634,-0.317,
82,0.521,-0.762,
83,-0.255,-1.177,
84,0.385,-0.299,
85,0.69,-0.023,
86,0.639,-0.21,
87,-0.369,-0.861,
88,-0.039,-0.38,
89,1.466,-0.528,
90,0.531,-0.713,
91,1.033,-0.347,
92,0.481,-0.826,
93,0.046,-0.037,
94,0.714,0.264,
95,0.393,-0.513,
96,0.19,-0.784,
97,0.67,-0.378,
98,-0.432,-1.229,
99,0.549,-0.53,
100,0.914,-0.512,
101,0.284,0.099,
102,-0.058,-0.667,
103,0.924,-0.144,
104,0.712,-0.27,
105,0.385,-0.397,
106,0.511,-0.134,
107,1.448,0.228,
108,0.615,-0.881,
109,0.605,-0.485,
110,0.652,-0.7,
111,0.225,0.166,
112,-0.555,-0.301,
113,0.164,0.023,
114,0.027,-0.732,
115,-0.351,-1.487,
116,-0.389,-1.115,
117,1.107,-0.244,
118,0.357,0.011,
119,0.818,-0.193,
120,1.036,0.181,
121,0.174,-0.684,
122,0.935,0.239,
123,0.225,-1.218,
124,1.207,-1.19,
125,-0.261,-0.599,
126,0.874,-0.705,
127,0.601,-0.954,
128,0.399,-0.124,
129,1.05,-0.743,
130,0.665,-0.4,
131,1.021,0.68,
132,0.287,-0.775,
133,0.124,-0.409,
134,0.39,-0.28,
135,-0.364,-0.992,
136,0.357,-0.659,
137,0.133,-0.122,
138,0.22,-0.614,
139,-0.152,-0.826,
140,0.631,-0.574,
141,0.28,-0.818,
142,0.318,-0.643,
143,0.148,-0.525,
144,0.217,-0.087,
145,0.475,-1.247,
146,0.819,-0.476,
147,0.35,-0.701,
148,-0.181,-0.556,
149,0.438,-2.047,
150,-0.629,-0.435,
151,1.362,-0.532,
152,0.03,0.171,
153,0.563,-0.855,
154,0.172,-0.99,
155,-0.06,-0.328,
156,-0.394,-0.259,
157,0.235,-0.679,
158,1.429,-0.147,
159,0.648,-0.25,
160,0.261,-0.476,
161,1.212,-0.502,
162,0.431,-0.974,
163,0.919,-1.305,
