1,2.145,1.537,
2,0.308,-0.937,
3,0.465,0.71,
4,0.336,-0.015,
5,0.489,-0.744,
6,-0.292,2.037,
7,-0.031,-0.483,
8,2.937,0.838,
9,0.8,0.437,
10,0.276,-0.55,
11,-1.707,0.137,
12,1.797,-2.448,
13,-0.261,-0.431,
14,-1.896,0.768,
15,-0.276,-0.001,
16,0.079,2.565,
17,0.47,-0.502,
18,-0.508,0.374,
19,-1.745,-0.242,
20,0.823,1.118,
21,0.124,-0.297,
22,1.349,0.899,
23,-0.785,-1.047,
24,0.125,0.532,
25,-1.473,0.351,
26,1.36,0.876,
27,-0.07,1.311,
28,0.347,-0.118,
29,-0.263,-0.559,
30,0.353,-0.064,
31,-0.476,-0.346,
32,-0.189,-0.606,
33,1.382,-1.179,
34,-0.742,0.17,
35,0.436,-0.032,
36,0.314,0.508,
37,0.611,-0.078,
38,-1.076,0.87,
39,0.643,0.86,
40,0.926,0.054,
41,1.804,-1.615,
42,0.255,-2.38,
43,1.367,0.961,
44,1.364,-0.289,
45,-0.764,-0.212,
46,-1.073,1.929,
47,-1.283,0.116,
48,0.211,-0.488,
49,0.967,0.885,
50,0.971,-0.403,
51,-0.592,-1.867,
52,0.542,-0.593,
53,0.914,0.847,
54,0.636,1.183,
55,0.037,-0.567,
56,-0.163,0.597,
57,0.237,-2.091,
58,-0.165,1.706,
59,-0.08,-1.081,
60,-1.712,0.707,
61,0.967,0.198,
62,0.757,-0.439,
63,0.389,0.779,
64,-0.143,-0.698,
65,-0.297,-1.539,
66,-1.487,-1.777,
67,-0.692,-0.595,
68,1.156,1.264,
69,-0.832,-0.069,
70,1.181,-2.579,
71,1.302,0.09,
72,-0.618,0.448,
73,-2.396,-0.553,
74,0.612,-0.563,
75,-0.069,0.316,
76,1.615,-0.004,
77,0.687,0.019,
78,0.748,-0.883,
79,-0.976,-1.474,
80,-0.078,-0.807,
81,-0.024,1.521,
82,-0.098,-0.378,
83,-0.367,-2.424,
84,1.58,-0.153,
85,-0.409,0.243,
86,0.723,0.46,
87,-0.413,-0.546,
88,-2.555,-0.033,
89,1.826,-0.872,
90,-0.258,-0.053,
91,1.825,-0.521,
92,0.648,1.067,
93,-0.865,-0.745,
94,1.218,-0.005,
95,-0.227,0.465,
96,-0.596,0.521,
97,0.831,-1.293,
98,-1.3,0.561,
99,-0.312,-0.671,
100,0.55,0.775,
101,-0.199,-0.018,
102,-2.348,0.264,
103,1.525,-0.893,
104,-0.424,0.884,
105,0.291,0.156,
106,-0.145,-0.547,
107,-0.002,-0.821,
108,2.326,-0.507,
109,0.292,-0.972,
110,-0.967,0.968,
111,-1.029,1.905,
112,-1.073,-0.051,
113,-0.51,0.837,
114,-0.169,0.04,
115,-2.32,0.55,
116,-0.23,-0.56,
117,-1.215,-0.019,
118,-0.036,1.1,
119,0.361,-0.291,
120,2.128,0.238,
121,0.668,-0.126,
122,1.016,0.499,
123,-0.014,0.022,
124,0.939,-0.729,
125,-0.536,0.663,
126,1.96,0.58,
127,0.258,-0.43,
128,1.312,-0.185,
129,0.307,0.121,
130,1.148,0.804,
131,0.476,0.027,
132,0.203,-0.9,
133,-0.216,0.392,
134,0.251,0.351,
135,-1.882,-1.354,
136,-0.819,-0.519,
137,-0.104,1.476,
138,0.764,-1.022,
139,-1.146,1.15,
140,-0.566,-0.259,
141,-1.306,0.577,
142,-0.141,-1.467,
143,0.456,-0.641,
144,1.258,0.789,
145,0.227,-0.717,
146,0.557,-0.217,
147,0.344,-0.114,
148,-0.948,-0.473,
149,0.303,-0.126,
150,-1.803,-1.895,
151,-0.357,-0.252,
152,0.161,0.991,
153,0.345,-2.178,
154,-0.092,0.078,
155,0.148,0.111,
156,-0.863,-1.117,
157,-0.188,-1.486,
158,1.4,0.566,
159,0.593,0.721,
160,-0.026,-0.043,
161,1.179,-1.098,
162,-0.957,-1.681,
163,0.396,-0.078,
