1,0.942,2.024,
2,-0.226,-0.802,
3,-2.146,-1.071,
4,0.023,0.615,
5,-1.265,-0.038,
6,-3.355,0.537,
7,-1.474,2.641,
8,-1.132,0.364,
9,-1.516,0.972,
10,-0.746,0.61,
11,0.71,1.743,
12,1.157,-1.122,
13,0.195,0.448,
14,-1.949,1.156,
15,-3.353,-0.324,
16,0.547,1.336,
17,-1.595,0.529,
18,0.568,1.017,
19,0.013,0.906,
20,-0.181,0.831,
21,1.521,-0.989,
22,-0.295,-0.354,
23,-1.018,-0.551,
24,-1.216,0.441,
25,-1.143,-0.313,
26,-0.633,0.523,
27,-1.616,0.22,
28,1.234,0.738,
29,-0.21,0.447,
30,-0.212,1.577,
31,0.436,0.894,
32,0.054,0.035,
33,-1.429,1.052,
34,0.067,0.807,
35,-0.254,1.355,
36,-1.824,0.997,
37,-0.559,0.191,
38,0.454,-0.193,
39,-0.136,3.036,
40,-1.008,-0.003,
41,-0.932,-0.579,
42,1.188,-0.923,
43,0.207,0.237,
44,0.208,1.863,
45,-0.614,0.249,
46,0.104,1.09,
47,-0.479,0.543,
48,0.572,-0.311,
49,-1.229,-1.062,
50,0.301,-0.226,
51,-0.546,0.472,
52,-0.035,0.552,
53,-0.373,0.222,
54,-1.196,-0.326,
55,0.384,-0.126,
56,-0.219,1.272,
57,1.013,1.141,
58,-0.748,0.699,
59,-2.275,1.244,
60,0.403,-0.219,
61,-1.028,2.388,
62,1.095,-0.78,
63,-0.11,-0.211,
64,-0.466,-0.442,
65,-0.301,-0.26,
66,0.517,0.629,
67,-1.631,0.181,
68,-0.776,1.121,
69,-0.367,1.135,
70,0.585,0.123,
71,-0.435,0.537,
72,-1.253,1.408,
73,-0.876,-0.128,
74,-0.594,0.259,
75,-2.42,1.898,
76,0.279,0.254,
77,-0.321,-0.276,
78,1.333,1.267,
79,-0.786,0.187,
80,-1.039,1.392,
81,0.816,0.234,
82,-1.2,0.436,
83,0.423,0.203,
84,-0.825,0.467,
85,0.331,1.243,
86,-1.409,0.146,
87,-0.641,-0.793,
88,-0.072,1.562,
89,0.744,0.211,
90,-0.942,0.597,
91,-0.534,0.703,
92,-1.009,0.545,
93,1.028,1.74,
94,-0.996,0.24,
95,-0.654,-0.363,
96,0.48,-0.95,
97,0.233,0.318,
98,-1.062,0.374,
99,-0.644,-0.228,
100,-0.588,1.117,
101,-0.024,0.824,
102,-1.806,0.28,
103,0.338,0.457,
104,-0.341,0.219,
105,-0.31,1.68,
106,-0.044,0.94,
107,1.746,1.499,
108,0.144,0.692,
109,-1.094,-0.421,
110,0.09,0.783,
111,-0.051,-1.157,
112,-1.245,1.318,
113,-1.246,0.091,
114,0.406,0.133,
115,0.067,-0.829,
116,0.442,1.295,
117,-1.121,-0.509,
118,-0.184,0.648,
119,0.731,0.898,
120,-0.001,0.146,
121,-0.21,-0.412,
122,-0.738,0.06,
123,-1.609,0.794,
124,-0.902,-0.627,
125,-0.297,1.124,
126,-1.275,0.92,
127,0.293,-0.904,
128,-0.361,0.573,
129,0.299,0.531,
130,1.33,-0.703,
131,-0.723,2.066,
132,-0.489,1.098,
133,-0.562,1.282,
134,-1.598,-0.657,
135,-1.207,-1.371,
136,0.134,-0.622,
137,-0.411,0.849,
138,1.105,0.82,
139,-0.91,0.22,
140,-0.216,-0.786,
141,-0.456,0.242,
142,0.503,-0.44,
143,-0.475,2.224,
144,-0.456,0.375,
145,-0.108,-0.895,
146,-0.618,0.963,
147,0.071,0.179,
148,0.029,0.036,
149,0.998,-2.555,
150,-0.321,0.174,
151,1.46,0.688,
152,0.033,0.4,
153,-0.405,0.167,
154,-1.038,2.205,
155,-0.549,0.017,
156,-1.95,-0.569,
157,0.303,0.008,
158,0.753,-1.131,
159,0.402,-0.301,
160,-0.454,0.445,
161,0.142,0.896,
162,-0.759,0.791,
163,-0.171,-1.793,
