1,-0.474,-0.473,
2,-0.403,-0.069,
3,0.552,-0.337,
4,-0.254,0.229,
5,0.008,-0.417,
6,0.112,-0.008,
7,0.298,-0.373,
8,-0.047,-0.602,
9,1.713,-0.072,
10,-0.034,-0.191,
11,-0.215,-0.352,
12,0.459,0.136,
13,0.035,0.084,
14,0.103,-0.392,
15,-0.255,0.081,
16,0.682,-0.314,
17,-0.243,-0.245,
18,0.113,0.409,
19,-0.636,0.532,
20,-0.119,0.132,
21,0.029,0.058,
22,0.148,0.072,
23,0.251,-0.987,
24,-0.256,-0.31,
25,0.413,-0.425,
26,-0.879,-0.793,
27,-0.8,-0.248,
28,0.371,-0.01,
29,0.03,0.6,
30,0.673,0.303,
31,-0.178,-0.447,
32,0.29,-0.249,
33,-0.549,-0.124,
34,0.203,-0.906,
35,-0.2,0.093,
36,0.501,0.317,
37,0.627,0.211,
38,0.278,-0.234,
39,0.502,-0.37,
40,0.464,-0.216,
41,0.242,0.759,
42,0.133,0.269,
43,0.432,0.599,
44,0.137,-0.579,
45,-0.165,0.029,
46,-0.136,0.008,
47,0.078,0.615,
48,-0.346,-0.548,
49,0.088,-0.395,
50,0.612,0.351,
51,-0.529,-0.7,
52,-0.361,0.531,
53,-0.41,0.744,
54,-0.363,-0.122,
55,-0.264,0.145,
56,-0.504,0.315,
57,0.265,0.002,
58,-0.909,0.184,
59,0.073,-0.362,
60,-0.011,0.085,
61,-0.546,-0.091,
62,0.128,-0.213,
63,0.687,0.866,
64,0.099,0.679,
65,0.169,0.193,
66,0.457,0.196,
67,0.758,0.727,
68,0.271,-0.189,
69,0.293,-0.009,
70,0.481,-0.448,
71,0.636,-0.277,
72,0.058,-0.708,
73,1.048,0.126,
74,0.999,-0.055,
75,0.358,0.657,
76,0.193,-0.936,
77,0.084,1.044,
78,0.366,0.504,
79,0.523,0.685,
80,-0.073,0.506,
81,-0.302,-0.607,
82,-0.052,0.669,
83,0.145,0.16,
84,0.345,0.211,
85,-0.068,0.034,
86,0.647,-0.364,
87,0.04,-0.254,
88,0.162,0.325,
89,-1.077,0.342,
90,-0.666,0.561,
91,0.043,0.228,
92,0.003,-0.015,
93,0.748,1.041,
94,-0.453,0.877,
95,0.753,-0.232,
96,0.134,-0.512,
97,-0.363,-0.201,
98,-0.014,-0.995,
99,0.424,0.035,
100,0.253,-0.783,
101,-0.234,-0.209,
102,-0.121,-0.312,
103,0.085,-0.8,
104,0.582,-0.342,
105,-0.364,0.841,
106,0.031,-0.97,
107,-0.292,-0.374,
108,0.602,-0.625,
109,0.102,-0.965,
110,-0.817,-1.533,
111,0.119,-0.266,
112,1.098,0.041,
113,0.2,0.111,
114,-0.032,0.074,
115,-0.052,0.45,
116,-0.291,-0.119,
117,1.275,-0.31,
118,0.002,-0.014,
119,0.217,0.031,
120,-0.199,-0.011,
121,-0.046,-0.191,
122,0.205,0.084,
123,0.077,-0.199,
124,-0.501,-0.15,
125,0.323,0.133,
126,0.173,-0.298,
127,0.26,-0.057,
128,-0.457,0.454,
129,0.344,0.098,
130,-0.066,0.072,
131,0.451,-0.318,
132,-0.109,0.515,
133,0.042,-0.758,
134,-0.5,0.504,
135,-0.411,-0.088,
136,0.053,-0.26,
137,0.477,0.194,
138,-0.031,0.096,
139,-0.214,0.417,
140,-0.587,-0.179,
141,-0.426,0.382,
142,0.494,-0.417,
143,0.119,-0.225,
144,0.748,-0.746,
145,-0.38,0.497,
146,-0.375,0.012,
147,-0.092,0.217,
148,-1.025,-0.376,
149,-0.035,-0.113,
150,0.503,-0.982,
151,-0.148,0.187,
152,0.553,-0.45,
153,0.062,-0.011,
154,-0.79,0.287,
155,0.021,-0.358,
156,0.315,0.623,
157,0.444,0.243,
158,-0.151,0.19,
159,0.153,0.598,
160,-0.364,0.107,
161,-0.128,-0.064,
162,0.669,0.608,
163,0.285,-0.249,
