1,0.59,0.746,
2,-0.289,-0.571,
3,-1.811,-1.436,
4,0.237,0.144,
5,-0.921,-0.378,
6,-1.871,-0.131,
7,-1.048,0.952,
8,-0.854,0.164,
9,-2.291,0.796,
10,-0.208,0.497,
11,-0.544,1.076,
12,1.347,-0.513,
13,0.225,-0.16,
14,-0.586,0.635,
15,-2.092,-0.375,
16,0.987,0.228,
17,-0.724,0.285,
18,0.492,0.973,
19,-0.097,0.413,
20,-0.139,0.711,
21,1.533,-0.602,
22,-0.076,-0.578,
23,-0.86,-0.912,
24,-1.04,0.851,
25,-0.521,-0.525,
26,-0.163,0.155,
27,-1.224,0.272,
28,0.351,-0.041,
29,-0.38,0.145,
30,-0.122,0.354,
31,0.887,-0.159,
32,0.267,-0.127,
33,-0.781,0.105,
34,0.521,0.415,
35,0.023,0.299,
36,-1.474,0.471,
37,-0.208,0.13,
38,0.316,-0.455,
39,0.553,0.584,
40,-0.379,-0.345,
41,-1.085,-0.864,
42,0.019,-0.561,
43,0.244,0.026,
44,0.401,0.34,
45,-0.092,-0.079,
46,0.631,0.189,
47,0,-0.009,
48,0.174,-0.181,
49,-0.947,-0.37,
50,0.808,0.059,
51,-0.677,-0.679,
52,0.082,0.123,
53,-0.294,0.39,
54,-0.527,-0.624,
55,0.396,0.143,
56,0.085,1.207,
57,0.708,1.3,
58,-0.618,0.339,
59,-0.702,0.617,
60,0.909,0.08,
61,-0.669,1.536,
62,0.99,-0.989,
63,0.604,-0.888,
64,-0.006,0.128,
65,-0.156,-0.26,
66,0.439,0.062,
67,-0.951,0.368,
68,0.537,0.154,
69,0.308,0.912,
70,0.597,-0.391,
71,-0.434,0.223,
72,-1.003,0.538,
73,-0.474,-0.356,
74,-0.002,-0.344,
75,-1.837,0.336,
76,0.553,-0.249,
77,0.027,-0.228,
78,0.632,0.767,
79,-0.174,0.046,
80,-1.108,1.653,
81,0.052,-0.056,
82,-1.096,0.411,
83,0.28,0.281,
84,0.202,0.184,
85,0.022,0.621,
86,-0.012,-0.534,
87,-0.129,-0.361,
88,-0.823,0.887,
89,0.047,0.059,
90,-0.938,-0.001,
91,0.026,0.989,
92,-0.466,0.32,
93,0.208,0.875,
94,-0.779,-0.228,
95,-1.075,-0.829,
96,0.344,-0.235,
97,-0.292,-0.286,
98,-0.276,0.122,
99,-0.039,-0.342,
100,0.316,0.434,
101,-0.361,0.002,
102,-1.337,0.449,
103,0.872,0.09,
104,-0.128,0.121,
105,-0.702,1.215,
106,0.116,-0.313,
107,0.944,0.225,
108,0.155,-0.078,
109,-0.926,-0.953,
110,-0.089,0.25,
111,0.423,-1.286,
112,-0.582,0.978,
113,-0.55,-0.482,
114,0.849,-0.08,
115,-0.387,-0.091,
116,0.083,0.96,
117,-1.075,-1.045,
118,-0.102,-0.273,
119,0.518,0.573,
120,-0.788,-0.194,
121,-0.234,-1.089,
122,-0.53,-0.579,
123,-1.396,1.328,
124,-0.515,-0.334,
125,0.1,0.609,
126,-0.9,0.212,
127,0.083,-0.529,
128,-0.21,0.315,
129,0.677,0.203,
130,0.751,-1.282,
131,0.024,0.699,
132,-0.118,0.866,
133,-0.627,0.404,
134,-1.645,-1.146,
135,-0.111,-1.373,
136,0.186,-0.784,
137,0.128,0.187,
138,1.765,0.324,
139,-0.776,0.098,
140,-0.461,-0.042,
141,-0.33,1.106,
142,1.267,-0.294,
143,0.428,1.12,
144,0.417,-0.459,
145,0.796,-0.561,
146,-0.85,0.585,
147,0.448,-0.208,
148,0.26,-0.129,
149,0.681,-1.059,
150,0.111,-0.352,
151,0.733,0.529,
152,0.415,-0.278,
153,-0.25,-0.349,
154,-0.494,1.7,
155,0.313,-0.216,
156,-1.411,-0.37,
157,0.048,0.235,
158,0.49,-1.352,
159,-0.015,-0.293,
160,-0.126,0.215,
161,0.189,-0.007,
162,-0.153,-0.186,
163,0.132,-1.454,
