1,-0.077,0.262,
2,-0.054,-0.291,
3,0.265,0.461,
4,0.142,0.081,
5,-0.099,-0.183,
6,0.312,0.575,
7,0.097,-0.112,
8,0.317,-0.125,
9,0.327,0.141,
10,-0.051,-0.044,
11,-0.474,-0.089,
12,0.915,-0.477,
13,-0.451,-0.191,
14,-0.078,-0.497,
15,0.144,0.21,
16,-0.033,0.418,
17,-0.314,0.261,
18,-0.452,0.529,
19,-0.463,0.292,
20,-0.257,0.761,
21,0.254,0.165,
22,0.333,0.125,
23,-0.089,-0.222,
24,-0.334,0.447,
25,0.301,-0.015,
26,0.422,-0.141,
27,0.038,0.192,
28,0.038,0.063,
29,-0.304,0.134,
30,0.674,0.321,
31,0.085,-0.214,
32,-0.012,-0.113,
33,0.43,-0.466,
34,0.107,-0.028,
35,-0.134,0.102,
36,0.184,0.371,
37,0.046,0.131,
38,0.01,0.019,
39,0.383,-0.104,
40,-0.029,-0.302,
41,0.227,-0.195,
42,-0.051,-1.212,
43,0.47,0.113,
44,0.071,-0.031,
45,-0.013,0.088,
46,0.158,0.036,
47,-0.13,0.034,
48,0.014,-0.068,
49,-0.071,0.638,
50,0.3,-0.047,
51,-0.464,-0.467,
52,0.239,-0.191,
53,0.255,0.533,
54,0.318,-0.069,
55,-0.081,0.027,
56,-0.192,0.653,
57,-0.197,-0.338,
58,-0.073,0.582,
59,0.127,-0.167,
60,-0.721,0.443,
61,0.257,0.265,
62,-0.105,0.06,
63,0.021,0.39,
64,0.07,-0.053,
65,-0.15,-0.3,
66,-0.643,-0.44,
67,-0.286,-0.163,
68,0.437,0.131,
69,0.45,-0.072,
70,0.16,-0.93,
71,0.101,-0.087,
72,-0.202,0.092,
73,-0.094,0.262,
74,0.35,0.071,
75,0.798,0.089,
76,0.569,-0.102,
77,-0.041,0.082,
78,0.184,0.325,
79,-0.482,-0.399,
80,-0.171,0.514,
81,-0.361,0.585,
82,-0.025,0.116,
83,0.572,-0.127,
84,0.757,-0.366,
85,-0.814,-0.073,
86,0.036,-0.126,
87,0.119,-0.16,
88,-0.01,0.039,
89,-0.288,-0.092,
90,-0.153,0.238,
91,0.481,0.295,
92,-0.014,0.617,
93,-0.278,0.147,
94,0.138,-0.203,
95,-0.233,0.23,
96,0.164,0.219,
97,0.066,-0.524,
98,-0.461,0.413,
99,-0.147,-0.226,
100,0.178,-0.101,
101,-0.044,-0.132,
102,-0.434,0.638,
103,0.209,-0.463,
104,-0.205,0.345,
105,0.1,0.166,
106,-0.421,-1.018,
107,-0.395,-0.283,
108,0.647,-0.087,
109,-0.219,-0.552,
110,-0.137,0.234,
111,-0.254,0.014,
112,-0.144,-0.014,
113,-0.048,0.305,
114,0.065,0.161,
115,-0.603,0.246,
116,-0.044,0.006,
117,-0.451,-0.041,
118,-0.049,0.034,
119,0.042,0.057,
120,0.481,-0.047,
121,0.146,-0.278,
122,0.318,0.136,
123,0.012,0.47,
124,0,0.224,
125,0.091,0.24,
126,0.553,0.131,
127,0.034,-0.054,
128,0.276,0.305,
129,0.42,0.202,
130,0.321,0.615,
131,-0.021,-0.001,
132,-0.018,-0.047,
133,-0.237,0.074,
134,-0.324,0.073,
135,-0.222,-0.151,
136,-0.097,-0.112,
137,-0.1,0.402,
138,0.304,-0.054,
139,-0.235,0.573,
140,-0.365,-0.085,
141,-0.711,0.518,
142,0.004,-0.295,
143,0.434,-0.183,
144,0.998,-0.241,
145,0.452,0.042,
146,-0.043,0.056,
147,-0.08,0.124,
148,-0.047,-0.081,
149,-0.057,-0.077,
150,-0.412,-0.385,
151,-0.333,0.287,
152,0.114,0.138,
153,0.072,-0.636,
154,-0.037,0.055,
155,0.241,-0.096,
156,-0.389,0.228,
157,-0.07,-0.11,
158,0.153,0.308,
159,-0.146,-0.056,
160,-0.258,0.298,
161,0.605,-0.395,
162,-0.358,0.046,
163,0.196,-0.23,
