1,0.86,0.948,
2,0.079,-0.536,
3,0.296,0.783,
4,0.172,0.226,
5,-0.045,-0.374,
6,0.274,1.917,
7,0.282,-0.208,
8,1.288,0.511,
9,0.529,0.727,
10,0.108,-0.158,
11,-1.343,-0.045,
12,1.535,-1.375,
13,-0.532,-0.233,
14,-1.013,0.301,
15,0.041,0.37,
16,-0.134,1.759,
17,-0.017,0.081,
18,-0.616,0.666,
19,-1.306,0.102,
20,-0.239,1.59,
21,0.2,-0.206,
22,0.85,0.539,
23,-0.497,-0.554,
24,-0.305,0.842,
25,-0.311,0.299,
26,0.85,0.246,
27,0.063,0.664,
28,0.114,-0.015,
29,-0.274,0.01,
30,0.523,0.093,
31,-0.158,-0.358,
32,-0.097,-0.278,
33,1.007,-1.079,
34,0.006,0.055,
35,0.166,0.067,
36,0.159,0.571,
37,0.345,0.15,
38,-0.646,0.407,
39,0.608,0.475,
40,0.294,-0.172,
41,0.819,-0.816,
42,-0.032,-2.03,
43,0.905,0.57,
44,0.622,-0.221,
45,-0.475,-0.079,
46,-0.465,0.867,
47,-0.674,-0.105,
48,-0.109,-0.144,
49,0.532,1.056,
50,0.757,-0.352,
51,-0.794,-1.237,
52,0.375,-0.451,
53,0.664,0.984,
54,0.333,0.492,
55,-0.166,0.064,
56,-0.297,0.717,
57,-0.082,-1.202,
58,-0.056,1.236,
59,-0.024,-0.541,
60,-1.521,0.806,
61,0.611,0.429,
62,0.029,-0.061,
63,0.359,0.709,
64,0.042,-0.33,
65,-0.477,-0.883,
66,-1.579,-1.213,
67,-0.533,-0.362,
68,0.967,0.844,
69,0.018,-0.12,
70,0.664,-1.926,
71,0.552,0.039,
72,-0.577,0.254,
73,-1.184,-0.025,
74,0.239,-0.159,
75,0.863,0.287,
76,1.121,0.14,
77,0.245,0.092,
78,0.454,-0.068,
79,-0.685,-1.053,
80,-0.047,0.336,
81,-0.554,1.325,
82,-0.276,0.029,
83,0.52,-1.007,
84,1.225,-0.002,
85,-0.886,0.185,
86,0.161,0.429,
87,-0.082,-0.244,
88,-0.835,0.117,
89,0.152,-0.304,
90,-0.278,0.231,
91,1.186,0.114,
92,0.225,1.085,
93,-0.682,-0.308,
94,0.554,-0.267,
95,-0.367,0.437,
96,-0.166,0.67,
97,0.5,-0.933,
98,-0.906,0.846,
99,-0.288,-0.452,
100,0.087,0.306,
101,-0.178,-0.129,
102,-1.778,0.279,
103,0.892,-0.944,
104,-0.309,0.722,
105,0.152,0.319,
106,-0.487,-0.869,
107,-0.63,-0.455,
108,1.65,-0.136,
109,-0.106,-0.847,
110,-0.312,0.71,
111,-0.707,1.115,
112,-0.493,-0.009,
113,-0.271,0.712,
114,-0.202,0.173,
115,-1.398,0.349,
116,0.019,-0.155,
117,-1.24,-0.005,
118,-0.177,0.672,
119,0.08,-0.071,
120,1.267,0.012,
121,0.475,-0.071,
122,0.569,0.251,
123,0.064,0.558,
124,0.309,0.007,
125,-0.047,0.786,
126,1.266,0.521,
127,-0.01,-0.173,
128,0.98,0.024,
129,0.398,0.221,
130,0.778,0.958,
131,0.253,-0.201,
132,0.025,-0.381,
133,-0.256,0.348,
134,-0.023,0.271,
135,-1.043,-0.749,
136,-0.507,-0.304,
137,-0.214,0.95,
138,0.465,-0.685,
139,-0.649,1.059,
140,-0.508,-0.286,
141,-1.106,0.589,
142,-0.087,-0.881,
143,0.551,-0.27,
144,1.351,0.452,
145,0.387,-0.108,
146,0.169,-0.439,
147,-0.053,-0.069,
148,-0.713,-0.271,
149,0.219,-0.084,
150,-1.079,-1.364,
151,-0.496,0.01,
152,0.233,0.428,
153,0.197,-1.557,
154,-0.157,0.076,
155,0.153,-0.16,
156,-0.651,-0.451,
157,-0.219,-0.606,
158,0.724,0.206,
159,0.113,0.544,
160,-0.184,0.098,
161,0.98,-0.839,
162,-0.793,-0.856,
163,0.136,-0.128,
