1,-0.692,-1.591,
2,-0.427,-1.189,
3,-0.106,-1.831,
4,-1.142,-0.198,
5,0.313,-0.535,
6,-0.362,-0.375,
7,0.012,-0.723,
8,-0.278,-1.576,
9,0.847,-0.335,
10,-0.752,-0.292,
11,0.166,-1.104,
12,0.575,-0.342,
13,0.155,0.369,
14,-0.795,-0.533,
15,-0.711,-0.644,
16,0.14,-0.581,
17,-1.223,-2.224,
18,0.285,-0.859,
19,0.291,-0.152,
20,0.087,-0.139,
21,-0.113,-1.05,
22,-0.028,-0.326,
23,-0.512,-1.623,
24,0.981,-1.515,
25,0.011,-0.98,
26,-1.662,-1.098,
27,-0.76,-0.969,
28,1.028,-0.578,
29,0.743,0.236,
30,1.673,-0.26,
31,-0.337,-0.988,
32,0.494,-0.821,
33,-1.574,-1.431,
34,-0.193,-2.119,
35,0.006,-0.717,
36,0.364,-0.21,
37,0.569,-0.062,
38,0.702,-0.883,
39,-0.481,-0.592,
40,0.613,-1.422,
41,0.497,0.498,
42,-0.14,0.899,
43,-0.008,0.992,
44,-0.671,-1.09,
45,-0.207,-0.695,
46,-0.909,-0.14,
47,-0.27,-0.168,
48,-0.085,-0.561,
49,0.081,-1.213,
50,0.031,-0.601,
51,-0.288,-1.322,
52,-0.714,-0.113,
53,-0.774,0.55,
54,-1.075,-0.28,
55,-1.272,-0.926,
56,-0.41,-0.351,
57,0.187,-0.734,
58,-1.173,-0.323,
59,-0.307,-1.306,
60,0.103,-0.733,
61,-0.874,-0.24,
62,-0.222,-0.737,
63,1.033,0.303,
64,-0.813,-0.393,
65,0.691,-0.556,
66,0.765,-0.163,
67,-0.924,0.545,
68,-0.106,-0.681,
69,-0.287,-0.159,
70,0.848,-0.592,
71,0.413,-0.915,
72,-0.064,-1.402,
73,0.918,-0.785,
74,0.931,-0.638,
75,1.441,-0.032,
76,-0.748,-1.392,
77,0.14,0.424,
78,0.026,0.961,
79,0.027,0.038,
80,1.095,-0.515,
81,-0.951,-1.037,
82,-0.297,0.533,
83,0.035,-0.263,
84,-0.226,-0.338,
85,0.719,-0.65,
86,0.689,0.318,
87,-0.186,-0.801,
88,0.658,0.38,
89,-1.655,-0.511,
90,-0.719,-0.059,
91,-1.141,-0.452,
92,-0.476,-0.34,
93,0.582,0.786,
94,-0.789,1.524,
95,1.018,-0.783,
96,-0.309,-1.009,
97,-0.819,-0.545,
98,-0.773,-2.055,
99,-0.087,-0.694,
100,-0.1,-1.645,
101,0.007,-0.386,
102,-0.152,-1.333,
103,-0.404,-1.305,
104,-0.416,-0.572,
105,-1.329,-0.426,
106,0.671,-0.221,
107,-0.356,0.219,
108,-0.12,-1.157,
109,0.323,-1.892,
110,-0.791,-1.922,
111,0.033,0.352,
112,0.455,-1.133,
113,0.186,-0.771,
114,-0.052,-0.807,
115,-0.206,-1.66,
116,-0.014,-1.093,
117,1.329,-0.546,
118,0.408,-0.597,
119,0.411,-1.101,
120,-0.16,-0.354,
121,-0.054,-0.456,
122,0.279,-0.176,
123,-0.192,-1.42,
124,-0.687,-1.26,
125,-0.174,-0.642,
126,0.373,-0.368,
127,0.503,-1.488,
128,-0.159,-0.391,
129,-0.393,-0.441,
130,-0.539,-0.262,
131,0.174,-0.267,
132,0.26,0.944,
133,-0.421,-0.821,
134,-0.163,-0.375,
135,-1.518,-1.238,
136,-0.205,-0.72,
137,1.04,0.004,
138,-0.361,-0.309,
139,-1.023,-0.471,
140,-0.694,-1.057,
141,-0.952,-0.837,
142,0.507,-1.302,
143,-0.384,0.078,
144,-0.589,-1.017,
145,-0.93,-0.588,
146,0.358,0.338,
147,-0.061,-0.637,
148,-1.398,-0.319,
149,-0.504,-1.008,
150,-1.154,-2.787,
151,-0.047,-0.094,
152,-1.267,-0.628,
153,0.238,-0.535,
154,-1.286,0.023,
155,-0.836,-1.156,
156,0.752,0.042,
157,0.023,-0.34,
158,-0.313,-0.276,
159,-0.113,0.136,
160,-1.233,-0.356,
161,-0.618,-0.166,
162,0.663,0.433,
163,0.899,-0.575,
