1,0.777,1.324,
2,-0.47,-0.736,
3,-2.421,-1.703,
4,0.207,0.399,
5,-1.277,-0.316,
6,-2.816,0.136,
7,-1.592,1.561,
8,-1.436,0.352,
9,-3.036,1.193,
10,-0.319,0.672,
11,-0.438,1.52,
12,1.644,-0.64,
13,0.206,0.013,
14,-1.248,1.007,
15,-3.249,-0.479,
16,1.141,0.74,
17,-0.847,0.337,
18,0.859,1.277,
19,-0.022,0.549,
20,-0.299,1.004,
21,1.864,-1.121,
22,-0.024,-0.803,
23,-1.35,-1.236,
24,-1.404,1.097,
25,-1.06,-0.56,
26,-0.224,0.339,
27,-1.611,0.444,
28,0.539,0.267,
29,-0.441,0.249,
30,-0.4,0.562,
31,1.131,-0.07,
32,0.345,-0.177,
33,-1.441,0.411,
34,0.733,0.684,
35,-0.173,0.5,
36,-2.117,0.729,
37,-0.185,0.142,
38,0.639,-0.394,
39,0.613,1.387,
40,-0.601,-0.389,
41,-1.482,-1.139,
42,0.305,-0.952,
43,0.167,0.272,
44,0.462,0.654,
45,-0.254,-0.106,
46,0.59,0.428,
47,-0.072,0.447,
48,0.028,-0.349,
49,-1.08,-0.785,
50,1.104,0.014,
51,-0.8,-0.682,
52,0.096,0.259,
53,-0.382,0.608,
54,-0.899,-0.97,
55,0.614,0.161,
56,0.234,1.663,
57,1.133,1.559,
58,-0.73,0.415,
59,-1.578,1.228,
60,0.854,-0.023,
61,-1.174,1.886,
62,1.377,-1.267,
63,0.852,-1.161,
64,-0.069,0.015,
65,-0.256,-0.39,
66,0.582,0.018,
67,-1.244,0.435,
68,0.485,0.576,
69,0.054,1.175,
70,0.982,-0.499,
71,-0.425,0.267,
72,-1.39,0.831,
73,-0.74,-0.63,
74,-0.678,-0.268,
75,-2.784,0.407,
76,0.719,-0.226,
77,0.057,-0.481,
78,1.113,1.122,
79,-0.216,-0.027,
80,-1.433,1.92,
81,0.177,-0.094,
82,-1.54,0.564,
83,0.35,0.238,
84,-0.064,0.249,
85,0.301,0.92,
86,-0.285,-0.595,
87,-0.383,-0.539,
88,-1.117,1.371,
89,0.299,0.064,
90,-1.181,0.065,
91,-0.074,1.218,
92,-0.702,0.463,
93,0.277,1.342,
94,-1.039,-0.279,
95,-1.363,-1.132,
96,0.444,-0.53,
97,-0.25,-0.207,
98,-0.155,0.164,
99,-0.145,-0.528,
100,0.27,0.844,
101,-0.358,0.083,
102,-2.126,0.363,
103,1.254,0.27,
104,-0.104,0.074,
105,-0.671,1.659,
106,0.27,0.067,
107,1.623,0.442,
108,0.131,0.109,
109,-1.254,-1.171,
110,-0.126,0.529,
111,0.495,-1.781,
112,-0.77,1.401,
113,-1.151,-0.67,
114,1.055,-0.145,
115,-0.625,-0.366,
116,0.258,1.301,
117,-1.43,-1.199,
118,-0.195,-0.189,
119,0.89,0.656,
120,-0.868,-0.128,
121,-0.068,-1.263,
122,-1.069,-0.775,
123,-1.806,1.361,
124,-0.846,-0.612,
125,-0.045,0.836,
126,-1.77,0.467,
127,-0.036,-0.833,
128,-0.083,0.154,
129,0.877,0.243,
130,1.108,-1.614,
131,-0.035,1.081,
132,-0.104,1.103,
133,-0.747,0.776,
134,-2.303,-1.363,
135,-0.235,-1.973,
136,0.317,-1.048,
137,0.032,0.289,
138,2.097,0.32,
139,-0.858,-0.143,
140,-0.441,-0.388,
141,-0.283,1.213,
142,1.602,-0.27,
143,0.412,1.596,
144,0.148,-0.257,
145,0.702,-0.899,
146,-1.111,0.739,
147,0.507,-0.402,
148,0.221,-0.388,
149,1.222,-1.726,
150,0.323,-0.283,
151,1.235,0.464,
152,0.496,-0.267,
153,-0.297,-0.309,
154,-0.658,2.222,
155,0.121,-0.399,
156,-1.993,-0.859,
157,-0.053,0.121,
158,0.723,-2,
159,0.291,-0.748,
160,-0.057,0.01,
161,0.045,0.205,
162,-0.335,-0.274,
163,-0.08,-2.133,
