1,-0.716,-1.309,
2,-0.557,-0.779,
3,0.214,-1.741,
4,-1.263,0.277,
5,0.279,-0.489,
6,-0.169,0.156,
7,0.399,-0.581,
8,-0.324,-1.392,
9,1.832,0.201,
10,-0.258,-0.292,
11,0.031,-1.212,
12,0.679,0.066,
13,0.085,0.543,
14,-0.736,-0.243,
15,-0.989,-0.053,
16,0.644,-0.251,
17,-0.885,-2.19,
18,0.56,-0.43,
19,0.087,0.256,
20,0.072,0.056,
21,-0.073,-0.847,
22,0.11,-0.065,
23,-0.239,-1.73,
24,0.764,-1.413,
25,0.1,-0.937,
26,-2.28,-1.473,
27,-1.346,-0.994,
28,1.374,-0.49,
29,0.878,0.749,
30,1.607,-0.181,
31,-0.472,-1.186,
32,0.495,-0.707,
33,-1.636,-1.286,
34,0.131,-2.395,
35,-0.128,-0.621,
36,0.621,0.024,
37,1.166,0.367,
38,1.102,-0.733,
39,-0.277,-0.46,
40,1.116,-1.174,
41,0.651,1.021,
42,-0.149,1.329,
43,0.226,1.562,
44,-0.595,-1.324,
45,-0.327,-0.564,
46,-0.986,0.029,
47,-0.041,0.579,
48,-0.546,-0.646,
49,0.464,-1.175,
50,0.677,-0.057,
51,-0.462,-1.538,
52,-0.969,0.435,
53,-0.946,1.234,
54,-1.376,-0.151,
55,-1.241,-0.408,
56,-0.62,-0.194,
57,0.328,-0.458,
58,-1.69,-0.163,
59,-0.13,-1.271,
60,0.168,-0.531,
61,-1.274,-0.049,
62,0.128,-0.647,
63,1.604,1.041,
64,-0.533,0.301,
65,0.728,-0.154,
66,1.146,0.088,
67,-0.165,0.885,
68,0.052,-0.61,
69,-0.192,-0.136,
70,1.365,-0.676,
71,0.884,-0.807,
72,0.039,-1.692,
73,1.649,-0.588,
74,1.457,-0.548,
75,1.157,0.508,
76,-0.349,-1.81,
77,0.338,1.32,
78,0.338,1.083,
79,0.759,0.555,
80,1.073,0.205,
81,-1.041,-1.005,
82,-0.205,0.854,
83,0.119,-0.027,
84,-0.141,-0.049,
85,0.996,-0.422,
86,1.239,0.149,
87,-0.13,-0.58,
88,0.49,0.555,
89,-1.857,-0.28,
90,-0.84,0.399,
91,-0.933,-0.282,
92,-0.409,-0.159,
93,1.179,1.292,
94,-0.874,2.087,
95,1.596,-0.571,
96,-0.314,-1.125,
97,-0.961,-0.35,
98,-0.519,-2.27,
99,0.391,-0.521,
100,0.216,-1.688,
101,-0.035,-0.435,
102,-0.47,-1.356,
103,-0.173,-1.498,
104,0.199,-0.768,
105,-1.505,0.138,
106,0.982,-0.36,
107,-0.419,0.113,
108,0.443,-1.135,
109,0.558,-2.175,
110,-1.31,-2.715,
111,0.213,0.317,
112,1.402,-0.805,
113,0.399,-0.605,
114,-0.034,-0.575,
115,-0.203,-1.169,
116,0.034,-0.941,
117,1.991,-0.242,
118,0.452,-0.29,
119,0.517,-0.888,
120,-0.195,-0.088,
121,0.073,-0.229,
122,0.327,-0.043,
123,0.05,-1.254,
124,-1.118,-1.239,
125,0.177,-0.149,
126,0.387,-0.371,
127,0.6,-1.278,
128,-0.261,-0.141,
129,-0.232,-0.269,
130,-0.559,-0.155,
131,0.576,-0.475,
132,0.426,1.123,
133,-0.107,-1.091,
134,-0.236,0.109,
135,-1.624,-1.036,
136,-0.04,-0.667,
137,1.425,0.094,
138,-0.414,-0.192,
139,-0.802,-0.014,
140,-0.958,-0.939,
141,-0.727,-0.66,
142,0.903,-1.06,
143,-0.306,0.145,
144,-0.211,-1.031,
145,-1.031,0.048,
146,0.074,0.313,
147,-0.084,-0.412,
148,-1.896,-0.353,
149,-0.16,-0.915,
150,-0.323,-2.864,
151,-0.25,0.011,
152,-0.61,-0.904,
153,0.365,-0.27,
154,-1.666,0.379,
155,-0.801,-1.159,
156,1.076,0.274,
157,0.212,-0.373,
158,-0.153,-0.534,
159,0.177,0.51,
160,-1.235,-0.413,
161,-0.682,-0.111,
162,1.116,0.639,
163,0.704,-0.729,
