1,0.479,0.005,
2,0.496,-0.681,
3,0.206,-0.479,
4,0.607,-0.498,
5,0.661,-0.017,
6,-0.85,-0.311,
7,0.371,-0.056,
8,1.045,-0.25,
9,0.223,-1.041,
10,0.189,0.111,
11,0.775,0.111,
12,0.817,-0.871,
13,1.088,-0.406,
14,0.034,-0.077,
15,-0.014,-0.674,
16,0.674,-0.516,
17,0.444,-0.286,
18,0.452,-0.46,
19,0.33,-0.233,
20,0.66,-0.656,
21,0.485,-0.417,
22,0.403,-0.066,
23,0.345,-0.793,
24,0.245,-0.574,
25,-0.009,-0.18,
26,0.903,0.529,
27,0.545,0.057,
28,0.493,-0.231,
29,0.175,-0.309,
30,0.312,0.033,
31,0.367,0.215,
32,0.52,-0.74,
33,0.372,-0.358,
34,-0.388,-0.6,
35,0.673,0.328,
36,0.208,-0.169,
37,0.524,-0.409,
38,0.277,-0.406,
39,0.511,-0.114,
40,0.63,-0.451,
41,0.942,-0.33,
42,0.958,-0.434,
43,0.674,-0.198,
44,0.894,0.032,
45,0.251,-0.207,
46,0.555,-0.048,
47,-0.239,-0.647,
48,1.183,-0.628,
49,0.373,-0.721,
50,0.451,-0.556,
51,0.543,-0.557,
52,0.485,-0.377,
53,0.647,-0.958,
54,0.698,-0.06,
55,0.386,-1.451,
56,0.413,-0.09,
57,0.702,-0.719,
58,0.13,0.131,
59,0.053,-0.776,
60,0.34,-0.525,
61,0.399,-0.279,
62,0.99,-0.358,
63,0.556,-0.27,
64,-0.111,-0.847,
65,0.644,-0.634,
66,0.678,0.087,
67,-0.121,-0.728,
68,0.611,-0.159,
69,0.512,0.367,
70,0.349,-0.49,
71,0.443,-0.59,
72,0.747,-0.352,
73,-0.129,-0.281,
74,0.737,-0.279,
75,0.014,-0.558,
76,0.611,0.098,
77,0.428,-0.461,
78,0.27,-0.447,
79,-0.436,-0.352,
80,0.068,-1.289,
81,0.617,-0.281,
82,0.624,-0.536,
83,0.356,-0.557,
84,0.37,-0.492,
85,0.716,-0.229,
86,0.505,-0.129,
87,0.217,-0.836,
88,0.51,-0.566,
89,0.897,-0.351,
90,0.526,-0.634,
91,0.714,-0.028,
92,0.515,-0.682,
93,0.041,0.022,
94,0.293,0.113,
95,0.546,-0.581,
96,0.439,-0.666,
97,0.806,-0.239,
98,-0.278,-1.139,
99,0.498,-0.463,
100,0.607,-0.587,
101,0.44,-0.026,
102,0.525,-0.663,
103,0.561,0.055,
104,0.435,-0.357,
105,0.426,-0.477,
106,0.517,-0.196,
107,1.13,0.322,
108,0.52,-0.818,
109,0.523,-0.429,
110,0.795,-0.4,
111,0.335,-0.168,
112,-0.393,-0.446,
113,0.307,-0.25,
114,0.272,-0.732,
115,0.169,-1.674,
116,0.025,-0.869,
117,0.89,-0.262,
118,0.384,-0.304,
119,0.613,-0.317,
120,0.784,-0.205,
121,0.247,-0.624,
122,0.906,0.045,
123,0.143,-1.229,
124,0.993,-0.954,
125,0.065,-0.77,
126,0.829,-0.634,
127,0.731,-0.868,
128,0.292,-0.042,
129,0.746,-0.551,
130,0.703,-0.307,
131,0.864,0.667,
132,0.143,-0.582,
133,0.154,-0.39,
134,0.385,-0.275,
135,0.097,-0.833,
136,0.421,-0.554,
137,0.142,-0.141,
138,0.279,-0.405,
139,-0.114,-0.877,
140,0.457,-0.428,
141,0.271,-0.872,
142,0.236,-0.656,
143,0.436,-0.245,
144,0.153,-0.17,
145,0.513,-0.977,
146,1.103,-0.043,
147,0.489,-0.442,
148,0.001,-0.494,
149,0.41,-1.919,
150,-0.65,-0.343,
151,1.217,-0.044,
152,0.11,0.173,
153,0.616,-0.821,
154,0.255,-0.722,
155,0.118,-0.344,
156,-0.09,-0.09,
157,0.227,-0.454,
158,1.042,-0.083,
159,0.554,-0.452,
160,0.215,-0.204,
161,0.965,-0.399,
162,0.545,-0.567,
163,1.118,-1.077,
