1,-0.782,-1.069,
2,-0.627,-0.422,
3,0.447,-1.318,
4,-1.005,0.493,
5,0.187,-0.496,
6,0.026,0.217,
7,0.512,-0.521,
8,-0.309,-1.122,
9,2.241,0.308,
10,0.123,-0.26,
11,-0.109,-1.064,
12,0.648,0.224,
13,0.136,0.53,
14,-0.449,-0.115,
15,-0.853,0.161,
16,0.891,-0.133,
17,-0.506,-1.646,
18,0.556,-0.008,
19,-0.301,0.506,
20,-0.003,0.175,
21,-0.032,-0.46,
22,0.163,0.107,
23,0.016,-1.729,
24,0.342,-1.127,
25,0.243,-0.881,
26,-2.264,-1.493,
27,-1.524,-0.819,
28,1.236,-0.349,
29,0.684,0.969,
30,1.251,-0.008,
31,-0.47,-1.096,
32,0.55,-0.545,
33,-1.479,-0.851,
34,0.298,-2.138,
35,-0.205,-0.364,
36,0.719,0.176,
37,1.329,0.563,
38,1.03,-0.557,
39,0.032,-0.368,
40,1.209,-0.759,
41,0.651,1.19,
42,-0.035,1.223,
43,0.397,1.512,
44,-0.305,-1.238,
45,-0.356,-0.287,
46,-0.81,0.097,
47,0.096,0.933,
48,-0.707,-0.727,
49,0.506,-1.02,
50,0.972,0.302,
51,-0.557,-1.444,
52,-0.969,0.736,
53,-0.894,1.486,
54,-1.321,-0.119,
55,-0.967,-0.058,
56,-0.725,-0.015,
57,0.342,-0.201,
58,-1.771,0.022,
59,-0.029,-1.017,
60,0.157,-0.265,
61,-1.247,0.009,
62,0.155,-0.538,
63,1.618,1.361,
64,-0.245,0.74,
65,0.582,0.13,
66,1.163,0.236,
67,0.466,0.867,
68,0.192,-0.467,
69,-0.007,-0.103,
70,1.428,-0.679,
71,1.087,-0.661,
72,0.103,-1.587,
73,1.87,-0.254,
74,1.613,-0.354,
75,0.886,0.804,
76,-0.01,-1.814,
77,0.35,1.857,
78,0.501,0.925,
79,1.02,0.837,
80,0.765,0.63,
81,-0.875,-0.801,
82,-0.132,0.973,
83,0.167,0.119,
84,0.031,0.145,
85,0.848,-0.176,
86,1.329,-0.068,
87,-0.032,-0.407,
88,0.423,0.619,
89,-2.033,0.025,
90,-0.797,0.581,
91,-0.567,-0.061,
92,-0.225,-0.059,
93,1.32,1.43,
94,-0.8,2.201,
95,1.65,-0.446,
96,-0.227,-1.068,
97,-0.828,-0.209,
98,-0.262,-2.09,
99,0.695,-0.252,
100,0.359,-1.535,
101,-0.107,-0.412,
102,-0.425,-1.192,
103,-0.039,-1.425,
104,0.646,-0.829,
105,-1.299,0.53,
106,0.882,-0.591,
107,-0.406,-0.017,
108,0.756,-1.042,
109,0.543,-1.959,
110,-1.413,-2.826,
111,0.277,0.166,
112,1.796,-0.383,
113,0.421,-0.342,
114,-0.044,-0.276,
115,-0.109,-0.503,
116,-0.087,-0.637,
117,2.029,0.012,
118,0.301,-0.092,
119,0.471,-0.534,
120,-0.227,0.035,
121,0.073,-0.069,
122,0.31,0.053,
123,0.154,-0.924,
124,-1.175,-1.039,
125,0.395,0.177,
126,0.351,-0.372,
127,0.666,-0.8,
128,-0.412,0.193,
129,-0.015,-0.097,
130,-0.486,-0.048,
131,0.789,-0.468,
132,0.228,1.109,
133,0.095,-1.186,
134,-0.384,0.503,
135,-1.325,-0.707,
136,0.076,-0.537,
137,1.293,0.223,
138,-0.344,-0.068,
139,-0.574,0.347,
140,-1.017,-0.666,
141,-0.487,-0.314,
142,0.998,-0.894,
143,-0.161,0.055,
144,0.214,-0.975,
145,-0.924,0.516,
146,-0.181,0.189,
147,-0.087,-0.098,
148,-1.949,-0.351,
149,-0.032,-0.627,
150,0.312,-2.296,
151,-0.314,0.117,
152,0.108,-0.892,
153,0.347,-0.046,
154,-1.625,0.524,
155,-0.615,-0.93,
156,1.013,0.5,
157,0.526,-0.087,
158,-0.118,-0.335,
159,0.325,0.752,
160,-1,-0.289,
161,-0.542,-0.048,
162,1.255,0.746,
163,0.522,-0.604,
