1,-0.392,-1.189,
2,-0.119,-1.299,
3,-0.422,-1.47,
4,-0.791,-0.547,
5,0.227,-0.467,
6,-0.975,-0.56,
7,-0.137,-0.494,
8,-0.091,-1.296,
9,-0.229,-1.026,
10,-1.037,-0.171,
11,0.296,-0.796,
12,0.421,-0.601,
13,0.163,0.043,
14,-0.85,-0.697,
15,-0.558,-0.856,
16,-0.261,-0.86,
17,-1.373,-1.87,
18,-0.008,-1.117,
19,0.141,-0.512,
20,0.031,-0.484,
21,-0.183,-1.26,
22,-0.204,-0.605,
23,-0.677,-1.354,
24,0.872,-1.287,
25,-0.358,-0.778,
26,-0.776,-0.451,
27,-0.086,-0.899,
28,0.519,-0.647,
29,0.449,-0.35,
30,1.16,-0.277,
31,-0.238,-0.705,
32,0.199,-0.956,
33,-1.218,-1.381,
34,-0.625,-1.713,
35,0.056,-0.565,
36,-0.118,-0.376,
37,0.052,-0.51,
38,0.205,-0.872,
39,-0.654,-0.796,
40,0.083,-1.658,
41,0.274,-0.093,
42,-0.142,0.319,
43,-0.194,0.425,
44,-0.554,-0.763,
45,-0.11,-0.94,
46,-0.646,-0.444,
47,-0.563,-0.895,
48,0.28,-0.437,
49,-0.189,-1.069,
50,-0.553,-1.085,
51,-0.166,-1.038,
52,-0.42,-0.634,
53,-0.381,-0.255,
54,-0.604,-0.33,
55,-1.059,-1.385,
56,-0.221,-0.541,
57,-0.056,-0.939,
58,-0.641,-0.447,
59,-0.477,-1.258,
60,-0.107,-0.881,
61,-0.555,-0.411,
62,-0.103,-0.711,
63,0.331,-0.486,
64,-0.926,-0.971,
65,0.48,-0.928,
66,0.329,-0.243,
67,-1.583,-0.159,
68,-0.248,-0.745,
69,-0.341,-0.167,
70,0.158,-0.537,
71,-0.134,-0.984,
72,-0.097,-1.002,
73,0.057,-0.887,
74,0.231,-0.703,
75,0.813,-0.585,
76,-0.9,-0.888,
77,-0.045,-0.588,
78,-0.367,0.662,
79,-0.801,-0.503,
80,0.646,-1.262,
81,-0.477,-0.966,
82,-0.256,-0.001,
83,-0.08,-0.5,
84,-0.342,-0.675,
85,0.279,-0.839,
86,0.005,0.365,
87,-0.274,-1.014,
88,0.46,-0.047,
89,-0.671,-0.809,
90,-0.408,-0.69,
91,-1.016,-0.378,
92,-0.479,-0.685,
93,-0.184,0.071,
94,-0.522,0.663,
95,0.291,-0.909,
96,-0.371,-0.965,
97,-0.321,-0.684,
98,-0.999,-1.702,
99,-0.475,-0.789,
100,-0.493,-1.409,
101,-0.11,-0.331,
102,-0.303,-1.152,
103,-0.514,-0.948,
104,-0.866,-0.435,
105,-1.005,-1.059,
106,0.232,-0.249,
107,-0.201,0.256,
108,-0.589,-1.078,
109,-0.043,-1.396,
110,-0.16,-0.975,
111,-0.226,0.218,
112,-0.647,-1.482,
113,-0.044,-0.872,
114,-0.204,-1.065,
115,-0.363,-2.11,
116,0.017,-1.278,
117,0.55,-0.756,
118,0.094,-0.837,
119,0.209,-1.08,
120,-0.15,-0.725,
121,-0.204,-0.765,
122,0.193,-0.372,
123,-0.466,-1.544,
124,-0.231,-1.145,
125,-0.446,-1.089,
126,0.193,-0.47,
127,0.209,-1.565,
128,-0.122,-0.702,
129,-0.474,-0.674,
130,-0.422,-0.46,
131,-0.271,-0.002,
132,-0.046,0.253,
133,-0.712,-0.568,
134,-0.279,-0.806,
135,-1.146,-1.303,
136,-0.396,-0.813,
137,0.157,-0.282,
138,-0.428,-0.53,
139,-1.049,-1.124,
140,-0.301,-1.154,
141,-1.035,-1.231,
142,-0.124,-1.42,
143,-0.441,-0.061,
144,-0.836,-0.895,
145,-0.773,-1.231,
146,0.444,0.22,
147,-0.144,-0.888,
148,-0.927,-0.33,
149,-0.518,-1.576,
150,-1.938,-2.199,
151,0.313,-0.275,
152,-1.494,-0.352,
153,0.077,-0.869,
154,-0.84,-0.506,
155,-0.824,-1.111,
156,0.064,-0.362,
157,-0.588,-0.801,
158,-0.204,-0.539,
159,-0.356,-0.515,
160,-1.015,-0.456,
161,-0.49,-0.391,
162,0.04,-0.046,
163,0.804,-0.907,
