1,2.059,1.539,
2,0.271,-0.865,
3,0.459,0.853,
4,0.265,0.141,
5,0.324,-0.716,
6,-0.074,2.23,
7,0.183,-0.427,
8,2.797,0.971,
9,0.764,0.695,
10,0.25,-0.489,
11,-1.869,0.115,
12,1.785,-2.36,
13,-0.34,-0.363,
14,-1.86,0.839,
15,-0.305,0.073,
16,0.045,2.646,
17,0.403,-0.342,
18,-0.623,0.481,
19,-1.903,-0.174,
20,0.529,1.465,
21,0.205,-0.231,
22,1.283,0.852,
23,-0.797,-1.013,
24,-0.002,0.748,
25,-1.409,0.45,
26,1.27,0.911,
27,-0.056,1.218,
28,0.301,-0.1,
29,-0.286,-0.458,
30,0.353,-0.106,
31,-0.449,-0.383,
32,-0.199,-0.531,
33,1.458,-1.223,
34,-0.583,0.171,
35,0.345,-0.029,
36,0.247,0.616,
37,0.637,0.01,
38,-1.112,0.81,
39,0.692,0.902,
40,0.815,0.056,
41,1.656,-1.531,
42,0.188,-2.435,
43,1.349,0.974,
44,1.27,-0.309,
45,-0.828,-0.204,
46,-1.153,2.064,
47,-1.298,-0.061,
48,0.028,-0.386,
49,0.999,1.045,
50,0.978,-0.431,
51,-0.748,-1.852,
52,0.5,-0.675,
53,0.909,1,
54,0.556,1.181,
55,-0.061,-0.348,
56,-0.271,0.645,
57,0.152,-2.06,
58,-0.141,1.751,
59,-0.106,-0.995,
60,-1.839,0.848,
61,0.937,0.266,
62,0.619,-0.33,
63,0.462,0.839,
64,-0.085,-0.644,
65,-0.418,-1.502,
66,-1.666,-1.86,
67,-0.675,-0.524,
68,1.155,1.29,
69,-0.897,-0.106,
70,1.184,-2.645,
71,1.228,0.12,
72,-0.728,0.426,
73,-2.372,-0.44,
74,0.457,-0.499,
75,0.097,0.39,
76,1.682,0.026,
77,0.579,0.06,
78,0.74,-0.76,
79,-0.951,-1.512,
80,-0.047,-0.535,
81,-0.18,1.619,
82,-0.19,-0.27,
83,-0.201,-2.238,
84,1.592,-0.066,
85,-0.531,0.282,
86,0.585,0.587,
87,-0.331,-0.464,
88,-2.389,0.036,
89,1.536,-0.824,
90,-0.275,0.033,
91,1.819,-0.379,
92,0.586,1.217,
93,-0.924,-0.735,
94,1.074,-0.067,
95,-0.306,0.526,
96,-0.568,0.66,
97,0.854,-1.303,
98,-1.19,0.786,
99,-0.37,-0.662,
100,0.383,0.789,
101,-0.347,-0.04,
102,-2.485,0.31,
103,1.467,-0.944,
104,-0.436,0.96,
105,0.256,0.233,
106,-0.266,-0.624,
107,-0.259,-0.783,
108,2.365,-0.386,
109,0.251,-1.003,
110,-0.868,1.025,
111,-1.138,1.963,
112,-0.992,-0.031,
113,-0.519,0.893,
114,-0.236,0.108,
115,-2.266,0.592,
116,-0.102,-0.474,
117,-1.444,0.004,
118,-0.133,1.126,
119,0.281,-0.266,
120,2.085,0.181,
121,0.679,-0.061,
122,0.96,0.459,
123,-0.03,0.17,
124,0.815,-0.559,
125,-0.446,0.84,
126,1.894,0.648,
127,0.129,-0.375,
128,1.388,-0.213,
129,0.295,0.19,
130,1.149,0.939,
131,0.434,-0.069,
132,0.168,-0.84,
133,-0.243,0.452,
134,0.223,0.382,
135,-1.817,-1.245,
136,-0.88,-0.508,
137,-0.172,1.461,
138,0.705,-1.081,
139,-1.126,1.26,
140,-0.567,-0.326,
141,-1.367,0.632,
142,-0.231,-1.459,
143,0.508,-0.594,
144,1.331,0.781,
145,0.24,-0.579,
146,0.493,-0.298,
147,0.209,-0.159,
148,-1.085,-0.497,
149,0.31,0.084,
150,-1.731,-2.026,
151,-0.436,-0.254,
152,0.219,0.917,
153,0.33,-2.229,
154,-0.152,0.125,
155,0.116,-0.002,
156,-0.91,-1.036,
157,-0.335,-1.383,
158,1.206,0.428,
159,0.478,0.754,
160,-0.042,-0.083,
161,1.104,-1.154,
162,-1.02,-1.637,
163,0.308,-0.041,
