1,0.722,1.562,
2,-0.589,-1.234,
3,-2.705,-2.266,
4,0.28,0.067,
5,-1.503,-0.435,
6,-3.443,0.285,
7,-1.682,1.977,
8,-1.548,0.807,
9,-2.634,1.05,
10,-0.502,0.549,
11,0.192,1.615,
12,1.606,-1.054,
13,0.397,0.057,
14,-1.729,1.324,
15,-3.852,-0.496,
16,1.033,1.091,
17,-1.088,0.165,
18,0.762,1.193,
19,0.083,0.83,
20,-0.483,0.958,
21,1.765,-1.421,
22,-0.295,-0.613,
23,-1.363,-0.91,
24,-1.307,0.685,
25,-1.234,-0.669,
26,-0.715,0.155,
27,-1.855,0.34,
28,0.806,0.779,
29,-0.216,0.64,
30,-0.37,0.907,
31,0.934,0.233,
32,0.237,-0.082,
33,-1.474,0.737,
34,0.523,0.859,
35,-0.023,0.722,
36,-2.02,0.524,
37,-0.809,0.101,
38,0.741,-0.312,
39,0.343,2.314,
40,-0.793,-0.242,
41,-1.376,-1.071,
42,0.775,-1.089,
43,0.215,0.269,
44,0.368,1.146,
45,-0.365,0.02,
46,0.354,0.688,
47,-0.235,0.65,
48,0.681,-0.461,
49,-1.423,-1.154,
50,0.808,-0.115,
51,-0.744,-0.096,
52,0.027,0.323,
53,-0.349,0.638,
54,-1.044,-0.967,
55,0.585,0.031,
56,0.103,1.707,
57,1.282,1.457,
58,-0.836,0.556,
59,-1.943,1.35,
60,1.039,-0.137,
61,-1.012,2.17,
62,1.339,-1.294,
63,0.271,-0.918,
64,-0.118,-0.118,
65,-0.305,-0.405,
66,0.555,0.206,
67,-1.527,0.311,
68,0,0.952,
69,-0.175,1.112,
70,0.925,-0.272,
71,-0.31,0.239,
72,-1.443,1.061,
73,-0.915,-0.54,
74,-0.667,-0.05,
75,-2.786,0.74,
76,0.708,-0.24,
77,-0.12,-0.415,
78,1.459,1.29,
79,-0.458,0.046,
80,-1.443,1.663,
81,0.595,-0.034,
82,-1.476,0.569,
83,0.341,0.167,
84,-0.432,0.399,
85,0.333,1.091,
86,-0.847,-0.392,
87,-0.46,-0.616,
88,-0.982,1.93,
89,-0.044,0.191,
90,-1.391,0.268,
91,-0.294,1.023,
92,-0.841,0.507,
93,0.618,1.627,
94,-1.107,-0.144,
95,-1.027,-0.974,
96,0.429,-0.817,
97,-0.09,-0.016,
98,-0.312,0.266,
99,-0.403,-0.536,
100,-0.089,1.054,
101,-0.115,0.353,
102,-2.24,0.29,
103,1.3,0.358,
104,-0.267,0.135,
105,-0.609,1.888,
106,0.229,0.44,
107,1.96,0.903,
108,0.131,0.297,
109,-1.222,-0.866,
110,-0.084,0.717,
111,0.273,-1.845,
112,-1.01,1.591,
113,-1.354,-0.415,
114,0.944,-0.02,
115,-0.607,-0.554,
116,0.12,1.502,
117,-1.564,-1.118,
118,-0.184,0.063,
119,0.807,0.702,
120,-0.607,-0.05,
121,0.006,-0.919,
122,-1.391,-0.601,
123,-1.856,1.339,
124,-0.922,-0.81,
125,-0.094,1.136,
126,-2.222,0.705,
127,0.565,-0.937,
128,-0.5,0.61,
129,0.581,0.419,
130,1.423,-1.394,
131,-0.442,1.493,
132,-0.234,1.179,
133,-0.685,1.026,
134,-2.109,-1.24,
135,-0.586,-1.851,
136,0.398,-1.036,
137,-0.047,0.571,
138,2.219,0.812,
139,-1.067,0.095,
140,-0.439,-0.59,
141,-0.406,0.964,
142,1.277,-0.401,
143,0.056,2.073,
144,-0.109,-0.003,
145,0.224,-1.003,
146,-0.973,0.874,
147,0.574,-0.008,
148,0.455,-0.27,
149,1.42,-1.96,
150,0.335,-0.19,
151,1.355,0.783,
152,0.396,-0.072,
153,-0.387,-0.122,
154,-0.82,2.616,
155,-0.085,-0.178,
156,-2.131,-0.907,
157,0.318,0.075,
158,0.703,-2.017,
159,0.42,-0.522,
160,-0.301,0.56,
161,0.23,0.759,
162,-0.47,0.374,
163,-0.466,-2.402,
