1,1.979,2.046,
2,0.273,-1.365,
3,0.404,0.673,
4,0.419,-0.096,
5,0.827,-0.965,
6,-0.61,2.189,
7,-0.008,-0.085,
8,3.222,0.986,
9,1.079,0.283,
10,0.289,-0.105,
11,-1.713,0.328,
12,1.688,-2.699,
13,-0.124,0.256,
14,-1.983,0.923,
15,-0.405,0.183,
16,0,2.404,
17,1.261,-0.399,
18,0.009,0.543,
19,-1.757,-0.339,
20,0.993,0.383,
21,-0.177,-0.885,
22,1.276,1.177,
23,-0.868,-0.853,
24,-0.351,1.111,
25,-1.499,-0.019,
26,2.094,1.501,
27,0.193,2.393,
28,0.053,-0.535,
29,-0.405,-0.799,
30,0.266,-0.43,
31,-0.462,-0.474,
32,-0.162,-0.766,
33,1.349,-1.202,
34,-0.761,-0.047,
35,0.227,0.457,
36,0.224,0.691,
37,0.688,-0.144,
38,-1.272,0.968,
39,0.709,1.073,
40,1.284,-0.034,
41,2.12,-1.831,
42,0.221,-2.549,
43,1.511,0.921,
44,1.445,-0.438,
45,-0.696,-0.533,
46,-1.338,1.739,
47,-1.317,0.292,
48,0.344,-0.843,
49,0.625,0.511,
50,1.576,0.142,
51,-0.375,-2.021,
52,0.432,-0.712,
53,0.739,0.676,
54,0.863,1.573,
55,0.359,-0.954,
56,-0.192,0.521,
57,0.526,-2.3,
58,-0.092,1.573,
59,-0.373,-1.224,
60,-2.094,0.636,
61,1.454,0.074,
62,0.759,-0.441,
63,1.48,0.693,
64,-0.51,-0.887,
65,-0.436,-1.577,
66,-1.371,-1.818,
67,-0.853,-0.546,
68,1.1,1.314,
69,-0.889,-0.242,
70,1.066,-2.463,
71,1.371,0.123,
72,-0.586,0.684,
73,-2.727,-1.032,
74,-0.07,-0.712,
75,-0.175,-0.069,
76,1.61,0.574,
77,1.737,0.249,
78,0.761,-1.175,
79,-0.846,-1.285,
80,-0.337,-1.596,
81,0.112,1.39,
82,-0.003,-0.516,
83,-0.906,-2.699,
84,1.757,-0.015,
85,-0.018,0.466,
86,1.027,0.616,
87,-1.115,-0.695,
88,-2.497,0.042,
89,2.239,-1.269,
90,0.283,-0.259,
91,2.127,-0.94,
92,0.538,0.677,
93,-0.867,-0.912,
94,1.569,0.187,
95,-0.51,0.369,
96,-1.001,0.405,
97,0.568,-1.535,
98,-1.573,0.334,
99,-0.047,-0.809,
100,1.052,0.973,
101,-0.891,0.115,
102,-2.807,0.298,
103,1.772,-1.202,
104,0.374,0.74,
105,0.074,0.219,
106,-0.008,-0.265,
107,0.511,-0.83,
108,2.32,-0.393,
109,0.504,-1.002,
110,-1.273,0.769,
111,-0.988,2.004,
112,-1.162,-0.003,
113,-0.498,1.185,
114,-0.647,-0.2,
115,-2.744,0.289,
116,-0.878,-0.963,
117,-0.811,-0.073,
118,-0.011,1.43,
119,0.643,-0.139,
120,2.352,0.455,
121,0.74,0.067,
122,0.958,0.671,
123,-0.294,-0.065,
124,1.304,-0.973,
125,-0.837,0.884,
126,2.179,0.333,
127,0.14,-0.515,
128,1.531,-0.236,
129,0.98,-0.475,
130,1.104,0.878,
131,0.719,0.18,
132,0.483,-0.937,
133,-0.175,0.338,
134,0.009,0.404,
135,-2.132,-1.475,
136,-0.802,-0.617,
137,-0.229,1.238,
138,0.694,-1.153,
139,-1.269,1.217,
140,-0.075,-0.689,
141,-1.085,0.156,
142,-0.086,-1.433,
143,0.06,-0.873,
144,1.478,0.95,
145,0.253,-0.942,
146,0.387,-1.013,
147,0.071,-0.719,
148,-1.034,-0.307,
149,0.22,-0.602,
150,-1.904,-1.33,
151,0.169,-1.034,
152,0.175,0.67,
153,0.355,-2.082,
154,-0.146,-0.585,
155,-0.153,-0.145,
156,-0.884,-1.071,
157,-0.066,-1.791,
158,1.932,0.447,
159,0.692,0.947,
160,0.04,-0.473,
161,1.416,-1.018,
162,-0.725,-1.887,
163,0.592,-0.342,
