1,1.059,1.292,
2,0.417,-1.058,
3,0.47,0.172,
4,0.458,-0.258,
5,1.094,-0.587,
6,-0.752,1.179,
7,-0.126,-0.333,
8,2.667,0.546,
9,0.771,-0.415,
10,0.415,-0.032,
11,-0.737,0.324,
12,1.283,-2.112,
13,0.522,0.118,
14,-1.338,0.983,
15,-0.338,-0.404,
16,0.609,1.181,
17,1.607,-0.368,
18,0.387,0.005,
19,-1.254,-0.426,
20,1.258,-0.903,
21,-0.123,-1.008,
22,1.217,1.302,
23,-0.651,-0.971,
24,-0.322,0.482,
25,-1.093,-0.556,
26,2.142,1.528,
27,0.209,2.459,
28,0.01,-0.569,
29,-0.399,-0.744,
30,0.127,-0.361,
31,-0.266,-0.096,
32,0.008,-0.856,
33,0.668,-0.672,
34,-0.916,-0.34,
35,0.419,0.608,
36,0.194,0.572,
37,0.759,-0.324,
38,-0.836,1.007,
39,0.6,0.756,
40,1.466,-0.121,
41,1.936,-1.578,
42,0.623,-1.891,
43,1.159,0.459,
44,1.487,-0.34,
45,-0.668,-0.547,
46,-0.634,0.953,
47,-0.809,0.821,
48,0.594,-1.03,
49,0.661,-0.331,
50,1.433,0.167,
51,0.018,-1.599,
52,0.43,-0.395,
53,0.324,-0.416,
54,0.813,1.108,
55,0.72,-1.712,
56,0.115,0.274,
57,0.978,-1.846,
58,-0.068,0.842,
59,-0.541,-1.191,
60,-1.083,-0.039,
61,0.916,-0.163,
62,0.822,-0.469,
63,1.438,0.197,
64,-0.501,-0.826,
65,-0.011,-1.297,
66,-0.341,-0.858,
67,-0.833,-0.616,
68,1.001,0.785,
69,-0.346,-0.187,
70,0.794,-1.64,
71,0.854,-0.139,
72,-0.059,0.654,
73,-1.91,-1.071,
74,0.017,-0.701,
75,-0.237,-0.373,
76,1.226,1.026,
77,1.841,0.154,
78,0.623,-1.217,
79,-0.562,-0.756,
80,-0.533,-2.213,
81,0.358,0.505,
82,0.264,-0.812,
83,-0.755,-2.429,
84,1.094,-0.154,
85,0.449,0.379,
86,0.911,0.022,
87,-1.117,-0.831,
88,-1.939,0.053,
89,2.011,-1.023,
90,0.433,-0.592,
91,1.848,-1.079,
92,0.57,-0.158,
93,-0.43,-0.541,
94,1.557,0.447,
95,-0.113,-0.027,
96,-0.647,-0.251,
97,0.484,-1.133,
98,-1.42,-0.567,
99,0.283,-0.739,
100,1.386,0.311,
101,-0.205,0.191,
102,-1.283,-0.16,
103,1.693,-0.852,
104,0.717,0.284,
105,0.211,0.021,
106,0.365,-0.063,
107,1.307,-0.488,
108,1.49,-0.75,
109,0.6,-0.694,
110,-0.59,-0.186,
111,-0.36,1.305,
112,-1.06,-0.165,
113,-0.271,0.808,
114,-0.508,-0.392,
115,-1.947,-0.526,
116,-0.964,-1.284,
117,0.377,-0.284,
118,0.193,1.09,
119,0.931,-0.097,
120,2.016,0.566,
121,0.422,-0.517,
122,1.099,0.623,
123,-0.068,-0.643,
124,1.35,-1.259,
125,-0.745,0.196,
126,1.71,-0.183,
127,0.382,-0.766,
128,1.022,-0.195,
129,1.19,-0.64,
130,0.79,0.162,
131,0.965,0.428,
132,0.61,-0.956,
133,-0.036,-0.091,
134,0.105,0.07,
135,-1.741,-1.461,
136,-0.298,-0.61,
137,-0.11,0.594,
138,0.452,-0.988,
139,-0.764,0.17,
140,0.378,-0.721,
141,-0.349,-0.248,
142,0.219,-0.96,
143,-0.121,-0.867,
144,0.833,0.595,
145,0.45,-1.324,
146,0.358,-0.994,
147,0.157,-0.879,
148,-0.622,-0.497,
149,0.085,-1.244,
150,-1.367,-0.65,
151,0.889,-1.191,
152,0.002,0.531,
153,0.469,-1.462,
154,0.015,-0.913,
155,-0.245,-0.174,
156,-0.899,-0.877,
157,0.49,-1.044,
158,1.898,0.619,
159,0.851,0.417,
160,0.194,-0.7,
161,1.516,-0.883,
162,-0.221,-1.78,
163,0.883,-0.654,
