1,0.41,0.126,
2,0.511,-0.702,
3,0.226,-0.469,
4,0.578,-0.45,
5,0.724,-0.093,
6,-0.803,-0.289,
7,0.456,0.03,
8,1.053,-0.176,
9,0.212,-1.043,
10,0.25,0.178,
11,0.765,0.193,
12,0.781,-0.812,
13,1.158,-0.331,
14,-0.046,-0.081,
15,-0.055,-0.647,
16,0.667,-0.563,
17,0.656,-0.231,
18,0.541,-0.485,
19,0.353,-0.359,
20,0.544,-0.836,
21,0.424,-0.559,
22,0.42,-0.042,
23,0.307,-0.792,
24,0.134,-0.527,
25,0.004,-0.178,
26,1.069,0.701,
27,0.565,0.198,
28,0.398,-0.362,
29,0.157,-0.257,
30,0.259,0.013,
31,0.377,0.263,
32,0.549,-0.745,
33,0.304,-0.248,
34,-0.311,-0.707,
35,0.632,0.399,
36,0.15,-0.076,
37,0.603,-0.414,
38,0.334,-0.463,
39,0.59,-0.04,
40,0.72,-0.47,
41,0.952,-0.34,
42,1.006,-0.408,
43,0.662,-0.292,
44,0.91,0.005,
45,0.16,-0.227,
46,0.543,-0.14,
47,-0.207,-0.689,
48,1.129,-0.693,
49,0.295,-0.852,
50,0.572,-0.469,
51,0.548,-0.563,
52,0.473,-0.398,
53,0.545,-1.053,
54,0.738,-0.064,
55,0.463,-1.586,
56,0.397,-0.117,
57,0.855,-0.688,
58,0.132,0.072,
59,-0.038,-0.75,
60,0.362,-0.588,
61,0.422,-0.354,
62,1.045,-0.351,
63,0.751,-0.32,
64,-0.152,-0.859,
65,0.641,-0.583,
66,0.753,0.115,
67,-0.168,-0.728,
68,0.619,-0.178,
69,0.503,0.428,
70,0.29,-0.404,
71,0.406,-0.62,
72,0.794,-0.372,
73,-0.17,-0.349,
74,0.62,-0.284,
75,-0.009,-0.638,
76,0.621,0.287,
77,0.557,-0.417,
78,0.286,-0.445,
79,-0.367,-0.289,
80,-0.033,-1.446,
81,0.634,-0.403,
82,0.628,-0.611,
83,0.164,-0.533,
84,0.395,-0.445,
85,0.772,-0.176,
86,0.521,-0.071,
87,0.102,-0.839,
88,0.701,-0.458,
89,0.952,-0.354,
90,0.595,-0.677,
91,0.766,-0.089,
92,0.486,-0.805,
93,0.064,0.016,
94,0.288,0.12,
95,0.461,-0.602,
96,0.353,-0.709,
97,0.742,-0.226,
98,-0.201,-1.225,
99,0.554,-0.495,
100,0.633,-0.647,
101,0.395,0.006,
102,0.518,-0.751,
103,0.652,-0.04,
104,0.601,-0.392,
105,0.364,-0.484,
106,0.564,-0.162,
107,1.252,0.409,
108,0.491,-0.795,
109,0.561,-0.443,
110,0.848,-0.51,
111,0.319,-0.161,
112,-0.378,-0.423,
113,0.319,-0.182,
114,0.21,-0.786,
115,0.172,-1.76,
116,-0.067,-0.975,
117,1.047,-0.302,
118,0.413,-0.342,
119,0.697,-0.286,
120,0.805,-0.117,
121,0.235,-0.556,
122,0.864,0.099,
123,0.16,-1.292,
124,1.053,-1.024,
125,-0.005,-0.701,
126,0.766,-0.746,
127,0.668,-0.936,
128,0.31,-0.078,
129,0.895,-0.654,
130,0.647,-0.38,
131,0.957,0.709,
132,0.186,-0.627,
133,0.161,-0.43,
134,0.381,-0.322,
135,0.006,-0.861,
136,0.486,-0.613,
137,0.131,-0.238,
138,0.195,-0.46,
139,-0.075,-0.972,
140,0.595,-0.517,
141,0.376,-0.955,
142,0.247,-0.633,
143,0.311,-0.311,
144,0.196,-0.176,
145,0.522,-1.051,
146,1.106,-0.197,
147,0.42,-0.572,
148,-0.063,-0.454,
149,0.429,-2.065,
150,-0.666,-0.351,
151,1.359,-0.209,
152,0.104,0.117,
153,0.617,-0.739,
154,0.247,-0.862,
155,0.05,-0.396,
156,-0.142,-0.06,
157,0.309,-0.506,
158,1.12,-0.185,
159,0.562,-0.45,
160,0.256,-0.353,
161,1.024,-0.39,
162,0.589,-0.664,
163,1.142,-1.14,
