1,0.834,1.572,
2,-0.507,-1.005,
3,-2.609,-1.785,
4,0.194,0.433,
5,-1.433,-0.425,
6,-3.322,0.355,
7,-1.682,1.849,
8,-1.555,0.701,
9,-2.864,1.258,
10,-0.408,0.655,
11,-0.174,1.587,
12,1.665,-0.831,
13,0.235,0.068,
14,-1.674,1.252,
15,-3.794,-0.433,
16,1.053,0.982,
17,-1.009,0.317,
18,0.875,1.297,
19,0.035,0.709,
20,-0.457,0.987,
21,1.821,-1.393,
22,-0.141,-0.755,
23,-1.464,-1.076,
24,-1.453,0.989,
25,-1.144,-0.8,
26,-0.318,0.394,
27,-1.807,0.426,
28,0.649,0.605,
29,-0.336,0.453,
30,-0.423,0.758,
31,1.073,0.101,
32,0.338,-0.141,
33,-1.592,0.621,
34,0.682,0.803,
35,-0.153,0.654,
36,-2.25,0.795,
37,-0.314,0.146,
38,0.716,-0.393,
39,0.463,1.909,
40,-0.713,-0.341,
41,-1.501,-1.158,
42,0.568,-1.1,
43,0.174,0.319,
44,0.422,0.916,
45,-0.346,-0.059,
46,0.489,0.554,
47,-0.124,0.59,
48,0.111,-0.426,
49,-1.336,-1.054,
50,1.077,-0.045,
51,-0.907,-0.419,
52,0.069,0.305,
53,-0.344,0.701,
54,-1.008,-1.002,
55,0.644,0.112,
56,0.2,1.749,
57,1.296,1.537,
58,-0.786,0.482,
59,-1.839,1.39,
60,0.877,-0.098,
61,-1.242,1.986,
62,1.552,-1.364,
63,0.689,-1.068,
64,-0.104,-0.07,
65,-0.288,-0.413,
66,0.593,0.082,
67,-1.421,0.399,
68,0.276,0.794,
69,-0.036,1.177,
70,1.022,-0.419,
71,-0.36,0.273,
72,-1.47,0.986,
73,-0.856,-0.629,
74,-0.928,-0.195,
75,-3.046,0.583,
76,0.852,-0.216,
77,-0.001,-0.494,
78,1.36,1.28,
79,-0.308,-0.011,
80,-1.513,1.809,
81,0.365,-0.126,
82,-1.578,0.596,
83,0.389,0.244,
84,-0.271,0.311,
85,0.372,1.076,
86,-0.592,-0.525,
87,-0.472,-0.607,
88,-1.24,1.713,
89,0.347,0.126,
90,-1.217,0.171,
91,-0.181,1.167,
92,-0.804,0.476,
93,0.454,1.57,
94,-1.135,-0.23,
95,-1.299,-1.105,
96,0.426,-0.657,
97,-0.176,-0.119,
98,-0.161,0.216,
99,-0.305,-0.616,
100,0.108,1.007,
101,-0.339,0.203,
102,-2.429,0.303,
103,1.063,0.418,
104,-0.155,0.097,
105,-0.672,1.853,
106,0.261,0.28,
107,1.887,0.679,
108,0.115,0.219,
109,-1.295,-1.084,
110,-0.121,0.651,
111,0.415,-1.897,
112,-0.91,1.562,
113,-1.309,-0.572,
114,1.012,-0.102,
115,-0.409,-0.509,
116,0.392,1.406,
117,-1.612,-1.132,
118,-0.233,-0.023,
119,0.936,0.686,
120,-0.756,-0.097,
121,0.041,-1.139,
122,-1.313,-0.76,
123,-1.883,1.335,
124,-0.943,-0.753,
125,-0.052,1.024,
126,-2.158,0.623,
127,0.055,-0.97,
128,-0.144,0.216,
129,0.814,0.315,
130,1.305,-1.546,
131,-0.209,1.299,
132,-0.162,1.17,
133,-0.729,0.932,
134,-2.299,-1.346,
135,-0.409,-1.964,
136,0.387,-1.091,
137,-0.031,0.402,
138,2.07,0.407,
139,-0.997,-0.012,
140,-0.366,-0.633,
141,-0.311,1.084,
142,1.498,-0.318,
143,0.248,1.931,
144,-0.001,-0.068,
145,0.421,-1,
146,-1.14,0.739,
147,0.498,-0.303,
148,0.357,-0.287,
149,1.44,-2.039,
150,0.439,-0.323,
151,1.393,0.539,
152,0.463,-0.196,
153,-0.325,-0.184,
154,-0.736,2.403,
155,-0.074,-0.368,
156,-2.192,-1.064,
157,0.019,-0.021,
158,0.823,-2.233,
159,0.365,-0.69,
160,-0.118,0.085,
161,0.037,0.407,
162,-0.401,0.045,
163,-0.396,-2.475,
