1,0.289,0.7,
2,-0.059,-0.527,
3,0.175,0.699,
4,0.19,0.13,
5,-0.043,-0.294,
6,0.384,1.311,
7,0.213,-0.012,
8,0.73,0.233,
9,0.407,0.486,
10,-0.027,-0.067,
11,-0.916,-0.08,
12,1.328,-0.992,
13,-0.557,-0.24,
14,-0.473,-0.192,
15,0.133,0.476,
16,-0.119,1.092,
17,-0.192,0.148,
18,-0.553,0.705,
19,-0.883,0.264,
20,-0.376,1.326,
21,0.262,-0.006,
22,0.58,0.35,
23,-0.297,-0.341,
24,-0.384,0.791,
25,0.077,0.05,
26,0.61,-0.032,
27,0.084,0.457,
28,0.043,-0.005,
29,-0.303,0.107,
30,0.587,0.199,
31,-0.004,-0.319,
32,-0.054,-0.189,
33,0.765,-0.871,
34,0.162,-0.022,
35,-0.012,0.081,
36,0.162,0.461,
37,0.127,0.17,
38,-0.234,0.224,
39,0.493,0.176,
40,0.135,-0.289,
41,0.511,-0.536,
42,-0.132,-1.807,
43,0.693,0.358,
44,0.314,-0.155,
45,-0.199,0.014,
46,-0.148,0.298,
47,-0.347,0.059,
48,-0.022,-0.109,
49,0.162,0.97,
50,0.603,-0.179,
51,-0.605,-0.878,
52,0.333,-0.394,
53,0.473,0.808,
54,0.351,0.154,
55,-0.162,0.116,
56,-0.273,0.702,
57,-0.152,-0.775,
58,-0.066,1.04,
59,0.009,-0.33,
60,-1.315,0.744,
61,0.564,0.516,
62,-0.18,0.037,
63,0.256,0.659,
64,0.041,-0.199,
65,-0.391,-0.613,
66,-1.238,-0.852,
67,-0.443,-0.27,
68,0.708,0.487,
69,0.358,-0.121,
70,0.458,-1.561,
71,0.246,-0.001,
72,-0.432,0.182,
73,-0.588,0.117,
74,0.255,-0.037,
75,1.045,0.065,
76,0.938,-0.002,
77,0.147,0.098,
78,0.3,0.162,
79,-0.662,-0.874,
80,-0.084,0.553,
81,-0.578,1.036,
82,-0.172,0.114,
83,0.678,-0.515,
84,1.072,-0.274,
85,-0.929,0.081,
86,0.061,0.239,
87,0.04,-0.162,
88,-0.329,0.099,
89,-0.217,-0.236,
90,-0.267,0.308,
91,0.868,0.23,
92,0.087,0.97,
93,-0.528,-0.098,
94,0.329,-0.28,
95,-0.357,0.333,
96,0.004,0.511,
97,0.306,-0.788,
98,-0.817,0.753,
99,-0.247,-0.381,
100,0.11,0.098,
101,-0.109,-0.158,
102,-1.161,0.571,
103,0.469,-0.702,
104,-0.249,0.58,
105,0.109,0.305,
106,-0.458,-0.934,
107,-0.593,-0.341,
108,1.207,-0.09,
109,-0.197,-0.728,
110,-0.229,0.521,
111,-0.47,0.527,
112,-0.335,-0.014,
113,-0.154,0.533,
114,-0.09,0.165,
115,-1.054,0.257,
116,-0.089,-0.043,
117,-0.961,-0.019,
118,-0.139,0.35,
119,0.039,-0.011,
120,0.961,-0.04,
121,0.354,-0.135,
122,0.459,0.214,
123,0.021,0.641,
124,0.134,0.178,
125,0.082,0.624,
126,0.935,0.346,
127,0.023,-0.08,
128,0.731,0.204,
129,0.439,0.216,
130,0.572,0.914,
131,0.122,-0.085,
132,0.01,-0.178,
133,-0.27,0.278,
134,-0.212,0.196,
135,-0.628,-0.446,
136,-0.298,-0.206,
137,-0.221,0.75,
138,0.427,-0.339,
139,-0.472,1.009,
140,-0.507,-0.184,
141,-0.961,0.57,
142,-0.061,-0.577,
143,0.524,-0.167,
144,1.236,0.168,
145,0.492,0.021,
146,0.083,-0.26,
147,-0.083,0.05,
148,-0.322,-0.11,
149,0.069,-0.206,
150,-0.692,-0.746,
151,-0.535,0.172,
152,0.207,0.293,
153,0.153,-1.162,
154,-0.091,0.089,
155,0.218,-0.111,
156,-0.565,-0.116,
157,-0.174,-0.374,
158,0.569,0.204,
159,-0.006,0.174,
160,-0.269,0.233,
161,0.898,-0.593,
162,-0.581,-0.325,
163,0.091,-0.28,
