1,-0.271,-0.204,
2,-0.208,0.018,
3,0.517,-0.058,
4,-0.073,0.135,
5,-0.063,-0.288,
6,0.037,0.019,
7,0.23,-0.237,
8,0.067,-0.409,
9,1.123,-0.202,
10,-0.052,-0.145,
11,-0.193,-0.149,
12,0.42,0.058,
13,-0.061,-0.025,
14,0.162,-0.437,
15,-0.135,0.064,
16,0.489,-0.292,
17,-0.286,0.08,
18,-0.072,0.404,
19,-0.564,0.437,
20,-0.117,0.065,
21,0.056,0.084,
22,0.134,0.026,
23,0.187,-0.634,
24,-0.308,-0.061,
25,0.374,-0.18,
26,-0.28,-0.455,
27,-0.444,-0.083,
28,0.144,0.055,
29,-0.137,0.392,
30,0.61,0.341,
31,-0.045,-0.262,
32,0.129,-0.162,
33,-0.24,-0.017,
34,0.116,-0.494,
35,-0.159,0.166,
36,0.351,0.351,
37,0.346,0.088,
38,0.065,-0.156,
39,0.504,-0.372,
40,0.159,-0.166,
41,0.116,0.479,
42,0.137,-0.059,
43,0.38,0.272,
44,0.14,-0.327,
45,-0.095,0.03,
46,0.043,-0.037,
47,0.041,0.345,
48,-0.194,-0.355,
49,-0.002,-0.121,
50,0.346,0.246,
51,-0.484,-0.414,
52,-0.129,0.33,
53,-0.221,0.433,
54,-0.046,-0.079,
55,-0.082,0.095,
56,-0.364,0.412,
57,0.131,0.011,
58,-0.513,0.158,
59,0.1,-0.176,
60,-0.063,0.123,
61,-0.359,-0.114,
62,0.239,-0.078,
63,0.302,0.526,
64,0.125,0.466,
65,0.068,0.106,
66,0.198,0.138,
67,0.423,0.447,
68,0.228,-0.142,
69,0.348,-0.006,
70,0.136,-0.344,
71,0.364,-0.168,
72,0.005,-0.359,
73,0.618,0.189,
74,0.698,0.013,
75,0.132,0.489,
76,0.217,-0.539,
77,-0.019,0.541,
78,0.258,0.417,
79,0.231,0.511,
80,-0.269,0.341,
81,-0.082,-0.367,
82,-0.014,0.433,
83,0.14,0.13,
84,0.379,0.184,
85,-0.379,0.003,
86,0.352,-0.405,
87,0.05,-0.24,
88,0.018,0.171,
89,-0.479,0.25,
90,-0.472,0.349,
91,0.149,0.277,
92,-0.011,0.01,
93,0.387,0.749,
94,-0.246,0.355,
95,0.339,-0.071,
96,0.198,-0.365,
97,-0.242,-0.258,
98,0.009,-0.557,
99,0.209,0.038,
100,0.205,-0.482,
101,-0.231,-0.13,
102,-0.139,0.012,
103,0.102,-0.51,
104,0.327,-0.1,
105,-0.075,0.545,
106,-0.248,-1.032,
107,-0.234,-0.364,
108,0.385,-0.396,
109,-0.055,-0.647,
110,-0.466,-0.857,
111,0.023,-0.299,
112,0.625,0.029,
113,0.118,0.177,
114,0,0.111,
115,-0.169,0.498,
116,-0.207,-0.049,
117,0.811,-0.269,
118,-0.034,-0.038,
119,0.134,0.124,
120,-0.138,-0.036,
121,-0.08,-0.287,
122,0.187,0.072,
123,0.028,0.003,
124,-0.261,0.096,
125,0.203,0.008,
126,0.121,-0.25,
127,0.082,0.005,
128,-0.353,0.413,
129,0.392,0.126,
130,0.043,0.094,
131,0.211,-0.275,
132,-0.09,0.238,
133,-0.058,-0.506,
134,-0.481,0.318,
135,-0.157,0.04,
136,0.013,-0.178,
137,0.22,0.075,
138,0.054,0.094,
139,-0.086,0.237,
140,-0.373,-0.088,
141,-0.43,0.419,
142,0.263,-0.246,
143,0.174,-0.299,
144,0.818,-0.707,
145,-0.169,0.296,
146,-0.353,0.016,
147,-0.098,0.2,
148,-0.576,-0.311,
149,-0.004,-0.084,
150,0.25,-0.596,
151,-0.07,0.201,
152,0.399,-0.255,
153,-0.016,-0.051,
154,-0.444,0.144,
155,0.172,-0.219,
156,0.026,0.536,
157,0.204,0.104,
158,-0.111,0.204,
159,0.005,0.348,
160,-0.229,0.179,
161,0.012,-0.165,
162,0.297,0.427,
163,0.233,-0.261,
