1,-0.999,-0.492,
2,0.044,0.057,
3,0.241,-0.333,
4,0.151,-0.38,
5,0.051,-0.728,
6,0.074,0.14,
7,0.088,-0.261,
8,0.092,-0.404,
9,-0.003,-0.173,
10,-0.214,-0.12,
11,0.092,0.534,
12,-0.201,-0.67,
13,0.42,0.255,
14,0.284,-0.506,
15,-0.725,-0.052,
16,0.288,-0.509,
17,-0.196,0.216,
18,-0.146,0.272,
19,-0.211,0.252,
20,0.326,0.228,
21,0.242,0.062,
22,0.25,0.064,
23,-0.029,-0.124,
24,-0.057,0.276,
25,0.503,0.695,
26,0.235,-0.464,
27,0.067,-0.006,
28,0.198,0.055,
29,-0.344,-0.136,
30,0.744,0.34,
31,0.275,-0.043,
32,-0.106,-0.274,
33,-0.035,-0.079,
34,-0.455,0.255,
35,-0.569,-0.749,
36,0.262,0.332,
37,0.201,0.138,
38,-0.062,-0.327,
39,0.491,-0.206,
40,-0.532,0.191,
41,0.128,0.192,
42,0.161,-0.312,
43,0.218,0.138,
44,-0.01,-0.024,
45,0.1,0.153,
46,-0.047,-0.159,
47,0.306,0.14,
48,-0.27,-0.255,
49,-0.011,0.039,
50,-0.156,0.011,
51,-0.474,-0.042,
52,0.229,0.314,
53,-0.071,0.214,
54,0.295,-0.275,
55,0.106,0.028,
56,-0.098,0.559,
57,-0.245,-0.033,
58,0.093,0.112,
59,0.413,0.333,
60,-0.086,0.162,
61,0.044,-0.135,
62,-0.032,0.443,
63,-0.073,0.146,
64,0.009,0.072,
65,-0.229,0.07,
66,0.108,0.003,
67,-0.232,0.009,
68,0.19,-0.015,
69,0.201,0.019,
70,-0.209,-0.273,
71,0.079,-0.268,
72,0.092,-0.124,
73,0.159,0.321,
74,0.322,-0.019,
75,-0.388,0.185,
76,0.276,-0.428,
77,0.035,0.256,
78,0.277,0.842,
79,-0.391,0.197,
80,-0.523,0.056,
81,-0.06,0.243,
82,-0.051,-0.419,
83,-0.447,0.055,
84,0.846,0.194,
85,-0.697,-0.092,
86,0.038,-0.469,
87,0.197,0.036,
88,0.071,0.024,
89,-0.216,-0.167,
90,-0.275,0.136,
91,0.185,0.281,
92,0.163,-0.443,
93,0.594,0.37,
94,0.122,0.294,
95,-0.253,0.558,
96,0.098,0.163,
97,0.204,-0.174,
98,0.001,0.192,
99,0.419,-0.082,
100,0.368,0.046,
101,-0.09,-0.016,
102,0.12,0.015,
103,-0.033,-0.447,
104,-0.353,0.065,
105,0.393,0.19,
106,-0.529,-1.156,
107,-0.192,-0.233,
108,0.147,0.114,
109,-0.014,-0.274,
110,-0.274,0.091,
111,-0.367,0,
112,-0.248,0.274,
113,-0.017,0.112,
114,0.133,0.352,
115,-0.341,0.292,
116,-0.125,-0.038,
117,0.253,0.353,
118,0.194,-0.193,
119,-0.022,0.062,
120,-0.052,-0.056,
121,-0.123,0.05,
122,0.017,-0.279,
123,-0.344,0.011,
124,-0.106,0.448,
125,0.049,-0.262,
126,0.112,-0.197,
127,-0.089,0.061,
128,-0.276,0.323,
129,0.5,0.244,
130,-0.276,-0.436,
131,0.066,0.404,
132,-0.211,0.23,
133,-0.193,0.103,
134,-0.389,-0.199,
135,-0.05,0.14,
136,-0.315,-0.246,
137,-0.207,0.269,
138,0.147,0.084,
139,0.064,-0.393,
140,-0.124,0.002,
141,-0.329,0.172,
142,-0.074,-0.074,
143,0.05,-0.293,
144,0.877,-0.776,
145,0.012,-0.242,
146,-0.47,-0.077,
147,-0.475,-0.004,
148,-0.122,0.017,
149,-0.05,0.016,
150,-0.192,0.031,
151,-0.375,0.435,
152,-0.293,-0.092,
153,-0.014,-0.156,
154,0.555,0.152,
155,0.101,0.059,
156,-0.256,0.439,
157,0.079,0.055,
158,-0.184,0.171,
159,-0.266,0.058,
160,0.022,0.029,
161,-0.014,-0.197,
162,-0.55,0.165,
163,0.511,-0.319,
