1,1.54,1.652,
2,0.396,-1.216,
3,0.455,0.528,
4,0.431,-0.15,
5,1.028,-0.87,
6,-0.57,1.655,
7,-0.244,-0.463,
8,3.208,0.873,
9,1.06,-0.07,
10,0.29,-0.095,
11,-1.457,0.213,
12,1.555,-2.604,
13,0.1,0.282,
14,-1.797,1.069,
15,-0.288,-0.279,
16,0.295,1.98,
17,1.576,-0.414,
18,0.205,0.371,
19,-1.719,-0.421,
20,1.231,-0.332,
21,-0.242,-1.086,
22,1.287,1.314,
23,-0.848,-0.861,
24,-0.401,0.991,
25,-1.487,-0.16,
26,2.175,1.571,
27,0.169,2.798,
28,-0.103,-0.712,
29,-0.466,-0.895,
30,0.185,-0.525,
31,-0.414,-0.41,
32,-0.171,-0.848,
33,1.095,-1.049,
34,-0.84,-0.235,
35,0.281,0.562,
36,0.196,0.719,
37,0.741,-0.223,
38,-1.213,1.182,
39,0.592,0.921,
40,1.512,-0.039,
41,2.155,-1.87,
42,0.362,-2.439,
43,1.461,0.833,
44,1.491,-0.468,
45,-0.654,-0.622,
46,-1.2,1.394,
47,-1.078,0.554,
48,0.411,-0.997,
49,0.73,0.146,
50,1.563,0.307,
51,-0.185,-1.892,
52,0.447,-0.589,
53,0.53,0.261,
54,0.92,1.556,
55,0.573,-1.378,
56,-0.098,0.379,
57,0.758,-2.239,
58,-0.107,1.416,
59,-0.567,-1.266,
60,-1.82,0.42,
61,1.248,-0.056,
62,0.566,-0.481,
63,1.556,0.547,
64,-0.593,-0.865,
65,-0.314,-1.602,
66,-1.042,-1.477,
67,-0.94,-0.57,
68,1.166,1.142,
69,-0.639,-0.37,
70,1.088,-2.323,
71,1.134,0.115,
72,-0.459,0.838,
73,-2.479,-1.246,
74,-0.123,-0.792,
75,0.06,-0.198,
76,1.437,0.857,
77,2.033,0.266,
78,0.757,-1.341,
79,-0.783,-1.157,
80,-0.509,-2.03,
81,0.142,1.046,
82,0.12,-0.664,
83,-0.921,-2.681,
84,1.629,-0.103,
85,0.257,0.505,
86,0.978,0.453,
87,-1.169,-0.772,
88,-2.539,0.167,
89,2.083,-1.247,
90,0.386,-0.418,
91,2.111,-1.181,
92,0.592,0.389,
93,-0.774,-0.852,
94,1.62,0.345,
95,-0.447,0.238,
96,-1.032,0.196,
97,0.47,-1.491,
98,-1.679,0.036,
99,0.077,-0.832,
100,1.367,0.825,
101,-0.575,0.17,
102,-2.029,0.1,
103,1.977,-1.182,
104,0.571,0.604,
105,0.048,0.221,
106,0.198,-0.11,
107,0.909,-0.788,
108,2.051,-0.494,
109,0.583,-0.789,
110,-1.301,0.425,
111,-0.791,1.891,
112,-1.219,-0.114,
113,-0.429,1.16,
114,-0.722,-0.224,
115,-2.658,-0.049,
116,-1.029,-1.189,
117,-0.456,-0.11,
118,0.107,1.429,
119,0.829,-0.118,
120,2.413,0.531,
121,0.708,-0.063,
122,1.074,0.746,
123,-0.328,-0.273,
124,1.324,-1.124,
125,-0.823,0.748,
126,2.152,0.144,
127,0.276,-0.575,
128,1.41,-0.231,
129,1.089,-0.483,
130,0.889,0.678,
131,0.853,0.267,
132,0.669,-0.943,
133,-0.139,0.2,
134,-0.064,0.321,
135,-2.214,-1.536,
136,-0.64,-0.569,
137,-0.272,1.024,
138,0.629,-1.11,
139,-1.091,0.768,
140,0.124,-0.756,
141,-0.804,0.047,
142,0.017,-1.199,
143,-0.111,-0.909,
144,1.307,0.896,
145,0.347,-1.088,
146,0.367,-1.105,
147,0.09,-0.864,
148,-0.909,-0.385,
149,0.004,-0.722,
150,-1.853,-1.07,
151,0.478,-1.275,
152,0.091,0.693,
153,0.421,-1.775,
154,-0.049,-0.691,
155,-0.243,-0.137,
156,-1.022,-1.132,
157,0.421,-1.329,
158,1.936,0.761,
159,0.881,0.711,
160,0.116,-0.665,
161,1.489,-1.005,
162,-0.565,-2.056,
163,0.93,-0.288,
