1,1.942,2.029,
2,0.31,-1.323,
3,0.409,0.739,
4,0.404,-0.058,
5,0.854,-0.974,
6,-0.509,2.142,
7,-0.043,-0.198,
8,3.287,1.043,
9,1.144,0.29,
10,0.221,-0.111,
11,-1.811,0.273,
12,1.695,-2.764,
13,-0.145,0.284,
14,-2.044,0.999,
15,-0.393,0.1,
16,0.064,2.497,
17,1.344,-0.403,
18,0.016,0.594,
19,-1.838,-0.282,
20,0.99,0.311,
21,-0.158,-0.991,
22,1.242,1.285,
23,-0.899,-0.813,
24,-0.398,1.216,
25,-1.614,0.052,
26,2.087,1.513,
27,0.182,2.556,
28,0.041,-0.573,
29,-0.432,-0.82,
30,0.252,-0.526,
31,-0.478,-0.54,
32,-0.198,-0.784,
33,1.359,-1.245,
34,-0.74,-0.039,
35,0.201,0.47,
36,0.2,0.755,
37,0.734,-0.134,
38,-1.361,1.032,
39,0.664,1.06,
40,1.351,-0.021,
41,2.18,-1.883,
42,0.171,-2.634,
43,1.562,0.999,
44,1.449,-0.484,
45,-0.68,-0.58,
46,-1.412,1.75,
47,-1.342,0.211,
48,0.292,-0.872,
49,0.717,0.546,
50,1.591,0.268,
51,-0.378,-2.005,
52,0.437,-0.753,
53,0.73,0.706,
54,0.897,1.656,
55,0.376,-0.983,
56,-0.221,0.484,
57,0.534,-2.351,
58,-0.098,1.668,
59,-0.409,-1.236,
60,-2.166,0.698,
61,1.425,0.101,
62,0.659,-0.426,
63,1.583,0.743,
64,-0.533,-0.904,
65,-0.486,-1.655,
66,-1.423,-1.867,
67,-0.897,-0.522,
68,1.134,1.299,
69,-0.857,-0.299,
70,1.146,-2.582,
71,1.305,0.172,
72,-0.671,0.737,
73,-2.808,-1.095,
74,-0.124,-0.75,
75,-0.052,-0.057,
76,1.62,0.582,
77,1.858,0.286,
78,0.806,-1.237,
79,-0.878,-1.353,
80,-0.39,-1.666,
81,0.03,1.374,
82,-0.005,-0.511,
83,-0.936,-2.723,
84,1.836,-0.013,
85,0.03,0.513,
86,1.004,0.7,
87,-1.137,-0.697,
88,-2.563,0.079,
89,2.175,-1.318,
90,0.294,-0.249,
91,2.274,-1.027,
92,0.551,0.726,
93,-0.917,-0.968,
94,1.552,0.207,
95,-0.589,0.369,
96,-1.081,0.444,
97,0.512,-1.611,
98,-1.627,0.4,
99,-0.063,-0.842,
100,1.079,1.039,
101,-0.934,0.123,
102,-2.758,0.283,
103,1.903,-1.27,
104,0.4,0.788,
105,-0.02,0.273,
106,0.007,-0.236,
107,0.536,-0.875,
108,2.35,-0.341,
109,0.515,-0.945,
110,-1.375,0.84,
111,-1.027,2.068,
112,-1.198,-0.021,
113,-0.455,1.265,
114,-0.73,-0.198,
115,-2.871,0.259,
116,-0.911,-1.003,
117,-0.92,0.021,
118,-0.021,1.49,
119,0.666,-0.143,
120,2.458,0.451,
121,0.789,0.111,
122,0.973,0.703,
123,-0.395,-0.037,
124,1.318,-0.974,
125,-0.822,1.032,
126,2.232,0.313,
127,0.151,-0.464,
128,1.619,-0.274,
129,0.973,-0.406,
130,1.134,0.909,
131,0.731,0.173,
132,0.556,-0.919,
133,-0.19,0.372,
134,-0.063,0.436,
135,-2.204,-1.464,
136,-0.899,-0.659,
137,-0.289,1.27,
138,0.713,-1.18,
139,-1.256,1.213,
140,-0.08,-0.721,
141,-1.11,0.185,
142,-0.118,-1.494,
143,-0.005,-0.835,
144,1.54,0.988,
145,0.276,-1.002,
146,0.391,-1.079,
147,0.052,-0.768,
148,-1.106,-0.314,
149,0.164,-0.516,
150,-1.944,-1.418,
151,0.152,-1.112,
152,0.184,0.71,
153,0.393,-2.052,
154,-0.114,-0.527,
155,-0.181,-0.139,
156,-0.978,-1.179,
157,-0.001,-1.705,
158,1.892,0.525,
159,0.741,0.908,
160,0.051,-0.536,
161,1.401,-1.059,
162,-0.741,-2.027,
163,0.693,-0.287,
