1,0.325,1.519,
2,-0.085,0.079,
3,-0.961,0.407,
4,-0.161,0.74,
5,-0.256,0.836,
6,-1.863,0.735,
7,-0.392,1.644,
8,0.175,0.468,
9,-0.454,-0.054,
10,-0.756,0.949,
11,0.492,1.346,
12,0.371,-0.346,
13,0.457,0.721,
14,-1.249,0.623,
15,-1.176,0.556,
16,0.095,0.68,
17,-1.633,0.708,
18,-0.023,0.595,
19,-0.295,0.785,
20,-0.085,0.591,
21,0.17,0.514,
22,-0.383,0.291,
23,-0.241,0.042,
24,-0.474,0.322,
25,-1.043,0.79,
26,-0.417,0.745,
27,-0.344,0.19,
28,0.337,0.656,
29,-0.219,0.434,
30,0.051,1.672,
31,-0.203,1.336,
32,-0.155,0.184,
33,-0.624,0.978,
34,-0.719,0.425,
35,-0.26,1.602,
36,-0.844,0.994,
37,-0.114,0.345,
38,-0.18,0.14,
39,-0.32,1.297,
40,-0.631,0.295,
41,-0.149,0.452,
42,0.576,0.287,
43,-0.085,0.573,
44,0.086,1.607,
45,-0.494,0.544,
46,-0.178,0.925,
47,-0.823,0.177,
48,0.677,0.189,
49,-0.476,-0.175,
50,-0.549,-0.158,
51,-0.327,0.512,
52,-0.19,0.565,
53,0.115,0.007,
54,-0.307,0.826,
55,-0.314,-0.289,
56,-0.388,0.593,
57,0.086,0.46,
58,-0.508,0.834,
59,-1.149,0.627,
60,-0.386,0.18,
61,-0.453,1.041,
62,0.559,0.457,
63,-0.401,0.629,
64,-0.732,-0.397,
65,-0.15,0.19,
66,0.456,1.009,
67,-0.962,0.092,
68,-0.71,0.729,
69,-0.27,1.158,
70,-0.112,0.559,
71,-0.563,0.985,
72,-0.203,0.961,
73,-0.621,0.695,
74,-0.059,0.744,
75,-0.939,1.313,
76,0.037,0.782,
77,-0.463,0.116,
78,-0.098,0.78,
79,-1.169,0.386,
80,-0.415,0.036,
81,0.406,0.621,
82,-0.498,0.449,
83,0.186,0.404,
84,-0.474,0.556,
85,0.034,0.95,
86,-0.936,0.974,
87,-0.462,-0.309,
88,-0.018,0.362,
89,0.623,0.295,
90,-0.41,0.632,
91,-0.243,0.572,
92,-0.782,0.386,
93,-0.174,1.292,
94,-0.557,0.875,
95,-0.262,0.501,
96,0.18,-0.133,
97,0.403,0.629,
98,-1.294,0.193,
99,-0.421,0.296,
100,-0.855,0.695,
101,-0.097,1.107,
102,-0.575,-0.099,
103,-0.2,0.353,
104,-0.425,0.394,
105,-0.067,0.698,
106,-0.355,1.003,
107,0.505,1.586,
108,-0.155,0.667,
109,-0.451,0.243,
110,0.28,0.804,
111,-0.136,0.477,
112,-1.247,0.544,
113,-0.541,0.454,
114,-0.341,0.28,
115,-0.093,-0.813,
116,0.036,0.393,
117,-0.146,0.357,
118,-0.165,0.827,
119,0.18,0.762,
120,0.055,0.281,
121,-0.365,0.446,
122,0.26,0.682,
123,-0.712,-0.305,
124,-0.232,0.069,
125,-0.409,0.292,
126,-0.174,0.688,
127,0.055,-0.066,
128,-0.371,0.768,
129,-0.179,0.478,
130,0.592,0.425,
131,-0.363,1.626,
132,-0.732,0.61,
133,-0.514,0.881,
134,-0.575,0.65,
135,-0.952,-0.291,
136,-0.295,0.126,
137,-0.663,0.99,
138,-0.202,0.939,
139,-0.651,-0.095,
140,-0.469,0.409,
141,-0.434,-0.451,
142,-0.517,-0.162,
143,-0.582,1.358,
144,-0.606,0.571,
145,-0.656,-0.169,
146,0.106,1.063,
147,-0.367,0.614,
148,-0.694,0.32,
149,0.119,-1.679,
150,-0.862,0.4,
151,0.944,0.752,
152,-0.457,0.946,
153,-0.227,0.267,
154,-0.896,0.898,
155,-0.681,0.447,
156,-1.048,0.294,
157,-0.585,-0.002,
158,0.439,0.445,
159,-0.024,-0.01,
160,-0.623,0.647,
161,0.024,0.785,
162,-0.47,0.672,
163,0.198,-0.544,
