1,0.135,1.231,
2,-0.195,0.007,
3,-0.689,0.545,
4,-0.128,0.706,
5,-0.101,0.763,
6,-1.605,0.444,
7,-0.493,1.111,
8,-0.066,0.354,
9,-0.433,-0.075,
10,-0.692,0.984,
11,0.362,0.945,
12,0.31,-0.197,
13,0.484,0.629,
14,-1.044,0.642,
15,-0.963,0.082,
16,0.2,0.386,
17,-1.348,0.756,
18,-0.093,0.637,
19,-0.291,0.682,
20,0.049,0.165,
21,0.058,0.068,
22,-0.37,0.365,
23,-0.261,0.054,
24,-0.529,0.393,
25,-1.013,0.693,
26,-0.029,0.916,
27,-0.241,0.378,
28,0.428,0.97,
29,-0.279,0.448,
30,-0.153,1.314,
31,-0.145,1.091,
32,-0.096,0.199,
33,-0.586,0.381,
34,-0.731,0.426,
35,-0.187,1.418,
36,-0.81,0.931,
37,-0.097,0.424,
38,-0.105,0.45,
39,-0.551,1.316,
40,-0.5,0.312,
41,0.098,0.536,
42,0.832,0.133,
43,0.15,0.242,
44,0.045,1.322,
45,-0.361,0.523,
46,-0.166,0.569,
47,-0.958,0.174,
48,0.372,0.315,
49,-0.532,-0.178,
50,-0.411,-0.002,
51,0.235,0.71,
52,-0.196,0.493,
53,-0.107,-0.031,
54,-0.176,0.876,
55,-0.288,-0.218,
56,-0.511,0.879,
57,0.042,0.146,
58,-0.456,0.837,
59,-0.962,0.387,
60,-0.28,0.298,
61,-0.336,0.782,
62,-0.017,0.432,
63,-0.222,0.531,
64,-0.66,-0.185,
65,-0.169,0.223,
66,0.057,0.729,
67,-1.004,0.112,
68,-0.422,0.563,
69,-0.131,0.873,
70,-0.147,0.486,
71,-0.351,0.421,
72,-0.209,0.954,
73,-0.513,0.533,
74,-0.089,0.639,
75,-0.364,1.192,
76,-0.295,0.571,
77,-0.333,0.158,
78,-0.154,0.756,
79,-1.123,0.478,
80,-0.21,-0.371,
81,0.646,0.338,
82,-0.272,0.158,
83,0.044,0.385,
84,-0.603,0.674,
85,-0.037,0.753,
86,-0.947,1.022,
87,-0.432,-0.233,
88,0.284,0.319,
89,-0.051,0.306,
90,-0.183,0.439,
91,-0.758,0.409,
92,-0.525,0.27,
93,-0.18,1.073,
94,-0.575,0.77,
95,-0.335,0.46,
96,-0.156,-0.1,
97,0.251,0.55,
98,-0.955,0.194,
99,-0.397,0.237,
100,-0.623,0.384,
101,-0.159,0.902,
102,-0.178,0,
103,-0.052,0.61,
104,-0.289,0.413,
105,-0.164,0.396,
106,-0.321,0.775,
107,0.729,1.666,
108,-0.169,0.462,
109,-0.447,0.311,
110,0.218,0.808,
111,-0.251,0.664,
112,-1.139,0.552,
113,-0.424,0.597,
114,-0.411,0.229,
115,-0.422,-0.796,
116,0.097,0.41,
117,0.123,0.532,
118,0.005,0.576,
119,-0.066,0.713,
120,-0.014,0.274,
121,-0.31,0.515,
122,0.374,0.901,
123,-0.677,-0.23,
124,-0.21,0.09,
125,-0.336,0.453,
126,0.092,0.491,
127,-0.046,-0.114,
128,-0.317,0.643,
129,-0.113,0.401,
130,0.213,0.559,
131,-0.399,1.522,
132,-0.738,0.623,
133,-0.547,0.712,
134,-0.366,0.685,
135,-0.63,-0.047,
136,-0.265,0.14,
137,-0.675,0.715,
138,-0.597,0.558,
139,-0.426,0.003,
140,-0.457,0.421,
141,-0.462,-0.155,
142,-0.52,-0.097,
143,-0.444,1.122,
144,-0.527,0.428,
145,-0.188,0.116,
146,0.113,0.985,
147,-0.347,0.472,
148,-0.532,0.214,
149,0.019,-1.247,
150,-1.008,0.494,
151,0.801,0.693,
152,-0.424,0.767,
153,-0.176,0.52,
154,-0.63,0.716,
155,-0.681,0.225,
156,-0.633,0.249,
157,-0.226,0.453,
158,0.021,0.796,
159,-0.11,-0.037,
160,-0.548,0.565,
161,-0.111,0.363,
162,-0.328,0.565,
163,0.466,-0.049,
