1,2.173,2.449,
2,0.261,-1.204,
3,0.277,1.193,
4,0.31,0.174,
5,0.593,-1.106,
6,0.011,2.67,
7,0.531,0.032,
8,3.306,1.668,
9,1.177,0.61,
10,-0.188,-0.15,
11,-2.314,0.24,
12,1.681,-2.928,
13,-0.445,0.337,
14,-1.984,1.367,
15,-0.633,0.503,
16,0.072,3.145,
17,1.105,-0.346,
18,-0.237,1.257,
19,-2.366,0.205,
20,0.332,1.294,
21,0.044,-0.774,
22,1.018,1.226,
23,-1.106,-0.579,
24,-0.61,1.943,
25,-1.839,0.449,
26,1.572,1.559,
27,0.172,2.502,
28,-0.061,-0.632,
29,-0.509,-0.718,
30,0.135,-0.737,
31,-0.314,-0.789,
32,-0.322,-0.695,
33,1.752,-1.384,
34,-0.355,0.041,
35,0.012,0.329,
36,0.144,0.943,
37,0.633,0.055,
38,-1.478,0.926,
39,0.711,1.063,
40,1.198,0.025,
41,2.005,-2.027,
42,-0.045,-3.087,
43,1.763,1.26,
44,1.369,-0.716,
45,-0.758,-0.713,
46,-2.147,2.444,
47,-1.699,-0.345,
48,-0.033,-0.689,
49,1.038,1.257,
50,1.53,0.207,
51,-0.592,-2.038,
52,0.399,-1.21,
53,0.81,1.237,
54,0.785,2.048,
55,0.064,-0.336,
56,-0.647,0.525,
57,0.303,-2.554,
58,-0.022,2.268,
59,-0.672,-0.861,
60,-2.8,1.37,
61,1.469,0.46,
62,0.565,-0.151,
63,1.533,1.228,
64,-0.324,-0.806,
65,-0.961,-1.906,
66,-2.049,-2.248,
67,-0.886,-0.238,
68,0.943,1.559,
69,-1.183,-0.427,
70,1.542,-3.192,
71,1.092,0.457,
72,-1.035,0.746,
73,-3.161,-0.986,
74,-0.32,-0.741,
75,0.193,0.18,
76,2.379,0.323,
77,1.774,0.446,
78,0.894,-1.145,
79,-1.068,-1.877,
80,-0.285,-1.083,
81,-0.308,1.836,
82,-0.264,-0.172,
83,-0.711,-2.746,
84,2.039,0.294,
85,-0.088,0.701,
86,0.767,1.344,
87,-0.925,-0.502,
88,-2.933,0.246,
89,1.87,-1.44,
90,0.018,0.031,
91,2.536,-0.757,
92,0.475,1.403,
93,-1.287,-1.18,
94,1.128,0.21,
95,-0.769,0.577,
96,-1.056,0.701,
97,0.654,-1.959,
98,-1.411,1.281,
99,-0.34,-0.932,
100,0.561,1.382,
101,-1.449,0.046,
102,-3.411,0.419,
103,1.929,-1.287,
104,0.162,1.207,
105,-0.089,0.513,
106,-0.296,-0.326,
107,-0.204,-0.921,
108,2.644,0.093,
109,0.516,-0.842,
110,-1.364,1.297,
111,-1.474,2.511,
112,-1.222,0.029,
113,-0.626,1.534,
114,-1.021,0.059,
115,-3.091,0.474,
116,-0.745,-0.743,
117,-1.838,0.035,
118,-0.25,1.723,
119,0.443,-0.187,
120,2.81,0.304,
121,0.933,0.408,
122,0.922,0.759,
123,-0.778,0.456,
124,1.087,-0.606,
125,-0.696,1.692,
126,2.132,0.509,
127,0.053,-0.159,
128,2.003,-0.203,
129,0.811,-0.103,
130,1.256,1.368,
131,0.651,-0.061,
132,0.551,-0.833,
133,-0.327,0.742,
134,-0.12,0.681,
135,-2.248,-1.145,
136,-1.332,-0.688,
137,-0.542,1.506,
138,0.916,-1.243,
139,-1.357,1.773,
140,-0.423,-0.76,
141,-1.368,0.428,
142,-0.507,-1.73,
143,0.181,-0.845,
144,1.944,0.959,
145,0.234,-0.645,
146,0.405,-1.274,
147,-0.122,-0.648,
148,-1.532,-0.377,
149,0.265,-0.068,
150,-1.863,-2.214,
151,-0.443,-0.995,
152,0.351,0.83,
153,0.307,-2.438,
154,-0.212,-0.179,
155,-0.147,-0.153,
156,-1.338,-1.409,
157,-0.578,-1.791,
158,1.563,0.102,
159,0.642,1.004,
160,-0.062,-0.452,
161,1.169,-1.197,
162,-0.957,-2.13,
163,0.454,-0.383,
