1,0.839,1.869,
2,-0.416,-1.199,
3,-2.474,-1.834,
4,0.157,0.284,
5,-1.417,-0.325,
6,-3.565,0.434,
7,-1.562,2.401,
8,-1.256,0.611,
9,-1.984,1.034,
10,-0.659,0.557,
11,0.713,1.752,
12,1.355,-1.164,
13,0.285,0.289,
14,-1.854,1.397,
15,-3.748,-0.466,
16,0.766,1.277,
17,-1.372,0.334,
18,0.651,1.09,
19,0.085,0.921,
20,-0.288,0.894,
21,1.717,-1.304,
22,-0.342,-0.453,
23,-1.181,-0.676,
24,-1.252,0.487,
25,-1.19,-0.425,
26,-0.796,0.314,
27,-1.765,0.318,
28,1.171,0.753,
29,-0.186,0.575,
30,-0.291,1.314,
31,0.648,0.615,
32,0.11,-0.006,
33,-1.429,0.96,
34,0.246,0.868,
35,-0.124,1.091,
36,-1.904,0.724,
37,-0.834,0.14,
38,0.61,-0.224,
39,0.026,2.93,
40,-0.96,-0.08,
41,-1.126,-0.796,
42,1.096,-1.009,
43,0.241,0.211,
44,0.275,1.618,
45,-0.504,0.164,
46,0.175,0.965,
47,-0.39,0.633,
48,0.778,-0.393,
49,-1.41,-1.18,
50,0.48,-0.203,
51,-0.584,0.363,
52,-0.014,0.475,
53,-0.41,0.364,
54,-1.198,-0.699,
55,0.486,-0.078,
56,-0.119,1.526,
57,1.136,1.283,
58,-0.809,0.662,
59,-2.279,1.312,
60,0.725,-0.205,
61,-0.873,2.458,
62,1.171,-1.053,
63,-0.031,-0.518,
64,-0.314,-0.312,
65,-0.322,-0.349,
66,0.502,0.479,
67,-1.635,0.214,
68,-0.562,1.148,
69,-0.336,1.104,
70,0.726,-0.017,
71,-0.37,0.336,
72,-1.365,1.286,
73,-0.93,-0.328,
74,-0.581,0.165,
75,-2.628,1.405,
76,0.516,0.004,
77,-0.26,-0.329,
78,1.483,1.304,
79,-0.66,0.141,
80,-1.213,1.54,
81,0.818,0.133,
82,-1.303,0.504,
83,0.377,0.157,
84,-0.722,0.47,
85,0.347,1.202,
86,-1.27,-0.08,
87,-0.575,-0.721,
88,-0.446,1.866,
89,0.248,0.247,
90,-1.196,0.482,
91,-0.501,0.81,
92,-0.961,0.55,
93,0.923,1.695,
94,-1.058,0.08,
95,-0.702,-0.636,
96,0.457,-0.982,
97,0.109,0.199,
98,-0.807,0.363,
99,-0.582,-0.34,
100,-0.429,1.149,
101,-0.001,0.67,
102,-2.063,0.328,
103,0.985,0.393,
104,-0.331,0.182,
105,-0.435,1.822,
106,0.088,0.791,
107,1.908,1.284,
108,0.155,0.536,
109,-1.152,-0.563,
110,0.012,0.795,
111,-0.037,-1.538,
112,-1.174,1.483,
113,-1.354,-0.094,
114,0.652,0.093,
115,-0.408,-0.73,
116,0.221,1.451,
117,-1.318,-0.804,
118,-0.184,0.42,
119,0.724,0.827,
120,-0.243,0.091,
121,-0.155,-0.636,
122,-1.128,-0.181,
123,-1.753,1.085,
124,-0.939,-0.746,
125,-0.221,1.22,
126,-1.728,0.864,
127,0.564,-0.966,
128,-0.522,0.685,
129,0.356,0.516,
130,1.439,-1.027,
131,-0.705,1.913,
132,-0.396,1.177,
133,-0.615,1.237,
134,-1.823,-0.927,
135,-0.986,-1.602,
136,0.267,-0.829,
137,-0.254,0.778,
138,1.682,0.913,
139,-1.041,0.25,
140,-0.314,-0.772,
141,-0.463,0.557,
142,0.83,-0.467,
143,-0.287,2.271,
144,-0.325,0.26,
145,0.006,-0.96,
146,-0.766,0.949,
147,0.339,0.151,
148,0.286,-0.095,
149,1.23,-2.343,
150,-0.034,-0.019,
151,1.436,0.803,
152,0.189,0.203,
153,-0.434,0.053,
154,-0.968,2.516,
155,-0.371,-0.033,
156,-2.103,-0.745,
157,0.46,0.07,
158,0.704,-1.549,
159,0.464,-0.289,
160,-0.426,0.607,
161,0.232,0.925,
162,-0.723,0.772,
163,-0.307,-2.115,
