1,1.082,1.255,
2,0.377,-1.058,
3,0.465,0.104,
4,0.473,-0.285,
5,1.016,-0.513,
6,-0.889,1.275,
7,-0.081,-0.186,
8,2.546,0.447,
9,0.652,-0.374,
10,0.439,-0.016,
11,-0.628,0.294,
12,1.265,-1.978,
13,0.549,0.037,
14,-1.304,0.944,
15,-0.328,-0.333,
16,0.552,1.084,
17,1.407,-0.367,
18,0.35,-0.098,
19,-1.111,-0.416,
20,1.21,-0.789,
21,-0.067,-0.944,
22,1.176,1.162,
23,-0.563,-0.99,
24,-0.218,0.335,
25,-0.98,-0.602,
26,2.061,1.399,
27,0.253,2.096,
28,0.153,-0.425,
29,-0.319,-0.661,
30,0.174,-0.244,
31,-0.28,-0.043,
32,0.078,-0.824,
33,0.68,-0.745,
34,-0.896,-0.276,
35,0.456,0.57,
36,0.218,0.475,
37,0.74,-0.331,
38,-0.817,0.921,
39,0.6,0.706,
40,1.307,-0.151,
41,1.894,-1.445,
42,0.629,-1.721,
43,1.083,0.399,
44,1.467,-0.261,
45,-0.661,-0.457,
46,-0.461,0.857,
47,-0.757,0.705,
48,0.654,-0.961,
49,0.614,-0.3,
50,1.355,0.059,
51,-0.042,-1.613,
52,0.426,-0.346,
53,0.399,-0.388,
54,0.755,0.964,
55,0.64,-1.581,
56,0.175,0.293,
57,0.867,-1.737,
58,-0.046,0.738,
59,-0.346,-1.192,
60,-0.931,-0.093,
61,0.895,-0.144,
62,0.953,-0.482,
63,1.376,0.134,
64,-0.52,-0.883,
65,0.054,-1.175,
66,-0.271,-0.827,
67,-0.723,-0.633,
68,1.029,0.708,
69,-0.226,-0.032,
70,0.66,-1.477,
71,0.932,-0.236,
72,0.009,0.509,
73,-1.804,-0.918,
74,0.122,-0.621,
75,-0.422,-0.376,
76,1.098,0.944,
77,1.592,0.077,
78,0.562,-1.081,
79,-0.522,-0.671,
80,-0.421,-2.035,
81,0.387,0.435,
82,0.259,-0.793,
83,-0.654,-2.269,
84,1.002,-0.168,
85,0.378,0.283,
86,0.948,-0.043,
87,-1.049,-0.826,
88,-1.75,-0.07,
89,2.064,-0.973,
90,0.4,-0.564,
91,1.703,-0.933,
92,0.536,-0.205,
93,-0.341,-0.441,
94,1.528,0.364,
95,-0.095,-0.069,
96,-0.525,-0.252,
97,0.59,-0.998,
98,-1.34,-0.626,
99,0.296,-0.686,
100,1.293,0.242,
101,-0.212,0.168,
102,-1.423,-0.107,
103,1.542,-0.794,
104,0.654,0.226,
105,0.222,-0.053,
106,0.316,-0.119,
107,1.26,-0.445,
108,1.449,-0.783,
109,0.592,-0.731,
110,-0.467,-0.213,
111,-0.293,1.183,
112,-0.998,-0.13,
113,-0.17,0.686,
114,-0.373,-0.468,
115,-1.814,-0.519,
116,-0.845,-1.185,
117,0.412,-0.219,
118,0.14,1.005,
119,0.854,-0.113,
120,1.82,0.509,
121,0.39,-0.568,
122,1.037,0.491,
123,0.065,-0.686,
124,1.379,-1.243,
125,-0.676,0.087,
126,1.685,-0.178,
127,0.392,-0.8,
128,0.948,-0.214,
129,1.128,-0.681,
130,0.86,0.132,
131,0.913,0.428,
132,0.473,-0.953,
133,-0.015,-0.115,
134,0.214,0.036,
135,-1.559,-1.421,
136,-0.245,-0.634,
137,-0.036,0.575,
138,0.437,-0.941,
139,-0.732,0.152,
140,0.362,-0.663,
141,-0.376,-0.293,
142,0.255,-0.984,
143,-0.043,-0.758,
144,0.776,0.563,
145,0.384,-1.313,
146,0.386,-0.867,
147,0.207,-0.811,
148,-0.558,-0.508,
149,0.158,-1.294,
150,-1.271,-0.625,
151,0.89,-1.018,
152,0.019,0.455,
153,0.488,-1.406,
154,0.012,-0.904,
155,-0.181,-0.19,
156,-0.765,-0.79,
157,0.355,-1.149,
158,1.906,0.523,
159,0.767,0.405,
160,0.182,-0.583,
161,1.479,-0.846,
162,-0.2,-1.621,
163,0.779,-0.691,
