1,1.605,2.027,
2,0.021,-1.026,
3,0.172,0.996,
4,0.265,0.177,
5,0.183,-0.693,
6,0.004,2.728,
7,0.677,0.315,
8,2.259,1.31,
9,0.689,0.863,
10,0.05,-0.117,
11,-1.869,0.16,
12,1.648,-2.175,
13,-0.465,0.024,
14,-1.478,1.147,
15,-0.441,0.828,
16,-0.19,2.413,
17,0.376,-0.134,
18,-0.524,0.956,
19,-1.858,0.08,
20,-0.2,1.812,
21,0.142,-0.489,
22,1.017,0.839,
23,-0.862,-0.592,
24,-0.476,1.418,
25,-0.798,0.212,
26,1.166,0.758,
27,0.16,1.334,
28,0.043,-0.272,
29,-0.334,-0.183,
30,0.307,-0.334,
31,-0.239,-0.5,
32,-0.154,-0.434,
33,1.388,-1.355,
34,-0.049,0.064,
35,0.067,0.163,
36,0.161,0.702,
37,0.403,0.139,
38,-1.14,0.671,
39,0.831,0.926,
40,0.612,-0.141,
41,1.313,-1.339,
42,-0.047,-2.569,
43,1.262,0.85,
44,0.957,-0.451,
45,-0.698,-0.306,
46,-1.186,1.756,
47,-1.203,-0.3,
48,-0.042,-0.351,
49,0.682,1.321,
50,1.194,-0.238,
51,-0.829,-1.71,
52,0.393,-0.858,
53,0.79,1.206,
54,0.396,1.212,
55,-0.136,0.059,
56,-0.484,0.708,
57,0.062,-1.868,
58,-0.025,1.771,
59,-0.309,-0.7,
60,-2.316,1.149,
61,1.207,0.613,
62,0.438,-0.031,
63,0.917,1.025,
64,-0.125,-0.573,
65,-0.809,-1.284,
66,-2.015,-1.81,
67,-0.696,-0.338,
68,1.098,1.355,
69,-0.548,-0.205,
70,0.995,-2.544,
71,0.882,0.166,
72,-0.846,0.412,
73,-2.126,-0.397,
74,-0.01,-0.365,
75,0.395,0.219,
76,1.924,0.38,
77,0.836,0.259,
78,0.643,-0.449,
79,-0.837,-1.519,
80,-0.071,-0.121,
81,-0.441,1.64,
82,-0.393,-0.026,
83,0.056,-1.739,
84,1.49,0.373,
85,-0.623,0.452,
86,0.363,0.909,
87,-0.417,-0.306,
88,-1.829,0.126,
89,1.023,-0.845,
90,-0.318,0.242,
91,1.737,-0.158,
92,0.287,1.323,
93,-0.96,-0.679,
94,0.776,-0.099,
95,-0.536,0.535,
96,-0.541,0.753,
97,0.652,-1.388,
98,-1.054,1.103,
99,-0.334,-0.679,
100,0.206,0.758,
101,-0.93,-0.084,
102,-3.04,0.419,
103,1.144,-1.091,
104,-0.121,0.998,
105,0.084,0.381,
106,-0.5,-0.661,
107,-0.596,-0.598,
108,2.232,-0.038,
109,0.136,-1.018,
110,-0.569,0.962,
111,-1.051,1.926,
112,-0.773,0.024,
113,-0.453,1.083,
114,-0.543,0.093,
115,-2.179,0.451,
116,-0.35,-0.328,
117,-1.559,-0.015,
118,-0.238,1.255,
119,0.178,-0.115,
120,1.949,0.143,
121,0.672,0.167,
122,0.688,0.414,
123,-0.163,0.598,
124,0.633,-0.162,
125,-0.34,1.238,
126,1.669,0.595,
127,-0.003,-0.193,
128,1.53,-0.056,
129,0.61,0.036,
130,1.066,1.235,
131,0.497,-0.306,
132,0.169,-0.59,
133,-0.303,0.578,
134,0.046,0.452,
135,-1.602,-1.001,
136,-0.87,-0.486,
137,-0.313,1.33,
138,0.68,-0.996,
139,-1.052,1.666,
140,-0.554,-0.467,
141,-1.335,0.511,
142,-0.21,-1.273,
143,0.432,-0.541,
144,1.686,0.755,
145,0.248,-0.27,
146,0.287,-0.947,
147,-0.095,-0.268,
148,-1.158,-0.359,
149,0.468,-0.29,
150,-1.307,-1.912,
151,-0.617,-0.33,
152,0.326,0.569,
153,0.25,-2.107,
154,-0.224,-0.054,
155,0.066,-0.143,
156,-0.945,-0.992,
157,-0.621,-1.405,
158,1.235,-0.218,
159,0.254,1.047,
160,-0.19,-0.053,
161,1.215,-0.954,
162,-0.888,-1.222,
163,0.012,-0.5,
