1,-0.187,-0.927,
2,-0.084,-1.218,
3,-0.553,-0.986,
4,-0.321,-0.778,
5,0.093,-0.668,
6,-1.374,-0.877,
7,-0.285,-0.472,
8,0.07,-0.734,
9,-0.595,-1.515,
10,-0.782,-0.153,
11,0.28,-0.5,
12,0.205,-0.772,
13,0.304,-0.466,
14,-0.69,-0.806,
15,-0.306,-1.063,
16,-0.279,-1.155,
17,-1.141,-1.194,
18,-0.209,-1.038,
19,-0.282,-0.67,
20,-0.127,-0.719,
21,-0.259,-1.121,
22,-0.374,-0.842,
23,-0.418,-1.234,
24,0.19,-0.827,
25,-0.573,-0.604,
26,-0.246,-0.162,
27,0.106,-0.838,
28,-0.036,-0.673,
29,0.019,-0.655,
30,-0.061,-0.206,
31,-0.256,-0.361,
32,-0.173,-1.04,
33,-0.68,-1.019,
34,-0.879,-1.33,
35,-0.003,-0.1,
36,-0.45,-0.485,
37,-0.2,-0.812,
38,-0.289,-0.785,
39,-0.493,-0.92,
40,-0.257,-1.111,
41,0.081,-0.388,
42,-0.021,-0.255,
43,-0.203,-0.138,
44,-0.136,-0.528,
45,-0.082,-0.838,
46,-0.374,-0.704,
47,-0.76,-1.191,
48,0.44,-0.6,
49,-0.429,-1.033,
50,-0.714,-1.249,
51,-0.151,-0.879,
52,-0.291,-0.754,
53,-0.037,-0.957,
54,-0.188,-0.465,
55,-0.709,-1.515,
56,-0.275,-0.681,
57,-0.178,-0.973,
58,-0.497,-0.372,
59,-0.609,-1.09,
60,-0.262,-0.831,
61,-0.312,-0.565,
62,-0.21,-0.77,
63,-0.142,-0.815,
64,-0.86,-1.177,
65,0.086,-1.032,
66,0.003,-0.187,
67,-1.292,-0.797,
68,-0.257,-0.727,
69,-0.253,-0.195,
70,-0.316,-0.618,
71,-0.383,-0.932,
72,-0.034,-0.777,
73,-0.485,-0.792,
74,-0.095,-0.671,
75,0.101,-0.831,
76,-0.765,-0.683,
77,-0.307,-1.093,
78,-0.556,-0.337,
79,-1.224,-0.712,
80,-0.143,-1.573,
81,-0.006,-0.904,
82,-0.101,-0.448,
83,-0.112,-0.642,
84,-0.343,-0.778,
85,-0.058,-0.767,
86,-0.471,0.168,
87,-0.289,-1.15,
88,0.201,-0.496,
89,-0.341,-0.788,
90,-0.32,-1.057,
91,-0.512,-0.277,
92,-0.308,-1.009,
93,-0.728,-0.346,
94,-0.457,-0.078,
95,-0.212,-1.002,
96,-0.37,-0.955,
97,0.189,-0.667,
98,-1.003,-1.526,
99,-0.481,-0.697,
100,-0.677,-0.713,
101,-0.289,-0.347,
102,-0.207,-1.062,
103,-0.544,-0.601,
104,-0.711,-0.564,
105,-0.542,-1.158,
106,-0.177,-0.439,
107,-0.08,0.156,
108,-0.588,-1.114,
109,-0.307,-0.941,
110,0.12,-0.516,
111,-0.396,-0.205,
112,-1.094,-1.402,
113,-0.245,-0.826,
114,-0.399,-1.109,
115,-0.29,-2.048,
116,-0.186,-1.251,
117,0.087,-0.835,
118,-0.327,-0.937,
119,-0.342,-0.877,
120,-0.256,-0.984,
121,-0.405,-0.866,
122,0.102,-0.493,
123,-0.68,-1.6,
124,0.057,-0.993,
125,-0.485,-1.24,
126,0.005,-0.848,
127,-0.036,-1.279,
128,-0.391,-0.691,
129,-0.408,-0.809,
130,-0.26,-0.692,
131,-0.303,0.11,
132,-0.469,-0.546,
133,-0.737,-0.676,
134,-0.532,-0.7,
135,-0.732,-1.241,
136,-0.436,-0.855,
137,-0.604,-0.453,
138,-0.549,-0.673,
139,-0.997,-1.263,
140,-0.201,-0.949,
141,-0.829,-1.405,
142,-0.642,-1.254,
143,-0.42,-0.292,
144,-0.779,-0.709,
145,-0.669,-1.313,
146,0.348,-0.068,
147,-0.245,-0.839,
148,-0.859,-0.532,
149,-0.496,-1.954,
150,-1.966,-1.022,
151,0.515,-0.394,
152,-0.963,-0.199,
153,-0.101,-1.025,
154,-0.593,-0.814,
155,-0.699,-0.933,
156,-0.519,-0.497,
157,-0.707,-0.815,
158,-0.22,-0.48,
159,-0.359,-0.815,
160,-0.701,-0.517,
161,-0.388,-0.872,
162,-0.229,-0.372,
163,0.611,-1.051,
