1,2.168,2.288,
2,0.224,-1.377,
3,0.343,0.887,
4,0.378,0.009,
5,0.68,-1.032,
6,-0.371,2.458,
7,0.266,0.057,
8,3.244,1.272,
9,1.11,0.501,
10,0.157,-0.123,
11,-1.981,0.33,
12,1.757,-2.817,
13,-0.302,0.258,
14,-2.049,1.016,
15,-0.52,0.426,
16,-0.087,2.771,
17,1.113,-0.374,
18,-0.126,0.815,
19,-1.98,-0.18,
20,0.701,0.933,
21,-0.073,-0.747,
22,1.192,1.115,
23,-0.942,-0.765,
24,-0.424,1.388,
25,-1.596,0.138,
26,1.91,1.481,
27,0.185,2.298,
28,0.036,-0.525,
29,-0.42,-0.732,
30,0.258,-0.477,
31,-0.439,-0.596,
32,-0.205,-0.713,
33,1.551,-1.29,
34,-0.587,0.01,
35,0.138,0.383,
36,0.207,0.764,
37,0.655,-0.053,
38,-1.34,0.891,
39,0.785,1.161,
40,1.184,-0.014,
41,2.069,-1.877,
42,0.082,-2.753,
43,1.59,1.044,
44,1.398,-0.501,
45,-0.733,-0.563,
46,-1.62,2.098,
47,-1.503,0.005,
48,0.197,-0.744,
49,0.69,0.855,
50,1.574,0.112,
51,-0.514,-2.05,
52,0.412,-0.897,
53,0.819,0.979,
54,0.836,1.706,
55,0.21,-0.64,
56,-0.358,0.586,
57,0.384,-2.377,
58,-0.077,1.822,
59,-0.37,-1.085,
60,-2.416,0.916,
61,1.543,0.233,
62,0.743,-0.326,
63,1.458,0.898,
64,-0.443,-0.866,
65,-0.629,-1.657,
66,-1.692,-2.096,
67,-0.846,-0.46,
68,1.016,1.429,
69,-1.1,-0.267,
70,1.186,-2.729,
71,1.37,0.211,
72,-0.766,0.663,
73,-2.903,-0.943,
74,-0.125,-0.691,
75,-0.114,0.05,
76,1.993,0.353,
77,1.642,0.304,
78,0.807,-1.108,
79,-0.931,-1.499,
80,-0.271,-1.298,
81,-0.04,1.646,
82,-0.123,-0.37,
83,-0.838,-2.714,
84,1.895,0.092,
85,-0.16,0.522,
86,0.93,0.87,
87,-1.028,-0.608,
88,-2.666,0.081,
89,2.133,-1.326,
90,0.148,-0.112,
91,2.227,-0.795,
92,0.504,0.995,
93,-1.021,-1.002,
94,1.425,0.129,
95,-0.589,0.466,
96,-1.01,0.572,
97,0.645,-1.668,
98,-1.487,0.707,
99,-0.173,-0.836,
100,0.839,1.135,
101,-1.182,0.076,
102,-3.211,0.389,
103,1.718,-1.221,
104,0.244,0.924,
105,0.045,0.306,
106,-0.163,-0.348,
107,0.161,-0.861,
108,2.513,-0.209,
109,0.464,-1.043,
110,-1.294,0.999,
111,-1.209,2.157,
112,-1.146,0.032,
113,-0.571,1.293,
114,-0.731,-0.107,
115,-2.812,0.438,
116,-0.791,-0.824,
117,-1.243,-0.018,
118,-0.11,1.478,
119,0.525,-0.15,
120,2.46,0.396,
121,0.792,0.186,
122,0.909,0.688,
123,-0.434,0.145,
124,1.207,-0.793,
125,-0.802,1.168,
126,2.182,0.456,
127,0.047,-0.371,
128,1.718,-0.234,
129,0.898,-0.347,
130,1.199,1.129,
131,0.64,0.101,
132,0.442,-0.902,
133,-0.233,0.496,
134,0.002,0.508,
135,-2.133,-1.333,
136,-0.982,-0.628,
137,-0.3,1.411,
138,0.775,-1.194,
139,-1.361,1.551,
140,-0.248,-0.684,
141,-1.284,0.289,
142,-0.274,-1.557,
143,0.145,-0.87,
144,1.658,0.956,
145,0.25,-0.786,
146,0.387,-1.055,
147,0.005,-0.648,
148,-1.222,-0.306,
149,0.292,-0.367,
150,-1.842,-1.733,
151,-0.123,-0.937,
152,0.25,0.709,
153,0.322,-2.276,
154,-0.2,-0.433,
155,-0.122,-0.145,
156,-1.003,-1.153,
157,-0.394,-1.917,
158,1.781,0.234,
159,0.598,1.048,
160,-0.019,-0.407,
161,1.303,-1.075,
162,-0.829,-1.882,
163,0.451,-0.37,
