1,-0.176,-0.906,
2,-0.065,-1.212,
3,-0.559,-0.982,
4,-0.332,-0.768,
5,0.095,-0.656,
6,-1.393,-0.856,
7,-0.275,-0.461,
8,0.078,-0.721,
9,-0.605,-1.517,
10,-0.79,-0.141,
11,0.288,-0.49,
12,0.21,-0.753,
13,0.29,-0.443,
14,-0.707,-0.798,
15,-0.319,-1.047,
16,-0.278,-1.151,
17,-1.152,-1.204,
18,-0.201,-1.042,
19,-0.279,-0.675,
20,-0.124,-0.736,
21,-0.26,-1.153,
22,-0.37,-0.842,
23,-0.441,-1.227,
24,0.202,-0.814,
25,-0.594,-0.591,
26,-0.24,-0.143,
27,0.126,-0.842,
28,-0.031,-0.676,
29,0.027,-0.669,
30,-0.064,-0.207,
31,-0.256,-0.369,
32,-0.172,-1.043,
33,-0.691,-1.037,
34,-0.889,-1.34,
35,-0.007,-0.101,
36,-0.461,-0.479,
37,-0.192,-0.815,
38,-0.276,-0.778,
39,-0.515,-0.931,
40,-0.25,-1.137,
41,0.082,-0.388,
42,-0.036,-0.244,
43,-0.208,-0.113,
44,-0.148,-0.529,
45,-0.082,-0.871,
46,-0.367,-0.714,
47,-0.767,-1.194,
48,0.433,-0.586,
49,-0.413,-1.02,
50,-0.715,-1.252,
51,-0.154,-0.878,
52,-0.289,-0.763,
53,-0.029,-0.952,
54,-0.187,-0.455,
55,-0.713,-1.52,
56,-0.264,-0.686,
57,-0.185,-0.979,
58,-0.491,-0.38,
59,-0.603,-1.098,
60,-0.273,-0.84,
61,-0.326,-0.558,
62,-0.188,-0.762,
63,-0.133,-0.823,
64,-0.863,-1.184,
65,0.087,-1.038,
66,0.006,-0.183,
67,-1.324,-0.792,
68,-0.264,-0.733,
69,-0.264,-0.19,
70,-0.322,-0.617,
71,-0.401,-0.936,
72,-0.033,-0.778,
73,-0.493,-0.805,
74,-0.12,-0.68,
75,0.084,-0.835,
76,-0.764,-0.682,
77,-0.288,-1.114,
78,-0.567,-0.326,
79,-1.233,-0.72,
80,-0.134,-1.587,
81,0.004,-0.917,
82,-0.104,-0.447,
83,-0.118,-0.644,
84,-0.349,-0.784,
85,-0.062,-0.777,
86,-0.474,0.183,
87,-0.3,-1.151,
88,0.184,-0.494,
89,-0.299,-0.8,
90,-0.305,-1.066,
91,-0.517,-0.267,
92,-0.319,-1.018,
93,-0.729,-0.363,
94,-0.447,-0.077,
95,-0.215,-1.002,
96,-0.378,-0.959,
97,0.195,-0.669,
98,-1.017,-1.528,
99,-0.49,-0.707,
100,-0.69,-0.697,
101,-0.302,-0.346,
102,-0.236,-1.062,
103,-0.54,-0.605,
104,-0.725,-0.558,
105,-0.56,-1.178,
106,-0.171,-0.435,
107,-0.074,0.159,
108,-0.603,-1.113,
109,-0.313,-0.946,
110,0.128,-0.509,
111,-0.404,-0.196,
112,-1.11,-1.429,
113,-0.237,-0.832,
114,-0.404,-1.125,
115,-0.308,-2.071,
116,-0.166,-1.268,
117,0.096,-0.85,
118,-0.33,-0.936,
119,-0.341,-0.875,
120,-0.253,-0.994,
121,-0.399,-0.885,
122,0.104,-0.501,
123,-0.678,-1.607,
124,0.058,-0.988,
125,-0.486,-1.246,
126,-0.006,-0.853,
127,-0.051,-1.301,
128,-0.379,-0.713,
129,-0.41,-0.818,
130,-0.261,-0.7,
131,-0.328,0.116,
132,-0.466,-0.542,
133,-0.745,-0.665,
134,-0.528,-0.723,
135,-0.732,-1.243,
136,-0.443,-0.861,
137,-0.617,-0.467,
138,-0.557,-0.68,
139,-0.993,-1.283,
140,-0.181,-0.965,
141,-0.842,-1.431,
142,-0.65,-1.272,
143,-0.427,-0.283,
144,-0.791,-0.704,
145,-0.67,-1.342,
146,0.342,-0.066,
147,-0.255,-0.865,
148,-0.862,-0.53,
149,-0.486,-1.969,
150,-1.988,-1.05,
151,0.53,-0.407,
152,-0.983,-0.208,
153,-0.097,-1.041,
154,-0.597,-0.831,
155,-0.707,-0.951,
156,-0.526,-0.519,
157,-0.744,-0.853,
158,-0.206,-0.518,
159,-0.362,-0.836,
160,-0.7,-0.535,
161,-0.393,-0.887,
162,-0.238,-0.382,
163,0.613,-1.071,
