1,0.461,0.53,
2,0.496,-0.706,
3,0.356,-0.383,
4,0.529,-0.414,
5,0.847,-0.103,
6,-0.9,0.208,
7,0.415,0.059,
8,1.441,0.07,
9,0.28,-0.936,
10,0.393,0.13,
11,0.515,0.314,
12,0.833,-1.057,
13,1.111,-0.222,
14,-0.376,0.385,
15,-0.285,-0.541,
16,0.843,-0.203,
17,1.056,-0.263,
18,0.573,-0.492,
19,-0.049,-0.416,
20,0.744,-1.074,
21,0.313,-0.686,
22,0.675,0.459,
23,0.008,-0.905,
24,-0.017,-0.364,
25,-0.274,-0.456,
26,1.489,1.017,
27,0.444,0.87,
28,0.293,-0.374,
29,-0.029,-0.304,
30,0.181,-0.042,
31,0.169,0.253,
32,0.433,-0.786,
33,0.242,-0.236,
34,-0.508,-0.635,
35,0.619,0.507,
36,0.173,0.128,
37,0.677,-0.429,
38,0.081,-0.118,
39,0.669,0.25,
40,0.969,-0.359,
41,1.242,-0.667,
42,0.994,-0.697,
43,0.702,-0.231,
44,1.165,-0.074,
45,-0.262,-0.324,
46,0.346,0.14,
47,-0.318,-0.105,
48,0.981,-0.844,
49,0.464,-0.872,
50,0.851,-0.28,
51,0.405,-0.823,
52,0.443,-0.317,
53,0.335,-1.081,
54,0.692,0.177,
55,0.626,-1.753,
56,0.377,0.011,
57,1.045,-0.911,
58,0.074,0.137,
59,-0.217,-0.834,
60,0.161,-0.592,
61,0.382,-0.322,
62,1.267,-0.358,
63,0.985,-0.298,
64,-0.281,-0.851,
65,0.51,-0.683,
66,0.675,0.011,
67,-0.367,-0.685,
68,0.669,0.012,
69,0.353,0.494,
70,0.288,-0.501,
71,0.488,-0.58,
72,0.648,-0.119,
73,-0.602,-0.517,
74,0.443,-0.389,
75,-0.509,-0.574,
76,0.855,0.622,
77,0.937,-0.229,
78,0.337,-0.641,
79,-0.286,-0.22,
80,-0.245,-1.821,
81,0.633,-0.325,
82,0.521,-0.77,
83,-0.271,-1.181,
84,0.391,-0.298,
85,0.701,-0.012,
86,0.643,-0.204,
87,-0.384,-0.86,
88,-0.039,-0.355,
89,1.461,-0.523,
90,0.542,-0.722,
91,1.046,-0.364,
92,0.482,-0.836,
93,0.046,-0.038,
94,0.709,0.27,
95,0.386,-0.511,
96,0.185,-0.791,
97,0.662,-0.38,
98,-0.422,-1.233,
99,0.554,-0.538,
100,0.91,-0.533,
101,0.288,0.103,
102,-0.016,-0.686,
103,0.948,-0.149,
104,0.729,-0.271,
105,0.383,-0.39,
106,0.521,-0.128,
107,1.463,0.236,
108,0.614,-0.881,
109,0.608,-0.482,
110,0.655,-0.711,
111,0.224,0.172,
112,-0.558,-0.301,
113,0.161,0.038,
114,0.017,-0.726,
115,-0.358,-1.5,
116,-0.401,-1.132,
117,1.122,-0.268,
118,0.358,0.005,
119,0.832,-0.191,
120,1.049,0.195,
121,0.174,-0.678,
122,0.937,0.256,
123,0.224,-1.223,
124,1.211,-1.2,
125,-0.264,-0.589,
126,0.86,-0.714,
127,0.594,-0.962,
128,0.403,-0.121,
129,1.068,-0.75,
130,0.655,-0.406,
131,1.033,0.688,
132,0.297,-0.783,
133,0.122,-0.412,
134,0.385,-0.285,
135,-0.377,-0.992,
136,0.36,-0.659,
137,0.128,-0.135,
138,0.21,-0.62,
139,-0.142,-0.848,
140,0.647,-0.586,
141,0.297,-0.822,
142,0.311,-0.639,
143,0.137,-0.532,
144,0.212,-0.081,
145,0.485,-1.263,
146,0.821,-0.494,
147,0.339,-0.713,
148,-0.193,-0.562,
149,0.44,-2.061,
150,-0.632,-0.442,
151,1.375,-0.558,
152,0.029,0.173,
153,0.559,-0.855,
154,0.173,-1.004,
155,-0.069,-0.332,
156,-0.408,-0.263,
157,0.27,-0.648,
158,1.422,-0.132,
159,0.664,-0.261,
160,0.266,-0.5,
161,1.222,-0.505,
162,0.431,-1,
163,0.919,-1.314,
