1,0.56,1.899,
2,-0.081,0.007,
3,-1.293,0.134,
4,-0.158,0.815,
5,-0.525,0.745,
6,-2.215,0.747,
7,-0.757,2.191,
8,-0.214,0.341,
9,-0.674,0.131,
10,-0.806,0.834,
11,0.573,1.546,
12,0.568,-0.62,
13,0.398,0.773,
14,-1.631,0.703,
15,-1.773,0.334,
16,0.272,1.013,
17,-1.889,0.728,
18,0.172,0.729,
19,-0.237,0.822,
20,-0.053,0.659,
21,0.54,0.21,
22,-0.323,0.116,
23,-0.425,-0.179,
24,-0.737,0.318,
25,-1.34,0.682,
26,-0.494,0.667,
27,-0.699,0.178,
28,0.721,0.675,
29,-0.228,0.31,
30,0.057,1.844,
31,-0.123,1.336,
32,-0.107,0.133,
33,-0.916,1.07,
34,-0.528,0.543,
35,-0.371,1.686,
36,-1.141,1.101,
37,-0.204,0.28,
38,-0.013,0.005,
39,-0.324,1.974,
40,-0.843,0.189,
41,-0.32,0.176,
42,0.873,-0.147,
43,-0.01,0.469,
44,0.083,1.912,
45,-0.64,0.446,
46,-0.097,1.084,
47,-0.757,0.264,
48,0.631,-0.016,
49,-0.516,-0.417,
50,-0.325,-0.224,
51,-0.413,0.519,
52,-0.15,0.595,
53,-0.029,0.011,
54,-0.613,0.664,
55,-0.085,-0.274,
56,-0.353,0.598,
57,0.443,0.586,
58,-0.542,0.77,
59,-1.546,0.842,
60,-0.317,-0.005,
61,-0.697,1.494,
62,0.728,0.286,
63,-0.376,0.494,
64,-0.7,-0.538,
65,-0.226,0.062,
66,0.596,0.969,
67,-1.232,0.083,
68,-0.863,0.798,
69,-0.347,1.161,
70,0.104,0.46,
71,-0.595,1.078,
72,-0.527,1.228,
73,-0.689,0.516,
74,-0.203,0.675,
75,-1.313,1.954,
76,0.061,0.765,
77,-0.441,-0.026,
78,0.327,0.951,
79,-1.12,0.313,
80,-0.551,0.427,
81,0.593,0.541,
82,-0.746,0.384,
83,0.319,0.324,
84,-0.659,0.54,
85,0.13,1.08,
86,-1.254,0.77,
87,-0.614,-0.594,
88,0.102,0.568,
89,0.933,0.148,
90,-0.533,0.717,
91,-0.312,0.518,
92,-0.962,0.469,
93,0.352,1.532,
94,-0.635,0.72,
95,-0.392,0.388,
96,0.377,-0.461,
97,0.431,0.567,
98,-1.405,0.327,
99,-0.531,0.117,
100,-0.878,0.839,
101,0,1.101,
102,-0.857,-0.08,
103,0.072,0.246,
104,-0.394,0.317,
105,-0.01,1.009,
106,-0.34,1.071,
107,0.863,1.672,
108,-0.047,0.817,
109,-0.658,0.054,
110,0.268,0.759,
111,-0.042,0.089,
112,-1.265,0.763,
113,-0.766,0.399,
114,-0.209,0.248,
115,-0.15,-0.862,
116,0.242,0.69,
117,-0.316,0.194,
118,-0.15,0.923,
119,0.437,0.884,
120,0.213,0.277,
121,-0.314,0.262,
122,0.158,0.55,
123,-0.934,-0.075,
124,-0.485,-0.143,
125,-0.388,0.491,
126,-0.372,0.826,
127,0.091,-0.359,
128,-0.313,0.693,
129,0.003,0.511,
130,0.899,0.196,
131,-0.524,1.83,
132,-0.701,0.759,
133,-0.474,1.096,
134,-0.79,0.316,
135,-1.234,-0.625,
136,-0.217,-0.09,
137,-0.668,0.995,
138,0.081,0.955,
139,-0.59,-0.129,
140,-0.384,0.04,
141,-0.424,-0.454,
142,-0.338,-0.29,
143,-0.691,1.652,
144,-0.612,0.53,
145,-0.56,-0.47,
146,-0.076,1.063,
147,-0.354,0.47,
148,-0.576,0.072,
149,0.373,-2.009,
150,-0.668,0.335,
151,1.205,0.625,
152,-0.34,0.817,
153,-0.283,0.265,
154,-1.037,1.275,
155,-0.728,0.289,
156,-1.311,-0.008,
157,-0.402,-0.02,
158,0.593,0.09,
159,0.177,-0.282,
160,-0.591,0.526,
161,0.089,0.88,
162,-0.586,0.655,
163,0.217,-0.861,
