1,-0.436,-1.26,
2,-0.154,-1.311,
3,-0.415,-1.469,
4,-0.771,-0.566,
5,0.228,-0.49,
6,-0.924,-0.635,
7,-0.184,-0.561,
8,-0.101,-1.31,
9,-0.22,-1.032,
10,-1.025,-0.195,
11,0.285,-0.801,
12,0.411,-0.631,
13,0.186,0.014,
14,-0.818,-0.713,
15,-0.505,-0.931,
16,-0.255,-0.874,
17,-1.346,-1.834,
18,-0.019,-1.109,
19,0.129,-0.513,
20,0.026,-0.466,
21,-0.179,-1.217,
22,-0.205,-0.607,
23,-0.646,-1.361,
24,0.842,-1.294,
25,-0.326,-0.799,
26,-0.783,-0.474,
27,-0.115,-0.893,
28,0.501,-0.644,
29,0.428,-0.337,
30,1.15,-0.274,
31,-0.238,-0.689,
32,0.194,-0.945,
33,-1.203,-1.349,
34,-0.612,-1.691,
35,0.068,-0.559,
36,-0.096,-0.382,
37,0.041,-0.507,
38,0.184,-0.879,
39,-0.625,-0.786,
40,0.068,-1.61,
41,0.273,-0.097,
42,-0.119,0.297,
43,-0.185,0.382,
44,-0.535,-0.757,
45,-0.108,-0.883,
46,-0.647,-0.438,
47,-0.558,-0.897,
48,0.293,-0.464,
49,-0.22,-1.09,
50,-0.557,-1.083,
51,-0.171,-1.036,
52,-0.423,-0.619,
53,-0.38,-0.274,
54,-0.602,-0.35,
55,-1.052,-1.384,
56,-0.231,-0.533,
57,-0.054,-0.936,
58,-0.647,-0.429,
59,-0.478,-1.238,
60,-0.085,-0.866,
61,-0.529,-0.422,
62,-0.193,-0.731,
63,0.312,-0.481,
64,-0.921,-0.97,
65,0.475,-0.922,
66,0.319,-0.243,
67,-1.531,-0.177,
68,-0.241,-0.734,
69,-0.328,-0.171,
70,0.165,-0.538,
71,-0.121,-0.971,
72,-0.099,-0.998,
73,0.059,-0.871,
74,0.257,-0.688,
75,0.88,-0.577,
76,-0.904,-0.891,
77,-0.069,-0.563,
78,-0.352,0.631,
79,-0.798,-0.49,
80,0.624,-1.239,
81,-0.497,-0.951,
82,-0.25,-0.007,
83,-0.072,-0.502,
84,-0.328,-0.668,
85,0.274,-0.821,
86,-0.004,0.347,
87,-0.265,-1.014,
88,0.49,-0.052,
89,-0.791,-0.779,
90,-0.433,-0.676,
91,-1.006,-0.394,
92,-0.461,-0.669,
93,-0.191,0.084,
94,-0.539,0.66,
95,0.28,-0.91,
96,-0.355,-0.951,
97,-0.322,-0.681,
98,-0.979,-1.702,
99,-0.464,-0.767,
100,-0.472,-1.419,
101,-0.098,-0.335,
102,-0.208,-1.156,
103,-0.519,-0.949,
104,-0.85,-0.442,
105,-0.981,-1.032,
106,0.218,-0.256,
107,-0.203,0.255,
108,-0.575,-1.079,
109,-0.036,-1.378,
110,-0.167,-0.974,
111,-0.225,0.203,
112,-0.619,-1.439,
113,-0.05,-0.863,
114,-0.194,-1.037,
115,-0.328,-2.069,
116,-0.016,-1.25,
117,0.534,-0.742,
118,0.087,-0.839,
119,0.196,-1.078,
120,-0.158,-0.713,
121,-0.222,-0.746,
122,0.196,-0.366,
123,-0.471,-1.533,
124,-0.222,-1.15,
125,-0.442,-1.079,
126,0.201,-0.47,
127,0.23,-1.529,
128,-0.141,-0.668,
129,-0.472,-0.658,
130,-0.425,-0.447,
131,-0.24,-0.003,
132,-0.057,0.244,
133,-0.7,-0.59,
134,-0.292,-0.771,
135,-1.138,-1.303,
136,-0.381,-0.797,
137,0.173,-0.249,
138,-0.421,-0.517,
139,-1.058,-1.087,
140,-0.326,-1.129,
141,-1.014,-1.19,
142,-0.124,-1.395,
143,-0.436,-0.072,
144,-0.821,-0.892,
145,-0.769,-1.194,
146,0.454,0.206,
147,-0.133,-0.853,
148,-0.926,-0.334,
149,-0.557,-1.514,
150,-1.899,-2.151,
151,0.294,-0.262,
152,-1.461,-0.329,
153,0.07,-0.853,
154,-0.831,-0.485,
155,-0.81,-1.088,
156,0.071,-0.326,
157,-0.51,-0.696,
158,-0.252,-0.434,
159,-0.353,-0.477,
160,-1.017,-0.426,
161,-0.484,-0.373,
162,0.053,-0.029,
163,0.82,-0.833,
