1,1.188,0.863,
2,0.006,-0.84,
3,0.464,0.565,
4,0.164,0.248,
5,0.094,-0.801,
6,0.245,2.198,
7,0.129,-0.718,
8,1.8,0.59,
9,0.484,0.702,
10,0.162,0.092,
11,-1.566,0.037,
12,1.409,-1.38,
13,-0.353,-0.147,
14,-1.468,0.666,
15,0.033,-0.155,
16,-0.477,1.721,
17,0.117,0.111,
18,-0.342,0.491,
19,-1.475,-0.394,
20,0.067,0.561,
21,-0.504,-1.195,
22,0.816,-0.058,
23,-0.571,-0.565,
24,-0.219,0.867,
25,-0.318,0.006,
26,1.093,0.268,
27,0.318,0.87,
28,0.196,-0.401,
29,-0.099,-0.467,
30,0.762,0.418,
31,-0.238,-0.403,
32,-0.047,-0.372,
33,0.832,-0.852,
34,-0.303,0.138,
35,0.199,0.318,
36,0.163,0.581,
37,0.457,0.104,
38,-0.977,0.676,
39,0.459,-0.109,
40,0.274,-0.008,
41,0.972,-0.771,
42,0.091,-1.626,
43,1.132,0.555,
44,0.931,-0.313,
45,-0.707,-0.41,
46,-1.186,0.383,
47,-0.473,-0.31,
48,-0.049,-0.153,
49,0.27,0.915,
50,0.719,-0.302,
51,-1.152,-1.119,
52,0.326,-0.119,
53,0.905,1.191,
54,0.29,1.127,
55,0.023,0.135,
56,-0.258,0.46,
57,-0.235,-1.136,
58,0.154,0.79,
59,0.177,-0.624,
60,-1.339,0.638,
61,0.959,-0.053,
62,-0.015,-0.088,
63,0.581,0.479,
64,0.23,-0.287,
65,-0.487,-0.846,
66,-1.186,-1.065,
67,-0.397,-0.275,
68,1.581,0.958,
69,-0.104,-0.277,
70,0.341,-1.331,
71,0.874,0.091,
72,-0.395,0.445,
73,-1.577,-0.368,
74,0.026,-0.242,
75,0.853,0.509,
76,0.983,0.225,
77,0.666,0.234,
78,0.326,-0.129,
79,-0.301,-0.459,
80,-0.202,-0.464,
81,-0.107,0.924,
82,-0.311,0.02,
83,-0.488,-1.24,
84,1.349,0.85,
85,-0.853,0.251,
86,0.736,0.504,
87,-0.391,-0.546,
88,-1.094,0.125,
89,0.493,-0.454,
90,-0.161,-0.005,
91,0.798,-0.117,
92,0.137,0.571,
93,-0.438,-0.484,
94,0.845,-0.198,
95,-0.567,0.402,
96,-0.781,0.498,
97,0.493,-1.046,
98,-0.636,0.297,
99,-0.068,-0.378,
100,0.034,0.571,
101,-0.119,-0.044,
102,-2.15,0.183,
103,0.91,-1.337,
104,-0.008,0.581,
105,-0.436,-0.152,
106,-0.628,-0.742,
107,-0.26,-0.666,
108,1.493,0.264,
109,-0.172,-0.787,
110,0.031,0.49,
111,-0.89,1.662,
112,-0.493,-0.096,
113,0.11,0.902,
114,-0.505,0.047,
115,-1.029,0.478,
116,0.147,-0.257,
117,-0.572,0.126,
118,0.02,1.101,
119,0.129,0.048,
120,0.959,0.025,
121,0.238,0.059,
122,0.089,-0.201,
123,0.18,0.44,
124,0.41,0.044,
125,-0.51,0.708,
126,1.205,0.245,
127,0.099,-0.262,
128,0.968,-0.048,
129,0.441,0.022,
130,0.563,0.475,
131,0.282,-0.418,
132,-0.011,-0.489,
133,-0.177,0.204,
134,0.269,0.465,
135,-1.27,-0.904,
136,-0.611,-0.239,
137,-0.119,0.586,
138,0.396,-0.962,
139,-0.932,1.015,
140,-0.205,-0.46,
141,-0.864,0.296,
142,0.212,-1.17,
143,-0.098,-0.517,
144,1.836,0.42,
145,-0.181,-0.188,
146,-0.079,-0.833,
147,-0.12,-0.302,
148,-0.757,0.025,
149,0.077,0.438,
150,-1.457,-1.847,
151,-0.065,-0.315,
152,0.18,0.142,
153,0.135,-0.986,
154,-0.199,-0.206,
155,0.078,-0.368,
156,-0.585,-0.511,
157,-0.09,-0.514,
158,0.617,0.576,
159,-0.161,1.346,
160,-0.09,-0.057,
161,1.064,-0.973,
162,-0.874,-0.82,
163,0.413,0.25,
