1,0.858,0.921,
2,0.3,-1.089,
3,0.41,-0.353,
4,0.563,-0.514,
5,0.944,-0.37,
6,-1.192,0.862,
7,0.234,0.219,
8,1.807,0.181,
9,0.397,-0.747,
10,0.396,0.011,
11,0.186,0.288,
12,0.995,-1.436,
13,0.87,-0.197,
14,-0.663,0.609,
15,-0.432,-0.129,
16,0.667,0.121,
17,0.953,-0.37,
18,0.424,-0.349,
19,-0.438,-0.265,
20,1.104,-0.821,
21,0.213,-0.6,
22,0.862,0.733,
23,-0.183,-0.955,
24,0.057,-0.226,
25,-0.362,-0.944,
26,1.544,0.924,
27,0.351,1.139,
28,0.409,-0.177,
29,-0.11,-0.464,
30,0.258,-0.019,
31,-0.05,0.122,
32,0.278,-0.787,
33,0.412,-0.462,
34,-0.824,-0.32,
35,0.649,0.481,
36,0.329,0.088,
37,0.524,-0.427,
38,-0.274,0.376,
39,0.585,0.357,
40,0.953,-0.239,
41,1.468,-0.943,
42,0.862,-1.042,
43,0.806,0.048,
44,1.313,-0.105,
45,-0.419,-0.327,
46,0.096,0.518,
47,-0.507,0.427,
48,1.012,-0.841,
49,0.371,-0.577,
50,0.899,-0.302,
51,0.204,-1.128,
52,0.43,-0.228,
53,0.439,-0.773,
54,0.604,0.443,
55,0.563,-1.538,
56,0.357,0.183,
57,0.829,-1.229,
58,0.042,0.314,
59,-0.144,-1.02,
60,-0.179,-0.412,
61,0.796,-0.184,
62,1.483,-0.464,
63,0.874,-0.152,
64,-0.266,-0.813,
65,0.367,-0.867,
66,0.327,-0.269,
67,-0.432,-0.655,
68,0.795,0.302,
69,0.179,0.382,
70,0.382,-0.815,
71,0.743,-0.475,
72,0.418,0.118,
73,-1.046,-0.542,
74,0.467,-0.452,
75,-0.92,-0.405,
76,1.045,0.639,
77,1.006,-0.149,
78,0.382,-0.778,
79,-0.368,-0.32,
80,-0.22,-1.775,
81,0.588,0.058,
82,0.4,-0.73,
83,-0.32,-1.793,
84,0.5,-0.226,
85,0.491,0.029,
86,0.809,-0.315,
87,-0.628,-0.864,
88,-1.009,-0.4,
89,1.969,-0.684,
90,0.391,-0.654,
91,1.195,-0.502,
92,0.513,-0.564,
93,-0.052,-0.128,
94,1.081,0.314,
95,0.376,-0.325,
96,0.06,-0.632,
97,0.73,-0.579,
98,-0.832,-1.014,
99,0.422,-0.513,
100,0.983,-0.241,
101,0.133,0.117,
102,-0.847,-0.313,
103,0.834,-0.239,
104,0.544,-0.08,
105,0.442,-0.318,
106,0.351,-0.175,
107,1.32,-0.114,
108,0.897,-0.919,
109,0.548,-0.583,
110,0.32,-0.539,
111,0.096,0.519,
112,-0.731,-0.214,
113,0.014,0.155,
114,-0.027,-0.57,
115,-0.776,-0.983,
116,-0.593,-1.018,
117,0.877,-0.271,
118,0.251,0.416,
119,0.743,-0.184,
120,1.23,0.28,
121,0.17,-0.816,
122,0.993,0.244,
123,0.238,-0.986,
124,1.256,-1.192,
125,-0.414,-0.533,
126,1.156,-0.396,
127,0.665,-0.856,
128,0.45,-0.06,
129,0.937,-0.661,
130,0.806,-0.244,
131,0.883,0.531,
132,0.277,-0.841,
133,0.082,-0.294,
134,0.368,-0.133,
135,-0.687,-1.145,
136,0.07,-0.603,
137,0.151,0.163,
138,0.401,-0.669,
139,-0.527,-0.173,
140,0.424,-0.494,
141,-0.012,-0.564,
142,0.345,-0.808,
143,0.194,-0.591,
144,0.316,0.137,
145,0.379,-1.257,
146,0.571,-0.486,
147,0.355,-0.592,
148,-0.127,-0.448,
149,0.435,-1.911,
150,-0.721,-0.404,
151,1.098,-0.535,
152,0.012,0.285,
153,0.517,-1.157,
154,0.09,-0.888,
155,-0.042,-0.216,
156,-0.498,-0.505,
157,0.037,-1.047,
158,1.765,-0.024,
159,0.57,0.193,
160,0.183,-0.288,
161,1.33,-0.551,
162,0.24,-0.903,
163,0.488,-1.339,
