1,0.635,0.319,
2,0.469,-0.653,
3,0.3,-0.414,
4,0.593,-0.526,
5,0.718,0.055,
6,-1.015,0.187,
7,0.275,-0.062,
8,1.402,-0.091,
9,0.282,-0.932,
10,0.273,-0.023,
11,0.543,0.173,
12,0.932,-1.165,
13,0.962,-0.417,
14,-0.213,0.36,
15,-0.228,-0.534,
16,0.847,-0.125,
17,0.594,-0.39,
18,0.369,-0.443,
19,-0.049,-0.162,
20,0.939,-0.661,
21,0.451,-0.369,
22,0.633,0.379,
23,0.098,-0.91,
24,0.227,-0.492,
25,-0.285,-0.436,
26,1.114,0.636,
27,0.401,0.505,
28,0.515,-0.097,
29,0.031,-0.38,
30,0.295,0.024,
31,0.159,0.165,
32,0.381,-0.764,
33,0.379,-0.433,
34,-0.649,-0.404,
35,0.705,0.335,
36,0.297,-0.085,
37,0.505,-0.422,
38,0.011,-0.026,
39,0.52,0.091,
40,0.77,-0.331,
41,1.193,-0.635,
42,0.9,-0.745,
43,0.722,-0.057,
44,1.118,-0.011,
45,-0.076,-0.252,
46,0.396,0.329,
47,-0.393,-0.059,
48,1.108,-0.704,
49,0.608,-0.605,
50,0.591,-0.489,
51,0.396,-0.801,
52,0.477,-0.286,
53,0.557,-0.884,
54,0.607,0.146,
55,0.443,-1.463,
56,0.408,0.062,
57,0.734,-0.958,
58,0.065,0.28,
59,-0.021,-0.88,
60,0.126,-0.456,
61,0.321,-0.169,
62,1.23,-0.379,
63,0.539,-0.186,
64,-0.158,-0.819,
65,0.529,-0.78,
66,0.522,-0.046,
67,-0.263,-0.697,
68,0.653,0.048,
69,0.388,0.422,
70,0.414,-0.685,
71,0.564,-0.527,
72,0.56,-0.123,
73,-0.515,-0.351,
74,0.724,-0.366,
75,-0.518,-0.42,
76,0.828,0.234,
77,0.609,-0.338,
78,0.311,-0.614,
79,-0.44,-0.371,
80,-0.032,-1.462,
81,0.6,-0.074,
82,0.516,-0.613,
83,0.114,-1.209,
84,0.352,-0.399,
85,0.576,-0.135,
86,0.596,-0.298,
87,-0.109,-0.84,
88,-0.375,-0.568,
89,1.393,-0.474,
90,0.378,-0.621,
91,0.935,-0.219,
92,0.547,-0.566,
93,-0.003,-0.025,
94,0.677,0.232,
95,0.558,-0.464,
96,0.364,-0.688,
97,0.791,-0.396,
98,-0.538,-1.054,
99,0.425,-0.471,
100,0.788,-0.433,
101,0.426,0.027,
102,-0.003,-0.533,
103,0.75,0.046,
104,0.362,-0.197,
105,0.512,-0.392,
106,0.429,-0.209,
107,1.195,0.087,
108,0.676,-0.925,
109,0.516,-0.472,
110,0.595,-0.467,
111,0.246,0.147,
112,-0.585,-0.347,
113,0.138,-0.119,
114,0.182,-0.62,
115,-0.332,-1.331,
116,-0.201,-0.901,
117,0.82,-0.204,
118,0.307,0.04,
119,0.647,-0.274,
120,0.998,0.002,
121,0.197,-0.793,
122,1.011,0.138,
123,0.21,-1.09,
124,1.079,-1.054,
125,-0.117,-0.737,
126,0.957,-0.496,
127,0.735,-0.831,
128,0.348,-0.033,
129,0.744,-0.528,
130,0.787,-0.282,
131,0.843,0.597,
132,0.193,-0.691,
133,0.106,-0.327,
134,0.399,-0.207,
135,-0.193,-0.946,
136,0.226,-0.561,
137,0.16,0.073,
138,0.385,-0.496,
139,-0.203,-0.673,
140,0.342,-0.376,
141,0.081,-0.646,
142,0.292,-0.72,
143,0.404,-0.39,
144,0.129,-0.074,
145,0.463,-1.116,
146,0.854,-0.141,
147,0.497,-0.408,
148,-0.067,-0.633,
149,0.446,-1.848,
150,-0.608,-0.448,
151,1.057,-0.168,
152,0.044,0.303,
153,0.563,-1.036,
154,0.196,-0.696,
155,0.09,-0.207,
156,-0.291,-0.312,
157,0.093,-0.598,
158,1.294,0.003,
159,0.636,-0.28,
160,0.176,-0.169,
161,1.118,-0.501,
162,0.342,-0.794,
163,0.818,-1.235,
