1,2.166,1.875,
2,0.124,-1.626,
3,0.266,0.162,
4,0.571,-0.575,
5,0.843,-1.084,
6,-0.752,2.153,
7,-0.005,-0.053,
8,3.115,0.994,
9,0.979,0.22,
10,0.373,-0.198,
11,-1.442,0.234,
12,1.617,-2.406,
13,-0.132,0.047,
14,-1.948,0.97,
15,-0.436,0.314,
16,-0.259,1.742,
17,0.755,-0.567,
18,-0.042,0.391,
19,-1.554,-0.407,
20,1.048,0.441,
21,-0.111,-0.687,
22,1.298,0.914,
23,-0.816,-0.847,
24,-0.048,0.629,
25,-1.071,-0.456,
26,1.49,0.797,
27,0.168,1.749,
28,0.291,-0.273,
29,-0.256,-0.671,
30,0.33,-0.088,
31,-0.494,-0.315,
32,-0.09,-0.734,
33,1.214,-1.037,
34,-0.885,0.064,
35,0.395,0.317,
36,0.575,0.162,
37,0.119,-0.255,
38,-1.042,0.955,
39,0.623,0.791,
40,0.985,-0.039,
41,1.892,-1.66,
42,0.391,-2.237,
43,1.347,0.796,
44,1.427,-0.338,
45,-0.714,-0.323,
46,-1,1.564,
47,-1.116,0.31,
48,0.874,-0.758,
49,0.111,0.546,
50,1.29,-0.169,
51,-0.49,-1.832,
52,0.452,-0.458,
53,0.839,0.63,
54,0.697,1.243,
55,0.288,-0.789,
56,-0.035,0.543,
57,0.408,-2.1,
58,-0.068,1.283,
59,-0.171,-1.275,
60,-1.653,0.47,
61,1.738,0.169,
62,1.162,-0.529,
63,0.861,0.542,
64,-0.254,-0.749,
65,-0.274,-1.389,
66,-1.15,-1.562,
67,-0.693,-0.575,
68,1.23,1.196,
69,-0.671,-0.069,
70,0.826,-2.119,
71,1.374,-0.009,
72,-0.306,0.5,
73,-2.399,-0.742,
74,0.326,-0.594,
75,-0.468,0.118,
76,1.763,0.249,
77,1.274,0.102,
78,0.688,-0.955,
79,-0.79,-1.06,
80,-0.227,-1.327,
81,0.163,1.241,
82,-0.01,-0.529,
83,-0.664,-2.454,
84,1.536,-0.025,
85,-0.114,0.263,
86,0.982,0.346,
87,-0.91,-0.702,
88,-2.855,-0.092,
89,2.317,-0.994,
90,0.179,-0.269,
91,1.766,-0.714,
92,0.526,0.562,
93,-0.695,-0.723,
94,1.435,0.068,
95,-0.264,0.365,
96,-0.759,0.366,
97,0.695,-1.283,
98,-1.442,0.116,
99,-0.015,-0.646,
100,0.781,0.7,
101,-0.522,0.072,
102,-2.616,0.269,
103,0.932,-0.893,
104,0.11,0.624,
105,0.177,0.024,
106,-0.1,-0.356,
107,0.454,-0.775,
108,2.134,-0.526,
109,0.364,-1.028,
110,-0.894,0.634,
111,-0.855,1.811,
112,-1,-0.02,
113,-0.376,0.854,
114,-0.349,-0.159,
115,-2.006,0.378,
116,-1.059,-0.687,
117,-0.635,-0.079,
118,0.059,1.154,
119,0.488,-0.155,
120,1.97,0.447,
121,0.574,-0.117,
122,0.897,0.442,
123,0.03,-0.153,
124,1.192,-0.868,
125,-0.721,0.512,
126,1.969,0.413,
127,0.694,-0.467,
128,1.009,0.125,
129,0.703,-0.321,
130,1.05,0.598,
131,0.6,0.107,
132,0.241,-0.946,
133,-0.137,0.251,
134,0.233,0.338,
135,-1.907,-1.494,
136,-0.674,-0.542,
137,-0.081,1.06,
138,0.909,-0.811,
139,-1.409,1.496,
140,-0.262,-0.385,
141,-0.918,0.135,
142,0.03,-1.387,
143,0.183,-0.74,
144,1.258,0.88,
145,0.166,-0.876,
146,0.383,-0.664,
147,0.277,-0.368,
148,-0.527,0.08,
149,0.456,-0.795,
150,-1.658,-1.656,
151,0.042,-0.484,
152,0.121,0.632,
153,0.41,-1.976,
154,-0.127,-0.489,
155,0.043,0.017,
156,-0.883,-1.279,
157,-0.18,-1.865,
158,1.87,0.295,
159,0.386,1.285,
160,-0.091,0.113,
161,1.537,-0.559,
162,-0.533,-1.104,
163,0.246,-0.501,
