1,0.592,1.465,
2,-0.082,-0.786,
3,-1.611,-0.47,
4,-0.024,0.701,
5,-1.061,0.165,
6,-3.217,-0.081,
7,-1.992,1.625,
8,-1.684,0.006,
9,-1.455,0.219,
10,-0.58,0.568,
11,0.602,1.136,
12,0.833,-0.781,
13,0.597,0.331,
14,-1.528,1.135,
15,-3.252,-1.298,
16,1.07,0.9,
17,-1.092,0.693,
18,0.236,1.019,
19,-0.136,0.939,
20,-0.114,-0.022,
21,1.446,-1.851,
22,-0.252,-0.054,
23,-0.717,-0.791,
24,-1.241,0.47,
25,-1.133,-0.283,
26,0.412,0.849,
27,-1.074,0.455,
28,1.142,1.171,
29,-0.48,0.753,
30,-0.311,0.903,
31,0.325,0.406,
32,0.09,0.058,
33,-1.199,0.007,
34,-0.031,0.798,
35,-0.276,1.088,
36,-1.488,0.988,
37,-0.328,0.347,
38,0.569,0.651,
39,-0.382,2.772,
40,-0.739,-0.005,
41,-0.207,-0.192,
42,1.656,-1.286,
43,0.348,0.009,
44,-0.049,1.263,
45,-0.45,0.204,
46,0.057,0.342,
47,-0.724,0.868,
48,-0.264,-0.168,
49,-1.175,-1.236,
50,0.449,0.084,
51,0.407,0.772,
52,-0.11,0.282,
53,-0.709,0.126,
54,-0.801,-0.335,
55,0.41,-0.138,
56,-0.46,2.198,
57,0.88,0.267,
58,-0.49,0.581,
59,-2.278,1.168,
60,0.389,-0.01,
61,-1.155,2.029,
62,0.001,-0.856,
63,0.143,-0.119,
64,-0.278,-0.025,
65,-0.369,-0.156,
66,-0.237,-0.378,
67,-1.529,0.056,
68,-0.599,0.714,
69,-0.14,0.395,
70,0.5,-0.094,
71,0.259,-0.953,
72,-0.923,1.276,
73,-0.705,-0.23,
74,-0.271,0.11,
75,-1.899,1.059,
76,-0.335,-0.049,
77,0.031,-0.143,
78,1.222,1.154,
79,-0.868,0.394,
80,-0.504,0.173,
81,1.079,-0.291,
82,-0.822,0.091,
83,0.161,0.21,
84,-1.064,0.614,
85,-0.027,0.634,
86,-1.206,0.241,
87,-0.724,-0.633,
88,0.348,1.766,
89,-1.098,0.28,
90,-0.397,0.317,
91,-1.158,0.422,
92,-0.497,0.277,
93,0.829,1.166,
94,-0.714,0.146,
95,-0.724,-0.044,
96,-0.427,-0.814,
97,0,0.138,
98,-0.676,0.638,
99,-0.662,-0.526,
100,-0.254,0.626,
101,0.331,0.37,
102,-1.37,0.31,
103,1.074,1.159,
104,-0.016,0.259,
105,-0.59,1.43,
106,-0.157,0.329,
107,2.192,1.342,
108,0.087,0.363,
109,-0.818,-0.063,
110,-0.064,0.96,
111,-0.036,-1.089,
112,-0.891,1.289,
113,-1.021,0.457,
114,-0.042,0.097,
115,-1.05,-0.851,
116,0.847,0.98,
117,-0.608,-0.337,
118,-0.01,0.43,
119,0.106,0.929,
120,0.165,0.216,
121,-0.112,-0.325,
122,-0.651,0.745,
123,-1.117,0.812,
124,-0.818,-0.603,
125,-0.173,1.516,
126,-1.072,0.468,
127,-0.038,-1.022,
128,-0.099,0.211,
129,0.527,0.349,
130,1.057,-0.548,
131,-1.044,1.806,
132,-0.597,1.091,
133,-0.47,0.853,
134,-0.729,-0.457,
135,-0.472,-0.932,
136,0.217,-0.637,
137,-0.51,0.221,
138,0.039,-0.044,
139,-0.399,0.028,
140,-0.495,-0.062,
141,-0.498,0.405,
142,0.415,-0.455,
143,-0.08,1.867,
144,-0.216,0.297,
145,0.548,-0.476,
146,-0.371,0.839,
147,-0.163,-0.125,
148,0.151,-0.332,
149,1.014,-1.71,
150,-0.31,0.781,
151,1.198,0.311,
152,-0.002,0,
153,-0.303,0.434,
154,-0.494,1.629,
155,-0.573,-0.543,
156,-1.36,-0.322,
157,1.125,1.076,
158,0.117,-0.702,
159,0.386,-0.567,
160,-0.278,0.119,
161,-0.085,-0.221,
162,-0.698,0.518,
163,0.187,-1.238,
