1,1.362,0.937,
2,0.38,-0.855,
3,0.369,-0.055,
4,0.559,-0.511,
5,0.817,-0.246,
6,-1.02,1.127,
7,-0.212,-0.34,
8,2.386,0.264,
9,0.493,-0.501,
10,0.341,-0.338,
11,-0.388,0.175,
12,1.375,-1.916,
13,0.425,-0.47,
14,-1.052,0.877,
15,-0.274,-0.332,
16,0.606,1.023,
17,0.63,-0.639,
18,0.019,-0.198,
19,-0.915,-0.184,
20,1.316,-0.216,
21,0.15,-0.393,
22,1.128,0.883,
23,-0.386,-1.056,
24,0.252,-0.163,
25,-0.908,-0.493,
26,1.328,0.697,
27,0.13,1.207,
28,0.494,-0.035,
29,-0.161,-0.595,
30,0.307,0.006,
31,-0.241,-0.037,
32,0.066,-0.756,
33,0.731,-0.807,
34,-1.003,-0.038,
35,0.662,0.21,
36,0.441,0.069,
37,0.435,-0.356,
38,-0.587,0.868,
39,0.492,0.444,
40,0.978,-0.124,
41,1.671,-1.281,
42,0.651,-1.541,
43,1.001,0.453,
44,1.428,-0.117,
45,-0.521,-0.253,
46,-0.24,0.986,
47,-0.775,0.706,
48,0.896,-0.739,
49,0.817,-0.003,
50,0.841,-0.415,
51,-0.035,-1.477,
52,0.516,-0.267,
53,0.643,-0.271,
54,0.581,0.689,
55,0.371,-1.236,
56,0.258,0.333,
57,0.545,-1.612,
58,-0.082,0.889,
59,-0.087,-1.132,
60,-0.673,-0.031,
61,0.632,0.031,
62,1.144,-0.532,
63,0.394,0.217,
64,-0.222,-0.768,
65,0.205,-1.185,
66,-0.297,-0.729,
67,-0.53,-0.684,
68,0.967,0.691,
69,-0.096,0.172,
70,0.759,-1.529,
71,0.959,-0.259,
72,0.045,0.309,
73,-1.477,-0.558,
74,0.772,-0.523,
75,-0.57,-0.145,
76,1.12,0.395,
77,0.82,-0.155,
78,0.508,-0.903,
79,-0.691,-0.813,
80,-0.122,-1.449,
81,0.439,0.624,
82,0.263,-0.626,
83,-0.23,-2.233,
84,0.815,-0.317,
85,0.177,0.035,
86,0.822,-0.223,
87,-0.507,-0.766,
88,-2.08,-0.319,
89,1.999,-0.702,
90,0.033,-0.431,
91,1.383,-0.606,
92,0.639,0.072,
93,-0.319,-0.318,
94,1.289,0.264,
95,0.303,-0.054,
96,-0.114,-0.28,
97,0.803,-0.834,
98,-1.193,-0.511,
99,0.121,-0.559,
100,0.938,0.132,
101,0.369,0.047,
102,-1.188,-0.052,
103,1.19,-0.39,
104,0.015,0.272,
105,0.494,-0.17,
106,0.221,-0.289,
107,0.908,-0.488,
108,1.402,-0.901,
109,0.438,-0.678,
110,-0.25,-0.007,
111,-0.203,1.029,
112,-0.979,-0.189,
113,-0.207,0.307,
114,0.034,-0.318,
115,-1.481,-0.351,
116,-0.484,-0.812,
117,0.187,-0.24,
118,0.169,0.756,
119,0.592,-0.269,
120,1.596,0.247,
121,0.34,-0.74,
122,1.116,0.307,
123,0.227,-0.614,
124,1.14,-1.078,
125,-0.454,-0.289,
126,1.539,0.029,
127,0.706,-0.668,
128,0.683,0.001,
129,0.577,-0.307,
130,0.965,0.098,
131,0.697,0.325,
132,0.248,-0.86,
133,-0.037,-0.043,
134,0.361,0.028,
135,-1.2,-1.342,
136,-0.27,-0.516,
137,0.1,0.777,
138,0.686,-0.662,
139,-0.68,0.17,
140,-0.124,-0.213,
141,-0.549,-0.046,
142,0.264,-1.04,
143,0.369,-0.588,
144,0.533,0.397,
145,0.327,-1.111,
146,0.56,-0.181,
147,0.545,-0.199,
148,-0.314,-0.621,
149,0.3,-1.213,
150,-1.139,-0.877,
151,0.408,-0.238,
152,0.008,0.691,
153,0.465,-1.588,
154,0.09,-0.404,
155,0.142,0.109,
156,-0.629,-0.862,
157,0.181,-1.066,
158,1.707,0.577,
159,0.727,0.268,
160,0.041,0.008,
161,1.366,-0.745,
162,-0.299,-1.265,
163,0.52,-0.694,
