1,0.37,0.419,
2,-0.192,-0.447,
3,-1.317,-0.818,
4,0.117,0.276,
5,-0.712,-0.195,
6,-1.651,-0.439,
7,-1.232,0.553,
8,-1.048,-0.128,
9,-1.738,0.394,
10,-0.201,0.382,
11,-0.358,0.974,
12,0.98,-0.383,
13,0.238,-0.052,
14,-0.301,0.438,
15,-1.801,-0.769,
16,0.909,0.075,
17,-0.591,0.391,
18,0.204,0.836,
19,-0.293,0.586,
20,-0.111,0.262,
21,1.389,-0.901,
22,-0.047,-0.278,
23,-0.558,-0.883,
24,-0.911,0.643,
25,-0.454,-0.392,
26,0.286,0.288,
27,-0.803,0.298,
28,0.321,0.118,
29,-0.567,0.363,
30,0.057,0.336,
31,0.572,-0.135,
32,0.165,-0.078,
33,-0.649,-0.166,
34,0.292,0.376,
35,-0.074,0.385,
36,-1.041,0.571,
37,-0.081,0.178,
38,0.265,0.079,
39,0.325,0.551,
40,-0.344,-0.27,
41,-0.584,-0.496,
42,0.38,-0.757,
43,0.16,0.107,
44,0.187,0.314,
45,-0.121,-0.026,
46,0.48,-0.031,
47,-0.163,0.293,
48,-0.123,-0.16,
49,-0.915,-0.453,
50,0.588,0.111,
51,-0.234,-0.432,
52,0.043,0.081,
53,-0.39,0.219,
54,-0.34,-0.405,
55,0.323,0.02,
56,-0.113,1.562,
57,0.536,0.687,
58,-0.405,0.281,
59,-0.971,0.722,
60,0.648,0.102,
61,-0.681,1.3,
62,0.361,-0.793,
63,0.407,-0.524,
64,-0.02,0.188,
65,-0.181,-0.18,
66,0.034,-0.446,
67,-0.826,0.205,
68,0.236,-0.03,
69,0.331,0.503,
70,0.454,-0.382,
71,-0.054,-0.456,
72,-0.694,0.521,
73,-0.383,-0.138,
74,0.204,-0.195,
75,-1.393,0.159,
76,0.158,-0.264,
77,0.082,-0.116,
78,0.442,0.676,
79,-0.293,0.179,
80,-0.698,0.904,
81,0.128,-0.198,
82,-0.837,0.295,
83,0.205,0.311,
84,-0.026,0.216,
85,-0.222,0.339,
86,-0.026,-0.309,
87,-0.225,-0.35,
88,-0.413,0.858,
89,-0.756,0.078,
90,-0.633,0.048,
91,-0.142,0.742,
92,-0.328,0.231,
93,0.218,0.611,
94,-0.521,-0.131,
95,-0.98,-0.315,
96,-0.13,-0.183,
97,-0.255,-0.274,
98,-0.389,0.284,
99,-0.137,-0.419,
100,0.246,0.255,
101,-0.044,-0.036,
102,-0.878,0.406,
103,0.896,0.501,
104,-0.033,0.155,
105,-0.699,1.089,
106,-0.095,-0.478,
107,1.085,0.195,
108,0.083,-0.046,
109,-0.677,-0.597,
110,-0.108,0.401,
111,0.43,-1.041,
112,-0.435,0.827,
113,-0.406,-0.076,
114,0.414,0.004,
115,-0.721,-0.179,
116,0.328,0.666,
117,-0.744,-0.727,
118,-0.081,-0.039,
119,0.22,0.596,
120,-0.405,-0.064,
121,-0.219,-0.877,
122,-0.279,0.027,
123,-1.006,1.123,
124,-0.443,-0.265,
125,0.012,0.813,
126,-0.587,0.045,
127,-0.036,-0.521,
128,-0.116,0.214,
129,0.655,0.173,
130,0.805,-0.89,
131,-0.353,0.724,
132,-0.214,0.734,
133,-0.47,0.284,
134,-1.024,-0.849,
135,0.052,-0.956,
136,0.166,-0.674,
137,-0.011,0.039,
138,0.984,0.046,
139,-0.534,0.013,
140,-0.432,0.099,
141,-0.384,0.816,
142,0.812,-0.268,
143,0.417,0.937,
144,0.439,-0.31,
145,0.836,-0.412,
146,-0.587,0.491,
147,0.165,-0.181,
148,0.172,-0.114,
149,0.527,-0.584,
150,0,0.169,
151,0.642,0.323,
152,0.244,-0.26,
153,-0.158,-0.137,
154,-0.319,1.233,
155,0.164,-0.362,
156,-1.002,0.009,
157,0.469,0.776,
158,0.174,-0.872,
159,-0.08,-0.293,
160,-0.123,0.12,
161,0.121,-0.36,
162,-0.147,-0.041,
163,0.381,-1.019,
