1,0.84,1.549,
2,-0.537,-1.15,
3,-2.627,-1.838,
4,0.228,0.32,
5,-1.375,-0.522,
6,-3.257,0.342,
7,-1.633,1.797,
8,-1.516,0.709,
9,-2.762,1.18,
10,-0.397,0.625,
11,-0.154,1.564,
12,1.645,-0.887,
13,0.296,0.059,
14,-1.592,1.266,
15,-3.713,-0.405,
16,1.036,0.888,
17,-1.018,0.32,
18,0.804,1.23,
19,0.038,0.708,
20,-0.42,0.948,
21,1.749,-1.329,
22,-0.196,-0.694,
23,-1.369,-1.057,
24,-1.406,0.946,
25,-1.057,-0.899,
26,-0.376,0.323,
27,-1.782,0.335,
28,0.639,0.61,
29,-0.312,0.481,
30,-0.38,0.736,
31,1.029,0.094,
32,0.304,-0.118,
33,-1.486,0.54,
34,0.626,0.785,
35,-0.073,0.635,
36,-2.151,0.708,
37,-0.407,0.142,
38,0.697,-0.379,
39,0.462,1.849,
40,-0.686,-0.315,
41,-1.441,-1.138,
42,0.559,-1.037,
43,0.19,0.287,
44,0.406,0.892,
45,-0.315,-0.038,
46,0.473,0.539,
47,-0.143,0.547,
48,0.23,-0.411,
49,-1.501,-1.021,
50,1.009,-0.041,
51,-0.841,-0.398,
52,0.055,0.276,
53,-0.339,0.666,
54,-0.956,-0.941,
55,0.601,0.092,
56,0.179,1.704,
57,1.266,1.492,
58,-0.797,0.482,
59,-1.721,1.289,
60,1.01,-0.085,
61,-1.112,1.972,
62,1.498,-1.337,
63,0.639,-1.017,
64,-0.076,-0.047,
65,-0.271,-0.393,
66,0.593,0.096,
67,-1.403,0.372,
68,0.281,0.78,
69,-0.039,1.134,
70,0.977,-0.404,
71,-0.34,0.244,
72,-1.416,0.946,
73,-0.84,-0.583,
74,-0.796,-0.222,
75,-2.914,0.562,
76,0.826,-0.264,
77,-0.025,-0.448,
78,1.297,1.228,
79,-0.338,0.012,
80,-1.454,1.743,
81,0.4,-0.099,
82,-1.523,0.579,
83,0.351,0.218,
84,-0.251,0.328,
85,0.321,1.019,
86,-0.557,-0.495,
87,-0.424,-0.574,
88,-1.212,1.707,
89,0.209,0.127,
90,-1.184,0.166,
91,-0.175,1.118,
92,-0.763,0.461,
93,0.441,1.531,
94,-1.099,-0.217,
95,-1.224,-1.059,
96,0.417,-0.653,
97,-0.173,-0.115,
98,-0.188,0.247,
99,-0.301,-0.585,
100,0.094,0.937,
101,-0.305,0.195,
102,-2.365,0.296,
103,0.948,0.395,
104,-0.159,0.11,
105,-0.677,1.822,
106,0.238,0.241,
107,1.827,0.691,
108,0.108,0.2,
109,-1.235,-1.014,
110,-0.11,0.624,
111,0.416,-1.851,
112,-0.905,1.525,
113,-1.247,-0.536,
114,0.966,-0.086,
115,-0.289,-0.475,
116,0.378,1.373,
117,-1.606,-1.159,
118,-0.2,-0.057,
119,0.849,0.681,
120,-0.742,-0.112,
121,0.039,-1.092,
122,-1.252,-0.737,
123,-1.814,1.362,
124,-0.883,-0.746,
125,-0.025,1.017,
126,-2.116,0.595,
127,0.176,-0.927,
128,-0.234,0.309,
129,0.765,0.313,
130,1.291,-1.508,
131,-0.238,1.255,
132,-0.177,1.152,
133,-0.707,0.885,
134,-2.188,-1.296,
135,-0.401,-1.899,
136,0.375,-1.105,
137,-0.021,0.397,
138,2.07,0.472,
139,-1.078,0.166,
140,-0.387,-0.556,
141,-0.342,1.077,
142,1.441,-0.358,
143,0.239,1.893,
144,0.015,-0.113,
145,0.429,-0.957,
146,-1.072,0.747,
147,0.483,-0.267,
148,0.457,-0.132,
149,1.425,-1.96,
150,0.431,-0.351,
151,1.332,0.556,
152,0.458,-0.211,
153,-0.348,-0.215,
154,-0.739,2.38,
155,-0.037,-0.35,
156,-2.157,-0.995,
157,0.1,-0.004,
158,0.795,-2.201,
159,0.256,-0.494,
160,-0.17,0.207,
161,0.106,0.417,
162,-0.299,0.196,
163,-0.404,-2.428,
