1,2.238,2.278,
2,0.147,-1.525,
3,0.351,0.743,
4,0.409,-0.089,
5,0.683,-1.07,
6,-0.49,2.512,
7,0.324,0.207,
8,3.193,1.307,
9,1.063,0.496,
10,0.242,-0.143,
11,-1.863,0.25,
12,1.738,-2.679,
13,-0.283,0.188,
14,-2.065,1.023,
15,-0.567,0.621,
16,-0.197,2.52,
17,0.919,-0.408,
18,-0.1,0.776,
19,-1.847,-0.254,
20,0.728,0.935,
21,-0.042,-0.696,
22,1.215,0.986,
23,-0.917,-0.737,
24,-0.293,1.123,
25,-1.359,-0.092,
26,1.83,1.297,
27,0.182,1.992,
28,0.134,-0.406,
29,-0.333,-0.623,
30,0.297,-0.287,
31,-0.489,-0.514,
32,-0.151,-0.679,
33,1.462,-1.157,
34,-0.671,0.041,
35,0.21,0.346,
36,0.279,0.63,
37,0.538,-0.086,
38,-1.296,0.835,
39,0.761,1.121,
40,1.054,-0.028,
41,1.947,-1.755,
42,0.185,-2.585,
43,1.496,0.957,
44,1.371,-0.433,
45,-0.759,-0.441,
46,-1.369,1.968,
47,-1.346,0.001,
48,0.312,-0.698,
49,0.495,0.806,
50,1.451,-0.042,
51,-0.591,-2.033,
52,0.407,-0.774,
53,0.852,0.937,
54,0.759,1.506,
55,0.193,-0.598,
56,-0.266,0.607,
57,0.358,-2.26,
58,-0.08,1.654,
59,-0.215,-1.16,
60,-2.203,0.783,
61,1.678,0.207,
62,0.972,-0.385,
63,1.191,0.79,
64,-0.336,-0.796,
65,-0.521,-1.522,
66,-1.583,-2.004,
67,-0.767,-0.5,
68,1.159,1.313,
69,-0.939,-0.177,
70,1.015,-2.525,
71,1.479,0.112,
72,-0.636,0.582,
73,-2.771,-0.805,
74,0.046,-0.62,
75,-0.324,0.093,
76,2.123,0.274,
77,1.42,0.234,
78,0.797,-0.998,
79,-0.872,-1.354,
80,-0.241,-1.187,
81,-0.064,1.513,
82,-0.126,-0.403,
83,-0.698,-2.52,
84,1.784,0.067,
85,-0.231,0.424,
86,0.921,0.71,
87,-0.997,-0.614,
88,-2.825,0.035,
89,2.235,-1.239,
90,0.101,-0.131,
91,2.029,-0.692,
92,0.49,0.898,
93,-0.915,-0.895,
94,1.387,0.027,
95,-0.521,0.462,
96,-0.916,0.584,
97,0.7,-1.515,
98,-1.417,0.546,
99,-0.143,-0.761,
100,0.729,0.963,
101,-1.058,0.065,
102,-3.189,0.425,
103,1.43,-1.124,
104,0.156,0.835,
105,0.066,0.209,
106,-0.191,-0.413,
107,0.169,-0.812,
108,2.413,-0.308,
109,0.379,-1.067,
110,-1.107,0.891,
111,-1.122,2.029,
112,-1.075,0.055,
113,-0.472,1.125,
114,-0.584,-0.103,
115,-2.513,0.482,
116,-0.749,-0.74,
117,-1.134,0.011,
118,-0.091,1.359,
119,0.477,-0.146,
120,2.251,0.412,
121,0.697,0.086,
122,0.886,0.579,
123,-0.261,0.068,
124,1.189,-0.78,
125,-0.754,0.987,
126,2.146,0.49,
127,0.173,-0.429,
128,1.518,-0.16,
129,0.803,-0.309,
130,1.14,0.955,
131,0.611,0.054,
132,0.313,-0.929,
133,-0.203,0.424,
134,0.101,0.449,
135,-2.033,-1.369,
136,-0.873,-0.588,
137,-0.213,1.291,
138,0.761,-1.131,
139,-1.398,1.603,
140,-0.282,-0.562,
141,-1.153,0.231,
142,-0.198,-1.5,
143,0.169,-0.774,
144,1.558,0.991,
145,0.215,-0.761,
146,0.369,-0.905,
147,0.067,-0.514,
148,-1.027,-0.181,
149,0.428,-0.535,
150,-1.707,-1.81,
151,-0.116,-0.728,
152,0.228,0.66,
153,0.375,-2.151,
154,-0.207,-0.454,
155,-0.05,-0.093,
156,-1.048,-1.255,
157,-0.477,-2.054,
158,1.845,0.081,
159,0.476,1.144,
160,-0.039,-0.251,
161,1.355,-0.964,
162,-0.777,-1.59,
163,0.235,-0.54,
