1,0.718,1.719,
2,-0.543,-0.991,
3,-2.669,-1.824,
4,0.147,0.646,
5,-1.622,-0.327,
6,-3.662,0.303,
7,-1.912,2.094,
8,-1.842,0.56,
9,-2.995,1.467,
10,-0.534,0.749,
11,0.163,1.707,
12,1.714,-0.851,
13,0.091,0.325,
14,-2.035,1.173,
15,-4.16,-0.694,
16,1.045,1.35,
17,-1.082,0.447,
18,1.093,1.469,
19,0.067,0.851,
20,-0.632,1.137,
21,2.108,-1.656,
22,0.029,-0.906,
23,-1.757,-1.06,
24,-1.697,1.08,
25,-1.385,-0.602,
26,-0.438,0.48,
27,-1.915,0.603,
28,0.895,0.768,
29,-0.395,0.499,
30,-0.542,1.08,
31,1.145,0.268,
32,0.31,-0.163,
33,-1.82,1.044,
34,0.791,0.957,
35,-0.42,0.932,
36,-2.549,1.005,
37,-0.328,0.158,
38,0.835,-0.267,
39,0.346,2.659,
40,-0.927,-0.341,
41,-1.674,-1.217,
42,0.894,-1.34,
43,0.135,0.438,
44,0.423,1.284,
45,-0.54,-0.06,
46,0.423,0.815,
47,-0.178,0.922,
48,0.092,-0.516,
49,-1.231,-1.336,
50,1.15,-0.118,
51,-0.981,-0.144,
52,0.11,0.498,
53,-0.406,0.762,
54,-1.322,-1.308,
55,0.79,0.118,
56,0.208,2.007,
57,1.355,1.715,
58,-0.772,0.54,
59,-2.565,1.828,
60,0.625,-0.223,
61,-1.499,2.284,
62,1.438,-1.419,
63,0.753,-1.085,
64,-0.249,-0.238,
65,-0.369,-0.495,
66,0.561,0.114,
67,-1.568,0.403,
68,-0.14,1.127,
69,-0.263,1.304,
70,1.151,-0.354,
71,-0.312,0.313,
72,-1.708,1.254,
73,-0.994,-0.743,
74,-1.284,0.017,
75,-3.325,0.888,
76,0.6,-0.049,
77,-0.023,-0.627,
78,1.668,1.482,
79,-0.341,-0.055,
80,-1.655,1.951,
81,0.442,-0.073,
82,-1.678,0.689,
83,0.476,0.191,
84,-0.587,0.394,
85,0.532,1.268,
86,-0.87,-0.519,
87,-0.705,-0.792,
88,-0.972,1.94,
89,0.273,0.167,
90,-1.225,0.303,
91,-0.332,1.224,
92,-1.006,0.632,
93,0.632,1.848,
94,-1.235,-0.214,
95,-1.244,-1.179,
96,0.512,-0.943,
97,-0.071,-0.02,
98,-0.247,0.09,
99,-0.411,-0.584,
100,-0.044,1.416,
101,-0.372,0.377,
102,-2.498,0.361,
103,1.385,0.548,
104,-0.137,0.061,
105,-0.567,2.054,
106,0.299,0.623,
107,2.317,0.799,
108,0.195,0.401,
109,-1.503,-1.168,
110,-0.11,0.846,
111,0.266,-2.067,
112,-1.028,1.724,
113,-1.698,-0.537,
114,1.045,-0.117,
115,-0.645,-0.717,
116,0.421,1.59,
117,-1.704,-1.058,
118,-0.346,0.231,
119,1.241,0.751,
120,-0.624,0.04,
121,0.059,-1.065,
122,-1.801,-0.732,
123,-2.131,1.291,
124,-1.233,-0.85,
125,-0.285,1.128,
126,-2.41,0.842,
127,0.019,-1.176,
128,-0.063,0.164,
129,0.876,0.372,
130,1.471,-1.568,
131,-0.375,1.84,
132,-0.155,1.254,
133,-0.766,1.27,
134,-2.658,-1.467,
135,-0.597,-2.048,
136,0.437,-0.91,
137,-0.168,0.525,
138,2.157,0.493,
139,-0.965,-0.204,
140,-0.281,-1.018,
141,-0.305,1.019,
142,1.521,-0.229,
143,0.118,2.191,
144,-0.224,0.207,
145,0.15,-1.213,
146,-1.275,0.822,
147,0.433,-0.403,
148,0.223,-0.494,
149,1.601,-2.38,
150,0.288,0.119,
151,1.736,0.459,
152,0.424,-0.044,
153,-0.319,-0.007,
154,-0.892,2.65,
155,-0.24,-0.489,
156,-2.228,-1.078,
157,0.101,0.101,
158,0.845,-2.162,
159,0.633,-0.939,
160,-0.131,-0.025,
161,-0.038,0.692,
162,-0.76,0.119,
163,-0.458,-2.509,
