1,0.651,0.874,
2,0.423,-0.844,
3,0.437,-0.227,
4,0.503,-0.378,
5,0.951,-0.223,
6,-0.988,0.768,
7,0.25,0.049,
8,1.881,0.226,
9,0.397,-0.728,
10,0.453,0.063,
11,0.109,0.336,
12,0.976,-1.422,
13,0.934,-0.132,
14,-0.757,0.713,
15,-0.396,-0.4,
16,0.822,0.286,
17,1.258,-0.313,
18,0.503,-0.393,
19,-0.506,-0.399,
20,1.015,-1.081,
21,0.172,-0.785,
22,0.916,0.871,
23,-0.257,-0.985,
24,-0.1,-0.125,
25,-0.56,-0.714,
26,1.793,1.209,
27,0.344,1.443,
28,0.26,-0.333,
29,-0.178,-0.438,
30,0.165,-0.112,
31,-0.047,0.17,
32,0.287,-0.811,
33,0.345,-0.407,
34,-0.742,-0.449,
35,0.581,0.558,
36,0.209,0.278,
37,0.713,-0.409,
38,-0.323,0.364,
39,0.645,0.467,
40,1.132,-0.255,
41,1.55,-1.008,
42,0.867,-1.09,
43,0.813,-0.001,
44,1.351,-0.144,
45,-0.522,-0.388,
46,0.065,0.457,
47,-0.489,0.419,
48,0.852,-0.92,
49,0.561,-0.689,
50,1.082,-0.126,
51,0.211,-1.16,
52,0.422,-0.27,
53,0.294,-0.898,
54,0.671,0.494,
55,0.677,-1.739,
56,0.329,0.154,
57,1.014,-1.244,
58,0.024,0.298,
59,-0.275,-0.995,
60,-0.21,-0.454,
61,0.537,-0.233,
62,1.289,-0.396,
63,1.168,-0.168,
64,-0.398,-0.866,
65,0.336,-0.861,
66,0.38,-0.26,
67,-0.529,-0.653,
68,0.793,0.274,
69,0.145,0.344,
70,0.386,-0.812,
71,0.652,-0.475,
72,0.403,0.164,
73,-1.106,-0.674,
74,0.309,-0.49,
75,-0.73,-0.499,
76,0.986,0.846,
77,1.24,-0.08,
78,0.414,-0.845,
79,-0.327,-0.32,
80,-0.347,-2.004,
81,0.567,-0.07,
82,0.406,-0.826,
83,-0.486,-1.788,
84,0.529,-0.207,
85,0.566,0.118,
86,0.783,-0.265,
87,-0.752,-0.862,
88,-0.854,-0.275,
89,1.872,-0.736,
90,0.463,-0.687,
91,1.33,-0.626,
92,0.495,-0.661,
93,-0.052,-0.155,
94,1.14,0.357,
95,0.239,-0.354,
96,-0.059,-0.665,
97,0.625,-0.615,
98,-0.823,-1.076,
99,0.474,-0.585,
100,1.137,-0.251,
101,0.101,0.153,
102,-0.698,-0.44,
103,1.18,-0.353,
104,0.731,-0.082,
105,0.358,-0.265,
106,0.434,-0.117,
107,1.479,-0.057,
108,0.897,-0.91,
109,0.614,-0.579,
110,0.267,-0.644,
111,0.075,0.56,
112,-0.75,-0.205,
113,0.021,0.287,
114,-0.145,-0.633,
115,-0.973,-1.089,
116,-0.637,-1.181,
117,0.977,-0.262,
118,0.252,0.46,
119,0.87,-0.136,
120,1.343,0.386,
121,0.192,-0.775,
122,1.001,0.348,
123,0.214,-1.036,
124,1.325,-1.272,
125,-0.472,-0.392,
126,1.162,-0.526,
127,0.517,-0.918,
128,0.582,-0.165,
129,1.125,-0.76,
130,0.749,-0.267,
131,1.002,0.593,
132,0.374,-0.882,
133,0.076,-0.329,
134,0.347,-0.173,
135,-0.836,-1.174,
136,0.119,-0.666,
137,0.096,0.127,
138,0.294,-0.764,
139,-0.364,-0.463,
140,0.564,-0.615,
141,0.048,-0.611,
142,0.341,-0.757,
143,0.04,-0.656,
144,0.354,0.146,
145,0.435,-1.367,
146,0.566,-0.684,
147,0.286,-0.771,
148,-0.311,-0.59,
149,0.345,-1.817,
150,-0.762,-0.459,
151,1.225,-0.786,
152,-0.003,0.274,
153,0.527,-1.06,
154,0.099,-1.01,
155,-0.132,-0.26,
156,-0.585,-0.499,
157,0.226,-0.895,
158,1.702,0.101,
159,0.706,0.03,
160,0.241,-0.544,
161,1.361,-0.653,
162,0.193,-1.255,
163,0.752,-1.207,
