1,0.591,1.909,
2,-0.098,-0.035,
3,-1.292,0.086,
4,-0.145,0.769,
5,-0.526,0.692,
6,-2.218,0.784,
7,-0.712,2.171,
8,-0.2,0.385,
9,-0.667,0.149,
10,-0.796,0.797,
11,0.553,1.508,
12,0.572,-0.646,
13,0.406,0.69,
14,-1.609,0.729,
15,-1.775,0.376,
16,0.268,0.966,
17,-1.897,0.67,
18,0.147,0.71,
19,-0.215,0.812,
20,-0.04,0.647,
21,0.507,0.196,
22,-0.349,0.129,
23,-0.425,-0.167,
24,-0.695,0.277,
25,-1.297,0.604,
26,-0.49,0.667,
27,-0.728,0.158,
28,0.719,0.705,
29,-0.19,0.329,
30,0.044,1.784,
31,-0.107,1.304,
32,-0.115,0.14,
33,-0.906,1.028,
34,-0.533,0.547,
35,-0.321,1.624,
36,-1.102,1.06,
37,-0.236,0.28,
38,0.005,-0.011,
39,-0.309,1.951,
40,-0.819,0.205,
41,-0.301,0.178,
42,0.849,-0.13,
43,0.016,0.426,
44,0.084,1.87,
45,-0.601,0.459,
46,-0.087,1.062,
47,-0.758,0.24,
48,0.644,-0.004,
49,-0.565,-0.398,
50,-0.356,-0.219,
51,-0.381,0.52,
52,-0.157,0.572,
53,-0.032,0.026,
54,-0.594,0.666,
55,-0.095,-0.274,
56,-0.355,0.588,
57,0.443,0.591,
58,-0.548,0.778,
59,-1.458,0.773,
60,-0.251,0.004,
61,-0.643,1.471,
62,0.773,0.245,
63,-0.419,0.467,
64,-0.667,-0.506,
65,-0.212,0.054,
66,0.587,0.985,
67,-1.24,0.084,
68,-0.795,0.801,
69,-0.343,1.149,
70,0.093,0.452,
71,-0.605,1.063,
72,-0.527,1.196,
73,-0.693,0.497,
74,-0.173,0.634,
75,-1.353,1.903,
76,0.079,0.724,
77,-0.445,-0.012,
78,0.346,0.95,
79,-1.109,0.328,
80,-0.557,0.434,
81,0.624,0.538,
82,-0.727,0.366,
83,0.291,0.309,
84,-0.632,0.544,
85,0.117,1.065,
86,-1.264,0.757,
87,-0.574,-0.566,
88,0.102,0.574,
89,0.993,0.177,
90,-0.573,0.701,
91,-0.327,0.513,
92,-0.923,0.454,
93,0.355,1.513,
94,-0.651,0.711,
95,-0.377,0.344,
96,0.377,-0.463,
97,0.409,0.559,
98,-1.35,0.318,
99,-0.537,0.117,
100,-0.86,0.799,
101,0.023,1.083,
102,-0.886,-0.07,
103,0.005,0.236,
104,-0.421,0.334,
105,-0.018,0.973,
106,-0.328,1.04,
107,0.836,1.681,
108,-0.049,0.78,
109,-0.645,0.073,
110,0.261,0.737,
111,-0.063,0.095,
112,-1.257,0.763,
113,-0.745,0.385,
114,-0.176,0.259,
115,-0.083,-0.843,
116,0.214,0.7,
117,-0.315,0.173,
118,-0.125,0.858,
119,0.389,0.851,
120,0.187,0.267,
121,-0.311,0.251,
122,0.159,0.532,
123,-0.939,-0.057,
124,-0.465,-0.149,
125,-0.371,0.475,
126,-0.375,0.812,
127,0.116,-0.351,
128,-0.346,0.712,
129,-0.037,0.519,
130,0.858,0.175,
131,-0.486,1.771,
132,-0.691,0.753,
133,-0.477,1.062,
134,-0.788,0.319,
135,-1.215,-0.638,
136,-0.226,-0.102,
137,-0.629,0.995,
138,0.081,0.936,
139,-0.609,-0.072,
140,-0.396,0.053,
141,-0.44,-0.392,
142,-0.31,-0.303,
143,-0.672,1.618,
144,-0.596,0.488,
145,-0.526,-0.45,
146,-0.07,1.057,
147,-0.303,0.515,
148,-0.522,0.103,
149,0.357,-2.007,
150,-0.68,0.273,
151,1.158,0.693,
152,-0.346,0.833,
153,-0.294,0.259,
154,-0.994,1.283,
155,-0.707,0.333,
156,-1.303,-0.032,
157,-0.415,-0.089,
158,0.593,0.059,
159,0.148,-0.233,
160,-0.596,0.564,
161,0.084,0.868,
162,-0.546,0.663,
163,0.137,-0.86,
