1,0.224,1.368,
2,-0.072,0.131,
3,-0.95,0.286,
4,-0.101,0.608,
5,-0.307,0.865,
6,-1.771,0.635,
7,-0.343,1.434,
8,0.116,0.568,
9,-0.637,-0.004,
10,-0.734,0.888,
11,0.398,1.204,
12,0.397,-0.321,
13,0.498,0.527,
14,-1.118,0.744,
15,-1.1,0.399,
16,0.275,0.74,
17,-1.467,0.555,
18,-0.053,0.53,
19,-0.197,0.702,
20,-0.028,0.631,
21,0.109,0.524,
22,-0.421,0.254,
23,-0.247,0.012,
24,-0.421,0.271,
25,-1.217,1.011,
26,-0.353,0.822,
27,-0.437,0.26,
28,0.385,0.745,
29,-0.134,0.378,
30,-0.028,1.535,
31,-0.091,1.216,
32,-0.156,0.212,
33,-0.618,0.83,
34,-0.671,0.449,
35,-0.12,1.426,
36,-0.81,0.863,
37,-0.201,0.346,
38,-0.125,0.034,
39,-0.284,1.307,
40,-0.565,0.327,
41,-0.175,0.407,
42,0.489,0.366,
43,0.053,0.385,
44,0.149,1.528,
45,-0.393,0.557,
46,-0.139,0.906,
47,-0.808,0.054,
48,0.625,0.241,
49,-0.222,-0.103,
50,-0.557,-0.149,
51,-0.248,0.514,
52,-0.164,0.543,
53,0.082,0.065,
54,-0.314,0.774,
55,-0.314,-0.272,
56,-0.363,0.501,
57,0.108,0.6,
58,-0.562,0.878,
59,-0.891,0.423,
60,-0.178,0.211,
61,-0.4,1.046,
62,0.368,0.409,
63,-0.448,0.47,
64,-0.648,-0.324,
65,-0.104,0.169,
66,0.459,1.179,
67,-0.991,0.107,
68,-0.456,0.771,
69,-0.256,1.166,
70,-0.099,0.532,
71,-0.659,1.075,
72,-0.31,0.926,
73,-0.637,0.575,
74,0.053,0.713,
75,-0.681,1.209,
76,0.01,0.56,
77,-0.518,0.133,
78,-0.015,0.778,
79,-1.116,0.401,
80,-0.527,0.244,
81,0.495,0.62,
82,-0.465,0.389,
83,0.128,0.348,
84,-0.391,0.589,
85,0.009,0.923,
86,-0.957,0.899,
87,-0.308,-0.248,
88,0.015,0.373,
89,0.344,0.3,
90,-0.511,0.561,
91,-0.33,0.574,
92,-0.682,0.365,
93,-0.175,1.311,
94,-0.647,0.804,
95,-0.247,0.275,
96,0.276,-0.174,
97,0.345,0.595,
98,-1.11,0.138,
99,-0.402,0.337,
100,-0.767,0.608,
101,-0.015,1.049,
102,-0.447,-0.014,
103,0.248,0.344,
104,-0.454,0.41,
105,-0.072,0.609,
106,-0.245,0.952,
107,0.431,1.608,
108,-0.123,0.566,
109,-0.488,0.243,
110,0.27,0.711,
111,-0.193,0.442,
112,-1.262,0.555,
113,-0.541,0.351,
114,-0.205,0.287,
115,-0.503,-0.763,
116,-0.083,0.485,
117,-0.133,0.244,
118,-0.077,0.579,
119,0.105,0.684,
120,-0.077,0.247,
121,-0.34,0.402,
122,0.206,0.466,
123,-0.87,-0.18,
124,-0.221,0.034,
125,-0.349,0.22,
126,-0.216,0.679,
127,0.101,-0.069,
128,-0.457,0.797,
129,-0.293,0.514,
130,0.455,0.304,
131,-0.201,1.509,
132,-0.685,0.616,
133,-0.556,0.818,
134,-0.72,0.557,
135,-0.914,-0.364,
136,-0.305,0.076,
137,-0.55,1.019,
138,-0.157,0.801,
139,-0.506,-0.228,
140,-0.533,0.478,
141,-0.494,-0.173,
142,-0.377,-0.192,
143,-0.52,1.279,
144,-0.575,0.397,
145,-0.524,-0.126,
146,0.099,1.113,
147,-0.16,0.687,
148,-0.714,0.019,
149,0.083,-1.432,
150,-0.922,0.24,
151,0.838,0.97,
152,-0.444,0.971,
153,-0.279,0.241,
154,-0.802,0.975,
155,-0.52,0.543,
156,-0.911,0.155,
157,-0.42,0.119,
158,0.238,0.501,
159,0.099,-0.223,
160,-0.613,0.733,
161,-0.041,0.734,
162,-0.498,0.389,
163,0.275,-0.379,
