1,-2.908,-2.319,
2,0.417,-0.473,
3,-1.086,-1.319,
4,0.478,-0.942,
5,-0.302,-2.209,
6,-0.001,1.707,
7,1.362,0.244,
8,0.502,-0.417,
9,-1.11,0.074,
10,0.28,-0.607,
11,0.357,2.418,
12,-1.585,-2.142,
13,1.759,1.318,
14,-0.11,-0.459,
15,-2.223,-0.117,
16,0.48,-2.362,
17,0.539,0.14,
18,0.162,-0.24,
19,1.221,0.73,
20,2.507,1.242,
21,0.898,0.295,
22,1.362,0.425,
23,0.087,-0.061,
24,-0.337,0.287,
25,-0.194,2.803,
26,0.326,-0.903,
27,0.236,-0.142,
28,0.61,0.004,
29,-0.193,-2.274,
30,0.645,0.256,
31,0.848,0.47,
32,-0.147,-1.092,
33,-0.205,-0.731,
34,-2.148,1.364,
35,-2.429,-0.928,
36,-0.495,0.779,
37,0.646,0.289,
38,-0.154,-1.163,
39,0.709,0.105,
40,-1.386,1.72,
41,0.339,0.556,
42,0.236,0.195,
43,0.009,1.439,
44,-0.206,-0.551,
45,-0.272,0.269,
46,-2.189,-0.798,
47,0.212,0.887,
48,-1.792,-0.751,
49,-0.333,-1.473,
50,-0.999,-0.594,
51,-1.167,-0.041,
52,0.662,1.206,
53,-0.431,-0.101,
54,1.594,-0.81,
55,-0.18,1.228,
56,0.138,0.623,
57,-0.814,-0.553,
58,0.873,0.379,
59,1.465,0.953,
60,-0.103,-0.091,
61,0.333,-0.555,
62,-0.911,1.029,
63,-0.903,1.222,
64,-0.244,0.222,
65,-0.322,0.289,
66,0.406,0.189,
67,-0.404,-0.838,
68,-0.035,0.597,
69,-1.43,0.149,
70,-0.387,-0.372,
71,0.333,-1.073,
72,0.668,-0.842,
73,-0.168,-0.011,
74,-0.57,-0.265,
75,-2.614,-0.028,
76,0.339,-0.281,
77,0.393,-0.07,
78,-0.074,0.335,
79,-1.047,-0.34,
80,-1.238,-0.142,
81,-0.921,1.172,
82,-0.683,-1.467,
83,-2.569,-0.266,
84,1.586,0.387,
85,-0.527,-0.233,
86,-0.008,-0.566,
87,0.706,0.446,
88,0.159,0.787,
89,0.243,-0.041,
90,-0.426,0.372,
91,0.164,1.32,
92,0.928,-1.637,
93,2.678,0.012,
94,0.707,1.017,
95,-0.011,1.969,
96,-1.16,1.301,
97,1.421,1.565,
98,0.177,0.105,
99,0.54,0.617,
100,-0.886,0.288,
101,0.097,0.226,
102,-0.338,-1.152,
103,-0.527,-1.516,
104,-0.878,-0.398,
105,1.359,0.782,
106,-0.603,-1.414,
107,-0.676,-0.119,
108,0.847,0.228,
109,0.122,0.004,
110,-1.702,0.746,
111,-1.524,1.102,
112,-1.213,2.09,
113,0.419,-0.172,
114,0.061,0.912,
115,-1.153,0.65,
116,-0.187,-0.512,
117,1.476,0.475,
118,0.523,-1.053,
119,-0.602,0.196,
120,-0.103,-0.688,
121,-0.281,1.961,
122,-0.854,-0.3,
123,-0.973,-0.616,
124,-0.644,0.727,
125,-0.777,-0.308,
126,0.049,-0.481,
127,-0.401,0.829,
128,-0.288,-0.258,
129,0.635,1.157,
130,-1.262,-2.038,
131,0.816,1.895,
132,-0.762,2.052,
133,-0.313,0.601,
134,-0.919,-0.903,
135,-1.17,0.671,
136,-2.311,-0.747,
137,-1.263,0.619,
138,-0.645,0.049,
139,0.539,-1.152,
140,0.009,0.124,
141,-0.097,-0.878,
142,-0.239,0.453,
143,-0.397,-0.372,
144,0.174,-0.131,
145,-0.243,-0.975,
146,-1.483,-0.842,
147,-2.178,-1.286,
148,-0.641,-0.166,
149,1.339,-0.601,
150,-0.362,-0.058,
151,-1.288,0.528,
152,-1.03,-0.632,
153,0.218,0.062,
154,1.711,0.287,
155,-0.271,0.082,
156,-0.457,-0.166,
157,-0.613,-0.05,
158,-0.916,-1.488,
159,-0.11,0.139,
160,0.507,-1.012,
161,-1.39,-0.318,
162,-1.388,-0.251,
163,0.686,-1.066,
