1,1.924,2.034,
2,0.35,-1.285,
3,0.409,0.79,
4,0.4,-0.041,
5,0.874,-1.002,
6,-0.417,2.105,
7,-0.066,-0.293,
8,3.361,1.14,
9,1.219,0.257,
10,0.159,-0.121,
11,-1.898,0.247,
12,1.705,-2.84,
13,-0.173,0.327,
14,-2.074,1.05,
15,-0.388,0.029,
16,0.112,2.593,
17,1.422,-0.414,
18,0.032,0.678,
19,-1.908,-0.29,
20,1.001,0.313,
21,-0.177,-1.001,
22,1.207,1.304,
23,-0.935,-0.763,
24,-0.446,1.331,
25,-1.706,0.135,
26,2.073,1.553,
27,0.169,2.726,
28,-0.067,-0.669,
29,-0.466,-0.878,
30,0.233,-0.614,
31,-0.46,-0.608,
32,-0.241,-0.804,
33,1.402,-1.256,
34,-0.688,-0.06,
35,0.178,0.481,
36,0.19,0.8,
37,0.73,-0.128,
38,-1.378,1.076,
39,0.66,1.056,
40,1.419,-0.001,
41,2.206,-1.942,
42,0.148,-2.728,
43,1.623,1.039,
44,1.461,-0.538,
45,-0.661,-0.65,
46,-1.557,1.822,
47,-1.395,0.191,
48,0.262,-0.899,
49,0.8,0.566,
50,1.611,0.332,
51,-0.34,-1.993,
52,0.444,-0.793,
53,0.704,0.734,
54,0.932,1.77,
55,0.393,-1.008,
56,-0.275,0.474,
57,0.563,-2.413,
58,-0.103,1.767,
59,-0.519,-1.209,
60,-2.28,0.765,
61,1.406,0.105,
62,0.576,-0.409,
63,1.614,0.8,
64,-0.531,-0.906,
65,-0.539,-1.739,
66,-1.496,-1.907,
67,-0.942,-0.505,
68,1.139,1.306,
69,-0.875,-0.368,
70,1.238,-2.705,
71,1.258,0.234,
72,-0.725,0.799,
73,-2.849,-1.194,
74,-0.183,-0.794,
75,0.065,-0.042,
76,1.714,0.602,
77,1.98,0.324,
78,0.832,-1.312,
79,-0.914,-1.426,
80,-0.425,-1.73,
81,-0.023,1.411,
82,-0.008,-0.503,
83,-0.969,-2.787,
84,1.907,-0.004,
85,0.068,0.564,
86,0.992,0.785,
87,-1.147,-0.697,
88,-2.702,0.121,
89,2.139,-1.374,
90,0.305,-0.239,
91,2.331,-1.05,
92,0.568,0.787,
93,-0.993,-1.031,
94,1.525,0.237,
95,-0.617,0.392,
96,-1.154,0.473,
97,0.484,-1.696,
98,-1.658,0.489,
99,-0.083,-0.873,
100,1.151,1.155,
101,-0.952,0.131,
102,-2.709,0.265,
103,2.036,-1.31,
104,0.42,0.834,
105,-0.038,0.311,
106,0.017,-0.204,
107,0.521,-0.905,
108,2.392,-0.285,
109,0.535,-0.887,
110,-1.494,0.891,
111,-1.068,2.146,
112,-1.246,-0.026,
113,-0.517,1.317,
114,-0.836,-0.174,
115,-2.981,0.243,
116,-0.959,-1.038,
117,-1.02,0.054,
118,0.019,1.542,
119,0.69,-0.146,
120,2.572,0.447,
121,0.829,0.176,
122,1.004,0.779,
123,-0.509,0.001,
124,1.295,-0.983,
125,-0.848,1.126,
126,2.271,0.314,
127,0.164,-0.414,
128,1.685,-0.281,
129,0.982,-0.37,
130,1.081,0.967,
131,0.746,0.175,
132,0.631,-0.904,
133,-0.207,0.41,
134,-0.133,0.475,
135,-2.272,-1.451,
136,-0.925,-0.649,
137,-0.357,1.299,
138,0.74,-1.203,
139,-1.26,1.209,
140,-0.088,-0.754,
141,-1.121,0.211,
142,-0.141,-1.468,
143,-0.034,-0.901,
144,1.607,0.974,
145,0.267,-0.935,
146,0.393,-1.145,
147,0.038,-0.813,
148,-1.161,-0.325,
149,0.103,-0.444,
150,-2,-1.516,
151,0.13,-1.191,
152,0.187,0.754,
153,0.394,-2.078,
154,-0.111,-0.503,
155,-0.208,-0.134,
156,-1.092,-1.27,
157,0.052,-1.639,
158,1.861,0.593,
159,0.804,0.88,
160,0.052,-0.583,
161,1.383,-1.083,
162,-0.761,-2.153,
163,0.794,-0.251,
