1,2.016,2.245,
2,0.019,-1.343,
3,0.233,0.936,
4,0.322,0.072,
5,0.364,-0.922,
6,-0.126,2.753,
7,0.699,0.339,
8,2.762,1.495,
9,0.803,0.797,
10,0.126,-0.144,
11,-1.996,0.163,
12,1.68,-2.438,
13,-0.44,0.128,
14,-1.834,1.294,
15,-0.607,0.793,
16,-0.248,2.506,
17,0.525,-0.269,
18,-0.378,0.958,
19,-1.978,-0.044,
20,0.121,1.628,
21,0.133,-0.547,
22,1.103,0.858,
23,-0.948,-0.641,
24,-0.385,1.314,
25,-1.033,0.027,
26,1.368,0.994,
27,0.162,1.529,
28,0.104,-0.292,
29,-0.34,-0.36,
30,0.308,-0.313,
31,-0.388,-0.526,
32,-0.154,-0.519,
33,1.496,-1.283,
34,-0.311,0.08,
35,0.109,0.212,
36,0.232,0.67,
37,0.426,0.062,
38,-1.289,0.736,
39,0.815,1.067,
40,0.75,-0.077,
41,1.551,-1.509,
42,0.06,-2.616,
43,1.378,0.925,
44,1.152,-0.453,
45,-0.827,-0.347,
46,-1.338,2.035,
47,-1.287,-0.298,
48,0.089,-0.46,
49,0.576,1.216,
50,1.272,-0.206,
51,-0.85,-1.918,
52,0.38,-0.872,
53,0.853,1.179,
54,0.508,1.381,
55,-0.04,-0.105,
56,-0.427,0.687,
57,0.151,-2.067,
58,-0.043,1.767,
59,-0.222,-0.929,
60,-2.341,1.047,
61,1.543,0.488,
62,0.741,-0.157,
63,0.965,0.966,
64,-0.162,-0.649,
65,-0.723,-1.393,
66,-1.89,-2.007,
67,-0.694,-0.374,
68,1.199,1.349,
69,-0.808,-0.193,
70,1.003,-2.586,
71,1.202,0.145,
72,-0.803,0.471,
73,-2.492,-0.51,
74,0.042,-0.458,
75,0.023,0.252,
76,2.204,0.347,
77,1.012,0.262,
78,0.715,-0.656,
79,-0.863,-1.492,
80,-0.12,-0.491,
81,-0.345,1.599,
82,-0.323,-0.173,
83,-0.202,-2.025,
84,1.634,0.264,
85,-0.484,0.442,
86,0.58,0.87,
87,-0.633,-0.416,
88,-2.478,0.101,
89,1.578,-1.033,
90,-0.209,0.121,
91,1.87,-0.325,
92,0.375,1.236,
93,-0.965,-0.782,
94,0.993,-0.074,
95,-0.58,0.547,
96,-0.713,0.785,
97,0.717,-1.456,
98,-1.128,0.947,
99,-0.283,-0.707,
100,0.331,0.869,
101,-1.11,-0.032,
102,-3.229,0.492,
103,1.134,-1.067,
104,-0.07,0.985,
105,0.04,0.328,
106,-0.446,-0.609,
107,-0.377,-0.695,
108,2.366,-0.118,
109,0.248,-1.077,
110,-0.739,0.97,
111,-1.18,2.099,
112,-0.883,0.055,
113,-0.439,1.12,
114,-0.57,0.042,
115,-2.284,0.549,
116,-0.49,-0.446,
117,-1.52,0.04,
118,-0.25,1.375,
119,0.261,-0.126,
120,2.076,0.253,
121,0.683,0.143,
122,0.768,0.437,
123,-0.177,0.387,
124,0.843,-0.368,
125,-0.472,1.206,
126,1.915,0.629,
127,0.094,-0.284,
128,1.559,-0.086,
129,0.645,-0.057,
130,1.121,1.153,
131,0.525,-0.207,
132,0.184,-0.751,
133,-0.27,0.546,
134,0.127,0.474,
135,-1.794,-1.127,
136,-0.932,-0.533,
137,-0.263,1.353,
138,0.741,-1.101,
139,-1.282,1.825,
140,-0.508,-0.476,
141,-1.276,0.394,
142,-0.246,-1.415,
143,0.347,-0.598,
144,1.651,0.916,
145,0.192,-0.439,
146,0.317,-0.887,
147,-0.03,-0.319,
148,-1.168,-0.284,
149,0.527,-0.304,
150,-1.431,-2.134,
151,-0.501,-0.421,
152,0.302,0.614,
153,0.329,-2.169,
154,-0.246,-0.186,
155,0.043,-0.103,
156,-1.09,-1.247,
157,-0.705,-1.766,
158,1.446,-0.221,
159,0.269,1.211,
160,-0.15,-0.081,
161,1.263,-0.956,
162,-0.857,-1.288,
163,-0.005,-0.562,
