1,-0.572,-1.446,
2,-0.283,-1.275,
3,-0.269,-1.696,
4,-0.994,-0.386,
5,0.281,-0.469,
6,-0.624,-0.491,
7,-0.086,-0.64,
8,-0.196,-1.53,
9,0.287,-0.673,
10,-0.946,-0.246,
11,0.236,-0.973,
12,0.506,-0.507,
13,0.161,0.222,
14,-0.829,-0.625,
15,-0.628,-0.789,
16,-0.079,-0.717,
17,-1.324,-2.09,
18,0.136,-1.017,
19,0.265,-0.347,
20,0.072,-0.297,
21,-0.142,-1.161,
22,-0.11,-0.464,
23,-0.617,-1.495,
24,1.005,-1.484,
25,-0.148,-0.9,
26,-1.232,-0.788,
27,-0.424,-0.938,
28,0.792,-0.615,
29,0.616,-0.057,
30,1.586,-0.279,
31,-0.275,-0.855,
32,0.379,-0.886,
33,-1.431,-1.432,
34,-0.401,-1.923,
35,0.05,-0.709,
36,0.143,-0.298,
37,0.298,-0.283,
38,0.463,-0.905,
39,-0.583,-0.687,
40,0.341,-1.548,
41,0.392,0.194,
42,-0.14,0.623,
43,-0.111,0.701,
44,-0.645,-0.932,
45,-0.153,-0.805,
46,-0.796,-0.279,
47,-0.411,-0.551,
48,0.113,-0.493,
49,-0.061,-1.168,
50,-0.287,-0.861,
51,-0.22,-1.18,
52,-0.56,-0.401,
53,-0.595,0.153,
54,-0.856,-0.309,
55,-1.198,-1.175,
56,-0.304,-0.441,
57,0.065,-0.85,
58,-0.878,-0.398,
59,-0.391,-1.295,
60,0.02,-0.818,
61,-0.708,-0.329,
62,-0.197,-0.734,
63,0.681,-0.097,
64,-0.892,-0.711,
65,0.625,-0.752,
66,0.546,-0.221,
67,-1.294,0.221,
68,-0.184,-0.716,
69,-0.32,-0.166,
70,0.519,-0.555,
71,0.136,-0.955,
72,-0.093,-1.205,
73,0.488,-0.85,
74,0.591,-0.673,
75,1.233,-0.313,
76,-0.855,-1.137,
77,0.046,-0.084,
78,-0.165,0.854,
79,-0.391,-0.239,
80,0.935,-0.892,
81,-0.763,-0.994,
82,-0.295,0.29,
83,-0.02,-0.385,
84,-0.285,-0.514,
85,0.511,-0.756,
86,0.348,0.358,
87,-0.23,-0.909,
88,0.595,0.191,
89,-1.218,-0.664,
90,-0.575,-0.368,
91,-1.155,-0.443,
92,-0.488,-0.489,
93,0.2,0.436,
94,-0.665,1.119,
95,0.657,-0.85,
96,-0.334,-0.976,
97,-0.613,-0.625,
98,-0.896,-1.88,
99,-0.305,-0.751,
100,-0.287,-1.57,
101,-0.029,-0.357,
102,-0.187,-1.25,
103,-0.468,-1.144,
104,-0.685,-0.486,
105,-1.184,-0.763,
106,0.457,-0.206,
107,-0.284,0.255,
108,-0.38,-1.116,
109,0.153,-1.662,
110,-0.475,-1.444,
111,-0.094,0.317,
112,-0.114,-1.317,
113,0.073,-0.833,
114,-0.106,-0.934,
115,-0.288,-1.903,
116,0.004,-1.186,
117,0.934,-0.653,
118,0.282,-0.729,
119,0.355,-1.123,
120,-0.15,-0.527,
121,-0.13,-0.608,
122,0.243,-0.27,
123,-0.328,-1.484,
124,-0.454,-1.222,
125,-0.327,-0.878,
126,0.308,-0.391,
127,0.375,-1.55,
128,-0.101,-0.55,
129,-0.45,-0.55,
130,-0.497,-0.332,
131,-0.054,-0.131,
132,0.132,0.659,
133,-0.584,-0.671,
134,-0.195,-0.612,
135,-1.362,-1.291,
136,-0.299,-0.758,
137,0.65,-0.118,
138,-0.384,-0.412,
139,-1.055,-0.797,
140,-0.504,-1.119,
141,-1.012,-1.017,
142,0.212,-1.378,
143,-0.418,0.024,
144,-0.736,-0.969,
145,-0.853,-0.926,
146,0.432,0.298,
147,-0.088,-0.765,
148,-1.145,-0.312,
149,-0.551,-1.253,
150,-1.574,-2.615,
151,0.118,-0.176,
152,-1.456,-0.478,
153,0.162,-0.698,
154,-1.06,-0.225,
155,-0.837,-1.147,
156,0.447,-0.15,
157,-0.259,-0.534,
158,-0.285,-0.363,
159,-0.246,-0.17,
160,-1.151,-0.389,
161,-0.559,-0.265,
162,0.35,0.209,
163,0.88,-0.702,
