1,0.598,0.808,
2,-0.287,-0.458,
3,-1.853,-1.426,
4,0.211,0.256,
5,-0.971,-0.294,
6,-1.948,-0.127,
7,-1.112,1.034,
8,-0.934,0.12,
9,-2.511,0.903,
10,-0.217,0.558,
11,-0.584,1.158,
12,1.415,-0.471,
13,0.187,-0.12,
14,-0.659,0.638,
15,-2.202,-0.412,
16,1.034,0.301,
17,-0.706,0.313,
18,0.6,1.062,
19,-0.098,0.403,
20,-0.154,0.815,
21,1.667,-0.63,
22,-0.01,-0.669,
23,-0.974,-1.015,
24,-1.128,0.958,
25,-0.625,-0.439,
26,-0.123,0.228,
27,-1.266,0.348,
28,0.369,-0.081,
29,-0.421,0.112,
30,-0.199,0.359,
31,0.974,-0.176,
32,0.298,-0.157,
33,-0.908,0.169,
34,0.6,0.444,
35,-0.06,0.313,
36,-1.632,0.563,
37,-0.115,0.134,
38,0.374,-0.445,
39,0.618,0.661,
40,-0.413,-0.373,
41,-1.192,-0.928,
42,0.014,-0.628,
43,0.222,0.071,
44,0.432,0.358,
45,-0.116,-0.103,
46,0.645,0.229,
47,-0.003,0.061,
48,0.055,-0.197,
49,-0.824,-0.394,
50,0.902,0.065,
51,-0.688,-0.727,
52,0.096,0.156,
53,-0.328,0.424,
54,-0.602,-0.718,
55,0.452,0.171,
56,0.13,1.288,
57,0.757,1.39,
58,-0.627,0.342,
59,-0.874,0.746,
60,0.829,0.075,
61,-0.795,1.596,
62,1.052,-1.04,
63,0.726,-0.986,
64,-0.032,0.114,
65,-0.176,-0.29,
66,0.446,0.044,
67,-0.979,0.403,
68,0.545,0.2,
69,0.273,0.994,
70,0.678,-0.43,
71,-0.462,0.261,
72,-1.092,0.583,
73,-0.503,-0.433,
74,-0.13,-0.338,
75,-2.023,0.353,
76,0.549,-0.228,
77,0.057,-0.295,
78,0.705,0.819,
79,-0.155,0.02,
80,-1.182,1.771,
81,0.017,-0.057,
82,-1.181,0.44,
83,0.3,0.279,
84,0.191,0.178,
85,0.089,0.67,
86,-0.019,-0.572,
87,-0.183,-0.397,
88,-0.83,0.899,
89,0.186,0.046,
90,-0.969,-0.013,
91,0.02,1.073,
92,-0.509,0.356,
93,0.189,0.924,
94,-0.826,-0.251,
95,-1.155,-0.922,
96,0.382,-0.274,
97,-0.301,-0.287,
98,-0.246,0.086,
99,-0.022,-0.356,
100,0.352,0.514,
101,-0.389,0,
102,-1.446,0.463,
103,1.028,0.102,
104,-0.106,0.099,
105,-0.673,1.255,
106,0.161,-0.262,
107,1.033,0.217,
108,0.165,-0.064,
109,-1.014,-1.049,
110,-0.1,0.292,
111,0.447,-1.373,
112,-0.591,1.038,
113,-0.673,-0.569,
114,0.921,-0.112,
115,-0.517,-0.134,
116,0.11,1.022,
117,-1.096,-1.086,
118,-0.113,-0.291,
119,0.624,0.586,
120,-0.84,-0.179,
121,-0.231,-1.166,
122,-0.615,-0.628,
123,-1.505,1.342,
124,-0.587,-0.36,
125,0.036,0.596,
126,-0.982,0.238,
127,-0.034,-0.577,
128,-0.119,0.21,
129,0.752,0.194,
130,0.769,-1.38,
131,0.075,0.752,
132,-0.093,0.907,
133,-0.671,0.467,
134,-1.833,-1.23,
135,-0.109,-1.507,
136,0.2,-0.799,
137,0.113,0.186,
138,1.826,0.259,
139,-0.72,-0.05,
140,-0.467,-0.091,
141,-0.3,1.168,
142,1.389,-0.254,
143,0.463,1.134,
144,0.39,-0.461,
145,0.839,-0.619,
146,-0.922,0.623,
147,0.463,-0.296,
148,0.168,-0.266,
149,0.739,-1.183,
150,0.098,-0.301,
151,0.824,0.487,
152,0.441,-0.285,
153,-0.244,-0.366,
154,-0.513,1.775,
155,0.307,-0.274,
156,-1.485,-0.449,
157,-0.044,0.216,
158,0.531,-1.416,
159,0.075,-0.476,
160,-0.067,0.086,
161,0.122,-0.03,
162,-0.239,-0.352,
163,0.163,-1.515,
