1,0.734,0.909,
2,0.373,-0.908,
3,0.421,-0.3,
4,0.534,-0.449,
5,0.929,-0.235,
6,-1.096,0.844,
7,0.271,0.152,
8,1.829,0.178,
9,0.383,-0.729,
10,0.437,0.053,
11,0.151,0.333,
12,0.983,-1.428,
13,0.921,-0.164,
14,-0.7,0.629,
15,-0.413,-0.262,
16,0.759,0.24,
17,1.126,-0.328,
18,0.472,-0.375,
19,-0.464,-0.352,
20,1.044,-0.943,
21,0.18,-0.685,
22,0.892,0.795,
23,-0.219,-0.975,
24,-0.034,-0.17,
25,-0.484,-0.775,
26,1.707,1.121,
27,0.357,1.298,
28,0.323,-0.269,
29,-0.144,-0.446,
30,0.202,-0.072,
31,-0.038,0.156,
32,0.294,-0.797,
33,0.376,-0.421,
34,-0.781,-0.396,
35,0.605,0.53,
36,0.268,0.185,
37,0.625,-0.422,
38,-0.298,0.348,
39,0.657,0.452,
40,1.05,-0.252,
41,1.509,-0.97,
42,0.867,-1.059,
43,0.809,0.009,
44,1.333,-0.122,
45,-0.477,-0.368,
46,0.065,0.486,
47,-0.496,0.427,
48,0.936,-0.885,
49,0.5,-0.644,
50,1.01,-0.216,
51,0.214,-1.173,
52,0.418,-0.263,
53,0.357,-0.843,
54,0.64,0.471,
55,0.626,-1.641,
56,0.333,0.171,
57,0.937,-1.233,
58,0.036,0.294,
59,-0.232,-0.996,
60,-0.202,-0.438,
61,0.603,-0.219,
62,1.373,-0.418,
63,1.046,-0.166,
64,-0.34,-0.842,
65,0.352,-0.848,
66,0.348,-0.276,
67,-0.478,-0.655,
68,0.78,0.298,
69,0.136,0.369,
70,0.37,-0.797,
71,0.712,-0.479,
72,0.417,0.144,
73,-1.08,-0.614,
74,0.373,-0.471,
75,-0.837,-0.484,
76,0.968,0.796,
77,1.139,-0.114,
78,0.405,-0.806,
79,-0.336,-0.314,
80,-0.287,-1.899,
81,0.602,-0.003,
82,0.405,-0.78,
83,-0.435,-1.8,
84,0.513,-0.212,
85,0.526,0.076,
86,0.797,-0.284,
87,-0.703,-0.863,
88,-0.862,-0.336,
89,1.945,-0.744,
90,0.431,-0.676,
91,1.258,-0.565,
92,0.493,-0.628,
93,-0.052,-0.143,
94,1.125,0.335,
95,0.316,-0.343,
96,-0.004,-0.669,
97,0.678,-0.597,
98,-0.811,-1.053,
99,0.455,-0.555,
100,1.062,-0.251,
101,0.111,0.138,
102,-0.8,-0.379,
103,1.058,-0.303,
104,0.661,-0.09,
105,0.414,-0.302,
106,0.397,-0.141,
107,1.403,-0.074,
108,0.893,-0.916,
109,0.588,-0.595,
110,0.299,-0.609,
111,0.086,0.536,
112,-0.744,-0.2,
113,-0.004,0.218,
114,-0.091,-0.609,
115,-0.895,-1.038,
116,-0.621,-1.105,
117,0.955,-0.287,
118,0.26,0.444,
119,0.82,-0.147,
120,1.28,0.331,
121,0.175,-0.786,
122,0.998,0.308,
123,0.223,-1.024,
124,1.296,-1.238,
125,-0.461,-0.473,
126,1.161,-0.479,
127,0.568,-0.897,
128,0.508,-0.112,
129,1.064,-0.748,
130,0.774,-0.259,
131,0.954,0.564,
132,0.321,-0.865,
133,0.081,-0.315,
134,0.364,-0.155,
135,-0.759,-1.158,
136,0.107,-0.637,
137,0.125,0.141,
138,0.349,-0.705,
139,-0.414,-0.378,
140,0.514,-0.571,
141,0.023,-0.603,
142,0.345,-0.778,
143,0.109,-0.651,
144,0.339,0.128,
145,0.402,-1.313,
146,0.566,-0.604,
147,0.309,-0.696,
148,-0.245,-0.561,
149,0.402,-1.869,
150,-0.758,-0.385,
151,1.177,-0.681,
152,0.007,0.264,
153,0.52,-1.116,
154,0.085,-0.977,
155,-0.091,-0.252,
156,-0.505,-0.449,
157,0.125,-0.999,
158,1.735,0.047,
159,0.656,0.083,
160,0.212,-0.421,
161,1.34,-0.597,
162,0.204,-1.123,
163,0.635,-1.277,
