1,-0.018,0.888,
2,-0.109,0.123,
3,-0.673,0.532,
4,-0.121,0.629,
5,-0.1,0.886,
6,-1.536,0.432,
7,-0.234,1.016,
8,0.328,0.579,
9,-0.422,-0.031,
10,-0.688,1.11,
11,0.375,1.08,
12,0.225,0.002,
13,0.447,0.625,
14,-0.851,0.608,
15,-0.632,0.431,
16,0.002,0.413,
17,-0.958,0.67,
18,-0.158,0.497,
19,-0.295,0.715,
20,-0.132,0.573,
21,-0.08,0.673,
22,-0.42,0.347,
23,-0.14,0.251,
24,-0.276,0.415,
25,-0.765,0.986,
26,-0.304,0.88,
27,-0.063,0.321,
28,0.015,0.659,
29,-0.215,0.534,
30,-0.06,1.414,
31,-0.188,1.26,
32,-0.163,0.23,
33,-0.398,0.808,
34,-0.792,0.329,
35,-0.113,1.443,
36,-0.659,0.843,
37,-0.045,0.423,
38,-0.305,0.239,
39,-0.317,0.777,
40,-0.39,0.387,
41,-0.097,0.625,
42,0.271,0.683,
43,-0.067,0.574,
44,0.162,1.219,
45,-0.306,0.619,
46,-0.238,0.749,
47,-0.846,0.062,
48,0.658,0.432,
49,-0.336,0.011,
50,-0.652,-0.066,
51,-0.236,0.511,
52,-0.199,0.556,
53,0.192,0.046,
54,-0.095,0.835,
55,-0.496,-0.248,
56,-0.394,0.593,
57,-0.237,0.523,
58,-0.51,0.919,
59,-0.785,0.403,
60,-0.357,0.392,
61,-0.279,0.749,
62,0.147,0.503,
63,-0.31,0.617,
64,-0.761,-0.202,
65,-0.068,0.295,
66,0.242,1.063,
67,-0.711,0.148,
68,-0.433,0.717,
69,-0.162,1.187,
70,-0.284,0.631,
71,-0.519,0.803,
72,0.002,0.702,
73,-0.569,0.735,
74,0.028,0.806,
75,-0.39,0.678,
76,-0.124,0.676,
77,-0.478,0.234,
78,-0.387,0.637,
79,-1.141,0.442,
80,-0.42,-0.081,
81,0.198,0.644,
82,-0.278,0.523,
83,0.065,0.495,
84,-0.281,0.584,
85,-0.021,0.839,
86,-0.6,1.09,
87,-0.265,-0.006,
88,-0.001,0.319,
89,-0.04,0.351,
90,-0.298,0.471,
91,-0.278,0.7,
92,-0.561,0.303,
93,-0.628,1.101,
94,-0.568,0.952,
95,-0.205,0.395,
96,-0.009,0.174,
97,0.32,0.655,
98,-1.054,-0.01,
99,-0.272,0.498,
100,-0.73,0.594,
101,-0.279,1.061,
102,-0.203,0.059,
103,-0.138,0.568,
104,-0.42,0.457,
105,-0.22,0.441,
106,-0.293,0.924,
107,0.26,1.483,
108,-0.209,0.45,
109,-0.336,0.344,
110,0.27,0.807,
111,-0.266,0.696,
112,-1.237,0.351,
113,-0.383,0.438,
114,-0.371,0.278,
115,-0.319,-0.755,
116,-0.216,0.175,
117,-0.096,0.417,
118,-0.178,0.609,
119,-0.057,0.621,
120,-0.235,0.257,
121,-0.413,0.532,
122,0.169,0.662,
123,-0.672,-0.377,
124,-0.01,0.255,
125,-0.419,0.171,
126,-0.083,0.546,
127,0.001,0.197,
128,-0.432,0.813,
129,-0.347,0.438,
130,0.221,0.503,
131,-0.143,1.492,
132,-0.723,0.505,
133,-0.601,0.665,
134,-0.553,0.822,
135,-0.661,-0.019,
136,-0.314,0.325,
137,-0.621,0.957,
138,-0.352,0.839,
139,-0.679,-0.147,
140,-0.445,0.541,
141,-0.45,-0.259,
142,-0.536,-0.011,
143,-0.409,1.137,
144,-0.589,0.571,
145,-0.636,0.113,
146,0.205,1.073,
147,-0.274,0.693,
148,-0.83,0.407,
149,-0.22,-1.127,
150,-1.16,0.535,
151,0.671,0.931,
152,-0.522,1.022,
153,-0.192,0.272,
154,-0.729,0.615,
155,-0.548,0.571,
156,-0.711,0.571,
157,-0.474,0.345,
158,0.102,0.844,
159,-0.108,0.133,
160,-0.619,0.751,
161,-0.091,0.638,
162,-0.45,0.527,
163,0.355,-0.071,
