1,0.8,1.987,
2,-0.315,-0.596,
3,-1.796,-0.814,
4,-0.01,0.516,
5,-0.844,0.174,
6,-2.776,0.634,
7,-1.074,2.542,
8,-0.709,0.503,
9,-1.091,0.595,
10,-0.763,0.641,
11,0.598,1.596,
12,0.894,-0.983,
13,0.348,0.493,
14,-1.805,1.1,
15,-2.573,0.002,
16,0.475,1.108,
17,-1.675,0.521,
18,0.317,0.821,
19,-0.043,0.829,
20,-0.032,0.73,
21,0.963,-0.412,
22,-0.381,-0.098,
23,-0.696,-0.369,
24,-0.907,0.284,
25,-1.337,0.205,
26,-0.675,0.511,
27,-1.229,0.187,
28,1.063,0.807,
29,-0.147,0.345,
30,-0.087,1.605,
31,0.17,1.03,
32,-0.058,0.101,
33,-1.173,0.907,
34,-0.242,0.696,
35,-0.205,1.408,
36,-1.375,0.886,
37,-0.59,0.21,
38,0.276,-0.147,
39,-0.221,2.605,
40,-0.926,0.131,
41,-0.557,-0.206,
42,1.043,-0.545,
43,0.204,0.192,
44,0.156,1.884,
45,-0.538,0.363,
46,0.019,1.08,
47,-0.635,0.313,
48,0.791,-0.164,
49,-0.992,-0.692,
50,-0.073,-0.229,
51,-0.347,0.521,
52,-0.111,0.523,
53,-0.24,0.123,
54,-0.904,0.234,
55,0.134,-0.22,
56,-0.3,0.814,
57,0.784,0.886,
58,-0.653,0.75,
59,-1.711,0.855,
60,0.191,-0.099,
61,-0.542,2.067,
62,0.893,-0.284,
63,-0.354,0.083,
64,-0.504,-0.442,
65,-0.253,-0.126,
66,0.571,0.876,
67,-1.522,0.109,
68,-0.677,0.968,
69,-0.378,1.111,
70,0.33,0.285,
71,-0.554,0.812,
72,-0.93,1.305,
73,-0.797,0.137,
74,-0.271,0.401,
75,-1.766,2.094,
76,0.241,0.334,
77,-0.408,-0.122,
78,0.91,1.103,
79,-0.98,0.29,
80,-0.813,1.002,
81,0.841,0.394,
82,-0.94,0.32,
83,0.312,0.2,
84,-0.733,0.525,
85,0.202,1.114,
86,-1.438,0.43,
87,-0.549,-0.686,
88,0.108,1.116,
89,0.843,0.136,
90,-0.833,0.634,
91,-0.499,0.554,
92,-0.932,0.504,
93,0.831,1.658,
94,-0.82,0.445,
95,-0.488,-0.084,
96,0.482,-0.783,
97,0.302,0.429,
98,-1.151,0.363,
99,-0.586,-0.034,
100,-0.701,0.865,
101,0.071,0.946,
102,-1.332,0.171,
103,0.469,0.189,
104,-0.407,0.279,
105,-0.136,1.268,
106,-0.165,0.97,
107,1.284,1.676,
108,0.069,0.713,
109,-0.86,-0.121,
110,0.181,0.689,
111,-0.055,-0.527,
112,-1.241,1.056,
113,-0.978,0.218,
114,0.155,0.219,
115,-0.23,-0.784,
116,0.174,1.108,
117,-0.661,-0.22,
118,-0.07,0.62,
119,0.468,0.824,
120,0.082,0.208,
121,-0.245,-0.086,
122,-0.222,0.236,
123,-1.316,0.437,
124,-0.649,-0.413,
125,-0.296,0.784,
126,-0.805,0.861,
127,0.395,-0.623,
128,-0.503,0.763,
129,0.049,0.541,
130,1.056,-0.299,
131,-0.573,1.853,
132,-0.575,0.932,
133,-0.517,1.165,
134,-1.191,-0.166,
135,-1.286,-1.035,
136,-0.065,-0.414,
137,-0.472,0.939,
138,0.724,0.961,
139,-0.805,0.228,
140,-0.338,-0.339,
141,-0.491,0.013,
142,0.134,-0.425,
143,-0.595,1.895,
144,-0.515,0.302,
145,-0.212,-0.685,
146,-0.308,1.047,
147,-0.02,0.404,
148,-0.109,0.062,
149,0.674,-2.231,
150,-0.523,0.023,
151,1.268,0.784,
152,-0.144,0.598,
153,-0.395,0.201,
154,-0.982,1.832,
155,-0.604,0.218,
156,-1.637,-0.426,
157,0.088,-0.037,
158,0.59,-0.553,
159,0.246,-0.194,
160,-0.564,0.662,
161,0.179,0.933,
162,-0.526,0.791,
163,0.044,-1.269,
