1,0.178,0.063,
2,0.003,-0.025,
3,-0.857,-0.799,
4,0.149,0.148,
5,-0.584,-0.199,
6,-0.856,-0.467,
7,-0.55,0.285,
8,-0.386,-0.168,
9,-1.319,0.444,
10,-0.129,0.321,
11,-0.549,0.588,
12,0.979,-0.268,
13,0.093,-0.168,
14,-0.057,0.071,
15,-0.879,-0.43,
16,0.755,-0.072,
17,-0.496,0.311,
18,0.177,0.708,
19,-0.162,0.31,
20,-0.064,0.492,
21,1.09,-0.101,
22,-0.006,-0.414,
23,-0.473,-0.573,
24,-0.732,0.637,
25,-0.116,-0.166,
26,0.093,0.131,
27,-0.733,0.245,
28,0.173,-0.174,
29,-0.337,0.038,
30,0.161,0.255,
31,0.644,-0.21,
32,0.173,-0.101,
33,-0.276,-0.001,
34,0.366,0.188,
35,0.041,0.175,
36,-0.842,0.427,
37,-0.015,0.126,
38,0.066,-0.454,
39,0.506,0.015,
40,-0.216,-0.301,
41,-0.681,-0.531,
42,-0.147,-0.301,
43,0.306,-0.159,
44,0.316,0.119,
45,-0.01,-0.057,
46,0.451,0.053,
47,0.05,-0.287,
48,0.04,-0.041,
49,-0.398,-0.026,
50,0.489,0.079,
51,-0.605,-0.512,
52,0.099,0.065,
53,-0.141,0.283,
54,-0.23,-0.367,
55,0.232,0.118,
56,-0.04,0.814,
57,0.246,1.025,
58,-0.425,0.252,
59,-0.078,0.184,
60,0.572,0.142,
61,-0.341,1.008,
62,0.449,-0.608,
63,0.378,-0.562,
64,0.014,0.167,
65,-0.074,-0.157,
66,0.212,0.089,
67,-0.624,0.287,
68,0.435,-0.071,
69,0.455,0.657,
70,0.24,-0.269,
71,-0.388,0.219,
72,-0.659,0.311,
73,-0.219,-0.126,
74,0.355,-0.222,
75,-0.784,0.353,
76,0.202,-0.187,
77,-0.015,-0.031,
78,0.308,0.508,
79,-0.117,0.105,
80,-0.84,1.313,
81,-0.071,0.01,
82,-0.593,0.275,
83,0.232,0.266,
84,0.388,0.126,
85,-0.246,0.333,
86,0.141,-0.51,
87,0.039,-0.25,
88,-0.264,0.429,
89,-0.204,0.06,
90,-0.543,-0.013,
91,0.09,0.762,
92,-0.285,0.23,
93,0.112,0.56,
94,-0.504,-0.163,
95,-0.702,-0.555,
96,0.315,-0.075,
97,-0.294,-0.346,
98,-0.284,-0.027,
99,0.037,-0.141,
100,0.336,0.153,
101,-0.349,-0.03,
102,-0.469,0.541,
103,0.757,-0.022,
104,-0.119,0.152,
105,-0.542,0.678,
106,-0.062,-0.633,
107,0.354,-0.011,
108,0.194,-0.179,
109,-0.649,-0.762,
110,-0.052,0.027,
111,0.253,-0.803,
112,-0.368,0.544,
113,-0.155,-0.306,
114,0.597,-0.006,
115,-0.475,0.115,
116,0.029,0.575,
117,-0.627,-0.761,
118,-0.023,-0.3,
119,0.309,0.423,
120,-0.604,-0.17,
121,-0.286,-0.876,
122,-0.186,-0.418,
123,-0.959,1.038,
124,-0.294,-0.048,
125,0.084,0.277,
126,-0.262,0.022,
127,-0.03,-0.286,
128,-0.164,0.279,
129,0.508,0.168,
130,0.376,-0.864,
131,0.114,0.364,
132,-0.077,0.551,
133,-0.496,0.116,
134,-1.16,-0.813,
135,-0.02,-0.63,
136,0.068,-0.428,
137,0.168,0.103,
138,1.151,0.149,
139,-0.433,-0.009,
140,-0.394,0.094,
141,-0.366,0.969,
142,0.921,-0.224,
143,0.409,0.546,
144,0.629,-0.641,
145,0.685,-0.285,
146,-0.608,0.443,
147,0.299,-0.086,
148,0.06,-0.189,
149,0.113,-0.367,
150,-0.21,-0.13,
151,0.351,0.486,
152,0.287,-0.191,
153,-0.18,-0.306,
154,-0.303,1.029,
155,0.402,-0.135,
156,-0.725,0.163,
157,0.146,0.435,
158,0.186,-0.46,
159,-0.113,-0.197,
160,-0.112,0.19,
161,0.16,-0.241,
162,-0.215,-0.265,
163,0.399,-0.62,
