1,0.806,1.587,
2,-0.522,-0.951,
3,-2.643,-1.824,
4,0.195,0.468,
5,-1.473,-0.36,
6,-3.359,0.315,
7,-1.752,1.873,
8,-1.651,0.61,
9,-2.984,1.329,
10,-0.414,0.708,
11,-0.184,1.638,
12,1.701,-0.788,
13,0.199,0.134,
14,-1.726,1.204,
15,-3.845,-0.5,
16,1.107,1.08,
17,-0.975,0.365,
18,0.949,1.356,
19,0.036,0.711,
20,-0.486,1.088,
21,1.892,-1.404,
22,-0.083,-0.817,
23,-1.547,-1.134,
24,-1.535,1.072,
25,-1.247,-0.681,
26,-0.333,0.398,
27,-1.822,0.498,
28,0.665,0.61,
29,-0.379,0.437,
30,-0.468,0.784,
31,1.121,0.099,
32,0.371,-0.159,
33,-1.702,0.691,
34,0.74,0.829,
35,-0.225,0.691,
36,-2.333,0.829,
37,-0.297,0.143,
38,0.742,-0.382,
39,0.516,2.001,
40,-0.744,-0.362,
41,-1.564,-1.185,
42,0.593,-1.169,
43,0.159,0.36,
44,0.44,0.94,
45,-0.376,-0.079,
46,0.459,0.607,
47,-0.115,0.646,
48,0.088,-0.448,
49,-1.243,-1.089,
50,1.169,-0.044,
51,-0.912,-0.427,
52,0.091,0.35,
53,-0.365,0.73,
54,-1.064,-1.094,
55,0.686,0.129,
56,0.238,1.822,
57,1.329,1.589,
58,-0.767,0.482,
59,-2.033,1.523,
60,0.785,-0.108,
61,-1.335,2.021,
62,1.533,-1.379,
63,0.785,-1.117,
64,-0.126,-0.092,
65,-0.307,-0.432,
66,0.585,0.065,
67,-1.438,0.416,
68,0.263,0.832,
69,-0.049,1.224,
70,1.079,-0.44,
71,-0.352,0.289,
72,-1.53,1.025,
73,-0.879,-0.679,
74,-1.022,-0.171,
75,-3.137,0.616,
76,0.803,-0.185,
77,0.017,-0.54,
78,1.424,1.323,
79,-0.29,-0.032,
80,-1.56,1.876,
81,0.334,-0.137,
82,-1.629,0.617,
83,0.408,0.253,
84,-0.298,0.329,
85,0.412,1.101,
86,-0.61,-0.547,
87,-0.522,-0.642,
88,-1.19,1.722,
89,0.361,0.121,
90,-1.209,0.168,
91,-0.188,1.214,
92,-0.844,0.508,
93,0.437,1.622,
94,-1.157,-0.249,
95,-1.356,-1.158,
96,0.442,-0.677,
97,-0.173,-0.118,
98,-0.124,0.174,
99,-0.292,-0.621,
100,0.124,1.078,
101,-0.356,0.203,
102,-2.467,0.318,
103,1.248,0.429,
104,-0.12,0.076,
105,-0.622,1.883,
106,0.285,0.323,
107,1.962,0.672,
108,0.12,0.245,
109,-1.356,-1.146,
110,-0.128,0.692,
111,0.417,-1.959,
112,-0.914,1.598,
113,-1.441,-0.629,
114,1.037,-0.128,
115,-0.573,-0.537,
116,0.377,1.446,
117,-1.634,-1.144,
118,-0.218,-0.034,
119,1.026,0.688,
120,-0.769,-0.071,
121,0.054,-1.167,
122,-1.405,-0.791,
123,-1.959,1.32,
124,-1.004,-0.765,
125,-0.112,0.997,
126,-2.232,0.652,
127,0.033,-0.999,
128,-0.112,0.187,
129,0.877,0.304,
130,1.32,-1.589,
131,-0.179,1.351,
132,-0.14,1.186,
133,-0.754,0.991,
134,-2.428,-1.394,
135,-0.409,-2.022,
136,0.401,-1.089,
137,-0.058,0.395,
138,2.151,0.419,
139,-0.956,-0.123,
140,-0.351,-0.697,
141,-0.29,1.102,
142,1.561,-0.278,
143,0.271,1.925,
144,-0.017,-0.088,
145,0.419,-1.046,
146,-1.186,0.767,
147,0.482,-0.383,
148,0.288,-0.396,
149,1.478,-2.087,
150,0.406,-0.209,
151,1.473,0.484,
152,0.481,-0.207,
153,-0.316,-0.18,
154,-0.761,2.445,
155,-0.084,-0.436,
156,-2.203,-1.086,
157,0.004,0.021,
158,0.829,-2.24,
159,0.436,-0.814,
160,-0.099,0.039,
161,0.015,0.444,
162,-0.468,-0.038,
163,-0.358,-2.468,
