1,0.824,1.727,
2,-0.521,-1.238,
3,-2.646,-1.832,
4,0.197,0.405,
5,-1.497,-0.523,
6,-3.543,0.442,
7,-1.673,2.036,
8,-1.546,0.834,
9,-2.621,1.263,
10,-0.493,0.638,
11,0.179,1.63,
12,1.633,-1.013,
13,0.262,0.19,
14,-1.868,1.34,
15,-3.993,-0.43,
16,0.95,1.098,
17,-1.15,0.371,
18,0.848,1.261,
19,0.073,0.831,
20,-0.533,0.986,
21,1.845,-1.483,
22,-0.222,-0.683,
23,-1.483,-0.885,
24,-1.475,0.883,
25,-1.075,-0.954,
26,-0.484,0.384,
27,-1.893,0.352,
28,0.814,0.761,
29,-0.247,0.629,
30,-0.408,0.962,
31,0.979,0.27,
32,0.274,-0.096,
33,-1.558,0.811,
34,0.583,0.877,
35,-0.133,0.822,
36,-2.264,0.81,
37,-0.489,0.149,
38,0.753,-0.327,
39,0.335,2.383,
40,-0.815,-0.264,
41,-1.457,-1.128,
42,0.81,-1.155,
43,0.19,0.314,
44,0.371,1.175,
45,-0.424,0.008,
46,0.375,0.712,
47,-0.213,0.7,
48,0.295,-0.457,
49,-1.582,-1.22,
50,0.957,-0.099,
51,-0.833,-0.119,
52,0.044,0.363,
53,-0.365,0.662,
54,-1.105,-1.039,
55,0.634,0.061,
56,0.125,1.777,
57,1.308,1.506,
58,-0.819,0.546,
59,-2.082,1.469,
60,0.939,-0.159,
61,-1.193,2.142,
62,1.531,-1.377,
63,0.526,-0.921,
64,-0.159,-0.152,
65,-0.306,-0.416,
66,0.56,0.175,
67,-1.54,0.339,
68,-0.027,0.966,
69,-0.168,1.162,
70,0.976,-0.301,
71,-0.303,0.255,
72,-1.5,1.115,
73,-0.927,-0.579,
74,-0.977,-0.106,
75,-3.104,0.803,
76,0.791,-0.2,
77,-0.082,-0.463,
78,1.508,1.343,
79,-0.427,0.026,
80,-1.48,1.718,
81,0.546,-0.065,
82,-1.534,0.605,
83,0.39,0.199,
84,-0.465,0.395,
85,0.394,1.154,
86,-0.841,-0.414,
87,-0.535,-0.665,
88,-1.107,1.916,
89,0.28,0.185,
90,-1.182,0.277,
91,-0.297,1.075,
92,-0.876,0.512,
93,0.633,1.681,
94,-1.162,-0.155,
95,-1.106,-1.012,
96,0.436,-0.817,
97,-0.083,-0.015,
98,-0.3,0.226,
99,-0.43,-0.568,
100,-0.079,1.144,
101,-0.325,0.347,
102,-2.453,0.308,
103,0.855,0.506,
104,-0.187,0.12,
105,-0.623,1.957,
106,0.223,0.474,
107,2.038,0.884,
108,0.143,0.326,
109,-1.292,-0.944,
110,-0.091,0.745,
111,0.277,-1.891,
112,-1.021,1.618,
113,-1.418,-0.44,
114,0.912,-0.051,
115,-0.176,-0.619,
116,0.468,1.463,
117,-1.669,-1.102,
118,-0.231,0.12,
119,0.927,0.732,
120,-0.604,-0.044,
121,0.016,-0.948,
122,-1.479,-0.613,
123,-1.913,1.33,
124,-1.001,-0.828,
125,-0.125,1.144,
126,-2.253,0.741,
127,0.227,-1.041,
128,-0.258,0.344,
129,0.704,0.376,
130,1.43,-1.429,
131,-0.429,1.588,
132,-0.219,1.195,
133,-0.698,1.069,
134,-2.216,-1.3,
135,-0.587,-1.889,
136,0.407,-1.002,
137,-0.112,0.514,
138,2.008,0.557,
139,-1.128,0.207,
140,-0.297,-0.833,
141,-0.365,0.947,
142,1.328,-0.362,
143,0.07,2.114,
144,-0.131,0.065,
145,0.198,-1.047,
146,-1.091,0.765,
147,0.43,-0.215,
148,0.466,-0.112,
149,1.523,-2.235,
150,0.377,-0.228,
151,1.483,0.584,
152,0.405,-0.104,
153,-0.362,-0.087,
154,-0.842,2.522,
155,-0.18,-0.344,
156,-2.222,-1.04,
157,0.154,-0.086,
158,0.843,-2.201,
159,0.371,-0.475,
160,-0.221,0.237,
161,0.092,0.608,
162,-0.504,0.424,
163,-0.595,-2.556,
