1,0.416,0.105,
2,0.483,-0.742,
3,0.223,-0.488,
4,0.589,-0.471,
5,0.722,-0.113,
6,-0.845,-0.241,
7,0.456,0.057,
8,1.04,-0.203,
9,0.205,-1.048,
10,0.234,0.168,
11,0.77,0.167,
12,0.783,-0.829,
13,1.155,-0.353,
14,-0.028,-0.095,
15,-0.048,-0.626,
16,0.639,-0.579,
17,0.597,-0.245,
18,0.521,-0.49,
19,0.348,-0.339,
20,0.578,-0.803,
21,0.425,-0.538,
22,0.412,-0.062,
23,0.322,-0.797,
24,0.166,-0.541,
25,0.03,-0.219,
26,1.032,0.656,
27,0.562,0.159,
28,0.415,-0.336,
29,0.165,-0.273,
30,0.277,0.016,
31,0.372,0.251,
32,0.545,-0.745,
33,0.32,-0.281,
34,-0.325,-0.683,
35,0.647,0.388,
36,0.173,-0.108,
37,0.576,-0.416,
38,0.303,-0.452,
39,0.57,-0.06,
40,0.69,-0.464,
41,0.956,-0.328,
42,0.992,-0.4,
43,0.663,-0.271,
44,0.907,0.014,
45,0.184,-0.226,
46,0.542,-0.133,
47,-0.204,-0.682,
48,1.155,-0.678,
49,0.271,-0.823,
50,0.541,-0.49,
51,0.543,-0.567,
52,0.471,-0.387,
53,0.574,-1.024,
54,0.73,-0.054,
55,0.446,-1.546,
56,0.401,-0.109,
57,0.809,-0.69,
58,0.136,0.07,
59,-0.008,-0.759,
60,0.367,-0.58,
61,0.462,-0.342,
62,1.059,-0.352,
63,0.715,-0.318,
64,-0.154,-0.863,
65,0.642,-0.588,
66,0.741,0.108,
67,-0.149,-0.725,
68,0.621,-0.173,
69,0.503,0.414,
70,0.29,-0.407,
71,0.422,-0.617,
72,0.785,-0.364,
73,-0.16,-0.336,
74,0.647,-0.282,
75,-0.051,-0.634,
76,0.598,0.257,
77,0.529,-0.426,
78,0.278,-0.443,
79,-0.371,-0.288,
80,-0.001,-1.414,
81,0.642,-0.383,
82,0.628,-0.59,
83,0.198,-0.537,
84,0.385,-0.446,
85,0.755,-0.19,
86,0.523,-0.087,
87,0.127,-0.843,
88,0.687,-0.492,
89,0.962,-0.371,
90,0.574,-0.67,
91,0.741,-0.072,
92,0.486,-0.786,
93,0.067,0.021,
94,0.303,0.12,
95,0.477,-0.602,
96,0.369,-0.703,
97,0.764,-0.225,
98,-0.224,-1.211,
99,0.547,-0.482,
100,0.638,-0.624,
101,0.397,0.002,
102,0.453,-0.713,
103,0.597,-0.02,
104,0.567,-0.389,
105,0.373,-0.486,
106,0.546,-0.17,
107,1.225,0.384,
108,0.495,-0.797,
109,0.557,-0.441,
110,0.832,-0.493,
111,0.325,-0.165,
112,-0.376,-0.427,
113,0.322,-0.194,
114,0.228,-0.776,
115,0.19,-1.732,
116,-0.056,-0.944,
117,1.013,-0.286,
118,0.402,-0.326,
119,0.676,-0.287,
120,0.787,-0.142,
121,0.237,-0.573,
122,0.863,0.076,
123,0.156,-1.282,
124,1.046,-1.006,
125,0.008,-0.723,
126,0.79,-0.718,
127,0.686,-0.919,
128,0.298,-0.069,
129,0.863,-0.639,
130,0.656,-0.359,
131,0.935,0.696,
132,0.172,-0.614,
133,0.163,-0.423,
134,0.385,-0.305,
135,0.033,-0.854,
136,0.477,-0.595,
137,0.141,-0.216,
138,0.22,-0.439,
139,-0.109,-0.915,
140,0.567,-0.496,
141,0.345,-0.941,
142,0.251,-0.633,
143,0.337,-0.295,
144,0.192,-0.177,
145,0.507,-1.028,
146,1.097,-0.165,
147,0.436,-0.544,
148,-0.03,-0.442,
149,0.419,-2.031,
150,-0.661,-0.323,
151,1.334,-0.168,
152,0.107,0.119,
153,0.611,-0.741,
154,0.245,-0.834,
155,0.066,-0.387,
156,-0.11,-0.049,
157,0.261,-0.541,
158,1.121,-0.185,
159,0.54,-0.415,
160,0.244,-0.307,
161,1.005,-0.383,
162,0.592,-0.603,
163,1.129,-1.133,
