1,-0.791,-1.667,
2,-0.552,-1.067,
3,0.052,-1.853,
4,-1.198,-0.023,
5,0.322,-0.6,
6,-0.161,-0.295,
7,0.102,-0.789,
8,-0.338,-1.541,
9,1.35,-0.062,
10,-0.536,-0.32,
11,0.09,-1.183,
12,0.619,-0.173,
13,0.154,0.458,
14,-0.723,-0.443,
15,-0.737,-0.51,
16,0.352,-0.465,
17,-1.076,-2.235,
18,0.402,-0.668,
19,0.223,0.041,
20,0.082,-0.007,
21,-0.088,-0.908,
22,0.038,-0.197,
23,-0.374,-1.708,
24,0.869,-1.471,
25,0.136,-1.033,
26,-2.001,-1.344,
27,-1.054,-0.971,
28,1.191,-0.533,
29,0.803,0.494,
30,1.642,-0.223,
31,-0.394,-1.074,
32,0.517,-0.75,
33,-1.626,-1.356,
34,-0.016,-2.236,
35,-0.045,-0.666,
36,0.546,-0.124,
37,0.807,0.139,
38,0.877,-0.825,
39,-0.356,-0.508,
40,0.843,-1.263,
41,0.579,0.761,
42,-0.114,1.105,
43,0.101,1.216,
44,-0.637,-1.201,
45,-0.26,-0.577,
46,-0.971,-0.03,
47,-0.143,0.181,
48,-0.266,-0.636,
49,0.188,-1.228,
50,0.329,-0.345,
51,-0.36,-1.425,
52,-0.84,0.161,
53,-0.891,0.886,
54,-1.235,-0.255,
55,-1.275,-0.694,
56,-0.516,-0.262,
57,0.278,-0.602,
58,-1.427,-0.236,
59,-0.232,-1.271,
60,0.16,-0.626,
61,-1.001,-0.163,
62,-0.26,-0.728,
63,1.307,0.655,
64,-0.694,-0.072,
65,0.712,-0.362,
66,0.945,-0.086,
67,-0.527,0.751,
68,-0.021,-0.632,
69,-0.234,-0.149,
70,1.109,-0.63,
71,0.659,-0.862,
72,-0.024,-1.543,
73,1.281,-0.683,
74,1.221,-0.584,
75,1.506,0.227,
76,-0.608,-1.599,
77,0.21,0.896,
78,0.192,1.008,
79,0.387,0.294,
80,1.102,-0.158,
81,-1.042,-1.037,
82,-0.264,0.711,
83,0.083,-0.148,
84,-0.159,-0.174,
85,0.863,-0.531,
86,0.967,0.247,
87,-0.135,-0.696,
88,0.686,0.512,
89,-2.024,-0.35,
90,-0.828,0.207,
91,-1.051,-0.419,
92,-0.437,-0.221,
93,0.897,1.069,
94,-0.873,1.838,
95,1.302,-0.703,
96,-0.281,-1.033,
97,-0.913,-0.457,
98,-0.634,-2.173,
99,0.139,-0.6,
100,0.067,-1.688,
101,0.018,-0.411,
102,-0.112,-1.378,
103,-0.337,-1.417,
104,-0.12,-0.663,
105,-1.411,-0.102,
106,0.824,-0.286,
107,-0.403,0.165,
108,0.14,-1.17,
109,0.451,-2.028,
110,-1.057,-2.319,
111,0.138,0.341,
112,0.948,-0.94,
113,0.277,-0.687,
114,-0.027,-0.667,
115,-0.118,-1.381,
116,-0.05,-0.979,
117,1.643,-0.42,
118,0.458,-0.461,
119,0.449,-1.018,
120,-0.175,-0.206,
121,0.001,-0.315,
122,0.301,-0.092,
123,-0.076,-1.329,
124,-0.885,-1.259,
125,-0.017,-0.408,
126,0.403,-0.359,
127,0.61,-1.355,
128,-0.253,-0.218,
129,-0.315,-0.337,
130,-0.557,-0.196,
131,0.392,-0.374,
132,0.333,1.064,
133,-0.259,-0.967,
134,-0.201,-0.121,
135,-1.577,-1.148,
136,-0.114,-0.678,
137,1.299,0.109,
138,-0.34,-0.217,
139,-0.964,-0.166,
140,-0.852,-0.973,
141,-0.858,-0.662,
142,0.726,-1.184,
143,-0.338,0.093,
144,-0.406,-1.037,
145,-0.977,-0.251,
146,0.254,0.339,
147,-0.048,-0.492,
148,-1.617,-0.327,
149,-0.447,-0.793,
150,-0.727,-2.794,
151,-0.176,-0.02,
152,-0.954,-0.74,
153,0.294,-0.379,
154,-1.461,0.228,
155,-0.809,-1.129,
156,0.944,0.223,
157,0.293,-0.147,
158,-0.328,-0.185,
159,0.015,0.405,
160,-1.259,-0.32,
161,-0.644,-0.08,
162,0.932,0.618,
163,0.881,-0.461,
