1,2.14,2.285,
2,0.262,-1.333,
3,0.346,0.956,
4,0.363,0.048,
5,0.708,-1.047,
6,-0.278,2.429,
7,0.239,-0.04,
8,3.305,1.321,
9,1.17,0.505,
10,0.066,-0.129,
11,-2.068,0.288,
12,1.754,-2.877,
13,-0.32,0.284,
14,-2.098,1.085,
15,-0.514,0.357,
16,-0.015,2.868,
17,1.19,-0.379,
18,-0.122,0.879,
19,-2.064,-0.09,
20,0.692,0.87,
21,-0.051,-0.855,
22,1.152,1.234,
23,-0.979,-0.717,
24,-0.471,1.508,
25,-1.718,0.216,
26,1.887,1.502,
27,0.178,2.455,
28,0.045,-0.555,
29,-0.448,-0.758,
30,0.234,-0.572,
31,-0.452,-0.664,
32,-0.241,-0.731,
33,1.569,-1.346,
34,-0.564,0.03,
35,0.112,0.394,
36,0.183,0.828,
37,0.701,-0.042,
38,-1.424,0.952,
39,0.734,1.139,
40,1.246,-0.001,
41,2.134,-1.939,
42,0.034,-2.843,
43,1.649,1.129,
44,1.405,-0.556,
45,-0.718,-0.611,
46,-1.707,2.115,
47,-1.547,-0.08,
48,0.144,-0.771,
49,0.793,0.903,
50,1.583,0.227,
51,-0.512,-2.038,
52,0.416,-0.952,
53,0.814,1.014,
54,0.866,1.798,
55,0.218,-0.655,
56,-0.393,0.542,
57,0.389,-2.433,
58,-0.078,1.928,
59,-0.414,-1.09,
60,-2.484,0.992,
61,1.512,0.268,
62,0.656,-0.309,
63,1.564,0.956,
64,-0.45,-0.88,
65,-0.688,-1.742,
66,-1.744,-2.145,
67,-0.883,-0.426,
68,1.037,1.425,
69,-1.075,-0.317,
70,1.277,-2.855,
71,1.284,0.267,
72,-0.855,0.711,
73,-2.991,-0.995,
74,-0.183,-0.729,
75,-0.004,0.063,
76,1.999,0.358,
77,1.76,0.343,
78,0.848,-1.169,
79,-0.967,-1.578,
80,-0.32,-1.358,
81,-0.119,1.638,
82,-0.128,-0.359,
83,-0.871,-2.751,
84,1.972,0.103,
85,-0.101,0.573,
86,0.921,0.971,
87,-1.053,-0.608,
88,-2.722,0.115,
89,2.083,-1.381,
90,0.158,-0.099,
91,2.393,-0.884,
92,0.515,1.052,
93,-1.076,-1.062,
94,1.405,0.153,
95,-0.668,0.461,
96,-1.077,0.595,
97,0.597,-1.752,
98,-1.538,0.791,
99,-0.193,-0.871,
100,0.838,1.202,
101,-1.236,0.083,
102,-3.185,0.377,
103,1.852,-1.288,
104,0.267,0.979,
105,-0.052,0.365,
106,-0.153,-0.316,
107,0.176,-0.908,
108,2.541,-0.147,
109,0.477,-0.971,
110,-1.389,1.084,
111,-1.256,2.228,
112,-1.188,0.02,
113,-0.525,1.379,
114,-0.816,-0.104,
115,-2.945,0.406,
116,-0.819,-0.858,
117,-1.36,0.067,
118,-0.138,1.55,
119,0.543,-0.159,
120,2.573,0.386,
121,0.845,0.231,
122,0.921,0.715,
123,-0.54,0.185,
124,1.227,-0.795,
125,-0.78,1.326,
126,2.204,0.431,
127,0.069,-0.313,
128,1.813,-0.273,
129,0.891,-0.286,
130,1.249,1.157,
131,0.65,0.097,
132,0.513,-0.885,
133,-0.249,0.539,
134,-0.067,0.546,
135,-2.201,-1.315,
136,-1.104,-0.683,
137,-0.366,1.44,
138,0.802,-1.219,
139,-1.348,1.553,
140,-0.257,-0.718,
141,-1.308,0.315,
142,-0.315,-1.643,
143,0.089,-0.821,
144,1.729,0.993,
145,0.269,-0.859,
146,0.396,-1.125,
147,-0.015,-0.697,
148,-1.299,-0.312,
149,0.245,-0.287,
150,-1.888,-1.815,
151,-0.146,-1.013,
152,0.263,0.75,
153,0.35,-2.264,
154,-0.171,-0.373,
155,-0.148,-0.142,
156,-1.094,-1.253,
157,-0.348,-1.842,
158,1.746,0.3,
159,0.647,1.006,
160,-0.008,-0.467,
161,1.283,-1.119,
162,-0.849,-2.026,
163,0.539,-0.324,
