1,1.614,2,
2,-0.003,-1.056,
3,0.173,0.938,
4,0.278,0.136,
5,0.175,-0.68,
6,-0.019,2.712,
7,0.68,0.326,
8,2.245,1.321,
9,0.677,0.852,
10,0.075,-0.113,
11,-1.84,0.103,
12,1.648,-2.131,
13,-0.465,0.014,
14,-1.506,1.135,
15,-0.44,0.853,
16,-0.228,2.345,
17,0.335,-0.133,
18,-0.502,0.941,
19,-1.804,0.05,
20,-0.183,1.8,
21,0.16,-0.486,
22,1.011,0.798,
23,-0.838,-0.58,
24,-0.443,1.33,
25,-0.737,0.153,
26,1.172,0.714,
27,0.157,1.262,
28,0.063,-0.241,
29,-0.309,-0.166,
30,0.34,-0.29,
31,-0.255,-0.485,
32,-0.138,-0.423,
33,1.348,-1.29,
34,-0.082,0.066,
35,0.078,0.162,
36,0.189,0.656,
37,0.362,0.125,
38,-1.161,0.638,
39,0.827,0.916,
40,0.582,-0.145,
41,1.276,-1.292,
42,-0.028,-2.513,
43,1.232,0.82,
44,0.941,-0.42,
45,-0.698,-0.276,
46,-1.09,1.688,
47,-1.122,-0.325,
48,0.003,-0.344,
49,0.613,1.29,
50,1.158,-0.26,
51,-0.863,-1.72,
52,0.386,-0.814,
53,0.794,1.188,
54,0.39,1.14,
55,-0.127,0.052,
56,-0.448,0.716,
57,0.061,-1.806,
58,-0.032,1.7,
59,-0.238,-0.728,
60,-2.246,1.093,
61,1.232,0.594,
62,0.472,-0.05,
63,0.848,0.981,
64,-0.104,-0.549,
65,-0.762,-1.235,
66,-1.969,-1.784,
67,-0.675,-0.356,
68,1.141,1.275,
69,-0.475,-0.191,
70,0.931,-2.469,
71,0.905,0.136,
72,-0.803,0.398,
73,-2.063,-0.362,
74,0.036,-0.346,
75,0.352,0.223,
76,1.948,0.369,
77,0.785,0.237,
78,0.641,-0.414,
79,-0.816,-1.46,
80,-0.07,-0.103,
81,-0.464,1.577,
82,-0.385,-0.048,
83,0.094,-1.652,
84,1.465,0.339,
85,-0.647,0.417,
86,0.36,0.842,
87,-0.414,-0.312,
88,-1.878,0.117,
89,1.046,-0.821,
90,-0.319,0.228,
91,1.672,-0.138,
92,0.29,1.289,
93,-0.916,-0.64,
94,0.784,-0.14,
95,-0.549,0.53,
96,-0.539,0.775,
97,0.652,-1.334,
98,-1.039,1.036,
99,-0.318,-0.654,
100,0.196,0.705,
101,-0.885,-0.087,
102,-2.995,0.423,
103,1.065,-1.066,
104,-0.133,0.96,
105,0.075,0.353,
106,-0.504,-0.691,
107,-0.58,-0.586,
108,2.186,-0.063,
109,0.102,-1.022,
110,-0.536,0.914,
111,-1.024,1.853,
112,-0.749,0.032,
113,-0.418,1.037,
114,-0.502,0.092,
115,-2.083,0.464,
116,-0.357,-0.309,
117,-1.522,0.03,
118,-0.235,1.225,
119,0.173,-0.104,
120,1.872,0.146,
121,0.638,0.133,
122,0.678,0.387,
123,-0.119,0.568,
124,0.618,-0.163,
125,-0.323,1.179,
126,1.712,0.605,
127,0.028,-0.204,
128,1.454,-0.025,
129,0.6,0.033,
130,1.032,1.173,
131,0.476,-0.312,
132,0.138,-0.588,
133,-0.292,0.546,
134,0.058,0.432,
135,-1.56,-1.013,
136,-0.826,-0.467,
137,-0.287,1.29,
138,0.68,-0.961,
139,-1.057,1.667,
140,-0.551,-0.438,
141,-1.287,0.492,
142,-0.189,-1.241,
143,0.421,-0.502,
144,1.651,0.775,
145,0.245,-0.265,
146,0.274,-0.89,
147,-0.083,-0.237,
148,-1.097,-0.326,
149,0.486,-0.316,
150,-1.252,-1.924,
151,-0.6,-0.283,
152,0.314,0.544,
153,0.287,-2.02,
154,-0.222,-0.069,
155,0.082,-0.137,
156,-0.962,-1.036,
157,-0.623,-1.419,
158,1.228,-0.232,
159,0.221,1.07,
160,-0.199,-0.003,
161,1.229,-0.907,
162,-0.867,-1.14,
163,-0.023,-0.525,
