1,2.063,2.49,
2,0.2,-1.073,
3,0.202,1.235,
4,0.269,0.25,
5,0.405,-0.972,
6,0.04,2.929,
7,0.749,0.255,
8,3.004,1.712,
9,1.029,0.819,
10,-0.225,-0.148,
11,-2.31,0.279,
12,1.615,-2.75,
13,-0.486,0.297,
14,-1.772,1.499,
15,-0.699,0.743,
16,0.052,3.097,
17,0.871,-0.248,
18,-0.422,1.359,
19,-2.327,0.358,
20,-0.017,1.622,
21,0.121,-0.709,
22,0.992,1.228,
23,-1.145,-0.557,
24,-0.649,2.041,
25,-1.564,0.508,
26,1.328,1.373,
27,0.183,2.187,
28,-0.001,-0.517,
29,-0.469,-0.503,
30,0.079,-0.697,
31,-0.224,-0.721,
32,-0.306,-0.605,
33,1.651,-1.337,
34,-0.18,0.124,
35,-0.016,0.252,
36,0.111,0.945,
37,0.567,0.125,
38,-1.419,0.881,
39,0.762,1.024,
40,1.003,-0.019,
41,1.752,-1.897,
42,-0.062,-3.081,
43,1.681,1.21,
44,1.264,-0.747,
45,-0.793,-0.631,
46,-2.044,2.423,
47,-1.684,-0.437,
48,-0.131,-0.551,
49,1.115,1.452,
50,1.397,0.068,
51,-0.706,-1.987,
52,0.399,-1.253,
53,0.819,1.318,
54,0.58,1.94,
55,-0.082,-0.053,
56,-0.717,0.562,
57,0.215,-2.468,
58,0.016,2.328,
59,-0.747,-0.763,
60,-2.839,1.516,
61,1.324,0.621,
62,0.538,-0.052,
63,1.382,1.315,
64,-0.123,-0.703,
65,-1.078,-1.819,
66,-2.21,-2.162,
67,-0.836,-0.17,
68,1.009,1.636,
69,-1.102,-0.414,
70,1.535,-3.179,
71,0.939,0.453,
72,-1.12,0.657,
73,-3.038,-0.803,
74,-0.314,-0.637,
75,0.237,0.248,
76,2.355,0.433,
77,1.519,0.447,
78,0.867,-0.927,
79,-1.04,-1.942,
80,-0.21,-0.675,
81,-0.399,1.882,
82,-0.375,-0.02,
83,-0.406,-2.496,
84,1.883,0.476,
85,-0.204,0.714,
86,0.538,1.43,
87,-0.731,-0.392,
88,-2.641,0.246,
89,1.561,-1.274,
90,-0.13,0.134,
91,2.475,-0.551,
92,0.389,1.533,
93,-1.3,-1.11,
94,0.881,0.188,
95,-0.718,0.638,
96,-0.895,0.764,
97,0.676,-1.913,
98,-1.252,1.46,
99,-0.416,-0.896,
100,0.23,1.256,
101,-1.446,-0.013,
102,-3.464,0.455,
103,1.75,-1.231,
104,0.042,1.27,
105,-0.05,0.529,
106,-0.428,-0.389,
107,-0.496,-0.818,
108,2.563,0.144,
109,0.452,-0.882,
110,-0.992,1.334,
111,-1.436,2.598,
112,-1.116,0.026,
113,-0.621,1.471,
114,-0.985,0.13,
115,-2.962,0.489,
116,-0.572,-0.57,
117,-1.926,-0.025,
118,-0.292,1.753,
119,0.314,-0.195,
120,2.706,0.219,
121,0.894,0.423,
122,0.844,0.662,
123,-0.682,0.609,
124,0.901,-0.388,
125,-0.558,1.744,
126,1.94,0.569,
127,0.017,-0.117,
128,1.978,-0.148,
129,0.71,0.027,
130,1.287,1.335,
131,0.665,-0.295,
132,0.454,-0.748,
133,-0.355,0.806,
134,-0.064,0.68,
135,-2.113,-1.071,
136,-1.396,-0.708,
137,-0.565,1.444,
138,0.883,-1.249,
139,-1.251,1.814,
140,-0.529,-0.716,
141,-1.299,0.412,
142,-0.433,-1.74,
143,0.303,-0.752,
144,1.991,0.947,
145,0.191,-0.518,
146,0.382,-1.291,
147,-0.196,-0.539,
148,-1.579,-0.443,
149,0.387,-0.139,
150,-1.739,-2.253,
151,-0.625,-0.813,
152,0.396,0.792,
153,0.286,-2.515,
154,-0.239,-0.05,
155,-0.1,-0.182,
156,-1.3,-1.417,
157,-0.728,-1.732,
158,1.456,-0.176,
159,0.539,1.044,
160,-0.111,-0.351,
161,1.143,-1.191,
162,-0.983,-1.937,
163,0.211,-0.524,
