1,1.603,2.046,
2,0.047,-0.991,
3,0.171,1.042,
4,0.255,0.204,
5,0.196,-0.698,
6,0.034,2.751,
7,0.675,0.289,
8,2.289,1.333,
9,0.715,0.888,
10,0.004,-0.117,
11,-1.92,0.177,
12,1.644,-2.206,
13,-0.466,0.027,
14,-1.48,1.189,
15,-0.444,0.809,
16,-0.141,2.484,
17,0.415,-0.136,
18,-0.53,1.003,
19,-1.923,0.151,
20,-0.209,1.791,
21,0.15,-0.554,
22,1.006,0.932,
23,-0.901,-0.57,
24,-0.506,1.51,
25,-0.873,0.27,
26,1.152,0.792,
27,0.165,1.411,
28,0.077,-0.278,
29,-0.355,-0.199,
30,0.263,-0.378,
31,-0.241,-0.532,
32,-0.172,-0.445,
33,1.423,-1.417,
34,-0.054,0.094,
35,0.054,0.166,
36,0.143,0.741,
37,0.433,0.148,
38,-1.166,0.701,
39,0.81,0.931,
40,0.641,-0.137,
41,1.354,-1.389,
42,-0.062,-2.629,
43,1.305,0.901,
44,0.972,-0.49,
45,-0.698,-0.333,
46,-1.243,1.788,
47,-1.262,-0.324,
48,-0.076,-0.363,
49,0.764,1.365,
50,1.203,-0.196,
51,-0.83,-1.736,
52,0.398,-0.907,
53,0.791,1.234,
54,0.396,1.273,
55,-0.146,0.07,
56,-0.508,0.681,
57,0.067,-1.915,
58,-0.018,1.851,
59,-0.353,-0.709,
60,-2.372,1.213,
61,1.179,0.646,
62,0.407,-0.021,
63,0.985,1.071,
64,-0.107,-0.576,
65,-0.86,-1.339,
66,-2.063,-1.84,
67,-0.716,-0.311,
68,1.107,1.392,
69,-0.564,-0.224,
70,1.058,-2.631,
71,0.845,0.2,
72,-0.902,0.43,
73,-2.226,-0.409,
74,-0.052,-0.385,
75,0.439,0.226,
76,1.921,0.394,
77,0.898,0.282,
78,0.655,-0.477,
79,-0.859,-1.582,
80,-0.09,-0.14,
81,-0.469,1.66,
82,-0.404,-0.005,
83,0.033,-1.79,
84,1.526,0.413,
85,-0.586,0.488,
86,0.367,0.989,
87,-0.431,-0.301,
88,-1.847,0.141,
89,1.012,-0.881,
90,-0.319,0.255,
91,1.853,-0.212,
92,0.286,1.358,
93,-0.997,-0.717,
94,0.752,-0.073,
95,-0.562,0.54,
96,-0.563,0.755,
97,0.647,-1.443,
98,-1.09,1.172,
99,-0.351,-0.706,
100,0.161,0.786,
101,-0.966,-0.082,
102,-3.072,0.416,
103,1.231,-1.133,
104,-0.108,1.039,
105,0.04,0.421,
106,-0.497,-0.628,
107,-0.605,-0.616,
108,2.266,-0.005,
109,0.158,-0.992,
110,-0.604,1.023,
111,-1.086,1.995,
112,-0.801,0.018,
113,-0.436,1.141,
114,-0.597,0.092,
115,-2.273,0.435,
116,-0.354,-0.341,
117,-1.62,-0.003,
118,-0.271,1.313,
119,0.182,-0.128,
120,2.031,0.139,
121,0.706,0.195,
122,0.696,0.422,
123,-0.216,0.627,
124,0.648,-0.162,
125,-0.322,1.331,
126,1.656,0.591,
127,0.002,-0.169,
128,1.596,-0.082,
129,0.608,0.061,
130,1.132,1.248,
131,0.513,-0.316,
132,0.201,-0.591,
133,-0.314,0.614,
134,0.027,0.477,
135,-1.644,-0.987,
136,-0.972,-0.535,
137,-0.362,1.337,
138,0.696,-1.026,
139,-1.039,1.668,
140,-0.561,-0.494,
141,-1.343,0.506,
142,-0.235,-1.359,
143,0.419,-0.509,
144,1.732,0.785,
145,0.248,-0.332,
146,0.298,-1.006,
147,-0.112,-0.298,
148,-1.21,-0.362,
149,0.453,-0.261,
150,-1.351,-1.936,
151,-0.636,-0.373,
152,0.342,0.592,
153,0.248,-2.156,
154,-0.214,-0.026,
155,0.051,-0.148,
156,-0.982,-1.029,
157,-0.613,-1.382,
158,1.23,-0.202,
159,0.285,1.021,
160,-0.182,-0.088,
161,1.206,-0.988,
162,-0.905,-1.315,
163,0.036,-0.482,
