1,1.331,1.343,
2,0.229,-1.367,
3,0.438,-0.099,
4,0.543,-0.46,
5,0.995,-0.696,
6,-1.155,1.425,
7,-0.023,0.12,
8,2.428,0.438,
9,0.608,-0.405,
10,0.424,-0.058,
11,-0.438,0.278,
12,1.244,-1.865,
13,0.51,-0.042,
14,-1.197,0.85,
15,-0.417,0.061,
16,0.346,0.774,
17,1.034,-0.419,
18,0.288,-0.094,
19,-0.936,-0.319,
20,1.25,-0.511,
21,-0.013,-0.704,
22,1.114,0.929,
23,-0.467,-0.953,
24,-0.022,0.128,
25,-0.654,-0.928,
26,1.755,1.034,
27,0.275,1.608,
28,0.344,-0.231,
29,-0.206,-0.612,
30,0.269,-0.059,
31,-0.27,-0.031,
32,0.114,-0.784,
33,0.689,-0.709,
34,-0.964,-0.157,
35,0.552,0.481,
36,0.362,0.225,
37,0.503,-0.365,
38,-0.643,0.862,
39,0.577,0.568,
40,1.059,-0.151,
41,1.735,-1.309,
42,0.693,-1.548,
43,1.016,0.363,
44,1.434,-0.191,
45,-0.602,-0.347,
46,-0.34,0.859,
47,-0.727,0.695,
48,0.868,-0.861,
49,0.314,-0.232,
50,1.125,-0.206,
51,-0.055,-1.538,
52,0.435,-0.265,
53,0.54,-0.317,
54,0.647,0.803,
55,0.514,-1.365,
56,0.236,0.325,
57,0.698,-1.636,
58,-0.016,0.66,
59,-0.179,-1.19,
60,-0.773,-0.121,
61,1.21,-0.119,
62,1.334,-0.562,
63,0.988,0.089,
64,-0.329,-0.803,
65,0.137,-1.094,
66,-0.228,-0.751,
67,-0.58,-0.643,
68,1.022,0.701,
69,-0.163,0.106,
70,0.563,-1.331,
71,1.029,-0.297,
72,0.125,0.376,
73,-1.651,-0.705,
74,0.333,-0.538,
75,-0.774,-0.281,
76,1.239,0.695,
77,1.233,-0.026,
78,0.509,-0.934,
79,-0.519,-0.585,
80,-0.271,-1.754,
81,0.456,0.499,
82,0.252,-0.715,
83,-0.483,-2.194,
84,0.89,-0.172,
85,0.286,0.149,
86,0.986,-0.147,
87,-0.923,-0.827,
88,-1.907,-0.217,
89,2.253,-0.854,
90,0.337,-0.547,
91,1.459,-0.73,
92,0.535,-0.187,
93,-0.28,-0.356,
94,1.408,0.287,
95,0.123,-0.063,
96,-0.319,-0.286,
97,0.725,-0.87,
98,-1.236,-0.653,
99,0.269,-0.581,
100,1.054,0.143,
101,-0.136,0.127,
102,-1.618,-0.001,
103,1.038,-0.619,
104,0.456,0.176,
105,0.352,-0.177,
106,0.22,-0.204,
107,1.109,-0.437,
108,1.382,-0.825,
109,0.505,-0.746,
110,-0.253,-0.187,
111,-0.229,1.064,
112,-0.93,-0.117,
113,-0.161,0.462,
114,-0.19,-0.422,
115,-1.428,-0.423,
116,-0.772,-0.987,
117,0.424,-0.264,
118,0.172,0.84,
119,0.707,-0.163,
120,1.589,0.414,
121,0.311,-0.64,
122,0.998,0.34,
123,0.187,-0.688,
124,1.307,-1.173,
125,-0.618,-0.163,
126,1.569,-0.069,
127,0.587,-0.775,
128,0.716,-0.073,
129,0.92,-0.601,
130,0.893,0.058,
131,0.798,0.367,
132,0.307,-0.93,
133,0.006,-0.116,
134,0.306,0.033,
135,-1.325,-1.388,
136,-0.219,-0.571,
137,0.065,0.52,
138,0.522,-0.822,
139,-0.901,0.45,
140,0.24,-0.512,
141,-0.353,-0.299,
142,0.288,-1.009,
143,0.133,-0.692,
144,0.678,0.496,
145,0.304,-1.193,
146,0.405,-0.616,
147,0.289,-0.593,
148,-0.29,-0.3,
149,0.345,-1.532,
150,-1.139,-0.635,
151,0.797,-0.689,
152,0.029,0.418,
153,0.475,-1.469,
154,-0.003,-0.819,
155,-0.068,-0.155,
156,-0.675,-0.809,
157,0.096,-1.407,
158,2.019,0.249,
159,0.564,0.611,
160,0.12,-0.268,
161,1.469,-0.688,
162,-0.108,-1.118,
163,0.379,-0.948,
