1,-0.606,-1.43,
2,-0.375,-1.138,
3,-0.105,-1.822,
4,-1.182,-0.14,
5,0.302,-0.475,
6,-0.455,-0.197,
7,0.12,-0.579,
8,-0.256,-1.55,
9,0.87,-0.306,
10,-0.75,-0.261,
11,0.176,-1.107,
12,0.593,-0.295,
13,0.122,0.397,
14,-0.851,-0.486,
15,-0.838,-0.475,
16,0.158,-0.53,
17,-1.249,-2.281,
18,0.311,-0.856,
19,0.306,-0.137,
20,0.097,-0.156,
21,-0.12,-1.103,
22,-0.025,-0.32,
23,-0.534,-1.616,
24,1.021,-1.522,
25,-0.05,-0.93,
26,-1.67,-1.076,
27,-0.758,-0.985,
28,1.071,-0.579,
29,0.781,0.244,
30,1.701,-0.265,
31,-0.348,-1.021,
32,0.495,-0.84,
33,-1.586,-1.475,
34,-0.202,-2.167,
35,-0.014,-0.733,
36,0.327,-0.189,
37,0.624,-0.047,
38,0.747,-0.875,
39,-0.512,-0.601,
40,0.652,-1.479,
41,0.5,0.522,
42,-0.175,0.941,
43,-0.013,1.073,
44,-0.692,-1.114,
45,-0.217,-0.766,
46,-0.916,-0.142,
47,-0.271,-0.137,
48,-0.133,-0.52,
49,0.161,-1.185,
50,0.064,-0.587,
51,-0.284,-1.338,
52,-0.725,-0.113,
53,-0.784,0.593,
54,-1.09,-0.246,
55,-1.282,-0.899,
56,-0.41,-0.36,
57,0.193,-0.731,
58,-1.196,-0.342,
59,-0.305,-1.341,
60,0.077,-0.751,
61,-0.949,-0.215,
62,-0.02,-0.705,
63,1.082,0.326,
64,-0.815,-0.373,
65,0.705,-0.551,
66,0.794,-0.15,
67,-0.962,0.579,
68,-0.114,-0.702,
69,-0.296,-0.161,
70,0.861,-0.595,
71,0.419,-0.931,
72,-0.058,-1.428,
73,0.944,-0.804,
74,0.924,-0.659,
75,1.286,-0.025,
76,-0.711,-1.406,
77,0.175,0.415,
78,0.019,1.003,
79,0.056,0.038,
80,1.121,-0.521,
81,-0.924,-1.052,
82,-0.303,0.552,
83,0.032,-0.254,
84,-0.25,-0.34,
85,0.748,-0.667,
86,0.721,0.328,
87,-0.201,-0.796,
88,0.588,0.381,
89,-1.428,-0.558,
90,-0.686,-0.072,
91,-1.152,-0.428,
92,-0.496,-0.359,
93,0.61,0.793,
94,-0.772,1.54,
95,1.06,-0.774,
96,-0.337,-1.039,
97,-0.835,-0.54,
98,-0.792,-2.067,
99,-0.083,-0.723,
100,-0.116,-1.64,
101,-0.006,-0.384,
102,-0.353,-1.33,
103,-0.37,-1.308,
104,-0.409,-0.576,
105,-1.364,-0.447,
106,0.704,-0.211,
107,-0.358,0.217,
108,-0.108,-1.155,
109,0.327,-1.939,
110,-0.806,-1.958,
111,0.04,0.369,
112,0.452,-1.177,
113,0.199,-0.783,
114,-0.063,-0.84,
115,-0.28,-1.716,
116,0.046,-1.139,
117,1.381,-0.548,
118,0.425,-0.587,
119,0.439,-1.107,
120,-0.152,-0.362,
121,-0.026,-0.472,
122,0.276,-0.179,
123,-0.179,-1.438,
124,-0.721,-1.263,
125,-0.17,-0.644,
126,0.367,-0.369,
127,0.461,-1.542,
128,-0.124,-0.443,
129,-0.395,-0.46,
130,-0.535,-0.279,
131,0.152,-0.28,
132,0.293,0.959,
133,-0.426,-0.807,
134,-0.142,-0.4,
135,-1.545,-1.239,
136,-0.221,-0.745,
137,1.033,-0.053,
138,-0.389,-0.337,
139,-0.992,-0.53,
140,-0.682,-1.09,
141,-0.965,-0.907,
142,0.521,-1.317,
143,-0.388,0.095,
144,-0.601,-1.027,
145,-0.944,-0.616,
146,0.336,0.355,
147,-0.075,-0.676,
148,-1.431,-0.328,
149,-0.406,-1.152,
150,-1.177,-2.874,
151,-0.035,-0.106,
152,-1.295,-0.678,
153,0.254,-0.55,
154,-1.32,0.012,
155,-0.855,-1.189,
156,0.754,-0.012,
157,-0.122,-0.545,
158,-0.219,-0.487,
159,-0.099,0.073,
160,-1.231,-0.419,
161,-0.636,-0.207,
162,0.654,0.39,
163,0.84,-0.743,
