1,-0.757,-1.444,
2,-0.578,-0.817,
3,0.21,-1.731,
4,-1.213,0.228,
5,0.283,-0.543,
6,-0.118,-0.004,
7,0.329,-0.628,
8,-0.34,-1.413,
9,1.787,0.163,
10,-0.289,-0.299,
11,0.022,-1.212,
12,0.659,0.015,
13,0.123,0.514,
14,-0.692,-0.278,
15,-0.885,-0.164,
16,0.59,-0.278,
17,-0.918,-2.19,
18,0.511,-0.447,
19,0.081,0.234,
20,0.071,0.079,
21,-0.072,-0.794,
22,0.094,-0.079,
23,-0.23,-1.74,
24,0.742,-1.408,
25,0.146,-0.973,
26,-2.224,-1.47,
27,-1.305,-0.963,
28,1.319,-0.481,
29,0.843,0.726,
30,1.567,-0.172,
31,-0.452,-1.148,
32,0.509,-0.696,
33,-1.622,-1.25,
34,0.124,-2.325,
35,-0.118,-0.596,
36,0.623,-0.001,
37,1.09,0.341,
38,1.033,-0.745,
39,-0.244,-0.444,
40,1.061,-1.13,
41,0.637,0.991,
42,-0.11,1.266,
43,0.21,1.445,
44,-0.57,-1.288,
45,-0.318,-0.516,
46,-0.989,0.047,
47,-0.036,0.523,
48,-0.499,-0.654,
49,0.388,-1.176,
50,0.63,-0.083,
51,-0.427,-1.501,
52,-0.945,0.412,
53,-0.959,1.19,
54,-1.349,-0.191,
55,-1.225,-0.446,
56,-0.618,-0.184,
57,0.338,-0.461,
58,-1.654,-0.157,
59,-0.166,-1.241,
60,0.167,-0.52,
61,-1.202,-0.067,
62,-0.018,-0.667,
63,1.543,0.988,
64,-0.557,0.264,
65,0.71,-0.168,
66,1.101,0.034,
67,-0.168,0.879,
68,0.048,-0.605,
69,-0.164,-0.152,
70,1.316,-0.666,
71,0.875,-0.81,
72,0.027,-1.651,
73,1.601,-0.567,
74,1.448,-0.533,
75,1.269,0.473,
76,-0.37,-1.759,
77,0.292,1.308,
78,0.331,1.04,
79,0.707,0.524,
80,1.058,0.167,
81,-1.057,-0.992,
82,-0.218,0.851,
83,0.131,-0.035,
84,-0.117,-0.036,
85,0.965,-0.418,
86,1.202,0.153,
87,-0.098,-0.588,
88,0.572,0.586,
89,-2.015,-0.246,
90,-0.851,0.397,
91,-0.925,-0.312,
92,-0.389,-0.149,
93,1.153,1.284,
94,-0.886,2.064,
95,1.537,-0.594,
96,-0.278,-1.074,
97,-0.943,-0.36,
98,-0.507,-2.234,
99,0.368,-0.501,
100,0.197,-1.687,
101,-0.005,-0.423,
102,-0.328,-1.364,
103,-0.195,-1.478,
104,0.19,-0.753,
105,-1.461,0.155,
106,0.943,-0.367,
107,-0.431,0.102,
108,0.409,-1.145,
109,0.539,-2.121,
110,-1.273,-2.65,
111,0.224,0.314,
112,1.36,-0.768,
113,0.356,-0.597,
114,-0.031,-0.551,
115,-0.154,-1.138,
116,-0.013,-0.905,
117,1.915,-0.265,
118,0.454,-0.318,
119,0.496,-0.888,
120,-0.185,-0.093,
121,0.062,-0.203,
122,0.312,-0.025,
123,0.034,-1.23,
124,-1.077,-1.228,
125,0.146,-0.184,
126,0.407,-0.362,
127,0.623,-1.228,
128,-0.294,-0.104,
129,-0.224,-0.259,
130,-0.55,-0.151,
131,0.57,-0.464,
132,0.382,1.104,
133,-0.112,-1.082,
134,-0.25,0.114,
135,-1.576,-1.029,
136,-0.044,-0.652,
137,1.405,0.12,
138,-0.374,-0.181,
139,-0.823,0.014,
140,-0.959,-0.9,
141,-0.738,-0.588,
142,0.887,-1.065,
143,-0.286,0.104,
144,-0.209,-1.048,
145,-1.006,0.049,
146,0.099,0.321,
147,-0.058,-0.372,
148,-1.84,-0.361,
149,-0.249,-0.803,
150,-0.329,-2.772,
151,-0.255,0.038,
152,-0.598,-0.862,
153,0.346,-0.248,
154,-1.614,0.377,
155,-0.776,-1.103,
156,1.041,0.303,
157,0.349,-0.223,
158,-0.211,-0.358,
159,0.157,0.532,
160,-1.224,-0.369,
161,-0.659,-0.082,
162,1.119,0.677,
163,0.745,-0.595,
