1,2.11,2.066,
2,0.141,-1.714,
3,0.391,0.415,
4,0.486,-0.285,
5,0.871,-1.192,
6,-0.788,2.269,
7,0.068,0.132,
8,3.143,1.059,
9,1.009,0.254,
10,0.358,-0.136,
11,-1.502,0.254,
12,1.63,-2.455,
13,-0.129,0.183,
14,-1.978,0.972,
15,-0.487,0.477,
16,-0.213,1.949,
17,0.953,-0.436,
18,0.009,0.482,
19,-1.565,-0.355,
20,1.026,0.444,
21,-0.122,-0.746,
22,1.289,0.976,
23,-0.838,-0.819,
24,-0.172,0.803,
25,-1.099,-0.459,
26,1.828,1.097,
27,0.199,1.925,
28,0.224,-0.348,
29,-0.293,-0.691,
30,0.318,-0.159,
31,-0.502,-0.356,
32,-0.1,-0.724,
33,1.248,-1.066,
34,-0.848,0.026,
35,0.335,0.393,
36,0.371,0.44,
37,0.449,-0.193,
38,-1.118,0.942,
39,0.663,0.907,
40,1.067,-0.044,
41,1.952,-1.687,
42,0.363,-2.311,
43,1.38,0.818,
44,1.416,-0.35,
45,-0.72,-0.37,
46,-1.064,1.605,
47,-1.155,0.29,
48,0.569,-0.768,
49,0.234,0.484,
50,1.369,-0.094,
51,-0.444,-1.914,
52,0.445,-0.534,
53,0.806,0.63,
54,0.737,1.312,
55,0.301,-0.853,
56,-0.074,0.537,
57,0.447,-2.139,
58,-0.077,1.353,
59,-0.179,-1.274,
60,-1.803,0.492,
61,1.807,0.063,
62,1.15,-0.524,
63,1.104,0.567,
64,-0.326,-0.786,
65,-0.299,-1.423,
66,-1.205,-1.641,
67,-0.731,-0.576,
68,1.217,1.211,
69,-0.709,-0.099,
70,0.873,-2.192,
71,1.434,0.001,
72,-0.382,0.549,
73,-2.523,-0.817,
74,0.145,-0.613,
75,-0.497,0.032,
76,1.821,0.366,
77,1.384,0.147,
78,0.709,-1.005,
79,-0.785,-1.1,
80,-0.262,-1.4,
81,0.13,1.26,
82,-0.014,-0.54,
83,-0.721,-2.495,
84,1.589,-0.028,
85,-0.102,0.325,
86,1.049,0.414,
87,-1.039,-0.703,
88,-2.756,-0.047,
89,2.391,-1.114,
90,0.251,-0.277,
91,1.853,-0.769,
92,0.531,0.57,
93,-0.734,-0.768,
94,1.46,0.087,
95,-0.344,0.363,
96,-0.821,0.376,
97,0.679,-1.327,
98,-1.462,0.156,
99,-0.026,-0.691,
100,0.853,0.755,
101,-0.736,0.085,
102,-2.83,0.325,
103,1.192,-1.033,
104,0.227,0.634,
105,0.146,0.07,
106,-0.068,-0.35,
107,0.482,-0.781,
108,2.179,-0.5,
109,0.398,-1.013,
110,-0.979,0.654,
111,-0.883,1.847,
112,-1.05,0.007,
113,-0.397,0.932,
114,-0.454,-0.184,
115,-2.235,0.361,
116,-0.852,-0.809,
117,-0.668,-0.067,
118,0.034,1.226,
119,0.541,-0.161,
120,2.077,0.469,
121,0.61,-0.071,
122,0.91,0.5,
123,-0.044,-0.14,
124,1.237,-0.934,
125,-0.767,0.611,
126,2.058,0.409,
127,0.404,-0.557,
128,1.227,-0.084,
129,0.807,-0.394,
130,1.056,0.658,
131,0.634,0.13,
132,0.292,-0.975,
133,-0.14,0.26,
134,0.169,0.335,
135,-1.971,-1.499,
136,-0.69,-0.565,
137,-0.117,1.07,
138,0.717,-1.046,
139,-1.421,1.48,
140,-0.136,-0.534,
141,-0.932,0.106,
142,0.002,-1.389,
143,0.141,-0.765,
144,1.334,0.937,
145,0.192,-0.894,
146,0.375,-0.775,
147,0.148,-0.529,
148,-0.696,-0.017,
149,0.422,-0.873,
150,-1.692,-1.512,
151,0.162,-0.734,
152,0.152,0.599,
153,0.405,-1.977,
154,-0.154,-0.583,
155,-0.058,-0.108,
156,-0.926,-1.257,
157,-0.219,-1.988,
158,2.006,0.194,
159,0.456,1.186,
160,-0.012,-0.181,
161,1.512,-0.825,
162,-0.611,-1.329,
163,0.237,-0.595,
