1,0.394,-0.15,
2,0.419,-0.764,
3,0.224,-0.418,
4,0.58,-0.403,
5,0.684,-0.16,
6,-0.794,-0.39,
7,0.275,-0.233,
8,0.974,-0.344,
9,0.231,-0.922,
10,0.154,0.21,
11,0.794,0.045,
12,0.813,-0.808,
13,1.052,-0.38,
14,0.057,-0.145,
15,0.072,-0.834,
16,0.53,-0.639,
17,0.37,-0.19,
18,0.448,-0.405,
19,0.334,-0.288,
20,0.754,-0.965,
21,0.264,-0.654,
22,0.331,-0.296,
23,0.387,-0.748,
24,0.234,-0.469,
25,0.142,-0.326,
26,0.907,0.484,
27,0.64,0.016,
28,0.567,-0.268,
29,0.23,-0.463,
30,0.354,0.088,
31,0.38,0.172,
32,0.538,-0.718,
33,0.309,-0.35,
34,-0.477,-0.524,
35,0.61,0.365,
36,0.146,-0.137,
37,0.577,-0.361,
38,0.213,-0.295,
39,0.379,-0.418,
40,0.556,-0.456,
41,0.9,-0.278,
42,0.987,-0.139,
43,0.717,-0.166,
44,0.865,0.022,
45,0.313,-0.237,
46,0.437,-0.409,
47,-0.116,-0.663,
48,1.111,-0.555,
49,0.239,-0.73,
50,0.428,-0.557,
51,0.442,-0.425,
52,0.474,-0.34,
53,0.756,-0.873,
54,0.656,0.049,
55,0.342,-1.329,
56,0.434,-0.145,
57,0.513,-0.614,
58,0.186,0.083,
59,0.215,-0.746,
60,0.292,-0.472,
61,0.477,-0.418,
62,0.821,-0.339,
63,0.624,-0.253,
64,-0.046,-0.808,
65,0.614,-0.608,
66,0.808,0.261,
67,-0.071,-0.723,
68,0.724,-0.206,
69,0.64,0.281,
70,0.285,-0.408,
71,0.469,-0.539,
72,0.76,-0.3,
73,-0.032,-0.31,
74,0.646,-0.264,
75,0.171,-0.526,
76,0.478,0.088,
77,0.444,-0.472,
78,0.154,-0.403,
79,-0.373,-0.237,
80,0.085,-1.333,
81,0.692,-0.397,
82,0.619,-0.47,
83,0.29,-0.494,
84,0.363,-0.3,
85,0.68,-0.239,
86,0.64,-0.176,
87,0.231,-0.862,
88,0.581,-0.611,
89,0.8,-0.363,
90,0.581,-0.619,
91,0.458,-0.005,
92,0.465,-0.696,
93,0.143,0.017,
94,0.311,0.077,
95,0.541,-0.59,
96,0.364,-0.673,
97,0.847,-0.269,
98,-0.279,-1.273,
99,0.506,-0.463,
100,0.589,-0.517,
101,0.395,-0.048,
102,0.666,-0.671,
103,0.487,-0.058,
104,0.473,-0.376,
105,0.275,-0.591,
106,0.477,-0.188,
107,1.15,0.224,
108,0.348,-0.688,
109,0.474,-0.457,
110,0.91,-0.428,
111,0.334,-0.106,
112,-0.383,-0.486,
113,0.472,-0.27,
114,0.221,-0.727,
115,0.402,-1.646,
116,0.188,-0.833,
117,1.044,-0.168,
118,0.418,-0.206,
119,0.574,-0.297,
120,0.709,-0.289,
121,0.149,-0.664,
122,0.755,-0.156,
123,0.135,-1.176,
124,0.929,-0.832,
125,0.037,-0.859,
126,0.789,-0.703,
127,0.673,-0.866,
128,0.362,-0.085,
129,0.723,-0.538,
130,0.63,-0.368,
131,0.769,0.599,
132,0.097,-0.549,
133,0.165,-0.379,
134,0.406,-0.215,
135,0.232,-0.755,
136,0.406,-0.437,
137,0.098,-0.18,
138,0.225,-0.453,
139,-0.191,-0.897,
140,0.499,-0.497,
141,0.259,-0.915,
142,0.323,-0.667,
143,0.325,-0.218,
144,0.31,-0.206,
145,0.369,-0.882,
146,1.031,-0.077,
147,0.429,-0.493,
148,0.109,-0.361,
149,0.322,-1.75,
150,-0.679,-0.306,
151,1.261,-0.1,
152,0.14,0.092,
153,0.595,-0.596,
154,0.241,-0.727,
155,0.113,-0.457,
156,-0.011,-0.034,
157,0.298,-0.294,
158,0.935,0.083,
159,0.403,-0.289,
160,0.226,-0.251,
161,0.908,-0.504,
162,0.615,-0.423,
163,1.216,-0.938,
