1,0.634,0.879,
2,0.446,-0.815,
3,0.44,-0.21,
4,0.498,-0.367,
5,0.958,-0.218,
6,-0.939,0.721,
7,0.236,-0.004,
8,1.911,0.271,
9,0.413,-0.738,
10,0.458,0.066,
11,0.093,0.343,
12,0.975,-1.425,
13,0.934,-0.111,
14,-0.773,0.74,
15,-0.391,-0.449,
16,0.85,0.309,
17,1.315,-0.311,
18,0.523,-0.383,
19,-0.527,-0.438,
20,1.008,-1.106,
21,0.163,-0.788,
22,0.927,0.882,
23,-0.282,-0.976,
24,-0.131,-0.103,
25,-0.591,-0.683,
26,1.822,1.251,
27,0.339,1.514,
28,0.206,-0.381,
29,-0.195,-0.449,
30,0.146,-0.128,
31,-0.044,0.174,
32,0.28,-0.817,
33,0.341,-0.39,
34,-0.721,-0.482,
35,0.57,0.57,
36,0.197,0.304,
37,0.724,-0.409,
38,-0.307,0.37,
39,0.667,0.487,
40,1.17,-0.252,
41,1.559,-1.029,
42,0.876,-1.115,
43,0.82,-0.013,
44,1.364,-0.158,
45,-0.541,-0.406,
46,0.036,0.471,
47,-0.498,0.437,
48,0.834,-0.937,
49,0.591,-0.711,
50,1.11,-0.1,
51,0.227,-1.158,
52,0.424,-0.276,
53,0.259,-0.924,
54,0.68,0.511,
55,0.7,-1.782,
56,0.319,0.151,
57,1.059,-1.253,
58,0.018,0.304,
59,-0.329,-0.983,
60,-0.228,-0.458,
61,0.511,-0.243,
62,1.25,-0.391,
63,1.194,-0.165,
64,-0.414,-0.865,
65,0.328,-0.871,
66,0.378,-0.259,
67,-0.553,-0.655,
68,0.794,0.275,
69,0.129,0.323,
70,0.398,-0.825,
71,0.633,-0.47,
72,0.405,0.179,
73,-1.103,-0.708,
74,0.28,-0.502,
75,-0.669,-0.497,
76,1.032,0.878,
77,1.289,-0.064,
78,0.416,-0.867,
79,-0.326,-0.326,
80,-0.378,-2.049,
81,0.557,-0.077,
82,0.405,-0.847,
83,-0.512,-1.802,
84,0.537,-0.205,
85,0.581,0.138,
86,0.784,-0.258,
87,-0.776,-0.861,
88,-0.892,-0.246,
89,1.842,-0.74,
90,0.474,-0.692,
91,1.337,-0.64,
92,0.499,-0.669,
93,-0.065,-0.164,
94,1.138,0.368,
95,0.238,-0.351,
96,-0.081,-0.676,
97,0.612,-0.626,
98,-0.819,-1.077,
99,0.479,-0.597,
100,1.184,-0.24,
101,0.104,0.16,
102,-0.637,-0.468,
103,1.24,-0.371,
104,0.759,-0.078,
105,0.361,-0.258,
106,0.449,-0.105,
107,1.499,-0.05,
108,0.897,-0.905,
109,0.624,-0.565,
110,0.246,-0.664,
111,0.072,0.575,
112,-0.758,-0.204,
113,-0.005,0.297,
114,-0.18,-0.636,
115,-1.006,-1.106,
116,-0.663,-1.211,
117,0.987,-0.269,
118,0.276,0.462,
119,0.894,-0.131,
120,1.377,0.413,
121,0.192,-0.763,
122,1.012,0.384,
123,0.201,-1.04,
124,1.321,-1.288,
125,-0.494,-0.373,
126,1.158,-0.541,
127,0.511,-0.923,
128,0.597,-0.171,
129,1.153,-0.77,
130,0.713,-0.263,
131,1.019,0.608,
132,0.398,-0.894,
133,0.071,-0.333,
134,0.337,-0.18,
135,-0.868,-1.176,
136,0.141,-0.66,
137,0.076,0.117,
138,0.284,-0.779,
139,-0.345,-0.501,
140,0.582,-0.633,
141,0.069,-0.614,
142,0.336,-0.72,
143,0.017,-0.696,
144,0.362,0.131,
145,0.444,-1.353,
146,0.562,-0.72,
147,0.276,-0.802,
148,-0.336,-0.602,
149,0.333,-1.814,
150,-0.77,-0.496,
151,1.242,-0.833,
152,-0.01,0.28,
153,0.525,-1.061,
154,0.097,-1.033,
155,-0.15,-0.262,
156,-0.638,-0.527,
157,0.278,-0.842,
158,1.689,0.132,
159,0.735,0.004,
160,0.246,-0.582,
161,1.374,-0.659,
162,0.187,-1.315,
163,0.799,-1.185,
