1,0.997,1.487,
2,0.001,-0.755,
3,0.143,0.933,
4,0.225,0.196,
5,0.057,-0.491,
6,0.211,2.295,
7,0.508,0.195,
8,1.546,0.879,
9,0.573,0.793,
10,-0.02,-0.094,
11,-1.516,0.064,
12,1.585,-1.68,
13,-0.521,-0.135,
14,-1.038,0.586,
15,-0.156,0.769,
16,-0.146,1.956,
17,0.115,-0.002,
18,-0.583,0.923,
19,-1.483,0.229,
20,-0.385,1.719,
21,0.186,-0.349,
22,0.84,0.716,
23,-0.651,-0.467,
24,-0.475,1.265,
25,-0.407,0.218,
26,0.888,0.354,
27,0.139,0.964,
28,0.063,-0.147,
29,-0.322,-0.014,
30,0.363,-0.156,
31,-0.118,-0.452,
32,-0.124,-0.322,
33,1.154,-1.243,
34,0.103,0.059,
35,0.085,0.109,
36,0.136,0.628,
37,0.288,0.179,
38,-0.731,0.503,
39,0.681,0.589,
40,0.402,-0.22,
41,0.953,-1.024,
42,-0.096,-2.319,
43,1.046,0.674,
44,0.674,-0.364,
45,-0.475,-0.173,
46,-0.737,1.08,
47,-0.883,-0.163,
48,-0.079,-0.227,
49,0.553,1.276,
50,0.969,-0.24,
51,-0.767,-1.377,
52,0.395,-0.698,
53,0.678,1.107,
54,0.345,0.754,
55,-0.196,0.15,
56,-0.423,0.709,
57,-0.037,-1.432,
58,-0.034,1.574,
59,-0.217,-0.523,
60,-2.002,1.082,
61,0.887,0.663,
62,0.119,0.02,
63,0.659,0.948,
64,0.014,-0.403,
65,-0.712,-1.04,
66,-1.845,-1.411,
67,-0.636,-0.313,
68,1.001,1.04,
69,-0.066,-0.19,
70,0.834,-2.257,
71,0.534,0.125,
72,-0.738,0.314,
73,-1.511,-0.165,
74,0.065,-0.221,
75,0.793,0.161,
76,1.514,0.234,
77,0.539,0.195,
78,0.495,-0.16,
79,-0.797,-1.355,
80,-0.061,0.283,
81,-0.608,1.471,
82,-0.353,0.08,
83,0.424,-1.197,
84,1.326,0.175,
85,-0.779,0.332,
86,0.191,0.736,
87,-0.179,-0.211,
88,-1.115,0.138,
89,0.387,-0.557,
90,-0.345,0.321,
91,1.461,0.026,
92,0.193,1.268,
93,-0.828,-0.457,
94,0.542,-0.214,
95,-0.488,0.467,
96,-0.306,0.709,
97,0.531,-1.174,
98,-1.027,1.085,
99,-0.336,-0.579,
100,0.05,0.472,
101,-0.505,-0.135,
102,-2.329,0.378,
103,0.942,-1.003,
104,-0.198,0.873,
105,0.07,0.402,
106,-0.5,-0.762,
107,-0.7,-0.474,
108,1.864,-0.022,
109,-0.039,-0.888,
110,-0.393,0.847,
111,-0.815,1.387,
112,-0.6,-0.001,
113,-0.319,0.897,
114,-0.388,0.14,
115,-1.751,0.328,
116,-0.207,-0.181,
117,-1.41,-0.02,
118,-0.225,0.907,
119,0.094,-0.09,
120,1.603,0.034,
121,0.576,0.083,
122,0.59,0.332,
123,-0.091,0.722,
124,0.386,0.03,
125,-0.105,1.095,
126,1.333,0.511,
127,0.004,-0.115,
128,1.266,0.046,
129,0.517,0.161,
130,0.917,1.124,
131,0.364,-0.255,
132,0.109,-0.393,
133,-0.308,0.507,
134,-0.078,0.364,
135,-1.214,-0.775,
136,-0.696,-0.412,
137,-0.339,1.109,
138,0.582,-0.743,
139,-0.774,1.411,
140,-0.579,-0.363,
141,-1.203,0.559,
142,-0.139,-1.049,
143,0.504,-0.325,
144,1.575,0.564,
145,0.362,-0.147,
146,0.218,-0.763,
147,-0.111,-0.133,
148,-0.832,-0.232,
149,0.327,-0.327,
150,-1.068,-1.465,
151,-0.656,-0.114,
152,0.305,0.474,
153,0.212,-1.797,
154,-0.164,0.062,
155,0.132,-0.14,
156,-0.83,-0.66,
157,-0.436,-0.931,
158,0.981,-0.088,
159,0.169,0.648,
160,-0.235,0.064,
161,1.121,-0.836,
162,-0.8,-0.929,
163,0.015,-0.414,
