1,-0.072,0.26,
2,-0.056,-0.301,
3,0.267,0.452,
4,0.143,0.076,
5,-0.097,-0.19,
6,0.301,0.57,
7,0.101,-0.109,
8,0.315,-0.126,
9,0.326,0.134,
10,-0.047,-0.045,
11,-0.47,-0.091,
12,0.908,-0.475,
13,-0.446,-0.187,
14,-0.08,-0.489,
15,0.142,0.212,
16,-0.042,0.401,
17,-0.315,0.26,
18,-0.448,0.523,
19,-0.458,0.282,
20,-0.254,0.752,
21,0.251,0.163,
22,0.332,0.116,
23,-0.088,-0.221,
24,-0.331,0.434,
25,0.312,-0.026,
26,0.424,-0.139,
27,0.036,0.188,
28,0.035,0.06,
29,-0.302,0.134,
30,0.677,0.321,
31,0.083,-0.212,
32,-0.011,-0.113,
33,0.424,-0.459,
34,0.106,-0.032,
35,-0.132,0.103,
36,0.187,0.366,
37,0.043,0.128,
38,0.005,0.012,
39,0.386,-0.101,
40,-0.031,-0.301,
41,0.226,-0.189,
42,-0.047,-1.198,
43,0.466,0.108,
44,0.069,-0.027,
45,-0.014,0.09,
46,0.163,0.032,
47,-0.123,0.03,
48,0.019,-0.069,
49,-0.088,0.628,
50,0.296,-0.046,
51,-0.463,-0.464,
52,0.236,-0.186,
53,0.252,0.528,
54,0.318,-0.072,
55,-0.077,0.022,
56,-0.189,0.652,
57,-0.195,-0.331,
58,-0.073,0.57,
59,0.133,-0.168,
60,-0.71,0.433,
61,0.266,0.256,
62,-0.085,0.056,
63,0.017,0.381,
64,0.066,-0.053,
65,-0.144,-0.293,
66,-0.632,-0.437,
67,-0.283,-0.163,
68,0.438,0.128,
69,0.447,-0.069,
70,0.151,-0.916,
71,0.107,-0.091,
72,-0.197,0.091,
73,-0.089,0.263,
74,0.355,0.072,
75,0.778,0.093,
76,0.568,-0.1,
77,-0.044,0.081,
78,0.184,0.327,
79,-0.477,-0.387,
80,-0.173,0.507,
81,-0.354,0.573,
82,-0.023,0.112,
83,0.564,-0.122,
84,0.749,-0.364,
85,-0.81,-0.076,
86,0.038,-0.134,
87,0.117,-0.162,
88,-0.011,0.041,
89,-0.275,-0.082,
90,-0.153,0.236,
91,0.471,0.296,
92,-0.014,0.609,
93,-0.271,0.151,
94,0.141,-0.202,
95,-0.232,0.227,
96,0.163,0.215,
97,0.063,-0.518,
98,-0.453,0.401,
99,-0.143,-0.222,
100,0.185,-0.104,
101,-0.049,-0.13,
102,-0.429,0.631,
103,0.196,-0.462,
104,-0.205,0.34,
105,0.099,0.16,
106,-0.421,-1.022,
107,-0.388,-0.282,
108,0.639,-0.088,
109,-0.218,-0.552,
110,-0.135,0.226,
111,-0.253,0.007,
112,-0.14,-0.012,
113,-0.045,0.302,
114,0.069,0.159,
115,-0.584,0.248,
116,-0.047,0.006,
117,-0.442,-0.038,
118,-0.047,0.03,
119,0.043,0.06,
120,0.471,-0.044,
121,0.142,-0.28,
122,0.314,0.134,
123,0.014,0.461,
124,0.002,0.221,
125,0.087,0.231,
126,0.554,0.129,
127,0.036,-0.056,
128,0.267,0.306,
129,0.421,0.199,
130,0.314,0.61,
131,-0.021,-0.001,
132,-0.02,-0.047,
133,-0.236,0.068,
134,-0.322,0.071,
135,-0.219,-0.15,
136,-0.09,-0.108,
137,-0.094,0.399,
138,0.303,-0.051,
139,-0.24,0.574,
140,-0.362,-0.081,
141,-0.708,0.516,
142,0.007,-0.288,
143,0.429,-0.185,
144,0.996,-0.244,
145,0.449,0.043,
146,-0.045,0.061,
147,-0.078,0.125,
148,-0.038,-0.073,
149,-0.051,-0.086,
150,-0.407,-0.393,
151,-0.327,0.291,
152,0.111,0.135,
153,0.071,-0.623,
154,-0.038,0.051,
155,0.242,-0.093,
156,-0.386,0.229,
157,-0.07,-0.117,
158,0.154,0.299,
159,-0.153,-0.043,
160,-0.258,0.302,
161,0.603,-0.388,
162,-0.35,0.061,
163,0.19,-0.235,
