1,0.328,1.528,
2,-0.117,0.019,
3,-0.972,0.345,
4,-0.141,0.693,
5,-0.255,0.781,
6,-1.857,0.737,
7,-0.359,1.602,
8,0.165,0.482,
9,-0.461,-0.022,
10,-0.747,0.938,
11,0.475,1.315,
12,0.388,-0.374,
13,0.457,0.686,
14,-1.226,0.644,
15,-1.166,0.565,
16,0.093,0.643,
17,-1.627,0.693,
18,-0.034,0.578,
19,-0.272,0.769,
20,-0.071,0.592,
21,0.156,0.506,
22,-0.396,0.288,
23,-0.249,0.042,
24,-0.469,0.317,
25,-1.003,0.705,
26,-0.431,0.736,
27,-0.37,0.179,
28,0.35,0.684,
29,-0.203,0.429,
30,0.039,1.634,
31,-0.184,1.308,
32,-0.16,0.19,
33,-0.619,0.931,
34,-0.713,0.433,
35,-0.229,1.568,
36,-0.826,0.96,
37,-0.155,0.341,
38,-0.161,0.124,
39,-0.314,1.297,
40,-0.619,0.308,
41,-0.141,0.443,
42,0.568,0.298,
43,-0.053,0.53,
44,0.09,1.582,
45,-0.467,0.55,
46,-0.17,0.917,
47,-0.825,0.155,
48,0.706,0.193,
49,-0.538,-0.161,
50,-0.548,-0.15,
51,-0.296,0.513,
52,-0.188,0.557,
53,0.101,0.017,
54,-0.305,0.817,
55,-0.317,-0.291,
56,-0.386,0.586,
57,0.094,0.479,
58,-0.512,0.84,
59,-1.09,0.578,
60,-0.33,0.188,
61,-0.396,1.039,
62,0.562,0.414,
63,-0.401,0.604,
64,-0.707,-0.375,
65,-0.141,0.184,
66,0.454,1.031,
67,-0.975,0.088,
68,-0.652,0.738,
69,-0.269,1.155,
70,-0.107,0.548,
71,-0.571,0.982,
72,-0.216,0.945,
73,-0.627,0.669,
74,-0.059,0.713,
75,-0.94,1.267,
76,0.037,0.719,
77,-0.471,0.122,
78,-0.082,0.779,
79,-1.162,0.396,
80,-0.428,0.065,
81,0.433,0.619,
82,-0.486,0.434,
83,0.166,0.388,
84,-0.46,0.567,
85,0.026,0.932,
86,-0.934,0.961,
87,-0.431,-0.294,
88,-0.008,0.367,
89,0.627,0.315,
90,-0.419,0.615,
91,-0.265,0.57,
92,-0.756,0.382,
93,-0.175,1.292,
94,-0.57,0.86,
95,-0.254,0.452,
96,0.192,-0.144,
97,0.39,0.625,
98,-1.247,0.18,
99,-0.42,0.303,
100,-0.835,0.669,
101,-0.095,1.088,
102,-0.582,-0.069,
103,-0.26,0.337,
104,-0.426,0.4,
105,-0.07,0.676,
106,-0.342,0.985,
107,0.499,1.594,
108,-0.15,0.642,
109,-0.45,0.257,
110,0.277,0.786,
111,-0.149,0.474,
112,-1.244,0.547,
113,-0.539,0.435,
114,-0.324,0.282,
115,-0.014,-0.796,
116,0.013,0.412,
117,-0.149,0.327,
118,-0.143,0.765,
119,0.153,0.738,
120,0.035,0.276,
121,-0.355,0.442,
122,0.248,0.646,
123,-0.734,-0.276,
124,-0.223,0.058,
125,-0.394,0.275,
126,-0.185,0.682,
127,0.095,-0.063,
128,-0.408,0.788,
129,-0.196,0.475,
130,0.554,0.398,
131,-0.327,1.6,
132,-0.718,0.608,
133,-0.52,0.866,
134,-0.593,0.639,
135,-0.935,-0.299,
136,-0.301,0.114,
137,-0.644,0.982,
138,-0.173,0.939,
139,-0.681,-0.022,
140,-0.459,0.385,
141,-0.452,-0.392,
142,-0.485,-0.172,
143,-0.567,1.336,
144,-0.598,0.529,
145,-0.621,-0.159,
146,0.106,1.058,
147,-0.341,0.62,
148,-0.638,0.356,
149,0.144,-1.659,
150,-0.884,0.356,
151,0.923,0.779,
152,-0.45,0.939,
153,-0.241,0.261,
154,-0.875,0.91,
155,-0.663,0.451,
156,-1.04,0.271,
157,-0.555,-0.049,
158,0.403,0.399,
159,-0.054,0.048,
160,-0.628,0.686,
161,0.025,0.791,
162,-0.433,0.691,
163,0.162,-0.542,
