1,0.025,0.962,
2,-0.105,0.109,
3,-0.679,0.606,
4,-0.15,0.695,
5,-0.066,0.888,
6,-1.589,0.48,
7,-0.263,1.139,
8,0.368,0.532,
9,-0.345,-0.081,
10,-0.701,1.149,
11,0.429,1.164,
12,0.213,-0.002,
13,0.446,0.729,
14,-0.918,0.551,
15,-0.664,0.517,
16,-0.088,0.38,
17,-1.032,0.748,
18,-0.142,0.525,
19,-0.353,0.763,
20,-0.166,0.558,
21,-0.049,0.678,
22,-0.399,0.372,
23,-0.126,0.26,
24,-0.3,0.446,
25,-0.685,0.9,
26,-0.34,0.841,
27,-0.01,0.285,
28,-0.025,0.603,
29,-0.266,0.569,
30,-0.018,1.491,
31,-0.242,1.323,
32,-0.161,0.216,
33,-0.393,0.893,
34,-0.823,0.313,
35,-0.183,1.535,
36,-0.677,0.907,
37,0.002,0.422,
38,-0.341,0.302,
39,-0.33,0.761,
40,-0.423,0.37,
41,-0.093,0.65,
42,0.311,0.65,
43,-0.148,0.685,
44,0.134,1.263,
45,-0.359,0.612,
46,-0.265,0.761,
47,-0.855,0.132,
48,0.685,0.406,
49,-0.449,-0.026,
50,-0.649,-0.072,
51,-0.279,0.509,
52,-0.211,0.569,
53,0.213,0.014,
54,-0.086,0.861,
55,-0.501,-0.256,
56,-0.405,0.644,
57,-0.259,0.449,
58,-0.489,0.898,
59,-0.928,0.519,
60,-0.463,0.38,
61,-0.308,0.748,
62,0.238,0.547,
63,-0.284,0.698,
64,-0.809,-0.241,
65,-0.088,0.311,
66,0.24,0.975,
67,-0.689,0.142,
68,-0.579,0.695,
69,-0.171,1.185,
70,-0.292,0.647,
71,-0.468,0.76,
72,0.057,0.719,
73,-0.559,0.807,
74,-0.006,0.833,
75,-0.513,0.735,
76,-0.101,0.797,
77,-0.458,0.227,
78,-0.438,0.633,
79,-1.174,0.431,
80,-0.363,-0.196,
81,0.14,0.65,
82,-0.295,0.563,
83,0.096,0.528,
84,-0.321,0.565,
85,-0.009,0.855,
86,-0.577,1.135,
87,-0.337,-0.033,
88,-0.032,0.316,
89,0.076,0.342,
90,-0.248,0.507,
91,-0.223,0.703,
92,-0.616,0.315,
93,-0.642,1.089,
94,-0.522,0.993,
95,-0.209,0.526,
96,-0.064,0.202,
97,0.353,0.675,
98,-1.161,0.022,
99,-0.276,0.484,
100,-0.78,0.643,
101,-0.313,1.095,
102,-0.268,0.005,
103,-0.346,0.576,
104,-0.404,0.446,
105,-0.216,0.49,
106,-0.345,0.955,
107,0.294,1.463,
108,-0.229,0.506,
109,-0.317,0.341,
110,0.276,0.863,
111,-0.231,0.712,
112,-1.233,0.342,
113,-0.384,0.493,
114,-0.439,0.272,
115,-0.133,-0.784,
116,-0.163,0.122,
117,-0.101,0.478,
118,-0.229,0.745,
119,-0.013,0.664,
120,-0.176,0.273,
121,-0.428,0.559,
122,0.197,0.777,
123,-0.594,-0.441,
124,-0.013,0.276,
125,-0.455,0.21,
126,-0.064,0.549,
127,-0.023,0.205,
128,-0.388,0.801,
129,-0.29,0.422,
130,0.306,0.572,
131,-0.238,1.556,
132,-0.748,0.502,
133,-0.583,0.697,
134,-0.483,0.867,
135,-0.679,0.023,
136,-0.306,0.351,
137,-0.68,0.952,
138,-0.374,0.913,
139,-0.748,-0.097,
140,-0.443,0.564,
141,-0.419,-0.4,
142,-0.618,0.009,
143,-0.44,1.179,
144,-0.606,0.667,
145,-0.716,0.091,
146,0.215,1.06,
147,-0.379,0.657,
148,-0.837,0.553,
149,-0.188,-1.258,
150,-1.117,0.627,
151,0.723,0.825,
152,-0.528,1.011,
153,-0.163,0.283,
154,-0.786,0.576,
155,-0.617,0.529,
156,-0.787,0.652,
157,-0.552,0.297,
158,0.211,0.815,
159,-0.165,0.231,
160,-0.624,0.71,
161,-0.058,0.668,
162,-0.443,0.67,
163,0.339,-0.173,
