1,0.241,0.158,
2,-0.054,-0.109,
3,-0.989,-0.96,
4,0.185,0.114,
5,-0.6,-0.282,
6,-0.907,-0.403,
7,-0.534,0.364,
8,-0.365,-0.124,
9,-1.478,0.511,
10,-0.127,0.375,
11,-0.579,0.611,
12,1.05,-0.283,
13,0.099,-0.197,
14,-0.132,0.13,
15,-0.978,-0.37,
16,0.772,-0.11,
17,-0.544,0.306,
18,0.246,0.77,
19,-0.173,0.3,
20,-0.074,0.518,
21,1.16,-0.131,
22,0.017,-0.456,
23,-0.537,-0.591,
24,-0.772,0.697,
25,-0.082,-0.301,
26,-0.004,0.083,
27,-0.794,0.241,
28,0.17,-0.213,
29,-0.357,0.02,
30,0.111,0.237,
31,0.694,-0.218,
32,0.204,-0.118,
33,-0.314,0.008,
34,0.4,0.186,
35,0.016,0.182,
36,-0.95,0.403,
37,-0.055,0.117,
38,0.066,-0.451,
39,0.519,0.02,
40,-0.235,-0.323,
41,-0.755,-0.584,
42,-0.158,-0.319,
43,0.298,-0.147,
44,0.338,0.111,
45,-0.013,-0.079,
46,0.47,0.054,
47,0.059,-0.283,
48,0.106,-0.05,
49,-0.502,-0.013,
50,0.574,0.091,
51,-0.626,-0.541,
52,0.1,0.075,
53,-0.158,0.287,
54,-0.255,-0.4,
55,0.255,0.148,
56,-0.026,0.843,
57,0.282,1.068,
58,-0.444,0.254,
59,-0.129,0.229,
60,0.597,0.149,
61,-0.327,1.09,
62,0.586,-0.679,
63,0.452,-0.629,
64,-0.01,0.162,
65,-0.089,-0.168,
66,0.244,0.104,
67,-0.654,0.316,
68,0.446,-0.085,
69,0.473,0.686,
70,0.27,-0.287,
71,-0.411,0.253,
72,-0.695,0.327,
73,-0.219,-0.153,
74,0.32,-0.281,
75,-0.959,0.389,
76,0.271,-0.178,
77,0.022,-0.058,
78,0.313,0.527,
79,-0.107,0.092,
80,-0.877,1.389,
81,-0.096,-0.013,
82,-0.632,0.284,
83,0.251,0.293,
84,0.385,0.123,
85,-0.195,0.372,
86,0.152,-0.523,
87,0.005,-0.268,
88,-0.339,0.424,
89,0.013,0.054,
90,-0.608,-0.036,
91,0.079,0.799,
92,-0.314,0.24,
93,0.106,0.575,
94,-0.53,-0.177,
95,-0.761,-0.584,
96,0.313,-0.058,
97,-0.31,-0.348,
98,-0.281,-0.041,
99,0.06,-0.147,
100,0.363,0.183,
101,-0.401,-0.035,
102,-0.605,0.56,
103,0.658,-0.097,
104,-0.113,0.133,
105,-0.562,0.715,
106,-0.036,-0.61,
107,0.387,-0.006,
108,0.2,-0.179,
109,-0.693,-0.824,
110,-0.056,0.036,
111,0.268,-0.831,
112,-0.375,0.577,
113,-0.18,-0.333,
114,0.661,-0.035,
115,-0.339,0.118,
116,-0.037,0.645,
117,-0.651,-0.775,
118,-0.034,-0.295,
119,0.345,0.446,
120,-0.658,-0.182,
121,-0.293,-0.904,
122,-0.216,-0.448,
123,-1.027,1.099,
124,-0.311,-0.056,
125,0.083,0.283,
126,-0.264,0.025,
127,0.001,-0.291,
128,-0.172,0.302,
129,0.564,0.159,
130,0.374,-0.899,
131,0.13,0.397,
132,-0.074,0.593,
133,-0.53,0.148,
134,-1.228,-0.884,
135,-0.015,-0.676,
136,0.076,-0.42,
137,0.162,0.099,
138,1.339,0.215,
139,-0.513,0.078,
140,-0.407,0.089,
141,-0.343,0.979,
142,0.967,-0.203,
143,0.421,0.577,
144,0.629,-0.626,
145,0.716,-0.294,
146,-0.665,0.436,
147,0.331,-0.118,
148,0.128,-0.119,
149,0.167,-0.53,
150,-0.202,-0.221,
151,0.371,0.492,
152,0.313,-0.231,
153,-0.167,-0.306,
154,-0.328,1.127,
155,0.407,-0.127,
156,-0.816,0.055,
157,0.028,0.322,
158,0.256,-0.56,
159,-0.144,-0.133,
160,-0.112,0.2,
161,0.198,-0.188,
162,-0.188,-0.262,
163,0.368,-0.708,
