1,0.847,1.871,
2,-0.425,-1.209,
3,-2.563,-1.701,
4,0.15,0.483,
5,-1.544,-0.451,
6,-3.678,0.482,
7,-1.667,2.252,
8,-1.437,0.728,
9,-2.351,1.258,
10,-0.586,0.63,
11,0.524,1.71,
12,1.532,-1.091,
13,0.214,0.296,
14,-1.919,1.379,
15,-4.036,-0.475,
16,0.831,1.237,
17,-1.293,0.423,
18,0.82,1.232,
19,0.081,0.906,
20,-0.484,0.972,
21,1.902,-1.507,
22,-0.234,-0.626,
23,-1.431,-0.781,
24,-1.466,0.765,
25,-1.036,-0.877,
26,-0.571,0.434,
27,-1.897,0.349,
28,1.024,0.735,
29,-0.216,0.658,
30,-0.382,1.19,
31,0.858,0.468,
32,0.218,-0.063,
33,-1.536,0.98,
34,0.472,0.906,
35,-0.179,1.01,
36,-2.246,0.892,
37,-0.55,0.157,
38,0.719,-0.276,
39,0.173,2.783,
40,-0.917,-0.194,
41,-1.375,-1.031,
42,1.004,-1.163,
43,0.2,0.298,
44,0.324,1.44,
45,-0.516,0.073,
46,0.279,0.869,
47,-0.286,0.744,
48,0.383,-0.449,
49,-1.561,-1.3,
50,0.813,-0.152,
51,-0.768,0.144,
52,0.033,0.453,
53,-0.413,0.53,
54,-1.216,-1.008,
55,0.614,0.013,
56,0.017,1.753,
57,1.265,1.444,
58,-0.831,0.603,
59,-2.37,1.522,
60,0.821,-0.215,
61,-1.221,2.332,
62,1.447,-1.312,
63,0.35,-0.747,
64,-0.263,-0.26,
65,-0.324,-0.405,
66,0.521,0.291,
67,-1.614,0.293,
68,-0.359,1.088,
69,-0.264,1.159,
70,0.904,-0.176,
71,-0.315,0.268,
72,-1.501,1.251,
73,-0.957,-0.5,
74,-0.978,0.031,
75,-3.107,1.076,
76,0.672,-0.085,
77,-0.154,-0.437,
78,1.591,1.379,
79,-0.514,0.06,
80,-1.395,1.687,
81,0.666,0.008,
82,-1.467,0.601,
83,0.422,0.192,
84,-0.644,0.443,
85,0.419,1.237,
86,-1.089,-0.283,
87,-0.61,-0.736,
88,-0.859,1.941,
89,0.372,0.242,
90,-1.142,0.393,
91,-0.413,0.98,
92,-0.957,0.545,
93,0.823,1.732,
94,-1.164,-0.057,
95,-0.936,-0.868,
96,0.447,-0.931,
97,0.019,0.092,
98,-0.555,0.265,
99,-0.541,-0.489,
100,-0.264,1.278,
101,-0.25,0.509,
102,-2.379,0.357,
103,0.71,0.563,
104,-0.228,0.141,
105,-0.556,1.999,
106,0.168,0.671,
107,2.079,1.053,
108,0.169,0.454,
109,-1.285,-0.816,
110,-0.051,0.813,
111,0.106,-1.815,
112,-1.117,1.6,
113,-1.472,-0.284,
114,0.8,0,
115,-0.071,-0.727,
116,0.514,1.477,
117,-1.603,-0.987,
118,-0.247,0.321,
119,0.918,0.816,
120,-0.417,0.032,
121,-0.078,-0.821,
122,-1.48,-0.406,
123,-1.908,1.25,
124,-1.053,-0.827,
125,-0.185,1.237,
126,-2.113,0.844,
127,0.271,-1.085,
128,-0.289,0.404,
129,0.601,0.439,
130,1.492,-1.292,
131,-0.601,1.86,
132,-0.298,1.222,
133,-0.665,1.204,
134,-2.115,-1.211,
135,-0.798,-1.804,
136,0.373,-0.902,
137,-0.209,0.632,
138,1.818,0.645,
139,-1.11,0.234,
140,-0.237,-0.97,
141,-0.395,0.758,
142,1.133,-0.402,
143,-0.095,2.275,
144,-0.245,0.233,
145,0.042,-1.062,
146,-1.021,0.801,
147,0.342,-0.118,
148,0.39,-0.081,
149,1.471,-2.442,
150,0.209,-0.068,
151,1.545,0.622,
152,0.31,0.045,
153,-0.392,0.001,
154,-0.941,2.564,
155,-0.307,-0.266,
156,-2.223,-0.958,
157,0.238,-0.074,
158,0.843,-2.003,
159,0.457,-0.395,
160,-0.288,0.289,
161,0.11,0.738,
162,-0.712,0.62,
163,-0.568,-2.469,
