1,2.179,2.254,
2,0.047,-1.658,
3,0.269,0.745,
4,0.409,-0.104,
5,0.585,-1.212,
6,-0.304,2.642,
7,0.54,0.25,
8,3.037,1.435,
9,0.908,0.66,
10,0.199,-0.153,
11,-1.928,0.208,
12,1.724,-2.512,
13,-0.403,0.135,
14,-2,1.163,
15,-0.604,0.714,
16,-0.351,2.386,
17,0.663,-0.349,
18,-0.242,0.871,
19,-1.937,-0.149,
20,0.465,1.322,
21,0.065,-0.552,
22,1.174,0.866,
23,-0.953,-0.691,
24,-0.309,1.195,
25,-1.132,-0.229,
26,1.487,0.987,
27,0.168,1.686,
28,0.166,-0.307,
29,-0.338,-0.531,
30,0.326,-0.232,
31,-0.475,-0.505,
32,-0.155,-0.598,
33,1.518,-1.206,
34,-0.536,0.083,
35,0.178,0.266,
36,0.338,0.547,
37,0.363,-0.022,
38,-1.238,0.795,
39,0.766,1.03,
40,0.86,-0.033,
41,1.737,-1.632,
42,0.154,-2.586,
43,1.427,0.945,
44,1.283,-0.426,
45,-0.844,-0.351,
46,-1.359,2.075,
47,-1.321,-0.159,
48,0.309,-0.565,
49,0.309,1.037,
50,1.353,-0.164,
51,-0.757,-1.936,
52,0.407,-0.771,
53,0.885,1.087,
54,0.62,1.412,
55,0.062,-0.326,
56,-0.319,0.665,
57,0.232,-2.167,
58,-0.064,1.68,
59,-0.153,-1.077,
60,-2.273,0.902,
61,1.869,0.347,
62,0.963,-0.298,
63,1.017,0.865,
64,-0.198,-0.703,
65,-0.596,-1.46,
66,-1.701,-2.007,
67,-0.714,-0.442,
68,1.181,1.328,
69,-0.946,-0.17,
70,0.985,-2.542,
71,1.379,0.109,
72,-0.679,0.506,
73,-2.652,-0.606,
74,0.067,-0.53,
75,-0.229,0.246,
76,2.245,0.171,
77,1.147,0.234,
78,0.726,-0.806,
79,-0.878,-1.396,
80,-0.165,-0.818,
81,-0.196,1.585,
82,-0.228,-0.302,
83,-0.453,-2.28,
84,1.735,0.154,
85,-0.393,0.402,
86,0.791,0.759,
87,-0.795,-0.524,
88,-2.804,0.06,
89,1.978,-1.106,
90,-0.034,-0.01,
91,1.921,-0.482,
92,0.45,1.069,
93,-0.931,-0.828,
94,1.188,-0.05,
95,-0.523,0.531,
96,-0.811,0.717,
97,0.739,-1.461,
98,-1.246,0.735,
99,-0.219,-0.705,
100,0.481,0.908,
101,-1.092,0.006,
102,-3.218,0.437,
103,1.004,-1.039,
104,0.003,0.904,
105,0.066,0.239,
106,-0.339,-0.535,
107,-0.12,-0.774,
108,2.42,-0.226,
109,0.292,-1.104,
110,-0.897,0.93,
111,-1.206,2.06,
112,-0.952,0.049,
113,-0.454,1.088,
114,-0.557,-0.017,
115,-2.216,0.593,
116,-0.685,-0.556,
117,-1.322,0.021,
118,-0.171,1.301,
119,0.337,-0.147,
120,2.137,0.357,
121,0.67,0.094,
122,0.813,0.466,
123,-0.162,0.205,
124,0.986,-0.562,
125,-0.608,1.055,
126,2.027,0.64,
127,0.269,-0.363,
128,1.466,-0.044,
129,0.675,-0.153,
130,1.134,1.02,
131,0.507,-0.042,
132,0.206,-0.87,
133,-0.234,0.481,
134,0.162,0.459,
135,-1.911,-1.235,
136,-0.911,-0.555,
137,-0.227,1.296,
138,0.784,-1.101,
139,-1.492,1.966,
140,-0.417,-0.5,
141,-1.205,0.325,
142,-0.256,-1.483,
143,0.28,-0.684,
144,1.562,0.953,
145,0.199,-0.599,
146,0.341,-0.826,
147,0.025,-0.387,
148,-0.975,-0.042,
149,0.521,-0.402,
150,-1.541,-2.135,
151,-0.321,-0.529,
152,0.259,0.625,
153,0.366,-2.197,
154,-0.235,-0.319,
155,0.005,-0.111,
156,-1.118,-1.325,
157,-0.649,-1.962,
158,1.607,-0.105,
159,0.252,1.339,
160,-0.133,-0.047,
161,1.365,-0.88,
162,-0.763,-1.211,
163,0.037,-0.539,
