1,0.034,0.969,
2,-0.128,0.071,
3,-0.686,0.556,
4,-0.137,0.659,
5,-0.069,0.844,
6,-1.584,0.486,
7,-0.241,1.108,
8,0.354,0.537,
9,-0.354,-0.059,
10,-0.695,1.129,
11,0.412,1.134,
12,0.222,-0.023,
13,0.442,0.685,
14,-0.9,0.56,
15,-0.664,0.52,
16,-0.091,0.355,
17,-1.032,0.722,
18,-0.152,0.513,
19,-0.332,0.75,
20,-0.154,0.556,
21,-0.061,0.667,
22,-0.409,0.368,
23,-0.135,0.259,
24,-0.29,0.429,
25,-0.66,0.839,
26,-0.346,0.837,
27,-0.037,0.279,
28,-0.007,0.629,
29,-0.248,0.562,
30,-0.029,1.459,
31,-0.228,1.302,
32,-0.165,0.221,
33,-0.394,0.856,
34,-0.815,0.321,
35,-0.156,1.502,
36,-0.659,0.879,
37,-0.029,0.419,
38,-0.324,0.283,
39,-0.328,0.767,
40,-0.412,0.38,
41,-0.085,0.643,
42,0.305,0.655,
43,-0.119,0.645,
44,0.137,1.244,
45,-0.338,0.618,
46,-0.255,0.754,
47,-0.854,0.111,
48,0.702,0.41,
49,-0.488,-0.015,
50,-0.655,-0.068,
51,-0.258,0.51,
52,-0.21,0.562,
53,0.202,0.024,
54,-0.087,0.855,
55,-0.5,-0.257,
56,-0.404,0.634,
57,-0.248,0.466,
58,-0.491,0.903,
59,-0.876,0.475,
60,-0.418,0.382,
61,-0.268,0.745,
62,0.243,0.511,
63,-0.299,0.675,
64,-0.787,-0.224,
65,-0.081,0.303,
66,0.239,0.995,
67,-0.702,0.141,
68,-0.528,0.702,
69,-0.169,1.181,
70,-0.289,0.639,
71,-0.479,0.761,
72,0.044,0.707,
73,-0.565,0.783,
74,-0.002,0.806,
75,-0.52,0.699,
76,-0.112,0.758,
77,-0.463,0.23,
78,-0.42,0.635,
79,-1.163,0.439,
80,-0.375,-0.166,
81,0.166,0.647,
82,-0.286,0.547,
83,0.08,0.513,
84,-0.311,0.573,
85,-0.015,0.845,
86,-0.586,1.121,
87,-0.312,-0.023,
88,-0.013,0.318,
89,0.092,0.36,
90,-0.268,0.495,
91,-0.243,0.699,
92,-0.593,0.311,
93,-0.633,1.09,
94,-0.535,0.98,
95,-0.205,0.481,
96,-0.051,0.19,
97,0.341,0.67,
98,-1.12,0.01,
99,-0.28,0.486,
100,-0.764,0.622,
101,-0.302,1.081,
102,-0.274,0.027,
103,-0.383,0.562,
104,-0.414,0.454,
105,-0.22,0.471,
106,-0.334,0.94,
107,0.288,1.473,
108,-0.224,0.484,
109,-0.318,0.349,
110,0.273,0.844,
111,-0.245,0.71,
112,-1.231,0.346,
113,-0.381,0.478,
114,-0.417,0.276,
115,-0.082,-0.77,
116,-0.184,0.141,
117,-0.103,0.456,
118,-0.209,0.696,
119,-0.035,0.644,
120,-0.19,0.268,
121,-0.421,0.551,
122,0.188,0.746,
123,-0.614,-0.419,
124,-0.009,0.266,
125,-0.441,0.197,
126,-0.07,0.546,
127,0.005,0.204,
128,-0.415,0.816,
129,-0.309,0.425,
130,0.271,0.548,
131,-0.204,1.533,
132,-0.737,0.501,
133,-0.586,0.684,
134,-0.499,0.856,
135,-0.669,0.012,
136,-0.311,0.342,
137,-0.658,0.948,
138,-0.355,0.907,
139,-0.765,-0.049,
140,-0.434,0.537,
141,-0.432,-0.352,
142,-0.589,-0.001,
143,-0.429,1.161,
144,-0.599,0.633,
145,-0.685,0.098,
146,0.213,1.057,
147,-0.348,0.673,
148,-0.793,0.57,
149,-0.185,-1.241,
150,-1.139,0.594,
151,0.703,0.859,
152,-0.526,1.015,
153,-0.174,0.28,
154,-0.763,0.591,
155,-0.603,0.543,
156,-0.775,0.634,
157,-0.538,0.261,
158,0.187,0.79,
159,-0.184,0.266,
160,-0.628,0.739,
161,-0.06,0.671,
162,-0.416,0.674,
163,0.295,-0.157,
