1,2.023,2.298,
2,0.057,-1.233,
3,0.219,0.98,
4,0.316,0.099,
5,0.327,-0.846,
6,-0.116,2.788,
7,0.695,0.334,
8,2.792,1.52,
9,0.815,0.806,
10,0.079,-0.124,
11,-2.043,0.189,
12,1.681,-2.502,
13,-0.437,0.165,
14,-1.814,1.323,
15,-0.617,0.768,
16,-0.185,2.64,
17,0.602,-0.245,
18,-0.391,0.984,
19,-2.031,0.004,
20,0.065,1.684,
21,0.149,-0.53,
22,1.096,0.908,
23,-0.977,-0.64,
24,-0.444,1.442,
25,-1.153,0.164,
26,1.407,1.114,
27,0.177,1.64,
28,0.073,-0.338,
29,-0.344,-0.369,
30,0.28,-0.405,
31,-0.344,-0.528,
32,-0.17,-0.531,
33,1.532,-1.303,
34,-0.278,0.072,
35,0.073,0.228,
36,0.212,0.711,
37,0.461,0.073,
38,-1.331,0.754,
39,0.891,1.126,
40,0.794,-0.075,
41,1.6,-1.569,
42,0.015,-2.695,
43,1.417,0.959,
44,1.169,-0.485,
45,-0.821,-0.397,
46,-1.475,2.121,
47,-1.348,-0.33,
48,0.059,-0.479,
49,0.695,1.247,
50,1.313,-0.155,
51,-0.804,-1.956,
52,0.371,-0.954,
53,0.843,1.192,
54,0.524,1.473,
55,-0.045,-0.102,
56,-0.483,0.678,
57,0.17,-2.129,
58,-0.035,1.841,
59,-0.324,-0.874,
60,-2.443,1.117,
61,1.437,0.509,
62,0.673,-0.126,
63,1.084,1.017,
64,-0.201,-0.68,
65,-0.775,-1.445,
66,-1.964,-2.051,
67,-0.719,-0.351,
68,1.139,1.424,
69,-0.883,-0.22,
70,1.078,-2.668,
71,1.166,0.182,
72,-0.844,0.496,
73,-2.567,-0.561,
74,-0.038,-0.482,
75,0.068,0.207,
76,2.202,0.384,
77,1.096,0.288,
78,0.758,-0.688,
79,-0.886,-1.561,
80,-0.116,-0.52,
81,-0.316,1.666,
82,-0.332,-0.159,
83,-0.262,-2.117,
84,1.664,0.282,
85,-0.455,0.484,
86,0.546,0.953,
87,-0.652,-0.411,
88,-2.428,0.112,
89,1.567,-1.079,
90,-0.193,0.13,
91,1.95,-0.356,
92,0.374,1.277,
93,-1.014,-0.826,
94,0.99,-0.025,
95,-0.588,0.557,
96,-0.745,0.757,
97,0.721,-1.518,
98,-1.137,1.014,
99,-0.299,-0.74,
100,0.358,0.935,
101,-1.198,-0.032,
102,-3.311,0.491,
103,1.283,-1.11,
104,-0.027,1.025,
105,0.067,0.335,
106,-0.44,-0.577,
107,-0.395,-0.702,
108,2.409,-0.086,
109,0.29,-1.069,
110,-0.783,0.996,
111,-1.212,2.163,
112,-0.914,0.049,
113,-0.512,1.156,
114,-0.64,0.036,
115,-2.428,0.537,
116,-0.513,-0.469,
117,-1.566,0.042,
118,-0.227,1.433,
119,0.275,-0.129,
120,2.169,0.248,
121,0.711,0.191,
122,0.78,0.484,
123,-0.254,0.4,
124,0.846,-0.37,
125,-0.526,1.269,
126,1.966,0.611,
127,0.042,-0.264,
128,1.631,-0.107,
129,0.693,-0.09,
130,1.157,1.228,
131,0.552,-0.24,
132,0.222,-0.751,
133,-0.283,0.583,
134,0.106,0.499,
135,-1.839,-1.132,
136,-0.984,-0.555,
137,-0.298,1.406,
138,0.764,-1.117,
139,-1.246,1.775,
140,-0.489,-0.538,
141,-1.331,0.414,
142,-0.279,-1.448,
143,0.332,-0.669,
144,1.701,0.89,
145,0.2,-0.443,
146,0.328,-0.958,
147,-0.066,-0.378,
148,-1.275,-0.375,
149,0.501,-0.263,
150,-1.475,-2.1,
151,-0.503,-0.511,
152,0.318,0.622,
153,0.338,-2.235,
154,-0.249,-0.186,
155,0.013,-0.141,
156,-1.069,-1.213,
157,-0.704,-1.75,
158,1.447,-0.197,
159,0.33,1.153,
160,-0.147,-0.126,
161,1.237,-0.99,
162,-0.884,-1.438,
163,0.056,-0.536,
