1,0.212,0.106,
2,-0.046,-0.106,
3,-0.984,-1.037,
4,0.213,0,
5,-0.614,-0.248,
6,-0.875,-0.434,
7,-0.526,0.32,
8,-0.364,-0.134,
9,-1.441,0.409,
10,-0.138,0.321,
11,-0.55,0.599,
12,1.031,-0.321,
13,0.147,-0.269,
14,-0.096,0.11,
15,-0.922,-0.385,
16,0.775,-0.074,
17,-0.574,0.224,
18,0.203,0.731,
19,-0.174,0.314,
20,-0.069,0.486,
21,1.112,-0.127,
22,-0.002,-0.419,
23,-0.494,-0.576,
24,-0.702,0.596,
25,-0.095,-0.249,
26,-0.076,0.006,
27,-0.793,0.197,
28,0.17,-0.184,
29,-0.348,0.037,
30,0.144,0.246,
31,0.662,-0.209,
32,0.181,-0.106,
33,-0.28,-0.007,
34,0.371,0.183,
35,0.055,0.158,
36,-0.839,0.308,
37,-0.165,0.098,
38,0.064,-0.436,
39,0.499,0.011,
40,-0.227,-0.31,
41,-0.714,-0.555,
42,-0.15,-0.301,
43,0.3,-0.151,
44,0.326,0.12,
45,-0.007,-0.068,
46,0.458,0.048,
47,0.048,-0.274,
48,0.227,-0.059,
49,-0.472,-0.009,
50,0.5,0.08,
51,-0.609,-0.517,
52,0.098,0.067,
53,-0.147,0.279,
54,-0.234,-0.371,
55,0.237,0.132,
56,-0.038,0.826,
57,0.263,1.035,
58,-0.446,0.256,
59,-0.101,0.204,
60,0.641,0.143,
61,-0.324,1.049,
62,0.522,-0.638,
63,0.328,-0.605,
64,0.003,0.165,
65,-0.082,-0.161,
66,0.242,0.108,
67,-0.643,0.299,
68,0.429,-0.079,
69,0.462,0.654,
70,0.247,-0.275,
71,-0.394,0.232,
72,-0.668,0.311,
73,-0.215,-0.125,
74,0.421,-0.259,
75,-0.84,0.378,
76,0.245,-0.181,
77,-0.001,-0.039,
78,0.293,0.512,
79,-0.11,0.1,
80,-0.854,1.343,
81,-0.076,0,
82,-0.604,0.278,
83,0.237,0.277,
84,0.382,0.124,
85,-0.226,0.351,
86,0.15,-0.51,
87,0.035,-0.258,
88,-0.308,0.427,
89,-0.105,0.061,
90,-0.685,-0.024,
91,0.084,0.767,
92,-0.301,0.236,
93,0.112,0.562,
94,-0.51,-0.168,
95,-0.718,-0.548,
96,0.305,-0.067,
97,-0.302,-0.345,
98,-0.286,-0.029,
99,0.052,-0.141,
100,0.342,0.16,
101,-0.309,-0.029,
102,-0.527,0.551,
103,0.711,-0.098,
104,-0.155,0.145,
105,-0.555,0.695,
106,-0.042,-0.624,
107,0.371,-0.005,
108,0.195,-0.178,
109,-0.661,-0.786,
110,-0.051,0.03,
111,0.258,-0.804,
112,-0.374,0.556,
113,-0.155,-0.3,
114,0.666,-0.018,
115,-0.399,0.132,
116,-0.134,0.647,
117,-0.634,-0.761,
118,-0.032,-0.284,
119,0.314,0.433,
120,-0.632,-0.186,
121,-0.287,-0.88,
122,-0.194,-0.434,
123,-0.989,1.076,
124,-0.291,-0.05,
125,0.089,0.286,
126,-0.258,0.017,
127,0.118,-0.255,
128,-0.256,0.4,
129,0.511,0.185,
130,0.379,-0.859,
131,0.104,0.382,
132,-0.079,0.571,
133,-0.512,0.131,
134,-1.179,-0.847,
135,-0.017,-0.635,
136,0.072,-0.419,
137,0.189,0.13,
138,1.376,0.295,
139,-0.497,0.06,
140,-0.447,0.165,
141,-0.365,0.966,
142,0.92,-0.215,
143,0.406,0.562,
144,0.629,-0.624,
145,0.691,-0.284,
146,-0.626,0.446,
147,0.375,-0.021,
148,0.124,-0.139,
149,0.132,-0.437,
150,-0.2,-0.192,
151,0.317,0.577,
152,0.293,-0.194,
153,-0.172,-0.304,
154,-0.313,1.137,
155,0.444,-0.043,
156,-0.763,0.114,
157,0.096,0.369,
158,0.219,-0.504,
159,-0.137,-0.131,
160,-0.152,0.322,
161,0.242,-0.106,
162,-0.187,-0.251,
163,0.378,-0.661,
