1,0.748,1.875,
2,-0.284,-0.842,
3,-2.425,-1.393,
4,0.03,0.819,
5,-1.565,-0.145,
6,-3.705,0.25,
7,-1.941,2.472,
8,-1.611,0.133,
9,-2.27,1.309,
10,-0.731,0.703,
11,0.732,1.774,
12,1.372,-0.913,
13,0.039,0.551,
14,-2.097,1.047,
15,-3.941,-0.845,
16,0.765,1.57,
17,-1.376,0.573,
18,0.956,1.344,
19,0.045,0.957,
20,-0.419,0.998,
21,2.156,-1.513,
22,0.014,-0.748,
23,-1.489,-0.826,
24,-1.613,0.769,
25,-1.371,-0.244,
26,-0.586,0.553,
27,-1.811,0.586,
28,1.349,0.645,
29,-0.371,0.43,
30,-0.401,1.603,
31,0.795,0.713,
32,0.174,-0.081,
33,-1.722,1.315,
34,0.509,0.938,
35,-0.483,1.359,
36,-2.404,1.166,
37,-0.419,0.185,
38,0.621,-0.202,
39,-0.089,3.295,
40,-1.116,-0.193,
41,-1.431,-0.969,
42,1.265,-1.249,
43,0.154,0.384,
44,0.311,1.84,
45,-0.739,0.08,
46,0.268,1.106,
47,-0.29,0.864,
48,0.295,-0.456,
49,-1.089,-1.383,
50,0.767,-0.237,
51,-0.918,0.37,
52,0.111,0.715,
53,-0.47,0.409,
54,-1.52,-1.03,
55,0.7,0,
56,-0.06,1.797,
57,1.223,1.528,
58,-0.817,0.638,
59,-2.961,1.799,
60,0.379,-0.337,
61,-1.501,2.589,
62,1.037,-1.097,
63,0.311,-0.609,
64,-0.496,-0.49,
65,-0.397,-0.43,
66,0.497,0.387,
67,-1.644,0.293,
68,-0.853,1.295,
69,-0.392,1.26,
70,0.922,-0.053,
71,-0.363,0.4,
72,-1.62,1.52,
73,-0.978,-0.476,
74,-1.093,0.356,
75,-2.839,1.633,
76,0.19,0.313,
77,-0.186,-0.529,
78,1.638,1.472,
79,-0.5,0.019,
80,-1.383,1.841,
81,0.638,0.093,
82,-1.485,0.632,
83,0.574,0.21,
84,-0.94,0.453,
85,0.526,1.395,
86,-1.307,-0.196,
87,-0.836,-0.938,
88,-0.266,1.852,
89,0.289,0.212,
90,-1.081,0.564,
91,-0.549,0.959,
92,-1.157,0.687,
93,1.007,1.909,
94,-1.133,0.019,
95,-0.896,-0.736,
96,0.523,-1.099,
97,0.168,0.197,
98,-0.896,0.233,
99,-0.616,-0.377,
100,-0.433,1.55,
101,-0.174,0.731,
102,-2.018,0.394,
103,1.098,0.593,
104,-0.24,0.11,
105,-0.471,2.099,
106,0.127,0.995,
107,2.28,1.182,
108,0.249,0.685,
109,-1.428,-0.859,
110,0.002,0.908,
111,-0.068,-1.761,
112,-1.225,1.608,
113,-1.631,-0.108,
114,0.732,0.004,
115,-0.487,-0.895,
116,0.531,1.524,
117,-1.495,-0.729,
118,-0.409,0.748,
119,1.169,0.963,
120,-0.177,0.153,
121,-0.141,-0.758,
122,-1.507,-0.252,
123,-2.002,1.099,
124,-1.254,-0.793,
125,-0.336,1.337,
126,-1.837,1.022,
127,0.089,-1.191,
128,-0.114,0.319,
129,0.629,0.502,
130,1.466,-1.169,
131,-0.671,2.369,
132,-0.359,1.271,
133,-0.658,1.505,
134,-2.266,-1.215,
135,-1.077,-1.734,
136,0.334,-0.697,
137,-0.384,0.769,
138,1.627,0.703,
139,-0.871,-0.161,
140,-0.208,-1.104,
141,-0.378,0.525,
142,0.987,-0.332,
143,-0.267,2.504,
144,-0.447,0.58,
145,-0.108,-1.172,
146,-1.017,0.944,
147,0.189,-0.158,
148,-0.024,-0.385,
149,1.31,-2.628,
150,-0.153,0.527,
151,1.797,0.506,
152,0.187,0.294,
153,-0.366,0.195,
154,-1.112,2.624,
155,-0.5,-0.283,
156,-2.111,-0.689,
157,0.378,0.331,
158,0.765,-1.449,
159,0.735,-0.766,
160,-0.299,0.092,
161,0.044,0.906,
162,-1.104,0.509,
163,-0.158,-2.031,
