1,0.734,1.376,
2,-0.561,-1.088,
3,-2.678,-2.243,
4,0.311,-0.011,
5,-1.42,-0.393,
6,-3.16,0.187,
7,-1.668,1.742,
8,-1.53,0.657,
9,-2.773,0.959,
10,-0.416,0.528,
11,-0.131,1.546,
12,1.618,-0.935,
13,0.429,-0.104,
14,-1.458,1.231,
15,-3.576,-0.49,
16,1.129,0.901,
17,-0.987,0.104,
18,0.724,1.163,
19,0.046,0.711,
20,-0.381,0.922,
21,1.679,-1.272,
22,-0.251,-0.632,
23,-1.255,-1.085,
24,-1.24,0.733,
25,-1.201,-0.633,
26,-0.606,0.094,
27,-1.76,0.305,
28,0.636,0.623,
29,-0.286,0.493,
30,-0.34,0.701,
31,0.984,0.071,
32,0.269,-0.105,
33,-1.407,0.489,
34,0.574,0.769,
35,0.026,0.543,
36,-1.904,0.429,
37,-0.725,0.091,
38,0.683,-0.363,
39,0.462,1.798,
40,-0.666,-0.294,
41,-1.365,-1.082,
42,0.535,-0.981,
43,0.211,0.25,
44,0.399,0.88,
45,-0.271,-0.026,
46,0.451,0.522,
47,-0.161,0.508,
48,0.608,-0.422,
49,-1.304,-0.967,
50,0.858,-0.06,
51,-0.767,-0.368,
52,0.048,0.247,
53,-0.323,0.643,
54,-0.907,-0.883,
55,0.56,0.064,
56,0.156,1.642,
57,1.236,1.448,
58,-0.812,0.492,
59,-1.613,1.193,
60,1.11,-0.073,
61,-0.996,2.002,
62,1.301,-1.257,
63,0.367,-1.01,
64,-0.045,-0.022,
65,-0.268,-0.382,
66,0.585,0.124,
67,-1.389,0.346,
68,0.288,0.769,
69,-0.046,1.086,
70,0.93,-0.374,
71,-0.342,0.228,
72,-1.366,0.903,
73,-0.828,-0.544,
74,-0.503,-0.149,
75,-2.615,0.484,
76,0.726,-0.291,
77,-0.068,-0.404,
78,1.257,1.182,
79,-0.356,0.027,
80,-1.42,1.694,
81,0.441,-0.071,
82,-1.467,0.548,
83,0.313,0.19,
84,-0.228,0.333,
85,0.262,0.965,
86,-0.568,-0.475,
87,-0.351,-0.534,
88,-1.076,1.714,
89,-0.097,0.136,
90,-1.409,0.164,
91,-0.173,1.068,
92,-0.734,0.458,
93,0.436,1.484,
94,-1.05,-0.206,
95,-1.148,-1.017,
96,0.409,-0.655,
97,-0.174,-0.115,
98,-0.206,0.281,
99,-0.283,-0.558,
100,0.079,0.865,
101,-0.077,0.203,
102,-2.151,0.284,
103,1.333,0.276,
104,-0.249,0.128,
105,-0.664,1.766,
106,0.246,0.212,
107,1.759,0.703,
108,0.101,0.179,
109,-1.173,-0.944,
110,-0.103,0.601,
111,0.408,-1.811,
112,-0.897,1.493,
113,-1.192,-0.506,
114,1.007,-0.057,
115,-0.665,-0.419,
116,0.037,1.415,
117,-1.513,-1.169,
118,-0.162,-0.095,
119,0.748,0.661,
120,-0.732,-0.118,
121,0.028,-1.063,
122,-1.18,-0.723,
123,-1.764,1.373,
124,-0.822,-0.727,
125,-0.006,1.008,
126,-2.079,0.565,
127,0.506,-0.826,
128,-0.47,0.572,
129,0.646,0.364,
130,1.288,-1.475,
131,-0.255,1.182,
132,-0.193,1.138,
133,-0.691,0.846,
134,-2.089,-1.253,
135,-0.408,-1.861,
136,0.365,-1.119,
137,0.045,0.461,
138,2.278,0.726,
139,-0.996,0.016,
140,-0.526,-0.322,
141,-0.383,1.089,
142,1.39,-0.397,
143,0.226,1.857,
144,0.033,-0.166,
145,0.44,-0.921,
146,-0.966,0.84,
147,0.628,-0.047,
148,0.422,-0.313,
149,1.317,-1.696,
150,0.381,-0.276,
151,1.209,0.757,
152,0.439,-0.157,
153,-0.37,-0.244,
154,-0.719,2.478,
155,0.069,-0.162,
156,-2.048,-0.846,
157,0.259,0.161,
158,0.654,-1.998,
159,0.329,-0.582,
160,-0.251,0.528,
161,0.239,0.585,
162,-0.302,0.113,
163,-0.284,-2.274,
