1,-2.683,-3.308,
2,0.773,-1.184,
3,-1.367,-1.052,
4,0.705,-0.712,
5,-0.205,-1.347,
6,-0.041,1.283,
7,1.92,0.773,
8,0.747,-0.173,
9,-1.132,-0.137,
10,1.426,-0.862,
11,0.007,2.26,
12,-1.613,-1.782,
13,1.916,1.295,
14,-0.225,-0.635,
15,-1.837,-0.317,
16,0.544,-2.456,
17,0.818,0.268,
18,0.118,-0.811,
19,2.198,0.541,
20,3.545,1.835,
21,1.414,0.183,
22,1.427,0.489,
23,0.195,-0.186,
24,-0.5,1.141,
25,-0.772,2.875,
26,0.665,-0.249,
27,-0.087,-0.477,
28,0.427,-0.152,
29,-0.102,-2.346,
30,0.273,0.155,
31,0.937,1.032,
32,0.125,-1.188,
33,-0.351,-0.447,
34,-2.436,1.275,
35,-2.337,-0.27,
36,-1.621,1.269,
37,0.585,0.349,
38,-1.021,-1.501,
39,0.032,0.482,
40,-1.19,1.897,
41,0.437,0.612,
42,1.067,1.182,
43,-0.21,1.979,
44,-0.405,-0.734,
45,-0.627,-0.066,
46,-2.617,-1.088,
47,-0.249,0.672,
48,-1.745,-0.816,
49,-1.109,-2.368,
50,-1.124,-1.1,
51,-1.279,-0.401,
52,0.752,1.269,
53,0.185,-1.35,
54,1.828,-0.849,
55,-0.311,1.277,
56,-0.958,0.287,
57,-0.498,-0.799,
58,1.135,0.611,
59,2.24,0.558,
60,0.098,-0.512,
61,0.265,-0.616,
62,-2.154,0.931,
63,-0.937,2.358,
64,-0.487,-0.198,
65,-0.228,0.272,
66,0.473,0.789,
67,-0.434,-1.226,
68,0.024,0.384,
69,-1.858,0.68,
70,-0.162,-0.129,
71,0,-1.778,
72,0.841,-0.856,
73,-0.298,-0.24,
74,-0.538,-0.176,
75,-2.149,-0.04,
76,-0.339,0.232,
77,0.315,-0.535,
78,-0.037,-0.031,
79,-1.051,-0.325,
80,-1.38,-0.504,
81,-1.059,1.515,
82,-0.991,-1.136,
83,-2.234,-0.162,
84,0.912,-0.108,
85,-1.139,-0.333,
86,-0.12,-0.433,
87,1.033,-0.311,
88,0.256,0.738,
89,0.294,0.155,
90,-0.012,0.374,
91,-0.238,1.769,
92,1.087,-1.507,
93,2.205,-0.29,
94,0.605,0.871,
95,0.059,2.326,
96,-1.696,1.556,
97,1.387,1.41,
98,0.41,-0.843,
99,-0.256,1.227,
100,-2.378,0.046,
101,0.433,0.581,
102,0.088,-1.287,
103,-0.569,-1.682,
104,-0.634,-0.504,
105,0.24,0.868,
106,-0.397,-1.049,
107,-0.429,0.557,
108,0.552,0.306,
109,-0.524,0.193,
110,-2.665,1.276,
111,-1.18,1.323,
112,-1.441,2.204,
113,1.14,-0.39,
114,-0.127,0.591,
115,-1.043,0.544,
116,-0.328,-0.823,
117,2.455,0.009,
118,0.352,-1.065,
119,-0.927,0.432,
120,0.224,-1.37,
121,-0.091,2.426,
122,-1.077,-0.029,
123,-0.888,-0.977,
124,-0.08,0.521,
125,-1.234,-0.285,
126,0.322,-0.709,
127,0.26,1.096,
128,-0.138,-0.263,
129,0.598,1.417,
130,-1.369,-1.391,
131,1.209,2.191,
132,-0.861,2.03,
133,-0.487,0.183,
134,-1.072,-0.795,
135,-1.476,0.344,
136,-2.34,-0.163,
137,-1.583,0.166,
138,-1.031,0.33,
139,0.703,-0.991,
140,0.137,0.317,
141,-0.338,-1.132,
142,-0.251,0.607,
143,-0.41,-0.425,
144,-0.08,1.015,
145,-0.33,-1.17,
146,-1.41,-1.029,
147,-2.345,-2.213,
148,-1.075,-0.116,
149,1.941,-0.694,
150,-0.197,-0.522,
151,-0.99,0.403,
152,-0.99,-0.548,
153,0.683,0.895,
154,1.373,0.27,
155,-0.438,-0.167,
156,-0.132,-0.379,
157,-0.424,-0.72,
158,-2.38,-0.974,
159,-0.176,-0.039,
160,0.608,-1.037,
161,-1.435,-0.358,
162,-0.849,-0.704,
163,1.276,-0.677,
