1,2.211,2.519,
2,0.277,-1.216,
3,0.264,1.217,
4,0.305,0.195,
5,0.607,-1.142,
6,-0.009,2.733,
7,0.568,0.081,
8,3.338,1.692,
9,1.253,0.628,
10,-0.255,-0.159,
11,-2.353,0.3,
12,1.667,-3.007,
13,-0.462,0.384,
14,-1.976,1.381,
15,-0.686,0.582,
16,0.088,3.233,
17,1.163,-0.335,
18,-0.259,1.386,
19,-2.372,0.306,
20,0.315,1.296,
21,0.043,-0.777,
22,1.001,1.306,
23,-1.144,-0.555,
24,-0.651,2.068,
25,-1.899,0.492,
26,1.562,1.616,
27,0.168,2.628,
28,-0.065,-0.663,
29,-0.521,-0.736,
30,0.11,-0.803,
31,-0.276,-0.832,
32,-0.354,-0.71,
33,1.725,-1.294,
34,-0.344,0.066,
35,-0.005,0.337,
36,0.129,0.988,
37,0.644,0.063,
38,-1.476,0.961,
39,0.696,1.045,
40,1.241,0.042,
41,2.009,-2.098,
42,-0.06,-3.175,
43,1.823,1.314,
44,1.382,-0.779,
45,-0.746,-0.762,
46,-2.271,2.502,
47,-1.781,-0.347,
48,-0.062,-0.704,
49,1.08,1.283,
50,1.547,0.248,
51,-0.552,-2.03,
52,0.402,-1.273,
53,0.815,1.255,
54,0.797,2.131,
55,0.062,-0.333,
56,-0.697,0.509,
57,0.321,-2.628,
58,-0.01,2.363,
59,-0.786,-0.83,
60,-2.889,1.454,
61,1.471,0.472,
62,0.563,-0.147,
63,1.567,1.29,
64,-0.247,-0.785,
65,-1.02,-1.993,
66,-2.091,-2.252,
67,-0.91,-0.198,
68,0.873,1.629,
69,-1.285,-0.485,
70,1.647,-3.291,
71,1.016,0.528,
72,-1.086,0.794,
73,-3.256,-1.032,
74,-0.37,-0.779,
75,0.146,0.182,
76,2.427,0.328,
77,1.875,0.481,
78,0.952,-1.201,
79,-1.104,-1.952,
80,-0.312,-1.13,
81,-0.288,1.909,
82,-0.267,-0.14,
83,-0.764,-2.865,
84,2.079,0.33,
85,-0.024,0.747,
86,0.725,1.439,
87,-0.955,-0.502,
88,-2.987,0.264,
89,1.891,-1.468,
90,0.047,0.018,
91,2.668,-0.81,
92,0.485,1.461,
93,-1.354,-1.257,
94,1.109,0.274,
95,-0.744,0.601,
96,-1.09,0.685,
97,0.617,-2.057,
98,-1.436,1.354,
99,-0.367,-0.958,
100,0.497,1.439,
101,-1.514,0.049,
102,-3.44,0.418,
103,1.974,-1.293,
104,0.173,1.254,
105,-0.09,0.53,
106,-0.293,-0.29,
107,-0.223,-0.943,
108,2.645,0.131,
109,0.528,-0.828,
110,-1.355,1.38,
111,-1.527,2.58,
112,-1.267,0.028,
113,-0.681,1.582,
114,-1.084,0.097,
115,-3.164,0.486,
116,-0.766,-0.763,
117,-1.869,-0.006,
118,-0.228,1.769,
119,0.451,-0.198,
120,2.921,0.295,
121,0.953,0.455,
122,0.934,0.803,
123,-0.883,0.516,
124,1.09,-0.611,
125,-0.738,1.759,
126,2.112,0.495,
127,0.047,-0.124,
128,2.053,-0.188,
129,0.805,-0.062,
130,1.287,1.343,
131,0.678,-0.093,
132,0.605,-0.823,
133,-0.338,0.789,
134,-0.172,0.725,
135,-2.32,-1.171,
136,-1.436,-0.725,
137,-0.574,1.511,
138,0.946,-1.271,
139,-1.387,1.804,
140,-0.435,-0.796,
141,-1.33,0.43,
142,-0.531,-1.81,
143,0.171,-0.888,
144,2.004,0.959,
145,0.264,-0.669,
146,0.407,-1.334,
147,-0.171,-0.672,
148,-1.579,-0.387,
149,0.262,-0.099,
150,-1.885,-2.237,
151,-0.47,-1.058,
152,0.364,0.869,
153,0.299,-2.516,
154,-0.214,-0.147,
155,-0.177,-0.168,
156,-1.379,-1.462,
157,-0.623,-1.859,
158,1.605,0.051,
159,0.666,1.018,
160,-0.054,-0.493,
161,1.157,-1.235,
162,-0.976,-2.184,
163,0.433,-0.435,
