1,2.227,2.243,
2,0.104,-1.736,
3,0.332,0.611,
4,0.449,-0.19,
5,0.74,-1.26,
6,-0.522,2.501,
7,0.315,0.199,
8,3.163,1.296,
9,1.032,0.495,
10,0.283,-0.15,
11,-1.796,0.238,
12,1.714,-2.552,
13,-0.301,0.17,
14,-2.076,1.033,
15,-0.563,0.634,
16,-0.319,2.286,
17,0.829,-0.404,
18,-0.109,0.73,
19,-1.791,-0.272,
20,0.763,0.922,
21,-0.04,-0.651,
22,1.226,0.925,
23,-0.905,-0.746,
24,-0.248,1.044,
25,-1.175,-0.325,
26,1.694,1.068,
27,0.181,1.854,
28,0.19,-0.344,
29,-0.32,-0.634,
30,0.325,-0.198,
31,-0.503,-0.467,
32,-0.141,-0.669,
33,1.434,-1.146,
34,-0.7,0.068,
35,0.246,0.33,
36,0.358,0.509,
37,0.412,-0.104,
38,-1.208,0.853,
39,0.722,1.003,
40,0.984,-0.026,
41,1.89,-1.707,
42,0.234,-2.502,
43,1.444,0.922,
44,1.359,-0.401,
45,-0.772,-0.377,
46,-1.272,1.923,
47,-1.295,0.029,
48,0.43,-0.675,
49,0.258,0.794,
50,1.393,-0.108,
51,-0.609,-1.953,
52,0.43,-0.674,
53,0.871,0.919,
54,0.717,1.414,
55,0.179,-0.582,
56,-0.211,0.613,
57,0.333,-2.203,
58,-0.077,1.568,
59,-0.148,-1.19,
60,-2.115,0.731,
61,1.906,0.202,
62,1.079,-0.415,
63,1.088,0.745,
64,-0.272,-0.759,
65,-0.469,-1.481,
66,-1.507,-1.913,
67,-0.739,-0.514,
68,1.188,1.289,
69,-0.899,-0.145,
70,0.957,-2.436,
71,1.462,0.073,
72,-0.558,0.541,
73,-2.687,-0.737,
74,0.091,-0.591,
75,-0.387,0.156,
76,2.132,0.177,
77,1.302,0.201,
78,0.74,-0.936,
79,-0.856,-1.284,
80,-0.22,-1.128,
81,-0.042,1.481,
82,-0.125,-0.415,
83,-0.647,-2.458,
84,1.736,0.062,
85,-0.262,0.377,
86,0.948,0.627,
87,-0.947,-0.62,
88,-2.887,0.012,
89,2.255,-1.159,
90,0.122,-0.14,
91,1.937,-0.644,
92,0.499,0.858,
93,-0.868,-0.841,
94,1.352,0.009,
95,-0.466,0.476,
96,-0.867,0.587,
97,0.719,-1.439,
98,-1.387,0.487,
99,-0.137,-0.712,
100,0.672,0.892,
101,-0.992,0.049,
102,-3.122,0.391,
103,1.12,-1.059,
104,0.113,0.797,
105,0.092,0.165,
106,-0.209,-0.44,
107,0.167,-0.809,
108,2.375,-0.35,
109,0.346,-1.083,
110,-1.017,0.855,
111,-1.086,1.976,
112,-1.023,0.037,
113,-0.447,1.048,
114,-0.529,-0.095,
115,-2.283,0.521,
116,-0.789,-0.689,
117,-1.062,-0.005,
118,-0.068,1.273,
119,0.439,-0.158,
120,2.162,0.427,
121,0.657,0.038,
122,0.858,0.518,
123,-0.162,0.05,
124,1.131,-0.759,
125,-0.718,0.884,
126,2.093,0.55,
127,0.32,-0.443,
128,1.39,-0.072,
129,0.742,-0.275,
130,1.118,0.876,
131,0.556,0.065,
132,0.257,-0.939,
133,-0.193,0.395,
134,0.154,0.422,
135,-1.978,-1.358,
136,-0.837,-0.568,
137,-0.184,1.222,
138,0.77,-1.095,
139,-1.513,1.803,
140,-0.291,-0.527,
141,-1.106,0.233,
142,-0.162,-1.481,
143,0.202,-0.743,
144,1.495,0.977,
145,0.193,-0.75,
146,0.363,-0.814,
147,0.082,-0.468,
148,-0.858,0.009,
149,0.476,-0.602,
150,-1.657,-1.905,
151,-0.104,-0.653,
152,0.213,0.629,
153,0.381,-2.131,
154,-0.205,-0.452,
155,-0.032,-0.107,
156,-1.048,-1.343,
157,-0.482,-2.057,
158,1.816,0.042,
159,0.356,1.303,
160,-0.074,-0.121,
161,1.431,-0.868,
162,-0.708,-1.305,
163,0.143,-0.556,
