1,1.611,2.083,
2,0.076,-0.948,
3,0.167,1.082,
4,0.252,0.223,
5,0.201,-0.711,
6,0.065,2.784,
7,0.69,0.273,
8,2.323,1.382,
9,0.75,0.9,
10,-0.045,-0.119,
11,-1.979,0.193,
12,1.639,-2.244,
13,-0.472,0.046,
14,-1.478,1.241,
15,-0.458,0.802,
16,-0.094,2.566,
17,0.454,-0.14,
18,-0.527,1.074,
19,-1.966,0.208,
20,-0.227,1.778,
21,0.148,-0.581,
22,0.988,0.999,
23,-0.941,-0.554,
24,-0.54,1.611,
25,-0.935,0.34,
26,1.134,0.837,
27,0.17,1.492,
28,0.066,-0.29,
29,-0.372,-0.222,
30,0.208,-0.411,
31,-0.217,-0.556,
32,-0.192,-0.457,
33,1.458,-1.428,
34,-0.044,0.124,
35,0.041,0.168,
36,0.132,0.77,
37,0.438,0.154,
38,-1.179,0.727,
39,0.795,0.91,
40,0.672,-0.128,
41,1.375,-1.442,
42,-0.065,-2.691,
43,1.348,0.931,
44,0.993,-0.534,
45,-0.697,-0.372,
46,-1.341,1.845,
47,-1.336,-0.349,
48,-0.098,-0.373,
49,0.853,1.404,
50,1.224,-0.169,
51,-0.827,-1.75,
52,0.405,-0.954,
53,0.787,1.259,
54,0.397,1.353,
55,-0.157,0.085,
56,-0.55,0.669,
57,0.081,-1.973,
58,-0.01,1.936,
59,-0.418,-0.691,
60,-2.453,1.281,
61,1.147,0.67,
62,0.398,-0.007,
63,1.027,1.122,
64,-0.059,-0.586,
65,-0.913,-1.398,
66,-2.116,-1.862,
67,-0.737,-0.289,
68,1.12,1.408,
69,-0.573,-0.251,
70,1.13,-2.72,
71,0.818,0.239,
72,-0.947,0.451,
73,-2.332,-0.45,
74,-0.1,-0.408,
75,0.472,0.239,
76,1.972,0.413,
77,0.961,0.306,
78,0.664,-0.515,
79,-0.884,-1.649,
80,-0.098,-0.153,
81,-0.501,1.683,
82,-0.42,0.012,
83,0.033,-1.832,
84,1.558,0.453,
85,-0.552,0.527,
86,0.372,1.073,
87,-0.44,-0.295,
88,-1.91,0.156,
89,1.024,-0.917,
90,-0.32,0.268,
91,1.957,-0.219,
92,0.284,1.398,
93,-1.048,-0.761,
94,0.726,-0.047,
95,-0.599,0.559,
96,-0.6,0.781,
97,0.656,-1.504,
98,-1.103,1.253,
99,-0.372,-0.732,
100,0.122,0.848,
101,-0.995,-0.081,
102,-3.105,0.405,
103,1.328,-1.158,
104,-0.097,1.079,
105,0.017,0.448,
106,-0.496,-0.59,
107,-0.633,-0.63,
108,2.3,0.036,
109,0.187,-0.962,
110,-0.639,1.069,
111,-1.119,2.078,
112,-0.835,0.017,
113,-0.456,1.18,
114,-0.663,0.1,
115,-2.366,0.422,
116,-0.365,-0.353,
117,-1.674,0.003,
118,-0.28,1.386,
119,0.186,-0.141,
120,2.121,0.135,
121,0.733,0.24,
122,0.711,0.455,
123,-0.28,0.657,
124,0.649,-0.165,
125,-0.327,1.417,
126,1.663,0.58,
127,0.005,-0.146,
128,1.65,-0.09,
129,0.613,0.072,
130,1.159,1.246,
131,0.534,-0.325,
132,0.233,-0.595,
133,-0.327,0.651,
134,0.007,0.505,
135,-1.681,-0.973,
136,-1.046,-0.582,
137,-0.416,1.338,
138,0.715,-1.055,
139,-1.031,1.663,
140,-0.568,-0.524,
141,-1.337,0.494,
142,-0.237,-1.42,
143,0.417,-0.526,
144,1.792,0.802,
145,0.215,-0.342,
146,0.309,-1.067,
147,-0.127,-0.326,
148,-1.261,-0.374,
149,0.435,-0.239,
150,-1.403,-1.982,
151,-0.657,-0.42,
152,0.356,0.617,
153,0.259,-2.223,
154,-0.219,-0.011,
155,0.035,-0.156,
156,-1.051,-1.083,
157,-0.623,-1.372,
158,1.227,-0.202,
159,0.329,0.995,
160,-0.18,-0.116,
161,1.193,-1.013,
162,-0.922,-1.409,
163,0.062,-0.487,
