1,0.789,0.919,
2,0.342,-0.972,
3,0.42,-0.312,
4,0.544,-0.471,
5,0.938,-0.278,
6,-1.151,0.858,
7,0.263,0.194,
8,1.816,0.176,
9,0.384,-0.752,
10,0.414,0.027,
11,0.17,0.31,
12,0.992,-1.446,
13,0.909,-0.202,
14,-0.676,0.61,
15,-0.428,-0.181,
16,0.725,0.197,
17,1.033,-0.364,
18,0.452,-0.359,
19,-0.45,-0.314,
20,1.07,-0.89,
21,0.193,-0.654,
22,0.879,0.763,
23,-0.203,-0.96,
24,0.021,-0.217,
25,-0.435,-0.837,
26,1.637,1.039,
27,0.349,1.215,
28,0.363,-0.226,
29,-0.12,-0.444,
30,0.227,-0.044,
31,-0.048,0.138,
32,0.291,-0.79,
33,0.39,-0.434,
34,-0.802,-0.362,
35,0.631,0.502,
36,0.291,0.147,
37,0.588,-0.423,
38,-0.29,0.357,
39,0.618,0.415,
40,1.004,-0.247,
41,1.488,-0.951,
42,0.867,-1.05,
43,0.809,0.026,
44,1.322,-0.115,
45,-0.449,-0.349,
46,0.085,0.493,
47,-0.499,0.426,
48,0.96,-0.862,
49,0.46,-0.614,
50,0.951,-0.261,
51,0.206,-1.156,
52,0.42,-0.248,
53,0.396,-0.809,
54,0.625,0.456,
55,0.596,-1.588,
56,0.345,0.176,
57,0.887,-1.229,
58,0.038,0.304,
59,-0.186,-1.008,
60,-0.178,-0.43,
61,0.668,-0.204,
62,1.436,-0.436,
63,0.945,-0.162,
64,-0.303,-0.829,
65,0.359,-0.852,
66,0.338,-0.278,
67,-0.45,-0.653,
68,0.795,0.298,
69,0.168,0.385,
70,0.368,-0.8,
71,0.734,-0.478,
72,0.416,0.133,
73,-1.066,-0.579,
74,0.438,-0.46,
75,-0.887,-0.438,
76,1.005,0.739,
77,1.076,-0.131,
78,0.399,-0.795,
79,-0.346,-0.316,
80,-0.256,-1.841,
81,0.59,0.018,
82,0.402,-0.755,
83,-0.382,-1.796,
84,0.506,-0.218,
85,0.51,0.054,
86,0.799,-0.297,
87,-0.674,-0.863,
88,-0.923,-0.366,
89,1.96,-0.73,
90,0.392,-0.664,
91,1.226,-0.534,
92,0.497,-0.599,
93,-0.049,-0.136,
94,1.109,0.318,
95,0.34,-0.339,
96,0.028,-0.652,
97,0.699,-0.592,
98,-0.82,-1.038,
99,0.442,-0.538,
100,1.022,-0.248,
101,0.136,0.132,
102,-0.823,-0.328,
103,0.977,-0.274,
104,0.597,-0.086,
105,0.423,-0.308,
106,0.374,-0.16,
107,1.365,-0.091,
108,0.893,-0.916,
109,0.569,-0.591,
110,0.31,-0.577,
111,0.091,0.528,
112,-0.741,-0.2,
113,0.012,0.192,
114,-0.052,-0.59,
115,-0.849,-1.016,
116,-0.593,-1.066,
117,0.914,-0.277,
118,0.252,0.432,
119,0.786,-0.162,
120,1.251,0.302,
121,0.173,-0.8,
122,0.995,0.276,
123,0.226,-1.011,
124,1.295,-1.218,
125,-0.444,-0.498,
126,1.154,-0.446,
127,0.604,-0.881,
128,0.487,-0.096,
129,0.999,-0.701,
130,0.788,-0.254,
131,0.926,0.544,
132,0.298,-0.853,
133,0.083,-0.307,
134,0.365,-0.143,
135,-0.727,-1.157,
136,0.093,-0.622,
137,0.144,0.156,
138,0.369,-0.689,
139,-0.452,-0.311,
140,0.461,-0.518,
141,0.008,-0.591,
142,0.347,-0.793,
143,0.147,-0.617,
144,0.331,0.137,
145,0.389,-1.287,
146,0.567,-0.552,
147,0.342,-0.635,
148,-0.198,-0.525,
149,0.423,-1.886,
150,-0.746,-0.384,
151,1.132,-0.593,
152,0.011,0.281,
153,0.515,-1.126,
154,0.089,-0.93,
155,-0.06,-0.214,
156,-0.507,-0.464,
157,0.08,-1.041,
158,1.768,0.006,
159,0.624,0.118,
160,0.202,-0.366,
161,1.328,-0.584,
162,0.211,-1.039,
163,0.568,-1.327,
