1,0.806,1.296,
2,-0.446,-0.809,
3,-2.352,-1.656,
4,0.211,0.329,
5,-1.217,-0.405,
6,-2.756,0.181,
7,-1.501,1.52,
8,-1.297,0.469,
9,-2.813,1.085,
10,-0.308,0.608,
11,-0.417,1.427,
12,1.571,-0.679,
13,0.245,-0.057,
14,-1.183,1.061,
15,-3.166,-0.389,
16,1.07,0.619,
17,-0.874,0.289,
18,0.742,1.185,
19,-0.022,0.547,
20,-0.282,0.89,
21,1.736,-1.084,
22,-0.111,-0.706,
23,-1.222,-1.117,
24,-1.296,0.977,
25,-0.917,-0.703,
26,-0.216,0.316,
27,-1.582,0.372,
28,0.511,0.272,
29,-0.381,0.285,
30,-0.324,0.537,
31,1.038,-0.05,
32,0.331,-0.147,
33,-1.306,0.342,
34,0.644,0.642,
35,-0.073,0.466,
36,-1.978,0.668,
37,-0.227,0.139,
38,0.563,-0.436,
39,0.544,1.269,
40,-0.556,-0.362,
41,-1.367,-1.071,
42,0.284,-0.875,
43,0.195,0.208,
44,0.433,0.623,
45,-0.22,-0.08,
46,0.588,0.368,
47,-0.059,0.328,
48,0.085,-0.324,
49,-1.194,-0.747,
50,1.015,0.013,
51,-0.803,-0.648,
52,0.077,0.213,
53,-0.347,0.563,
54,-0.807,-0.854,
55,0.551,0.136,
56,0.181,1.548,
57,1.089,1.461,
58,-0.73,0.415,
59,-1.35,1.069,
60,0.947,-0.008,
61,-1.041,1.831,
62,1.389,-1.236,
63,0.714,-1.064,
64,-0.043,0.035,
65,-0.233,-0.354,
66,0.574,0.048,
67,-1.222,0.407,
68,0.505,0.485,
69,0.126,1.094,
70,0.888,-0.456,
71,-0.42,0.244,
72,-1.291,0.78,
73,-0.702,-0.546,
74,-0.537,-0.295,
75,-2.654,0.371,
76,0.793,-0.252,
77,0.031,-0.404,
78,1.036,1.064,
79,-0.232,0.002,
80,-1.358,1.807,
81,0.204,-0.113,
82,-1.458,0.526,
83,0.339,0.268,
84,-0.032,0.242,
85,0.238,0.883,
86,-0.29,-0.553,
87,-0.318,-0.493,
88,-1.18,1.35,
89,0.27,0.075,
90,-1.162,0.07,
91,-0.066,1.135,
92,-0.653,0.406,
93,0.307,1.27,
94,-1.001,-0.252,
95,-1.307,-1.035,
96,0.393,-0.453,
97,-0.249,-0.209,
98,-0.193,0.217,
99,-0.167,-0.526,
100,0.24,0.745,
101,-0.343,0.082,
102,-2.06,0.347,
103,1.006,0.263,
104,-0.136,0.102,
105,-0.723,1.624,
106,0.226,0.005,
107,1.496,0.46,
108,0.119,0.084,
109,-1.159,-1.072,
110,-0.119,0.476,
111,0.478,-1.688,
112,-0.763,1.337,
113,-0.988,-0.588,
114,0.987,-0.11,
115,-0.417,-0.324,
116,0.274,1.233,
117,-1.4,-1.159,
118,-0.18,-0.175,
119,0.76,0.654,
120,-0.828,-0.156,
121,-0.092,-1.194,
122,-0.941,-0.712,
123,-1.697,1.364,
124,-0.759,-0.584,
125,0.048,0.86,
126,-1.651,0.433,
127,0.019,-0.784,
128,-0.143,0.215,
129,0.794,0.254,
130,1.083,-1.524,
131,-0.073,1.002,
132,-0.139,1.072,
133,-0.706,0.692,
134,-2.08,-1.292,
135,-0.246,-1.858,
136,0.303,-1.039,
137,0.054,0.29,
138,1.986,0.329,
139,-0.909,0.006,
140,-0.438,-0.321,
141,-0.305,1.147,
142,1.484,-0.322,
143,0.377,1.599,
144,0.192,-0.258,
145,0.682,-0.824,
146,-1.04,0.688,
147,0.506,-0.296,
148,0.313,-0.241,
149,1.166,-1.651,
150,0.361,-0.426,
151,1.118,0.527,
152,0.469,-0.264,
153,-0.299,-0.297,
154,-0.63,2.145,
155,0.126,-0.317,
156,-1.959,-0.829,
157,-0.018,0.073,
158,0.707,-1.973,
159,0.2,-0.569,
160,-0.089,0.095,
161,0.088,0.165,
162,-0.254,-0.141,
163,-0.133,-2.129,
