1,0.809,2.002,
2,-0.141,-0.326,
3,-1.747,-0.476,
4,-0.084,0.76,
5,-0.942,0.373,
6,-2.825,0.6,
7,-1.245,2.636,
8,-0.809,0.252,
9,-1.082,0.618,
10,-0.805,0.679,
11,0.637,1.664,
12,0.866,-0.91,
13,0.258,0.588,
14,-1.896,0.871,
15,-2.623,-0.086,
16,0.422,1.251,
17,-1.731,0.606,
18,0.402,0.9,
19,-0.098,0.861,
20,-0.086,0.748,
21,1.09,-0.436,
22,-0.288,-0.16,
23,-0.746,-0.393,
24,-1.002,0.332,
25,-1.357,0.254,
26,-0.564,0.604,
27,-1.23,0.214,
28,1.099,0.723,
29,-0.201,0.326,
30,-0.081,1.769,
31,0.144,1.151,
32,-0.023,0.077,
33,-1.266,1.082,
34,-0.198,0.693,
35,-0.341,1.548,
36,-1.522,1.086,
37,-0.382,0.229,
38,0.239,-0.14,
39,-0.263,2.725,
40,-0.979,0.08,
41,-0.63,-0.236,
42,1.111,-0.638,
43,0.132,0.298,
44,0.145,2,
45,-0.663,0.338,
46,0.02,1.14,
47,-0.609,0.387,
48,0.576,-0.187,
49,-0.797,-0.774,
50,-0.007,-0.249,
51,-0.485,0.516,
52,-0.09,0.587,
53,-0.235,0.103,
54,-0.991,0.199,
55,0.191,-0.196,
56,-0.296,0.852,
57,0.809,0.897,
58,-0.643,0.73,
59,-1.982,1.054,
60,0.017,-0.157,
61,-0.927,2.079,
62,0.884,-0.248,
63,-0.298,0.134,
64,-0.599,-0.535,
65,-0.278,-0.124,
66,0.579,0.82,
67,-1.521,0.137,
68,-0.85,0.963,
69,-0.374,1.153,
70,0.365,0.297,
71,-0.543,0.852,
72,-0.968,1.407,
73,-0.791,0.162,
74,-0.396,0.466,
75,-1.867,2.218,
76,0.064,0.58,
77,-0.383,-0.175,
78,0.945,1.153,
79,-0.944,0.242,
80,-0.823,1.033,
81,0.758,0.376,
82,-1.014,0.368,
83,0.413,0.255,
84,-0.811,0.497,
85,0.258,1.211,
86,-1.481,0.429,
87,-0.661,-0.782,
88,0.209,1.084,
89,0.962,0.134,
90,-0.781,0.691,
91,-0.472,0.582,
92,-1.026,0.522,
93,0.906,1.716,
94,-0.84,0.459,
95,-0.567,-0.008,
96,0.481,-0.781,
97,0.344,0.437,
98,-1.276,0.374,
99,-0.624,-0.079,
100,-0.748,1.001,
101,0.029,0.988,
102,-1.301,0.118,
103,0.292,0.32,
104,-0.391,0.264,
105,-0.14,1.382,
106,-0.201,1.044,
107,1.368,1.662,
108,0.084,0.803,
109,-0.93,-0.216,
110,0.186,0.733,
111,-0.027,-0.576,
112,-1.269,1.067,
113,-1.035,0.259,
114,0.129,0.194,
115,-0.105,-0.865,
116,0.37,1.075,
117,-0.726,-0.145,
118,-0.151,0.823,
119,0.633,0.919,
120,0.166,0.214,
121,-0.267,-0.104,
122,-0.25,0.303,
123,-1.333,0.382,
124,-0.746,-0.411,
125,-0.35,0.852,
126,-0.784,0.914,
127,0.168,-0.687,
128,-0.311,0.617,
129,0.157,0.545,
130,1.145,-0.273,
131,-0.643,2.012,
132,-0.601,0.956,
133,-0.502,1.242,
134,-1.228,-0.222,
135,-1.372,-1.055,
136,-0.042,-0.367,
137,-0.539,0.947,
138,0.589,0.884,
139,-0.688,-0.008,
140,-0.29,-0.432,
141,-0.436,-0.128,
142,0.094,-0.391,
143,-0.641,2.008,
144,-0.556,0.445,
145,-0.301,-0.758,
146,-0.369,1.03,
147,-0.127,0.338,
148,-0.292,-0.043,
149,0.647,-2.372,
150,-0.546,0.312,
151,1.374,0.669,
152,-0.157,0.633,
153,-0.355,0.244,
154,-1.061,1.812,
155,-0.667,0.169,
156,-1.62,-0.295,
157,0.015,0.055,
158,0.682,-0.459,
159,0.355,-0.404,
160,-0.523,0.45,
161,0.117,0.906,
162,-0.706,0.679,
163,0.066,-1.249,
