1,-0.922,-1.421,
2,-0.71,-0.572,
3,0.43,-1.37,
4,-0.929,0.342,
5,0.23,-0.661,
6,0.192,-0.176,
7,0.283,-0.793,
8,-0.367,-1.216,
9,2.17,0.245,
10,0.053,-0.283,
11,-0.12,-1.047,
12,0.618,0.153,
13,0.179,0.493,
14,-0.342,-0.249,
15,-0.589,-0.164,
16,0.775,-0.268,
17,-0.529,-1.591,
18,0.493,-0.037,
19,-0.295,0.476,
20,-0.006,0.203,
21,-0.027,-0.385,
22,0.14,0.101,
23,0.015,-1.719,
24,0.315,-1.106,
25,0.377,-1.004,
26,-2.231,-1.526,
27,-1.446,-0.774,
28,1.165,-0.336,
29,0.622,0.916,
30,1.215,-0.001,
31,-0.435,-1.034,
32,0.564,-0.523,
33,-1.451,-0.811,
34,0.282,-2.027,
35,-0.18,-0.336,
36,0.785,0.107,
37,1.155,0.498,
38,0.935,-0.57,
39,0.074,-0.356,
40,1.117,-0.703,
41,0.64,1.147,
42,0.018,1.127,
43,0.371,1.354,
44,-0.282,-1.183,
45,-0.33,-0.212,
46,-0.8,0.115,
47,0.092,0.842,
48,-0.572,-0.778,
49,0.296,-1.05,
50,0.883,0.253,
51,-0.527,-1.39,
52,-0.924,0.687,
53,-0.9,1.417,
54,-1.282,-0.189,
55,-0.945,-0.107,
56,-0.705,-0.002,
57,0.349,-0.21,
58,-1.688,0.027,
59,-0.058,-0.965,
60,0.171,-0.249,
61,-1.043,-0.041,
62,-0.247,-0.588,
63,1.516,1.275,
64,-0.255,0.68,
65,0.556,0.101,
66,1.104,0.152,
67,0.462,0.86,
68,0.209,-0.43,
69,0.003,-0.082,
70,1.348,-0.657,
71,1.045,-0.653,
72,0.088,-1.521,
73,1.78,-0.226,
74,1.58,-0.329,
75,1.231,0.745,
76,-0.135,-1.745,
77,0.302,1.825,
78,0.482,0.878,
79,0.933,0.794,
80,0.737,0.58,
81,-0.882,-0.801,
82,-0.147,0.955,
83,0.153,0.102,
84,0.08,0.161,
85,0.789,-0.174,
86,1.262,-0.061,
87,-0.003,-0.422,
88,0.606,0.64,
89,-2.442,0.115,
90,-0.854,0.62,
91,-0.563,-0.124,
92,-0.202,-0.039,
93,1.287,1.411,
94,-0.832,2.159,
95,1.571,-0.494,
96,-0.165,-0.988,
97,-0.803,-0.231,
98,-0.257,-2.04,
99,0.648,-0.228,
100,0.335,-1.524,
101,-0.074,-0.403,
102,-0.025,-1.181,
103,-0.15,-1.419,
104,0.605,-0.794,
105,-1.231,0.568,
106,0.819,-0.6,
107,-0.403,-0.039,
108,0.694,-1.052,
109,0.518,-1.868,
110,-1.37,-2.744,
111,0.28,0.148,
112,1.731,-0.342,
113,0.372,-0.321,
114,-0.032,-0.244,
115,0.058,-0.433,
116,-0.211,-0.557,
117,1.923,-0.051,
118,0.296,-0.13,
119,0.433,-0.535,
120,-0.22,0.035,
121,0.049,-0.052,
122,0.292,0.063,
123,0.128,-0.892,
124,-1.097,-1.011,
125,0.348,0.13,
126,0.367,-0.358,
127,0.756,-0.707,
128,-0.494,0.271,
129,-0.007,-0.077,
130,-0.47,-0.038,
131,0.774,-0.442,
132,0.174,1.087,
133,0.077,-1.165,
134,-0.396,0.499,
135,-1.261,-0.691,
136,0.07,-0.512,
137,1.298,0.325,
138,-0.242,-0.006,
139,-0.666,0.466,
140,-1.006,-0.617,
141,-0.523,-0.168,
142,0.968,-0.899,
143,-0.142,0.013,
144,0.212,-0.98,
145,-0.89,0.501,
146,-0.132,0.192,
147,-0.057,-0.051,
148,-1.83,-0.318,
149,-0.267,-0.317,
150,0.281,-2.152,
151,-0.316,0.137,
152,0.102,-0.815,
153,0.316,-0.032,
154,-1.541,0.514,
155,-0.577,-0.864,
156,1.008,0.607,
157,0.817,0.289,
158,-0.283,0.084,
159,0.262,0.88,
160,-0.995,-0.154,
161,-0.5,0.061,
162,1.283,0.879,
163,0.658,-0.235,
