1,0.908,1.975,
2,-0.291,-1.083,
3,-2.413,-1.451,
4,0.091,0.554,
5,-1.491,-0.297,
6,-3.627,0.499,
7,-1.626,2.451,
8,-1.3,0.518,
9,-1.969,1.17,
10,-0.672,0.612,
11,0.718,1.762,
12,1.365,-1.13,
13,0.182,0.375,
14,-1.955,1.314,
15,-3.841,-0.465,
16,0.697,1.327,
17,-1.444,0.475,
18,0.725,1.147,
19,0.066,0.93,
20,-0.335,0.916,
21,1.82,-1.345,
22,-0.264,-0.519,
23,-1.264,-0.68,
24,-1.383,0.608,
25,-1.057,-0.649,
26,-0.623,0.478,
27,-1.812,0.3,
28,1.197,0.712,
29,-0.22,0.569,
30,-0.313,1.402,
31,0.674,0.679,
32,0.143,-0.018,
33,-1.501,1.057,
34,0.3,0.88,
35,-0.22,1.191,
36,-2.095,0.955,
37,-0.585,0.17,
38,0.608,-0.233,
39,0,3.011,
40,-0.985,-0.105,
41,-1.198,-0.846,
42,1.143,-1.078,
43,0.211,0.264,
44,0.269,1.675,
45,-0.582,0.154,
46,0.189,1,
47,-0.366,0.686,
48,0.48,-0.401,
49,-1.44,-1.25,
50,0.589,-0.197,
51,-0.679,0.354,
52,0.017,0.532,
53,-0.425,0.368,
54,-1.268,-0.768,
55,0.536,-0.051,
56,-0.106,1.591,
57,1.164,1.323,
58,-0.809,0.654,
59,-2.455,1.444,
60,0.641,-0.242,
61,-1.17,2.425,
62,1.284,-1.118,
63,0.128,-0.506,
64,-0.367,-0.361,
65,-0.323,-0.356,
66,0.501,0.445,
67,-1.64,0.239,
68,-0.634,1.161,
69,-0.329,1.145,
70,0.772,-0.033,
71,-0.36,0.35,
72,-1.419,1.35,
73,-0.936,-0.349,
74,-0.821,0.154,
75,-2.866,1.472,
76,0.495,0.077,
77,-0.236,-0.374,
78,1.527,1.352,
79,-0.614,0.113,
80,-1.239,1.593,
81,0.764,0.108,
82,-1.357,0.542,
83,0.438,0.192,
84,-0.768,0.463,
85,0.396,1.268,
86,-1.275,-0.097,
87,-0.645,-0.78,
88,-0.469,1.839,
89,0.519,0.257,
90,-1.063,0.504,
91,-0.502,0.85,
92,-1.003,0.557,
93,0.959,1.747,
94,-1.107,0.074,
95,-0.769,-0.646,
96,0.461,-0.985,
97,0.127,0.203,
98,-0.834,0.336,
99,-0.619,-0.374,
100,-0.435,1.25,
101,-0.128,0.671,
102,-2.164,0.346,
103,0.536,0.549,
104,-0.284,0.174,
105,-0.452,1.908,
106,0.078,0.828,
107,1.985,1.263,
108,0.171,0.578,
109,-1.218,-0.639,
110,0.009,0.825,
111,-0.037,-1.588,
112,-1.196,1.503,
113,-1.413,-0.095,
114,0.632,0.064,
115,0.012,-0.796,
116,0.505,1.42,
117,-1.42,-0.785,
118,-0.239,0.514,
119,0.85,0.878,
120,-0.209,0.091,
121,-0.155,-0.658,
122,-1.206,-0.172,
123,-1.804,1.078,
124,-1.022,-0.765,
125,-0.248,1.251,
126,-1.746,0.904,
127,0.298,-1.048,
128,-0.325,0.482,
129,0.463,0.495,
130,1.444,-1.05,
131,-0.699,2.03,
132,-0.392,1.195,
133,-0.617,1.281,
134,-1.904,-1,
135,-1.011,-1.631,
136,0.282,-0.794,
137,-0.309,0.745,
138,1.512,0.733,
139,-1.033,0.241,
140,-0.209,-0.958,
141,-0.43,0.52,
142,0.854,-0.436,
143,-0.285,2.331,
144,-0.35,0.346,
145,-0.034,-1.007,
146,-0.852,0.882,
147,0.221,0.017,
148,0.234,-0.029,
149,1.283,-2.561,
150,-0.044,0.08,
151,1.536,0.658,
152,0.189,0.207,
153,-0.41,0.086,
154,-1.008,2.465,
155,-0.432,-0.139,
156,-2.157,-0.776,
157,0.334,-0.018,
158,0.812,-1.636,
159,0.473,-0.33,
160,-0.368,0.36,
161,0.132,0.833,
162,-0.821,0.749,
163,-0.383,-2.211,
