1,-0.505,-1.33,
2,-0.238,-1.248,
3,-0.273,-1.696,
4,-1.025,-0.35,
5,0.277,-0.43,
6,-0.697,-0.363,
7,-0.009,-0.534,
8,-0.182,-1.513,
9,0.293,-0.656,
10,-0.955,-0.217,
11,0.247,-0.971,
12,0.521,-0.467,
13,0.132,0.253,
14,-0.874,-0.597,
15,-0.719,-0.665,
16,-0.078,-0.687,
17,-1.353,-2.14,
18,0.155,-1.021,
19,0.281,-0.339,
20,0.08,-0.316,
21,-0.147,-1.212,
22,-0.109,-0.46,
23,-0.647,-1.488,
24,1.044,-1.485,
25,-0.194,-0.866,
26,-1.233,-0.765,
27,-0.404,-0.949,
28,0.824,-0.617,
29,0.647,-0.06,
30,1.61,-0.283,
31,-0.279,-0.881,
32,0.385,-0.901,
33,-1.445,-1.474,
34,-0.413,-1.959,
35,0.034,-0.722,
36,0.115,-0.286,
37,0.328,-0.279,
38,0.497,-0.898,
39,-0.615,-0.698,
40,0.368,-1.605,
41,0.394,0.208,
42,-0.17,0.656,
43,-0.12,0.766,
44,-0.666,-0.947,
45,-0.159,-0.874,
46,-0.8,-0.283,
47,-0.415,-0.536,
48,0.085,-0.458,
49,-0.009,-1.143,
50,-0.269,-0.856,
51,-0.215,-1.188,
52,-0.563,-0.412,
53,-0.601,0.186,
54,-0.865,-0.281,
55,-1.208,-1.163,
56,-0.298,-0.45,
57,0.067,-0.851,
58,-0.884,-0.419,
59,-0.389,-1.325,
60,-0.005,-0.836,
61,-0.754,-0.311,
62,-0.049,-0.708,
63,0.716,-0.089,
64,-0.897,-0.702,
65,0.636,-0.753,
66,0.567,-0.216,
67,-1.344,0.249,
68,-0.191,-0.732,
69,-0.334,-0.163,
70,0.522,-0.555,
71,0.131,-0.97,
72,-0.09,-1.219,
73,0.499,-0.869,
74,0.572,-0.692,
75,1.124,-0.316,
76,-0.839,-1.141,
77,0.077,-0.103,
78,-0.178,0.894,
79,-0.379,-0.247,
80,0.963,-0.909,
81,-0.738,-1.01,
82,-0.302,0.303,
83,-0.027,-0.38,
84,-0.305,-0.519,
85,0.528,-0.775,
86,0.368,0.375,
87,-0.243,-0.907,
88,0.547,0.195,
89,-1.041,-0.704,
90,-0.544,-0.382,
91,-1.167,-0.422,
92,-0.508,-0.507,
93,0.219,0.432,
94,-0.647,1.13,
95,0.686,-0.846,
96,-0.357,-0.999,
97,-0.621,-0.625,
98,-0.917,-1.885,
99,-0.31,-0.779,
100,-0.308,-1.563,
101,-0.042,-0.353,
102,-0.338,-1.247,
103,-0.453,-1.145,
104,-0.692,-0.482,
105,-1.215,-0.789,
106,0.481,-0.197,
107,-0.284,0.254,
108,-0.382,-1.115,
109,0.151,-1.696,
110,-0.479,-1.463,
111,-0.091,0.334,
112,-0.136,-1.366,
113,0.083,-0.844,
114,-0.117,-0.967,
115,-0.34,-1.954,
116,0.05,-1.224,
117,0.968,-0.663,
118,0.296,-0.723,
119,0.378,-1.128,
120,-0.141,-0.538,
121,-0.106,-0.627,
122,0.239,-0.275,
123,-0.319,-1.5,
124,-0.476,-1.22,
125,-0.329,-0.887,
126,0.3,-0.391,
127,0.345,-1.597,
128,-0.073,-0.594,
129,-0.453,-0.568,
130,-0.492,-0.348,
131,-0.084,-0.137,
132,0.154,0.674,
133,-0.595,-0.648,
134,-0.176,-0.646,
135,-1.381,-1.292,
136,-0.316,-0.78,
137,0.638,-0.164,
138,-0.399,-0.431,
139,-1.038,-0.844,
140,-0.483,-1.151,
141,-1.031,-1.074,
142,0.22,-1.401,
143,-0.423,0.04,
144,-0.752,-0.977,
145,-0.862,-0.962,
146,0.417,0.315,
147,-0.101,-0.805,
148,-1.158,-0.31,
149,-0.483,-1.357,
150,-1.61,-2.686,
151,0.135,-0.189,
152,-1.491,-0.515,
153,0.174,-0.716,
154,-1.082,-0.243,
155,-0.855,-1.176,
156,0.447,-0.195,
157,-0.374,-0.692,
158,-0.212,-0.523,
159,-0.243,-0.219,
160,-1.15,-0.434,
161,-0.571,-0.292,
162,0.34,0.182,
163,0.843,-0.823,
