1,0.57,0.9,
2,-0.18,-0.439,
3,-1.94,-1.147,
4,0.109,0.426,
5,-1.148,-0.103,
6,-2.529,-0.144,
7,-1.634,1.25,
8,-1.392,0.236,
9,-2.473,0.81,
10,-0.309,0.426,
11,-0.412,1.28,
12,1.387,-0.609,
13,0.333,-0.051,
14,-0.823,0.819,
15,-2.778,-0.684,
16,1.179,0.664,
17,-0.686,0.263,
18,0.51,0.943,
19,0.039,0.52,
20,-0.194,0.901,
21,1.522,-0.829,
22,-0.197,-0.597,
23,-0.929,-1.204,
24,-1.159,0.802,
25,-1.098,-0.144,
26,0.163,0.53,
27,-1.442,0.413,
28,0.513,0.323,
29,-0.262,0.282,
30,-0.228,0.534,
31,0.963,-0.08,
32,0.245,-0.071,
33,-1.118,0.254,
34,0.55,0.622,
35,0.12,0.33,
36,-1.648,0.717,
37,-0.071,0.185,
38,0.522,-0.528,
39,0.579,1.188,
40,-0.439,-0.279,
41,-1.181,-0.94,
42,0.17,-0.681,
43,0.305,0.061,
44,0.421,0.603,
45,-0.16,0.017,
46,0.549,0.388,
47,-0.065,0.165,
48,-0.199,-0.241,
49,-0.693,-0.718,
50,0.742,-0.021,
51,-0.693,-0.58,
52,0.096,0.168,
53,-0.294,0.56,
54,-0.726,-0.781,
55,0.466,0.072,
56,0.166,1.304,
57,0.971,1.494,
58,-0.735,0.442,
59,-1,0.779,
60,1.022,-0.003,
61,-0.97,1.738,
62,0.826,-1.054,
63,0.497,-0.932,
64,0.044,0.084,
65,-0.132,-0.312,
66,0.533,0.163,
67,-1.145,0.355,
68,0.602,0.517,
69,0.105,1.046,
70,0.793,-0.398,
71,-0.47,0.302,
72,-1.266,0.713,
73,-0.686,-0.492,
74,-0.098,-0.17,
75,-2.094,0.162,
76,0.444,-0.317,
77,-0.154,-0.305,
78,1.019,0.964,
79,-0.233,0.029,
80,-1.326,1.767,
81,0.291,-0.006,
82,-1.329,0.468,
83,0.265,0.176,
84,0.089,0.275,
85,0.06,0.76,
86,-0.319,-0.553,
87,-0.076,-0.386,
88,-0.791,1.344,
89,-0.509,0.099,
90,-0.951,0.087,
91,-0.052,1.037,
92,-0.483,0.368,
93,0.3,1.226,
94,-0.985,-0.239,
95,-1.116,-1.065,
96,0.495,-0.487,
97,-0.231,-0.224,
98,-0.181,0.242,
99,-0.203,-0.444,
100,0.208,0.598,
101,-0.084,0.065,
102,-1.552,0.314,
103,1.531,0.439,
104,-0.189,0.183,
105,-0.675,1.484,
106,0.224,-0.1,
107,1.254,0.469,
108,0.134,0.014,
109,-1.06,-0.917,
110,-0.103,0.363,
111,0.433,-1.649,
112,-0.776,1.219,
113,-0.894,-0.588,
114,0.885,-0.039,
115,-0.995,-0.292,
116,0.461,1.02,
117,-1.283,-1.232,
118,-0.074,-0.351,
119,0.611,0.586,
120,-0.777,-0.174,
121,-0.102,-1.149,
122,-0.836,-0.791,
123,-1.641,1.349,
124,-0.698,-0.569,
125,0.076,0.778,
126,-1.575,0.41,
127,-0.132,-0.758,
128,-0.106,0.108,
129,0.559,0.308,
130,1.035,-1.493,
131,-0.008,0.813,
132,-0.146,0.986,
133,-0.637,0.531,
134,-1.927,-1.254,
135,-0.276,-1.792,
136,0.271,-1.08,
137,0.142,0.313,
138,1.375,0.041,
139,-0.603,-0.344,
140,-0.535,-0.065,
141,-0.412,1.326,
142,1.399,-0.41,
143,0.38,1.45,
144,0.225,-0.44,
145,0.679,-0.75,
146,-0.817,0.866,
147,0.491,-0.184,
148,0.057,-0.621,
149,0.939,-1.076,
150,0.219,-0.097,
151,0.976,0.614,
152,0.412,-0.114,
153,-0.371,-0.358,
154,-0.548,1.926,
155,0.275,-0.307,
156,-1.67,-0.416,
157,0.397,0.531,
158,0.432,-1.563,
159,0.351,-0.88,
160,-0.061,0.043,
161,-0.069,-0.129,
162,-0.353,-0.334,
163,0.075,-1.741,
