1,0.854,1.969,
2,-0.179,-0.601,
3,-2.147,-1.001,
4,-0.02,0.78,
5,-1.318,0.096,
6,-3.385,0.384,
7,-1.686,2.683,
8,-1.308,0.098,
9,-1.664,0.995,
10,-0.785,0.677,
11,0.741,1.802,
12,1.133,-0.967,
13,0.112,0.585,
14,-2.036,0.951,
15,-3.406,-0.557,
16,0.597,1.528,
17,-1.54,0.61,
18,0.696,1.133,
19,-0.015,0.923,
20,-0.235,0.91,
21,1.716,-1.044,
22,-0.164,-0.474,
23,-1.117,-0.617,
24,-1.353,0.531,
25,-1.362,0.011,
26,-0.61,0.56,
27,-1.606,0.397,
28,1.32,0.674,
29,-0.299,0.369,
30,-0.245,1.726,
31,0.46,0.959,
32,0.103,-0.002,
33,-1.576,1.227,
34,0.171,0.826,
35,-0.414,1.487,
36,-1.999,1.13,
37,-0.452,0.197,
38,0.448,-0.195,
39,-0.191,3.228,
40,-1.091,-0.065,
41,-1.053,-0.634,
42,1.275,-1.048,
43,0.167,0.313,
44,0.228,1.979,
45,-0.726,0.2,
46,0.098,1.174,
47,-0.436,0.63,
48,0.465,-0.346,
49,-0.959,-1.149,
50,0.427,-0.252,
51,-0.67,0.48,
52,0.019,0.665,
53,-0.397,0.221,
54,-1.337,-0.446,
55,0.474,-0.096,
56,-0.201,1.353,
57,1.062,1.217,
58,-0.734,0.685,
59,-2.636,1.491,
60,0.206,-0.275,
61,-1.272,2.49,
62,0.93,-0.73,
63,-0.009,-0.23,
64,-0.561,-0.537,
65,-0.35,-0.286,
66,0.509,0.595,
67,-1.639,0.213,
68,-0.93,1.16,
69,-0.373,1.195,
70,0.653,0.128,
71,-0.432,0.579,
72,-1.349,1.527,
73,-0.888,-0.171,
74,-0.735,0.387,
75,-2.378,2.028,
76,0.077,0.465,
77,-0.286,-0.358,
78,1.395,1.331,
79,-0.722,0.128,
80,-1.105,1.517,
81,0.735,0.209,
82,-1.29,0.486,
83,0.526,0.249,
84,-0.923,0.448,
85,0.412,1.339,
86,-1.455,0.111,
87,-0.77,-0.898,
88,0.086,1.56,
89,0.609,0.175,
90,-0.925,0.641,
91,-0.549,0.753,
92,-1.123,0.601,
93,1.09,1.833,
94,-1.012,0.218,
95,-0.75,-0.364,
96,0.503,-0.984,
97,0.268,0.315,
98,-1.137,0.349,
99,-0.651,-0.254,
100,-0.603,1.289,
101,-0.069,0.869,
102,-1.688,0.285,
103,0.72,0.495,
104,-0.303,0.177,
105,-0.295,1.808,
106,-0.035,1.045,
107,1.89,1.477,
108,0.177,0.78,
109,-1.207,-0.549,
110,0.09,0.843,
111,-0.047,-1.259,
112,-1.271,1.372,
113,-1.385,0.087,
114,0.424,0.096,
115,-0.305,-0.894,
116,0.489,1.332,
117,-1.161,-0.469,
118,-0.253,0.806,
119,0.921,0.979,
120,0.046,0.178,
121,-0.22,-0.456,
122,-0.846,0.054,
123,-1.704,0.786,
124,-1.029,-0.633,
125,-0.363,1.184,
126,-1.314,0.988,
127,0.162,-0.98,
128,-0.227,0.481,
129,0.411,0.532,
130,1.385,-0.74,
131,-0.748,2.281,
132,-0.493,1.147,
133,-0.576,1.414,
134,-1.745,-0.771,
135,-1.28,-1.418,
136,0.174,-0.577,
137,-0.479,0.859,
138,1.148,0.824,
139,-0.783,-0.074,
140,-0.212,-0.849,
141,-0.399,0.157,
142,0.537,-0.389,
143,-0.494,2.348,
144,-0.508,0.487,
145,-0.164,-0.989,
146,-0.705,0.992,
147,0.017,0.072,
148,-0.168,-0.207,
149,0.998,-2.613,
150,-0.382,0.486,
151,1.613,0.57,
152,0.044,0.412,
153,-0.376,0.206,
154,-1.127,2.286,
155,-0.606,-0.075,
156,-1.905,-0.469,
157,0.331,0.254,
158,0.73,-0.971,
159,0.582,-0.597,
160,-0.415,0.282,
161,0.11,0.925,
162,-0.952,0.638,
163,-0.006,-1.671,
