1,0.241,0.151,
2,-0.057,-0.127,
3,-0.978,-0.95,
4,0.184,0.111,
5,-0.592,-0.299,
6,-0.901,-0.399,
7,-0.525,0.355,
8,-0.357,-0.119,
9,-1.45,0.498,
10,-0.127,0.365,
11,-0.572,0.603,
12,1.041,-0.289,
13,0.1,-0.204,
14,-0.122,0.129,
15,-0.964,-0.364,
16,0.758,-0.123,
17,-0.548,0.299,
18,0.234,0.76,
19,-0.174,0.303,
20,-0.073,0.499,
21,1.144,-0.137,
22,0.011,-0.445,
23,-0.527,-0.578,
24,-0.759,0.681,
25,-0.066,-0.318,
26,-0.001,0.082,
27,-0.789,0.232,
28,0.169,-0.204,
29,-0.355,0.021,
30,0.121,0.239,
31,0.683,-0.215,
32,0.197,-0.115,
33,-0.299,-0.001,
34,0.391,0.184,
35,0.024,0.18,
36,-0.934,0.399,
37,-0.058,0.117,
38,0.064,-0.449,
39,0.504,0.013,
40,-0.232,-0.32,
41,-0.743,-0.576,
42,-0.155,-0.313,
43,0.299,-0.151,
44,0.334,0.111,
45,-0.011,-0.077,
46,0.473,0.047,
47,0.057,-0.282,
48,0.111,-0.048,
49,-0.522,-0.011,
50,0.558,0.089,
51,-0.629,-0.535,
52,0.098,0.071,
53,-0.153,0.285,
54,-0.248,-0.387,
55,0.25,0.144,
56,-0.032,0.835,
57,0.275,1.056,
58,-0.443,0.253,
59,-0.109,0.216,
60,0.602,0.148,
61,-0.307,1.078,
62,0.58,-0.673,
63,0.433,-0.617,
64,-0.007,0.163,
65,-0.087,-0.166,
66,0.245,0.104,
67,-0.65,0.312,
68,0.442,-0.085,
69,0.472,0.675,
70,0.261,-0.283,
71,-0.407,0.246,
72,-0.684,0.322,
73,-0.216,-0.144,
74,0.329,-0.278,
75,-0.936,0.387,
76,0.272,-0.181,
77,0.019,-0.052,
78,0.301,0.522,
79,-0.109,0.095,
80,-0.869,1.372,
81,-0.09,-0.011,
82,-0.623,0.283,
83,0.248,0.289,
84,0.384,0.12,
85,-0.203,0.368,
86,0.156,-0.519,
87,0.01,-0.265,
88,-0.34,0.423,
89,-0.003,0.056,
90,-0.608,-0.032,
91,0.08,0.789,
92,-0.31,0.237,
93,0.11,0.57,
94,-0.524,-0.174,
95,-0.749,-0.572,
96,0.31,-0.059,
97,-0.308,-0.348,
98,-0.283,-0.036,
99,0.056,-0.146,
100,0.356,0.175,
101,-0.398,-0.033,
102,-0.592,0.556,
103,0.634,-0.098,
104,-0.118,0.136,
105,-0.567,0.711,
106,-0.042,-0.615,
107,0.381,-0.007,
108,0.199,-0.18,
109,-0.682,-0.813,
110,-0.054,0.032,
111,0.265,-0.82,
112,-0.373,0.57,
113,-0.162,-0.319,
114,0.654,-0.03,
115,-0.315,0.124,
116,-0.034,0.637,
117,-0.647,-0.768,
118,-0.041,-0.285,
119,0.335,0.444,
120,-0.65,-0.183,
121,-0.291,-0.897,
122,-0.206,-0.442,
123,-1.012,1.092,
124,-0.304,-0.053,
125,0.091,0.289,
126,-0.258,0.023,
127,0.006,-0.288,
128,-0.177,0.307,
129,0.554,0.161,
130,0.374,-0.885,
131,0.121,0.395,
132,-0.076,0.587,
133,-0.524,0.142,
134,-1.208,-0.871,
135,-0.014,-0.659,
136,0.075,-0.418,
137,0.165,0.102,
138,1.324,0.214,
139,-0.523,0.099,
140,-0.405,0.092,
141,-0.346,0.971,
142,0.951,-0.207,
143,0.415,0.578,
144,0.628,-0.616,
145,0.707,-0.289,
146,-0.659,0.429,
147,0.331,-0.105,
148,0.143,-0.098,
149,0.159,-0.514,
150,-0.2,-0.227,
151,0.361,0.498,
152,0.308,-0.226,
153,-0.168,-0.303,
154,-0.324,1.116,
155,0.405,-0.117,
156,-0.807,0.067,
157,0.038,0.322,
158,0.253,-0.554,
159,-0.155,-0.108,
160,-0.116,0.207,
161,0.201,-0.188,
162,-0.177,-0.239,
163,0.362,-0.704,
