1,-0.83,-1.22,
2,-0.644,-0.458,
3,0.444,-1.307,
4,-0.968,0.456,
5,0.198,-0.543,
6,0.084,0.047,
7,0.422,-0.607,
8,-0.32,-1.141,
9,2.202,0.279,
10,0.086,-0.266,
11,-0.115,-1.058,
12,0.633,0.186,
13,0.159,0.508,
14,-0.416,-0.146,
15,-0.743,0.036,
16,0.843,-0.161,
17,-0.533,-1.638,
18,0.52,-0.023,
19,-0.299,0.486,
20,-0.003,0.189,
21,-0.029,-0.426,
22,0.152,0.095,
23,0.016,-1.725,
24,0.332,-1.119,
25,0.28,-0.914,
26,-2.211,-1.484,
27,-1.481,-0.794,
28,1.193,-0.342,
29,0.658,0.945,
30,1.228,-0.001,
31,-0.453,-1.065,
32,0.558,-0.537,
33,-1.466,-0.829,
34,0.291,-2.082,
35,-0.197,-0.346,
36,0.715,0.161,
37,1.267,0.54,
38,0.977,-0.564,
39,0.053,-0.361,
40,1.162,-0.73,
41,0.641,1.171,
42,-0.011,1.17,
43,0.383,1.424,
44,-0.29,-1.208,
45,-0.347,-0.255,
46,-0.809,0.108,
47,0.097,0.884,
48,-0.669,-0.729,
49,0.436,-1.016,
50,0.928,0.277,
51,-0.532,-1.413,
52,-0.946,0.712,
53,-0.902,1.449,
54,-1.299,-0.157,
55,-0.953,-0.084,
56,-0.718,-0.007,
57,0.349,-0.207,
58,-1.734,0.023,
59,-0.053,-0.995,
60,0.156,-0.258,
61,-1.182,-0.004,
62,-0.007,-0.557,
63,1.567,1.312,
64,-0.264,0.706,
65,0.569,0.115,
66,1.127,0.19,
67,0.456,0.869,
68,0.188,-0.465,
69,0.012,-0.116,
70,1.382,-0.668,
71,1.073,-0.66,
72,0.093,-1.553,
73,1.827,-0.242,
74,1.596,-0.344,
75,1.022,0.771,
76,-0.028,-1.769,
77,0.322,1.84,
78,0.493,0.897,
79,0.974,0.809,
80,0.751,0.597,
81,-0.888,-0.797,
82,-0.144,0.972,
83,0.176,0.111,
84,0.053,0.157,
85,0.821,-0.177,
86,1.295,-0.066,
87,-0.012,-0.414,
88,0.486,0.637,
89,-2.201,0.06,
90,-0.81,0.59,
91,-0.569,-0.093,
92,-0.211,-0.051,
93,1.303,1.422,
94,-0.816,2.18,
95,1.599,-0.467,
96,-0.192,-1.017,
97,-0.815,-0.22,
98,-0.258,-2.064,
99,0.67,-0.241,
100,0.343,-1.528,
101,-0.085,-0.403,
102,-0.259,-1.186,
103,-0.058,-1.418,
104,0.632,-0.811,
105,-1.269,0.545,
106,0.849,-0.595,
107,-0.412,-0.031,
108,0.724,-1.048,
109,0.527,-1.916,
110,-1.383,-2.773,
111,0.282,0.165,
112,1.753,-0.361,
113,0.391,-0.335,
114,-0.041,-0.261,
115,-0.067,-0.485,
116,-0.116,-0.612,
117,1.973,-0.023,
118,0.304,-0.113,
119,0.455,-0.537,
120,-0.217,0.03,
121,0.065,-0.054,
122,0.3,0.064,
123,0.142,-0.906,
124,-1.138,-1.024,
125,0.369,0.147,
126,0.364,-0.363,
127,0.676,-0.767,
128,-0.432,0.214,
129,-0.01,-0.09,
130,-0.477,-0.044,
131,0.778,-0.46,
132,0.198,1.096,
133,0.086,-1.172,
134,-0.39,0.498,
135,-1.289,-0.701,
136,0.07,-0.523,
137,1.284,0.252,
138,-0.315,-0.059,
139,-0.593,0.372,
140,-1.012,-0.639,
141,-0.502,-0.256,
142,0.983,-0.899,
143,-0.146,0.028,
144,0.212,-0.983,
145,-0.904,0.509,
146,-0.159,0.198,
147,-0.069,-0.073,
148,-1.903,-0.36,
149,-0.133,-0.5,
150,0.302,-2.235,
151,-0.315,0.133,
152,0.105,-0.858,
153,0.332,-0.034,
154,-1.582,0.52,
155,-0.595,-0.89,
156,0.984,0.515,
157,0.661,0.068,
158,-0.179,-0.154,
159,0.3,0.771,
160,-0.989,-0.258,
161,-0.524,-0.03,
162,1.26,0.784,
163,0.575,-0.453,
