1,-0.073,0.263,
2,-0.057,-0.299,
3,0.266,0.455,
4,0.143,0.077,
5,-0.098,-0.188,
6,0.303,0.573,
7,0.101,-0.109,
8,0.317,-0.124,
9,0.326,0.136,
10,-0.048,-0.044,
11,-0.47,-0.091,
12,0.91,-0.475,
13,-0.447,-0.188,
14,-0.079,-0.489,
15,0.141,0.213,
16,-0.041,0.405,
17,-0.315,0.261,
18,-0.45,0.524,
19,-0.459,0.284,
20,-0.256,0.756,
21,0.252,0.166,
22,0.333,0.117,
23,-0.088,-0.222,
24,-0.332,0.437,
25,0.31,-0.024,
26,0.425,-0.138,
27,0.037,0.189,
28,0.035,0.06,
29,-0.301,0.135,
30,0.677,0.32,
31,0.084,-0.212,
32,-0.011,-0.113,
33,0.425,-0.46,
34,0.107,-0.032,
35,-0.133,0.103,
36,0.186,0.368,
37,0.045,0.129,
38,0.005,0.014,
39,0.387,-0.1,
40,-0.031,-0.302,
41,0.226,-0.19,
42,-0.049,-1.202,
43,0.467,0.109,
44,0.07,-0.028,
45,-0.014,0.09,
46,0.161,0.034,
47,-0.124,0.03,
48,0.018,-0.069,
49,-0.085,0.63,
50,0.297,-0.046,
51,-0.463,-0.464,
52,0.236,-0.188,
53,0.253,0.529,
54,0.318,-0.071,
55,-0.078,0.023,
56,-0.19,0.653,
57,-0.196,-0.333,
58,-0.073,0.573,
59,0.131,-0.167,
60,-0.713,0.435,
61,0.265,0.258,
62,-0.09,0.058,
63,0.019,0.383,
64,0.065,-0.054,
65,-0.145,-0.294,
66,-0.634,-0.438,
67,-0.284,-0.163,
68,0.437,0.129,
69,0.447,-0.07,
70,0.153,-0.919,
71,0.106,-0.09,
72,-0.198,0.091,
73,-0.088,0.262,
74,0.353,0.072,
75,0.782,0.091,
76,0.569,-0.102,
77,-0.043,0.081,
78,0.185,0.326,
79,-0.478,-0.389,
80,-0.172,0.509,
81,-0.354,0.577,
82,-0.024,0.113,
83,0.565,-0.124,
84,0.75,-0.365,
85,-0.811,-0.075,
86,0.036,-0.132,
87,0.117,-0.161,
88,-0.011,0.04,
89,-0.277,-0.085,
90,-0.153,0.236,
91,0.472,0.296,
92,-0.014,0.611,
93,-0.273,0.15,
94,0.141,-0.202,
95,-0.232,0.228,
96,0.164,0.215,
97,0.064,-0.519,
98,-0.454,0.403,
99,-0.143,-0.223,
100,0.185,-0.103,
101,-0.049,-0.131,
102,-0.432,0.632,
103,0.199,-0.463,
104,-0.204,0.341,
105,0.101,0.16,
106,-0.421,-1.021,
107,-0.39,-0.282,
108,0.641,-0.088,
109,-0.219,-0.553,
110,-0.135,0.227,
111,-0.253,0.008,
112,-0.141,-0.013,
113,-0.047,0.302,
114,0.068,0.159,
115,-0.588,0.248,
116,-0.046,0.006,
117,-0.444,-0.038,
118,-0.046,0.031,
119,0.043,0.06,
120,0.473,-0.045,
121,0.143,-0.28,
122,0.315,0.134,
123,0.014,0.463,
124,0.001,0.222,
125,0.087,0.232,
126,0.555,0.129,
127,0.034,-0.056,
128,0.269,0.305,
129,0.422,0.199,
130,0.315,0.612,
131,-0.021,-0.003,
132,-0.019,-0.047,
133,-0.236,0.069,
134,-0.323,0.071,
135,-0.22,-0.152,
136,-0.091,-0.108,
137,-0.095,0.401,
138,0.303,-0.052,
139,-0.239,0.574,
140,-0.362,-0.083,
141,-0.71,0.517,
142,0.006,-0.288,
143,0.43,-0.186,
144,0.996,-0.244,
145,0.451,0.044,
146,-0.045,0.06,
147,-0.079,0.124,
148,-0.041,-0.075,
149,-0.051,-0.085,
150,-0.408,-0.392,
151,-0.328,0.289,
152,0.112,0.135,
153,0.071,-0.625,
154,-0.038,0.051,
155,0.242,-0.095,
156,-0.387,0.229,
157,-0.071,-0.116,
158,0.154,0.3,
159,-0.151,-0.046,
160,-0.257,0.301,
161,0.603,-0.39,
162,-0.352,0.057,
163,0.19,-0.235,
