1,-0.865,-1.662,
2,-0.644,-0.916,
3,0.199,-1.769,
4,-1.168,0.13,
5,0.31,-0.645,
6,0,-0.245,
7,0.179,-0.827,
8,-0.376,-1.466,
9,1.751,0.124,
10,-0.314,-0.327,
11,0.015,-1.202,
12,0.64,-0.033,
13,0.156,0.498,
14,-0.619,-0.362,
15,-0.715,-0.386,
16,0.537,-0.371,
17,-0.902,-2.128,
18,0.479,-0.46,
19,0.075,0.215,
20,0.063,0.094,
21,-0.065,-0.744,
22,0.087,-0.081,
23,-0.226,-1.747,
24,0.711,-1.393,
25,0.236,-1.055,
26,-2.221,-1.501,
27,-1.279,-0.942,
28,1.273,-0.48,
29,0.8,0.701,
30,1.544,-0.167,
31,-0.433,-1.11,
32,0.518,-0.676,
33,-1.614,-1.213,
34,0.124,-2.264,
35,-0.096,-0.581,
36,0.68,-0.042,
37,0.993,0.308,
38,0.98,-0.752,
39,-0.218,-0.439,
40,1.011,-1.084,
41,0.634,0.963,
42,-0.075,1.213,
43,0.206,1.357,
44,-0.554,-1.257,
45,-0.302,-0.452,
46,-0.978,0.049,
47,-0.038,0.475,
48,-0.415,-0.703,
49,0.259,-1.211,
50,0.581,-0.109,
51,-0.428,-1.476,
52,-0.923,0.394,
53,-0.951,1.147,
54,-1.328,-0.231,
55,-1.214,-0.477,
56,-0.608,-0.176,
57,0.331,-0.465,
58,-1.608,-0.145,
59,-0.169,-1.203,
60,0.19,-0.505,
61,-1.076,-0.102,
62,-0.284,-0.703,
63,1.482,0.948,
64,-0.553,0.232,
65,0.695,-0.181,
66,1.07,0.003,
67,-0.15,0.854,
68,0.064,-0.573,
69,-0.166,-0.132,
70,1.287,-0.658,
71,0.854,-0.798,
72,0.019,-1.614,
73,1.555,-0.55,
74,1.435,-0.513,
75,1.489,0.45,
76,-0.451,-1.735,
77,0.259,1.301,
78,0.328,1.006,
79,0.662,0.512,
80,1.038,0.156,
81,-1.07,-0.986,
82,-0.22,0.831,
83,0.12,-0.045,
84,-0.086,-0.032,
85,0.926,-0.409,
86,1.162,0.155,
87,-0.082,-0.597,
88,0.684,0.598,
89,-2.294,-0.188,
90,-0.89,0.415,
91,-0.92,-0.342,
92,-0.372,-0.132,
93,1.124,1.268,
94,-0.904,2.048,
95,1.492,-0.617,
96,-0.248,-1.043,
97,-0.925,-0.37,
98,-0.498,-2.215,
99,0.349,-0.477,
100,0.2,-1.688,
101,0.006,-0.425,
102,-0.072,-1.373,
103,-0.271,-1.473,
104,0.165,-0.739,
105,-1.423,0.178,
106,0.905,-0.374,
107,-0.424,0.102,
108,0.377,-1.153,
109,0.529,-2.063,
110,-1.249,-2.602,
111,0.216,0.297,
112,1.338,-0.736,
113,0.339,-0.583,
114,-0.02,-0.524,
115,-0.04,-1.079,
116,-0.098,-0.848,
117,1.851,-0.283,
118,0.438,-0.332,
119,0.467,-0.883,
120,-0.191,-0.089,
121,0.036,-0.195,
122,0.31,-0.024,
123,0.018,-1.212,
124,-1.031,-1.218,
125,0.132,-0.193,
126,0.412,-0.357,
127,0.691,-1.166,
128,-0.346,-0.043,
129,-0.221,-0.242,
130,-0.55,-0.136,
131,0.576,-0.444,
132,0.344,1.096,
133,-0.117,-1.082,
134,-0.265,0.122,
135,-1.543,-1.024,
136,-0.035,-0.629,
137,1.412,0.194,
138,-0.316,-0.137,
139,-0.882,0.101,
140,-0.958,-0.87,
141,-0.743,-0.499,
142,0.868,-1.063,
143,-0.284,0.086,
144,-0.204,-1.036,
145,-0.988,0.058,
146,0.129,0.31,
147,-0.045,-0.34,
148,-1.774,-0.327,
149,-0.39,-0.606,
150,-0.334,-2.676,
151,-0.259,0.044,
152,-0.587,-0.806,
153,0.327,-0.239,
154,-1.568,0.377,
155,-0.756,-1.071,
156,1.048,0.381,
157,0.529,0.031,
158,-0.328,-0.09,
159,0.124,0.627,
160,-1.228,-0.276,
161,-0.634,-0.011,
162,1.135,0.757,
163,0.832,-0.363,
