1,0.956,1.299,
2,-0.057,-0.911,
3,0.139,0.729,
4,0.278,0.049,
5,0.077,-0.569,
6,0.168,2.146,
7,0.451,0.128,
8,1.435,0.765,
9,0.523,0.713,
10,0.076,-0.103,
11,-1.383,-0.019,
12,1.573,-1.525,
13,-0.537,-0.184,
14,-1.066,0.457,
15,-0.094,0.703,
16,-0.3,1.651,
17,-0.005,-0.014,
18,-0.545,0.802,
19,-1.333,0.097,
20,-0.281,1.616,
21,0.178,-0.292,
22,0.831,0.532,
23,-0.556,-0.481,
24,-0.374,0.987,
25,-0.199,-0.008,
26,0.835,0.15,
27,0.109,0.764,
28,0.069,-0.096,
29,-0.291,-0.013,
30,0.482,0.003,
31,-0.167,-0.403,
32,-0.085,-0.297,
33,1.047,-1.111,
34,0.043,0.024,
35,0.121,0.104,
36,0.24,0.461,
37,0.138,0.144,
38,-0.697,0.425,
39,0.634,0.512,
40,0.319,-0.222,
41,0.857,-0.877,
42,-0.047,-2.117,
43,0.938,0.577,
44,0.62,-0.263,
45,-0.474,-0.088,
46,-0.506,0.927,
47,-0.692,-0.146,
48,0.084,-0.205,
49,0.242,1.157,
50,0.878,-0.298,
51,-0.805,-1.293,
52,0.381,-0.53,
53,0.672,1.031,
54,0.342,0.571,
55,-0.153,0.103,
56,-0.319,0.729,
57,-0.064,-1.258,
58,-0.055,1.332,
59,-0.032,-0.572,
60,-1.758,0.888,
61,1.032,0.577,
62,0.188,-0.051,
63,0.466,0.801,
64,0.004,-0.353,
65,-0.558,-0.898,
66,-1.64,-1.299,
67,-0.566,-0.35,
68,1.016,0.871,
69,0.023,-0.142,
70,0.648,-1.997,
71,0.598,0.039,
72,-0.598,0.273,
73,-1.275,-0.085,
74,0.203,-0.172,
75,0.722,0.208,
76,1.42,0.185,
77,0.384,0.14,
78,0.442,-0.08,
79,-0.73,-1.15,
80,-0.061,0.293,
81,-0.572,1.318,
82,-0.302,0.029,
83,0.458,-1.018,
84,1.255,0.077,
85,-0.849,0.226,
86,0.23,0.508,
87,-0.157,-0.236,
88,-1.075,0.102,
89,0.379,-0.426,
90,-0.332,0.274,
91,1.21,0.088,
92,0.206,1.148,
93,-0.7,-0.345,
94,0.585,-0.285,
95,-0.455,0.44,
96,-0.258,0.707,
97,0.498,-1.016,
98,-0.949,0.87,
99,-0.281,-0.493,
100,0.109,0.35,
101,-0.357,-0.137,
102,-2.115,0.359,
103,0.605,-0.893,
104,-0.242,0.756,
105,0.079,0.325,
106,-0.508,-0.856,
107,-0.626,-0.455,
108,1.718,-0.099,
109,-0.103,-0.911,
110,-0.319,0.714,
111,-0.734,1.176,
112,-0.514,0.014,
113,-0.248,0.779,
114,-0.248,0.142,
115,-1.396,0.378,
116,-0.272,-0.142,
117,-1.254,0.008,
118,-0.198,0.754,
119,0.081,-0.055,
120,1.361,0.055,
121,0.488,-0.022,
122,0.551,0.256,
123,0.038,0.626,
124,0.358,0.023,
125,-0.081,0.878,
126,1.331,0.537,
127,0.133,-0.15,
128,1.031,0.16,
129,0.481,0.156,
130,0.779,1,
131,0.284,-0.204,
132,0.031,-0.385,
133,-0.274,0.401,
134,-0.04,0.299,
135,-1.084,-0.757,
136,-0.518,-0.317,
137,-0.234,1.011,
138,0.578,-0.614,
139,-0.838,1.468,
140,-0.569,-0.263,
141,-1.116,0.546,
142,-0.089,-0.894,
143,0.495,-0.28,
144,1.44,0.531,
145,0.363,-0.098,
146,0.177,-0.571,
147,-0.061,-0.042,
148,-0.614,-0.084,
149,0.331,-0.333,
150,-0.958,-1.442,
151,-0.599,0.025,
152,0.256,0.413,
153,0.22,-1.577,
154,-0.162,0.015,
155,0.175,-0.109,
156,-0.758,-0.623,
157,-0.372,-0.891,
158,0.916,-0.051,
159,0.032,0.791,
160,-0.278,0.226,
161,1.165,-0.672,
162,-0.715,-0.6,
163,-0.021,-0.376,
