1,0.633,1.535,
2,-0.016,-0.601,
3,-2.16,-1.211,
4,0.088,0.445,
5,-1.325,-0.035,
6,-3.458,0.162,
7,-1.718,2.227,
8,-1.39,0.435,
9,-2.314,0.733,
10,-0.691,0.34,
11,0.6,1.594,
12,1.27,-0.988,
13,0.539,-0.014,
14,-1.608,1.198,
15,-3.502,-0.763,
16,0.923,1.282,
17,-1.217,0.026,
18,0.521,0.847,
19,0.167,0.852,
20,-0.219,0.988,
21,1.556,-1.095,
22,-0.365,-0.435,
23,-0.991,-0.895,
24,-1.083,0.286,
25,-1.51,0.195,
26,-0.237,0.758,
27,-1.871,0.452,
28,1.16,0.799,
29,-0.069,0.503,
30,-0.342,1.28,
31,0.821,0.54,
32,0.088,0.075,
33,-1.377,0.881,
34,0.232,0.878,
35,0.14,0.77,
36,-1.827,0.783,
37,-0.538,0.182,
38,0.603,-0.389,
39,0.123,2.889,
40,-0.796,-0.004,
41,-1.183,-0.805,
42,0.873,-0.781,
43,0.376,0.042,
44,0.397,1.608,
45,-0.434,0.26,
46,0.197,0.992,
47,-0.368,0.463,
48,0.147,-0.265,
49,-0.602,-1.094,
50,0.279,-0.26,
51,-0.542,0.348,
52,0.066,0.452,
53,-0.378,0.433,
54,-1.174,-0.714,
55,0.449,-0.071,
56,-0.062,1.269,
57,1.063,1.509,
58,-0.961,0.766,
59,-1.93,1.061,
60,1.002,-0.2,
61,-0.947,2.305,
62,0.735,-0.958,
63,-0.289,-0.705,
64,-0.233,-0.256,
65,-0.148,-0.337,
66,0.527,0.806,
67,-1.609,0.269,
68,-0.319,1.204,
69,-0.345,1.146,
70,0.737,-0.02,
71,-0.561,0.605,
72,-1.586,1.268,
73,-0.94,-0.373,
74,-0.117,0.318,
75,-2.217,1.218,
76,0.216,-0.058,
77,-0.529,-0.289,
78,1.574,1.263,
79,-0.565,0.108,
80,-1.381,1.807,
81,0.867,0.215,
82,-1.259,0.461,
83,0.325,0.085,
84,-0.551,0.497,
85,0.227,1.22,
86,-1.295,-0.143,
87,-0.165,-0.618,
88,-0.184,1.858,
89,-0.301,0.255,
90,-1.254,0.418,
91,-0.503,0.802,
92,-0.77,0.502,
93,0.886,1.728,
94,-1.256,0.032,
95,-0.64,-0.831,
96,0.641,-1.012,
97,0.083,0.155,
98,-0.691,0.344,
99,-0.611,-0.234,
100,-0.397,1.048,
101,0.418,0.617,
102,-1.726,0.289,
103,1.575,0.578,
104,-0.49,0.266,
105,-0.394,1.701,
106,0.309,0.719,
107,1.658,1.248,
108,0.188,0.442,
109,-1.219,-0.588,
110,0.017,0.654,
111,-0.059,-1.599,
112,-1.284,1.418,
113,-1.329,-0.215,
114,0.911,0.14,
115,-1.04,-0.736,
116,0.361,1.417,
117,-1.256,-0.908,
118,-0.094,0.165,
119,0.707,0.745,
120,-0.41,-0.011,
121,-0.154,-0.684,
122,-1.133,-0.508,
123,-2.015,1.138,
124,-0.982,-0.798,
125,-0.194,1.123,
126,-1.725,0.871,
127,0.156,-0.985,
128,-0.376,0.42,
129,0.06,0.703,
130,1.413,-1.111,
131,-0.561,1.723,
132,-0.343,1.14,
133,-0.651,1.062,
134,-2.096,-1.077,
135,-0.995,-1.701,
136,0.249,-0.917,
137,-0.001,0.975,
138,1.18,0.363,
139,-0.591,-0.343,
140,-0.618,-0.268,
141,-0.591,1.024,
142,0.891,-0.509,
143,-0.215,2.128,
144,-0.3,0.066,
145,0.067,-0.918,
146,-0.641,1.241,
147,0.672,0.373,
148,-0.064,-0.795,
149,0.998,-1.814,
150,-0.139,0.187,
151,1.221,1.255,
152,0.126,0.496,
153,-0.493,0.001,
154,-0.822,2.495,
155,0.029,0.219,
156,-1.831,-0.521,
157,0.72,0.457,
158,0.503,-1.286,
159,0.792,-0.937,
160,-0.301,0.434,
161,-0.134,0.599,
162,-0.899,0.174,
163,-0.138,-1.84,
