1,0.407,0.1,
2,0.492,-0.729,
3,0.225,-0.481,
4,0.584,-0.462,
5,0.722,-0.107,
6,-0.83,-0.256,
7,0.456,0.045,
8,1.047,-0.191,
9,0.206,-1.046,
10,0.238,0.171,
11,0.768,0.17,
12,0.781,-0.822,
13,1.157,-0.347,
14,-0.038,-0.084,
15,-0.049,-0.641,
16,0.648,-0.575,
17,0.615,-0.241,
18,0.528,-0.491,
19,0.348,-0.348,
20,0.567,-0.816,
21,0.428,-0.547,
22,0.414,-0.056,
23,0.316,-0.794,
24,0.156,-0.537,
25,0.02,-0.207,
26,1.043,0.668,
27,0.563,0.172,
28,0.409,-0.345,
29,0.164,-0.264,
30,0.271,0.014,
31,0.371,0.254,
32,0.547,-0.746,
33,0.313,-0.272,
34,-0.316,-0.692,
35,0.643,0.392,
36,0.165,-0.096,
37,0.587,-0.415,
38,0.308,-0.454,
39,0.576,-0.054,
40,0.699,-0.466,
41,0.957,-0.33,
42,0.994,-0.4,
43,0.662,-0.276,
44,0.908,0.012,
45,0.176,-0.226,
46,0.542,-0.139,
47,-0.201,-0.691,
48,1.145,-0.683,
49,0.28,-0.831,
50,0.549,-0.478,
51,0.544,-0.564,
52,0.472,-0.389,
53,0.565,-1.032,
54,0.733,-0.057,
55,0.452,-1.559,
56,0.4,-0.113,
57,0.821,-0.689,
58,0.135,0.069,
59,-0.016,-0.756,
60,0.368,-0.583,
61,0.449,-0.345,
62,1.053,-0.352,
63,0.731,-0.319,
64,-0.159,-0.865,
65,0.642,-0.587,
66,0.746,0.112,
67,-0.155,-0.725,
68,0.624,-0.174,
69,0.505,0.42,
70,0.288,-0.406,
71,0.416,-0.619,
72,0.786,-0.367,
73,-0.161,-0.341,
74,0.639,-0.282,
75,-0.037,-0.634,
76,0.604,0.265,
77,0.539,-0.423,
78,0.285,-0.444,
79,-0.369,-0.287,
80,-0.011,-1.426,
81,0.638,-0.392,
82,0.628,-0.598,
83,0.184,-0.535,
84,0.387,-0.446,
85,0.762,-0.186,
86,0.519,-0.081,
87,0.118,-0.843,
88,0.689,-0.482,
89,0.953,-0.366,
90,0.58,-0.671,
91,0.749,-0.079,
92,0.486,-0.794,
93,0.067,0.02,
94,0.298,0.118,
95,0.472,-0.605,
96,0.364,-0.708,
97,0.758,-0.224,
98,-0.219,-1.218,
99,0.55,-0.486,
100,0.641,-0.63,
101,0.395,0.003,
102,0.472,-0.725,
103,0.615,-0.028,
104,0.579,-0.389,
105,0.366,-0.487,
106,0.551,-0.167,
107,1.236,0.392,
108,0.494,-0.796,
109,0.559,-0.439,
110,0.834,-0.499,
111,0.324,-0.164,
112,-0.376,-0.426,
113,0.325,-0.192,
114,0.222,-0.782,
115,0.185,-1.742,
116,-0.058,-0.954,
117,1.021,-0.283,
118,0.407,-0.332,
119,0.682,-0.286,
120,0.792,-0.134,
121,0.238,-0.568,
122,0.863,0.081,
123,0.157,-1.287,
124,1.049,-1.011,
125,0.004,-0.713,
126,0.785,-0.728,
127,0.681,-0.923,
128,0.304,-0.076,
129,0.871,-0.641,
130,0.652,-0.365,
131,0.943,0.697,
132,0.177,-0.617,
133,0.162,-0.425,
134,0.385,-0.31,
135,0.022,-0.858,
136,0.481,-0.6,
137,0.137,-0.223,
138,0.212,-0.446,
139,-0.097,-0.934,
140,0.576,-0.503,
141,0.355,-0.945,
142,0.249,-0.632,
143,0.325,-0.298,
144,0.194,-0.178,
145,0.512,-1.036,
146,1.1,-0.175,
147,0.431,-0.554,
148,-0.04,-0.445,
149,0.416,-2.027,
150,-0.66,-0.339,
151,1.343,-0.181,
152,0.107,0.118,
153,0.616,-0.734,
154,0.248,-0.84,
155,0.061,-0.389,
156,-0.123,-0.058,
157,0.277,-0.526,
158,1.117,-0.182,
159,0.545,-0.426,
160,0.249,-0.322,
161,1.01,-0.387,
162,0.592,-0.623,
163,1.142,-1.127,
