1,-0.313,-1.091,
2,-0.099,-1.281,
3,-0.497,-1.235,
4,-0.554,-0.681,
5,0.168,-0.563,
6,-1.161,-0.752,
7,-0.239,-0.508,
8,-0.015,-1.038,
9,-0.476,-1.294,
10,-0.945,-0.164,
11,0.294,-0.648,
12,0.314,-0.701,
13,0.232,-0.205,
14,-0.768,-0.765,
15,-0.404,-1.011,
16,-0.299,-1.012,
17,-1.276,-1.539,
18,-0.123,-1.102,
19,-0.054,-0.611,
20,-0.039,-0.6,
21,-0.217,-1.2,
22,-0.289,-0.725,
23,-0.571,-1.284,
24,0.559,-1.066,
25,-0.462,-0.702,
26,-0.484,-0.286,
27,0.037,-0.862,
28,0.236,-0.662,
29,0.235,-0.524,
30,0.582,-0.247,
31,-0.242,-0.533,
32,0.017,-0.995,
33,-0.96,-1.212,
34,-0.761,-1.502,
35,0.043,-0.347,
36,-0.283,-0.434,
37,-0.102,-0.669,
38,-0.053,-0.834,
39,-0.591,-0.86,
40,-0.111,-1.457,
41,0.176,-0.269,
42,-0.08,0.017,
43,-0.21,0.119,
44,-0.363,-0.632,
45,-0.088,-0.888,
46,-0.51,-0.573,
47,-0.667,-1.083,
48,0.384,-0.507,
49,-0.331,-1.047,
50,-0.672,-1.191,
51,-0.152,-0.942,
52,-0.348,-0.707,
53,-0.201,-0.623,
54,-0.391,-0.401,
55,-0.891,-1.478,
56,-0.229,-0.61,
57,-0.13,-0.971,
58,-0.552,-0.41,
59,-0.546,-1.168,
60,-0.178,-0.862,
61,-0.412,-0.492,
62,-0.196,-0.742,
63,0.062,-0.694,
64,-0.905,-1.108,
65,0.292,-0.998,
66,0.149,-0.229,
67,-1.499,-0.494,
68,-0.261,-0.736,
69,-0.304,-0.18,
70,-0.094,-0.564,
71,-0.282,-0.961,
72,-0.074,-0.87,
73,-0.246,-0.848,
74,0.047,-0.686,
75,0.506,-0.728,
76,-0.863,-0.76,
77,-0.18,-0.869,
78,-0.475,0.217,
79,-1.048,-0.629,
80,0.268,-1.445,
81,-0.251,-0.923,
82,-0.183,-0.238,
83,-0.1,-0.582,
84,-0.343,-0.744,
85,0.096,-0.818,
86,-0.261,0.282,
87,-0.283,-1.087,
88,0.36,-0.269,
89,-0.524,-0.807,
90,-0.357,-0.887,
91,-0.784,-0.337,
92,-0.399,-0.837,
93,-0.481,-0.161,
94,-0.478,0.285,
95,0.005,-0.956,
96,-0.366,-0.945,
97,-0.063,-0.688,
98,-1.009,-1.591,
99,-0.504,-0.744,
100,-0.593,-1.103,
101,-0.187,-0.334,
102,-0.216,-1.102,
103,-0.536,-0.778,
104,-0.83,-0.479,
105,-0.775,-1.147,
106,0.023,-0.338,
107,-0.138,0.22,
108,-0.624,-1.084,
109,-0.179,-1.152,
110,0.011,-0.695,
111,-0.32,0.032,
112,-0.891,-1.451,
113,-0.15,-0.856,
114,-0.292,-1.089,
115,-0.324,-2.096,
116,-0.082,-1.266,
117,0.281,-0.798,
118,-0.112,-0.9,
119,-0.049,-0.99,
120,-0.194,-0.856,
121,-0.309,-0.825,
122,0.15,-0.436,
123,-0.581,-1.568,
124,-0.068,-1.071,
125,-0.487,-1.187,
126,0.101,-0.635,
127,0.097,-1.432,
128,-0.246,-0.705,
129,-0.45,-0.739,
130,-0.348,-0.567,
131,-0.314,0.073,
132,-0.254,-0.142,
133,-0.735,-0.613,
134,-0.404,-0.779,
135,-0.933,-1.282,
136,-0.423,-0.827,
137,-0.227,-0.355,
138,-0.48,-0.598,
139,-1.033,-1.215,
140,-0.235,-1.062,
141,-0.948,-1.311,
142,-0.396,-1.35,
143,-0.434,-0.175,
144,-0.826,-0.805,
145,-0.71,-1.308,
146,0.418,0.083,
147,-0.185,-0.87,
148,-0.858,-0.414,
149,-0.531,-1.734,
150,-1.994,-1.623,
151,0.419,-0.333,
152,-1.272,-0.252,
153,-0.013,-0.954,
154,-0.693,-0.668,
155,-0.764,-1.017,
156,-0.234,-0.432,
157,-0.645,-0.781,
158,-0.231,-0.474,
159,-0.379,-0.674,
160,-0.868,-0.472,
161,-0.432,-0.577,
162,-0.115,-0.209,
163,0.73,-0.946,
