1,-0.076,0.263,
2,-0.055,-0.296,
3,0.266,0.459,
4,0.142,0.08,
5,-0.098,-0.186,
6,0.308,0.575,
7,0.099,-0.11,
8,0.318,-0.125,
9,0.326,0.139,
10,-0.049,-0.044,
11,-0.471,-0.087,
12,0.913,-0.476,
13,-0.449,-0.19,
14,-0.079,-0.494,
15,0.143,0.212,
16,-0.037,0.411,
17,-0.314,0.261,
18,-0.452,0.525,
19,-0.462,0.287,
20,-0.256,0.761,
21,0.253,0.168,
22,0.334,0.121,
23,-0.089,-0.222,
24,-0.333,0.442,
25,0.306,-0.019,
26,0.423,-0.14,
27,0.038,0.19,
28,0.037,0.061,
29,-0.303,0.135,
30,0.676,0.32,
31,0.084,-0.213,
32,-0.012,-0.113,
33,0.428,-0.465,
34,0.107,-0.03,
35,-0.133,0.102,
36,0.184,0.37,
37,0.047,0.13,
38,0.01,0.017,
39,0.387,-0.1,
40,-0.03,-0.302,
41,0.227,-0.192,
42,-0.051,-1.207,
43,0.468,0.111,
44,0.07,-0.029,
45,-0.013,0.089,
46,0.159,0.037,
47,-0.129,0.035,
48,0.015,-0.068,
49,-0.078,0.634,
50,0.298,-0.046,
51,-0.461,-0.465,
52,0.238,-0.189,
53,0.254,0.531,
54,0.318,-0.07,
55,-0.08,0.025,
56,-0.191,0.653,
57,-0.197,-0.336,
58,-0.073,0.577,
59,0.127,-0.167,
60,-0.717,0.439,
61,0.261,0.262,
62,-0.099,0.06,
63,0.021,0.386,
64,0.066,-0.054,
65,-0.148,-0.297,
66,-0.639,-0.439,
67,-0.285,-0.163,
68,0.435,0.134,
69,0.445,-0.07,
70,0.156,-0.924,
71,0.103,-0.089,
72,-0.2,0.091,
73,-0.09,0.263,
74,0.352,0.071,
75,0.791,0.089,
76,0.569,-0.103,
77,-0.043,0.081,
78,0.185,0.326,
79,-0.48,-0.394,
80,-0.172,0.511,
81,-0.356,0.584,
82,-0.024,0.114,
83,0.567,-0.129,
84,0.753,-0.366,
85,-0.813,-0.074,
86,0.035,-0.13,
87,0.119,-0.161,
88,-0.009,0.039,
89,-0.284,-0.089,
90,-0.154,0.238,
91,0.476,0.295,
92,-0.014,0.614,
93,-0.275,0.149,
94,0.14,-0.202,
95,-0.228,0.228,
96,0.166,0.214,
97,0.065,-0.521,
98,-0.457,0.407,
99,-0.145,-0.224,
100,0.183,-0.103,
101,-0.046,-0.131,
102,-0.435,0.636,
103,0.204,-0.463,
104,-0.205,0.344,
105,0.102,0.163,
106,-0.421,-1.02,
107,-0.392,-0.282,
108,0.645,-0.088,
109,-0.219,-0.553,
110,-0.137,0.23,
111,-0.254,0.011,
112,-0.142,-0.014,
113,-0.049,0.303,
114,0.067,0.159,
115,-0.596,0.247,
116,-0.044,0.006,
117,-0.446,-0.042,
118,-0.046,0.031,
119,0.042,0.059,
120,0.477,-0.046,
121,0.145,-0.279,
122,0.317,0.135,
123,0.013,0.467,
124,0.001,0.223,
125,0.088,0.235,
126,0.551,0.13,
127,0.033,-0.055,
128,0.274,0.304,
129,0.421,0.201,
130,0.319,0.615,
131,-0.021,-0.002,
132,-0.018,-0.047,
133,-0.237,0.071,
134,-0.324,0.072,
135,-0.222,-0.152,
136,-0.095,-0.109,
137,-0.098,0.402,
138,0.303,-0.053,
139,-0.237,0.573,
140,-0.364,-0.083,
141,-0.712,0.518,
142,0.004,-0.291,
143,0.433,-0.185,
144,0.996,-0.245,
145,0.453,0.043,
146,-0.044,0.059,
147,-0.079,0.124,
148,-0.044,-0.078,
149,-0.054,-0.081,
150,-0.411,-0.387,
151,-0.331,0.289,
152,0.113,0.137,
153,0.069,-0.634,
154,-0.037,0.054,
155,0.242,-0.095,
156,-0.387,0.231,
157,-0.07,-0.113,
158,0.154,0.305,
159,-0.149,-0.051,
160,-0.257,0.299,
161,0.604,-0.393,
162,-0.355,0.052,
163,0.193,-0.232,
