1,0.11,0.111,
2,0.239,-0.397,
3,-0.361,0.075,
4,0.252,-0.02,
5,-0.024,0.69,
6,-1.362,0.109,
7,0.235,0.679,
8,0.37,0.167,
9,-0.084,-0.543,
10,0.351,0.28,
11,0.218,0.734,
12,0.286,-0.299,
13,0.856,0.075,
14,-0.576,-0.091,
15,0.009,0.05,
16,0.133,-0.298,
17,-0.156,0.266,
18,-0.101,-0.333,
19,0.329,0.052,
20,0.453,0.563,
21,0.119,0.105,
22,-0.206,0.037,
23,0.133,-0.279,
24,-0.19,0.294,
25,-0.223,0.32,
26,0.498,0.67,
27,0.107,-0.206,
28,0.158,0.155,
29,-0.041,0.199,
30,-0.054,0.47,
31,0.199,0.826,
32,0.104,-0.204,
33,0.002,0.001,
34,-0.578,0.042,
35,0.112,0.75,
36,-0.944,0.632,
37,0.193,0.091,
38,-0.282,-0.211,
39,-0.158,0.205,
40,0.006,0.143,
41,0.394,0.267,
42,0.788,0.69,
43,0.017,0.126,
44,0.203,0.152,
45,0.06,-0.016,
46,-0.185,-0.093,
47,-0.668,-0.368,
48,0.574,-0.021,
49,-0.121,-0.507,
50,-0.357,-0.359,
51,0.121,-0.301,
52,0.184,0.158,
53,0.528,-0.577,
54,0.357,0.356,
55,-0.344,-0.427,
56,-0.474,0.259,
57,0.105,-0.265,
58,0.038,0.442,
59,0.161,-0.351,
60,0.166,-0.136,
61,0.033,-0.04,
62,0.036,-0.159,
63,-0.103,0.532,
64,-0.346,-0.473,
65,0.221,0.036,
66,0.304,0.755,
67,-0.34,-0.415,
68,0.232,0.125,
69,0.13,0.845,
70,0.074,0.159,
71,-0.116,-0.351,
72,0.377,0.091,
73,-0.434,0.167,
74,0.349,0.2,
75,-0.082,-0.159,
76,-0.109,0.426,
77,-0.17,-0.298,
78,-0.234,-0.057,
79,-0.786,0.129,
80,-0.125,-0.666,
81,-0.205,0.151,
82,0.137,0.206,
83,0.357,0.209,
84,-0.286,-0.06,
85,-0.23,0.014,
86,0.053,0.41,
87,0.34,-0.864,
88,0.05,0.04,
89,0.258,0.03,
90,0.452,-0.136,
91,-0.085,0.653,
92,0.133,-0.099,
93,-0.38,0.479,
94,-0.152,0.32,
95,0.086,-0.105,
96,-0.109,-0.204,
97,0.396,0.163,
98,-0.438,-0.893,
99,-0.022,0.074,
100,-0.713,-0.39,
101,0.072,0.415,
102,-0.103,-0.208,
103,-0.167,0.178,
104,0.047,-0.027,
105,-0.462,-0.312,
106,0.01,0.114,
107,0.403,1.095,
108,0.086,-0.302,
109,-0.069,-0.128,
110,-0.124,0.379,
111,-0.075,0.393,
112,-0.742,-0.083,
113,-0.088,-0.171,
114,-0.128,-0.292,
115,-0.052,-1.44,
116,-0.169,-0.127,
117,0.81,-0.063,
118,-0.048,-0.337,
119,-0.261,0.148,
120,0.232,-0.551,
121,-0.098,0.41,
122,0.19,0.18,
123,-0.38,-0.904,
124,0.582,-0.341,
125,-0.256,-0.397,
126,0.065,-0.117,
127,0.648,-0.203,
128,0.021,0.252,
129,0.066,0.318,
130,0.209,0.108,
131,0.399,1.032,
132,-0.565,0.227,
133,-0.425,-0.437,
134,-0.023,0.257,
135,-0.272,-0.402,
136,-0.229,0.129,
137,-0.53,-0.106,
138,-0.398,0.267,
139,-0.288,-0.71,
140,0.116,0.248,
141,-0.313,-0.584,
142,-0.277,-0.491,
143,0.032,0.473,
144,-0.162,0.534,
145,-0.285,-0.389,
146,0.773,0.311,
147,-0.01,-0.275,
148,-0.579,0.1,
149,0.313,-1.637,
150,-1.073,-0.21,
151,0.812,0.346,
152,-0.251,0.374,
153,0.454,-0.151,
154,-0.167,-0.08,
155,-0.266,-0.269,
156,-0.287,0.214,
157,-0.137,-0.222,
158,0.314,0.292,
159,-0.22,-0.243,
160,0.003,0.19,
161,0.229,-0.199,
162,0.176,-0.101,
163,0.826,-0.47,
