1,0.769,1.99,
2,-0.132,-0.278,
3,-1.757,-0.448,
4,-0.096,0.814,
5,-0.95,0.426,
6,-2.82,0.53,
7,-1.327,2.65,
8,-0.869,0.154,
9,-1.129,0.606,
10,-0.82,0.723,
11,0.657,1.703,
12,0.867,-0.871,
13,0.233,0.684,
14,-1.923,0.815,
15,-2.629,-0.177,
16,0.44,1.32,
17,-1.712,0.672,
18,0.447,0.936,
19,-0.115,0.869,
20,-0.102,0.775,
21,1.16,-0.441,
22,-0.241,-0.198,
23,-0.768,-0.421,
24,-1.07,0.386,
25,-1.425,0.355,
26,-0.573,0.603,
27,-1.214,0.26,
28,1.13,0.694,
29,-0.256,0.281,
30,-0.08,1.845,
31,0.139,1.185,
32,-0.007,0.066,
33,-1.304,1.131,
34,-0.167,0.697,
35,-0.409,1.623,
36,-1.587,1.136,
37,-0.353,0.227,
38,0.229,-0.13,
39,-0.292,2.794,
40,-1.015,0.057,
41,-0.669,-0.254,
42,1.154,-0.677,
43,0.113,0.337,
44,0.149,2.057,
45,-0.714,0.318,
46,0.013,1.177,
47,-0.599,0.419,
48,0.561,-0.205,
49,-0.729,-0.806,
50,0.048,-0.257,
51,-0.528,0.516,
52,-0.071,0.631,
53,-0.246,0.09,
54,-1.041,0.168,
55,0.22,-0.191,
56,-0.291,0.876,
57,0.824,0.918,
58,-0.636,0.722,
59,-2.123,1.152,
60,-0.06,-0.177,
61,-1,2.128,
62,0.8,-0.213,
63,-0.237,0.145,
64,-0.64,-0.578,
65,-0.299,-0.126,
66,0.587,0.807,
67,-1.52,0.14,
68,-0.927,0.973,
69,-0.381,1.175,
70,0.392,0.301,
71,-0.534,0.87,
72,-0.995,1.457,
73,-0.792,0.16,
74,-0.449,0.517,
75,-1.812,2.286,
76,-0.005,0.635,
77,-0.375,-0.204,
78,0.944,1.165,
79,-0.94,0.219,
80,-0.836,1.067,
81,0.724,0.374,
82,-1.047,0.391,
83,0.452,0.27,
84,-0.856,0.496,
85,0.282,1.236,
86,-1.474,0.43,
87,-0.715,-0.828,
88,0.246,1.08,
89,0.868,0.098,
90,-0.743,0.71,
91,-0.471,0.594,
92,-1.076,0.549,
93,0.918,1.756,
94,-0.83,0.455,
95,-0.599,0.015,
96,0.491,-0.794,
97,0.369,0.442,
98,-1.329,0.374,
99,-0.619,-0.08,
100,-0.762,1.065,
101,0.004,1.007,
102,-1.25,0.121,
103,0.408,0.33,
104,-0.358,0.241,
105,-0.131,1.439,
106,-0.207,1.089,
107,1.427,1.652,
108,0.095,0.849,
109,-0.966,-0.255,
110,0.192,0.758,
111,-0.008,-0.607,
112,-1.281,1.079,
113,-1.084,0.267,
114,0.108,0.177,
115,-0.207,-0.889,
116,0.395,1.084,
117,-0.738,-0.131,
118,-0.18,0.895,
119,0.709,0.96,
120,0.195,0.229,
121,-0.266,-0.103,
122,-0.281,0.301,
123,-1.357,0.376,
124,-0.789,-0.412,
125,-0.373,0.877,
126,-0.794,0.939,
127,0.141,-0.708,
128,-0.272,0.592,
129,0.21,0.537,
130,1.182,-0.272,
131,-0.677,2.114,
132,-0.606,0.972,
133,-0.503,1.298,
134,-1.27,-0.254,
135,-1.398,-1.049,
136,-0.027,-0.353,
137,-0.583,0.946,
138,0.615,0.908,
139,-0.661,-0.084,
140,-0.28,-0.458,
141,-0.417,-0.181,
142,0.087,-0.372,
143,-0.657,2.062,
144,-0.581,0.493,
145,-0.329,-0.795,
146,-0.392,1.043,
147,-0.178,0.275,
148,-0.358,-0.102,
149,0.667,-2.38,
150,-0.556,0.421,
151,1.444,0.59,
152,-0.146,0.617,
153,-0.346,0.254,
154,-1.113,1.829,
155,-0.691,0.109,
156,-1.612,-0.259,
157,0.043,0.167,
158,0.668,-0.405,
159,0.403,-0.481,
160,-0.513,0.401,
161,0.118,0.932,
162,-0.765,0.655,
163,0.164,-1.215,
