1,0.477,0.951,
2,-0.285,-0.863,
3,-1.832,-0.814,
4,0.065,0.498,
5,-1.007,-0.117,
6,-2.84,-0.261,
7,-2.037,1.079,
8,-1.871,0.108,
9,-1.949,0.366,
10,-0.355,0.479,
11,0.008,1.219,
12,1.041,-0.615,
13,0.466,0.117,
14,-1,0.961,
15,-3.17,-1.171,
16,1.165,0.542,
17,-0.79,0.505,
18,0.301,1.019,
19,-0.253,0.888,
20,-0.285,0.123,
21,1.478,-1.775,
22,-0.16,-0.196,
23,-0.748,-1.146,
24,-1.2,0.654,
25,-1.018,-0.583,
26,0.458,0.582,
27,-1.051,0.4,
28,0.601,0.874,
29,-0.609,0.759,
30,-0.168,0.544,
31,0.548,0.033,
32,0.164,-0.032,
33,-1.18,-0.143,
34,0.246,0.697,
35,-0.181,0.69,
36,-1.446,0.805,
37,-0.192,0.259,
38,0.594,0.511,
39,0.067,1.691,
40,-0.553,-0.198,
41,-0.529,-0.493,
42,1.123,-1.302,
43,0.148,0.272,
44,0.064,0.72,
45,-0.296,0.039,
46,0.273,0.07,
47,-0.441,0.897,
48,-0.323,-0.29,
49,-1.317,-1.083,
50,0.706,0.115,
51,0.038,0.013,
52,-0.026,0.147,
53,-0.547,0.357,
54,-0.584,-0.527,
55,0.464,-0.072,
56,-0.179,2.268,
57,0.968,0.44,
58,-0.47,0.393,
59,-1.922,1.27,
60,0.735,0.023,
61,-1.091,1.758,
62,0.297,-1.047,
63,0.416,-0.477,
64,-0.063,0.137,
65,-0.308,-0.228,
66,-0.116,-0.738,
67,-1.213,0.13,
68,-0.059,0.393,
69,0.067,0.41,
70,0.7,-0.403,
71,0.284,-0.955,
72,-0.894,0.896,
73,-0.646,-0.283,
74,-0.093,-0.103,
75,-2.219,0.089,
76,0.019,-0.324,
77,0.125,-0.227,
78,0.94,1.029,
79,-0.544,0.255,
80,-0.723,0.432,
81,0.588,-0.381,
82,-1.036,0.288,
83,0.177,0.266,
84,-0.59,0.411,
85,-0.105,0.481,
86,-0.541,-0.122,
87,-0.538,-0.505,
88,-0.365,1.643,
89,-1.27,0.171,
90,-0.625,0.156,
91,-0.58,0.686,
92,-0.424,0.262,
93,0.42,1.014,
94,-0.666,-0.08,
95,-1.088,-0.252,
96,-0.413,-0.525,
97,-0.172,-0.128,
98,-0.33,0.58,
99,-0.416,-0.7,
100,0.075,0.507,
101,0.307,0.053,
102,-1.564,0.258,
103,1.191,1.042,
104,0.025,0.181,
105,-0.784,1.602,
106,-0.077,-0.119,
107,1.993,0.683,
108,0.021,0.157,
109,-0.811,-0.415,
110,-0.15,0.821,
111,0.444,-1.423,
112,-0.646,1.266,
113,-0.908,0.118,
114,0.267,0.019,
115,-1.052,-0.585,
116,0.734,0.892,
117,-0.881,-0.756,
118,-0.092,0.177,
119,0.194,0.825,
120,-0.189,0.064,
121,0.04,-0.737,
122,-0.734,0.276,
123,-1.161,1.169,
124,-0.712,-0.602,
125,-0.053,1.313,
126,-1.478,0.252,
127,-0.057,-0.894,
128,-0.063,0.128,
129,0.746,0.234,
130,1.225,-0.985,
131,-0.747,1.203,
132,-0.396,1.032,
133,-0.476,0.591,
134,-0.985,-0.87,
135,-0.067,-1.215,
136,0.304,-0.898,
137,-0.238,0.055,
138,0.672,-0.09,
139,-0.569,-0.032,
140,-0.507,0.025,
141,-0.425,0.713,
142,0.797,-0.414,
143,0.32,1.568,
144,0.097,0.028,
145,0.696,-0.592,
146,-0.579,0.671,
147,0.048,-0.27,
148,0.301,-0.25,
149,1.126,-1.15,
150,0.143,0.533,
151,1.071,0.249,
152,0.201,-0.264,
153,-0.242,0.076,
154,-0.408,1.662,
155,-0.16,-0.606,
156,-1.471,-0.305,
157,0.865,1.014,
158,0.195,-1.289,
159,0.169,-0.597,
160,-0.146,0.035,
161,0.012,-0.405,
162,-0.271,0.242,
163,0.114,-1.578,
