1,-0.033,-0.11,
2,0.008,0.017,
3,-0.227,-0.467,
4,0.132,0.067,
5,-0.347,-0.225,
6,-0.303,-0.353,
7,-0.147,-0.008,
8,-0.026,-0.246,
9,-0.557,0.205,
10,-0.081,0.218,
11,-0.424,0.25,
12,0.735,-0.141,
13,-0.043,-0.151,
14,0.079,-0.181,
15,-0.331,-0.261,
16,0.492,-0.255,
17,-0.409,0.331,
18,-0.015,0.549,
19,-0.227,0.284,
20,-0.066,0.284,
21,0.639,0.109,
22,0.059,-0.245,
23,-0.26,-0.266,
24,-0.506,0.476,
25,0.258,-0.148,
26,0.11,-0.027,
27,-0.388,0.171,
28,0.055,-0.109,
29,-0.316,0.043,
30,0.385,0.229,
31,0.44,-0.197,
32,0.105,-0.095,
33,-0.037,-0.012,
34,0.216,0.061,
35,-0.01,0.151,
36,-0.387,0.345,
37,0.01,0.097,
38,-0.034,-0.334,
39,0.435,-0.246,
40,-0.154,-0.27,
41,-0.392,-0.283,
42,-0.122,-0.245,
43,0.31,-0.225,
44,0.223,0,
45,0.013,-0.049,
46,0.24,-0.014,
47,0.029,-0.277,
48,0.108,0.01,
49,-0.267,0.165,
50,0.282,0.091,
51,-0.542,-0.301,
52,0.102,0.048,
53,-0.047,0.246,
54,-0.018,-0.181,
55,0.123,0.097,
56,-0.126,0.639,
57,-0.046,0.672,
58,-0.259,0.174,
59,0.143,0.033,
60,0.262,0.172,
61,-0.121,0.536,
62,0.367,-0.341,
63,0.204,-0.297,
64,0.025,0.145,
65,-0.036,-0.088,
66,0.077,0.074,
67,-0.392,0.213,
68,0.318,-0.122,
69,0.478,0.397,
70,-0.013,-0.19,
71,-0.252,0.137,
72,-0.373,0.164,
73,-0.042,0.067,
74,0.434,-0.113,
75,-0.396,0.301,
76,0.159,-0.114,
77,-0.018,0.091,
78,0.139,0.398,
79,-0.092,0.156,
80,-0.631,0.884,
81,-0.087,0.039,
82,-0.249,0.187,
83,0.191,0.215,
84,0.436,0.082,
85,-0.416,0.147,
86,0.172,-0.47,
87,0.078,-0.214,
88,-0.068,0.154,
89,0.007,0.031,
90,-0.304,0,
91,0.12,0.539,
92,-0.214,0.18,
93,0.014,0.435,
94,-0.278,-0.091,
95,-0.407,-0.263,
96,0.282,-0.055,
97,-0.279,-0.365,
98,-0.117,-0.094,
99,0.08,-0.014,
100,0.296,-0.007,
101,-0.385,-0.028,
102,-0.209,0.528,
103,0.394,-0.224,
104,-0.109,0.151,
105,-0.316,0.305,
106,-0.231,-0.835,
107,0.054,-0.146,
108,0.186,-0.149,
109,-0.443,-0.625,
110,-0.026,-0.074,
111,0.086,-0.455,
112,-0.196,0.232,
113,0.017,-0.116,
114,0.405,0.042,
115,-0.287,0.253,
116,-0.102,0.328,
117,-0.258,-0.473,
118,0.024,-0.23,
119,0.201,0.298,
120,-0.418,-0.126,
121,-0.227,-0.656,
122,-0.024,-0.258,
123,-0.574,0.728,
124,-0.144,0.154,
125,0.035,0.045,
126,-0.021,-0.088,
127,0.017,-0.099,
128,-0.186,0.351,
129,0.441,0.141,
130,0.162,-0.436,
131,0.092,0.159,
132,-0.038,0.299,
133,-0.396,-0.035,
134,-0.813,-0.474,
135,0.046,-0.126,
136,-0.003,-0.174,
137,0.154,0.058,
138,0.851,0.177,
139,-0.277,0.078,
140,-0.289,0.074,
141,-0.38,0.751,
142,0.58,-0.161,
143,0.349,0.12,
144,0.754,-0.708,
145,0.448,-0.116,
146,-0.469,0.262,
147,0.157,0.009,
148,0.084,-0.077,
149,-0.065,-0.184,
150,-0.275,-0.173,
151,0.11,0.424,
152,0.176,-0.139,
153,-0.116,-0.219,
154,-0.187,0.554,
155,0.382,-0.056,
156,-0.412,0.312,
157,0.024,0.249,
158,0.082,-0.041,
159,-0.229,0.028,
160,-0.153,0.259,
161,0.227,-0.224,
162,-0.205,-0.105,
163,0.387,-0.321,
