1,1.668,2.186,
2,0.116,-0.897,
3,0.156,1.141,
4,0.241,0.261,
5,0.204,-0.722,
6,0.067,2.883,
7,0.747,0.325,
8,2.403,1.473,
9,0.826,0.919,
10,-0.128,-0.125,
11,-2.057,0.204,
12,1.62,-2.34,
13,-0.487,0.109,
14,-1.463,1.306,
15,-0.515,0.883,
16,-0.024,2.72,
17,0.53,-0.129,
18,-0.543,1.228,
19,-2.041,0.323,
20,-0.255,1.775,
21,0.136,-0.63,
22,0.965,1.08,
23,-0.998,-0.533,
24,-0.604,1.812,
25,-1.057,0.444,
26,1.114,0.924,
27,0.179,1.645,
28,0.044,-0.35,
29,-0.394,-0.235,
30,0.126,-0.475,
31,-0.169,-0.616,
32,-0.233,-0.476,
33,1.455,-1.358,
34,-0.008,0.136,
35,0.02,0.174,
36,0.103,0.836,
37,0.453,0.169,
38,-1.219,0.749,
39,0.771,0.883,
40,0.729,-0.112,
41,1.395,-1.557,
42,-0.067,-2.82,
43,1.435,1.007,
44,1.031,-0.63,
45,-0.697,-0.438,
46,-1.504,1.933,
47,-1.407,-0.392,
48,-0.148,-0.391,
49,0.985,1.473,
50,1.251,-0.132,
51,-0.813,-1.781,
52,0.418,-1.055,
53,0.792,1.301,
54,0.398,1.489,
55,-0.18,0.117,
56,-0.623,0.644,
57,0.102,-2.096,
58,0.011,2.104,
59,-0.561,-0.661,
60,-2.603,1.422,
61,1.108,0.705,
62,0.406,0.005,
63,1.09,1.223,
64,-0.015,-0.574,
65,-1.017,-1.519,
66,-2.218,-1.899,
67,-0.775,-0.233,
68,1.095,1.486,
69,-0.641,-0.323,
70,1.279,-2.89,
71,0.763,0.327,
72,-1.034,0.5,
73,-2.471,-0.531,
74,-0.186,-0.454,
75,0.441,0.248,
76,2.068,0.421,
77,1.084,0.352,
78,0.723,-0.577,
79,-0.933,-1.776,
80,-0.126,-0.182,
81,-0.528,1.763,
82,-0.446,0.06,
83,0.013,-1.947,
84,1.618,0.539,
85,-0.467,0.602,
86,0.345,1.232,
87,-0.468,-0.288,
88,-2.02,0.209,
89,1.067,-0.965,
90,-0.284,0.243,
91,2.1,-0.274,
92,0.281,1.473,
93,-1.141,-0.856,
94,0.683,0.024,
95,-0.637,0.602,
96,-0.644,0.801,
97,0.652,-1.636,
98,-1.132,1.399,
99,-0.416,-0.781,
100,0.04,0.932,
101,-1.09,-0.078,
102,-3.174,0.399,
103,1.455,-1.175,
104,-0.08,1.155,
105,0.003,0.494,
106,-0.491,-0.517,
107,-0.682,-0.657,
108,2.339,0.103,
109,0.232,-0.916,
110,-0.647,1.18,
111,-1.192,2.238,
112,-0.903,0.011,
113,-0.505,1.27,
114,-0.764,0.151,
115,-2.529,0.419,
116,-0.378,-0.375,
117,-1.791,-0.046,
118,-0.29,1.488,
119,0.193,-0.168,
120,2.298,0.125,
121,0.78,0.316,
122,0.725,0.515,
123,-0.411,0.723,
124,0.661,-0.169,
125,-0.338,1.555,
126,1.683,0.586,
127,-0.004,-0.108,
128,1.734,-0.069,
129,0.613,0.11,
130,1.183,1.25,
131,0.589,-0.384,
132,0.296,-0.6,
133,-0.349,0.729,
134,-0.039,0.565,
135,-1.775,-0.978,
136,-1.161,-0.616,
137,-0.487,1.335,
138,0.76,-1.09,
139,-1.035,1.676,
140,-0.581,-0.585,
141,-1.273,0.471,
142,-0.286,-1.509,
143,0.419,-0.56,
144,1.88,0.846,
145,0.219,-0.345,
146,0.326,-1.182,
147,-0.19,-0.366,
148,-1.362,-0.417,
149,0.427,-0.266,
150,-1.458,-2.049,
151,-0.698,-0.512,
152,0.385,0.668,
153,0.253,-2.303,
154,-0.221,0.03,
155,-0.003,-0.183,
156,-1.125,-1.19,
157,-0.672,-1.447,
158,1.271,-0.263,
159,0.39,0.968,
160,-0.17,-0.175,
161,1.169,-1.073,
162,-0.95,-1.555,
163,0.054,-0.541,
