1,2.156,2.413,
2,0.237,-1.225,
3,0.278,1.141,
4,0.319,0.153,
5,0.568,-1.059,
6,-0.047,2.661,
7,0.519,0.069,
8,3.229,1.592,
9,1.102,0.647,
10,-0.122,-0.141,
11,-2.247,0.282,
12,1.7,-2.858,
13,-0.425,0.292,
14,-1.992,1.334,
15,-0.62,0.516,
16,0.023,3.054,
17,1.042,-0.339,
18,-0.252,1.147,
19,-2.268,0.141,
20,0.338,1.328,
21,0.068,-0.725,
22,1.042,1.205,
23,-1.086,-0.597,
24,-0.562,1.799,
25,-1.744,0.385,
26,1.6,1.513,
27,0.177,2.354,
28,-0.004,-0.549,
29,-0.474,-0.677,
30,0.165,-0.665,
31,-0.362,-0.726,
32,-0.281,-0.676,
33,1.732,-1.413,
34,-0.378,0.083,
35,0.032,0.322,
36,0.157,0.897,
37,0.641,0.045,
38,-1.45,0.909,
39,0.756,1.108,
40,1.14,0.009,
41,1.997,-1.945,
42,-0.042,-2.997,
43,1.695,1.194,
44,1.352,-0.645,
45,-0.775,-0.644,
46,-1.991,2.376,
47,-1.686,-0.312,
48,0,-0.666,
49,0.965,1.216,
50,1.52,0.172,
51,-0.605,-2.032,
52,0.395,-1.138,
53,0.82,1.2,
54,0.754,1.921,
55,0.068,-0.345,
56,-0.586,0.555,
57,0.293,-2.482,
58,-0.034,2.148,
59,-0.577,-0.896,
60,-2.701,1.272,
61,1.462,0.451,
62,0.598,-0.168,
63,1.506,1.155,
64,-0.31,-0.834,
65,-0.891,-1.807,
66,-1.986,-2.218,
67,-0.855,-0.286,
68,0.987,1.512,
69,-1.14,-0.361,
70,1.425,-3.059,
71,1.144,0.374,
72,-0.982,0.69,
73,-3.099,-0.904,
74,-0.257,-0.697,
75,0.132,0.167,
76,2.291,0.335,
77,1.661,0.406,
78,0.859,-1.085,
79,-1.027,-1.788,
80,-0.256,-1.044,
81,-0.283,1.778,
82,-0.257,-0.208,
83,-0.677,-2.662,
84,1.972,0.258,
85,-0.155,0.644,
86,0.763,1.231,
87,-0.909,-0.504,
88,-2.815,0.171,
89,1.864,-1.386,
90,-0.008,0.055,
91,2.47,-0.7,
92,0.466,1.334,
93,-1.219,-1.111,
94,1.16,0.157,
95,-0.727,0.554,
96,-1.013,0.689,
97,0.668,-1.859,
98,-1.39,1.164,
99,-0.311,-0.894,
100,0.586,1.317,
101,-1.417,0.04,
102,-3.397,0.43,
103,1.839,-1.28,
104,0.151,1.149,
105,-0.067,0.453,
106,-0.3,-0.367,
107,-0.176,-0.885,
108,2.607,0.026,
109,0.481,-0.904,
110,-1.29,1.222,
111,-1.417,2.409,
112,-1.165,0.035,
113,-0.593,1.44,
114,-0.936,-0.008,
115,-2.99,0.478,
116,-0.713,-0.719,
117,-1.715,0.088,
118,-0.235,1.657,
119,0.429,-0.175,
120,2.676,0.316,
121,0.886,0.346,
122,0.901,0.701,
123,-0.649,0.4,
124,1.079,-0.599,
125,-0.695,1.586,
126,2.11,0.493,
127,0.042,-0.206,
128,1.955,-0.249,
129,0.808,-0.141,
130,1.284,1.315,
131,0.627,-0.043,
132,0.485,-0.839,
133,-0.308,0.687,
134,-0.056,0.629,
135,-2.183,-1.167,
136,-1.271,-0.711,
137,-0.481,1.511,
138,0.87,-1.243,
139,-1.333,1.739,
140,-0.409,-0.722,
141,-1.39,0.404,
142,-0.434,-1.71,
143,0.187,-0.816,
144,1.888,0.932,
145,0.226,-0.671,
146,0.394,-1.202,
147,-0.085,-0.636,
148,-1.475,-0.372,
149,0.314,-0.112,
150,-1.815,-2.165,
151,-0.408,-0.922,
152,0.334,0.782,
153,0.324,-2.422,
154,-0.22,-0.22,
155,-0.122,-0.152,
156,-1.279,-1.34,
157,-0.59,-1.8,
158,1.571,0.083,
159,0.591,1.012,
160,-0.064,-0.411,
161,1.191,-1.164,
162,-0.937,-2.031,
163,0.408,-0.394,
