1,-0.075,0.264,
2,-0.056,-0.297,
3,0.266,0.457,
4,0.143,0.079,
5,-0.098,-0.187,
6,0.305,0.574,
7,0.1,-0.109,
8,0.318,-0.124,
9,0.326,0.138,
10,-0.048,-0.044,
11,-0.47,-0.089,
12,0.911,-0.476,
13,-0.448,-0.189,
14,-0.079,-0.491,
15,0.142,0.212,
16,-0.039,0.408,
17,-0.315,0.261,
18,-0.451,0.524,
19,-0.46,0.285,
20,-0.256,0.76,
21,0.253,0.168,
22,0.333,0.118,
23,-0.088,-0.222,
24,-0.333,0.44,
25,0.308,-0.022,
26,0.424,-0.139,
27,0.037,0.19,
28,0.035,0.06,
29,-0.302,0.136,
30,0.677,0.32,
31,0.084,-0.212,
32,-0.011,-0.113,
33,0.427,-0.462,
34,0.108,-0.032,
35,-0.133,0.102,
36,0.185,0.369,
37,0.046,0.129,
38,0.008,0.015,
39,0.388,-0.1,
40,-0.03,-0.302,
41,0.227,-0.191,
42,-0.05,-1.205,
43,0.467,0.11,
44,0.07,-0.028,
45,-0.013,0.089,
46,0.159,0.036,
47,-0.127,0.033,
48,0.016,-0.068,
49,-0.081,0.632,
50,0.298,-0.046,
51,-0.461,-0.463,
52,0.237,-0.188,
53,0.253,0.53,
54,0.318,-0.07,
55,-0.079,0.024,
56,-0.191,0.653,
57,-0.196,-0.335,
58,-0.073,0.575,
59,0.128,-0.166,
60,-0.715,0.437,
61,0.263,0.26,
62,-0.094,0.06,
63,0.02,0.385,
64,0.064,-0.054,
65,-0.147,-0.296,
66,-0.637,-0.438,
67,-0.284,-0.163,
68,0.435,0.132,
69,0.445,-0.07,
70,0.155,-0.921,
71,0.105,-0.089,
72,-0.199,0.091,
73,-0.088,0.262,
74,0.352,0.072,
75,0.787,0.09,
76,0.569,-0.103,
77,-0.043,0.081,
78,0.186,0.326,
79,-0.479,-0.392,
80,-0.172,0.51,
81,-0.354,0.581,
82,-0.024,0.114,
83,0.566,-0.127,
84,0.752,-0.366,
85,-0.813,-0.075,
86,0.035,-0.131,
87,0.118,-0.161,
88,-0.01,0.039,
89,-0.281,-0.087,
90,-0.153,0.237,
91,0.473,0.296,
92,-0.014,0.613,
93,-0.274,0.149,
94,0.14,-0.202,
95,-0.229,0.228,
96,0.165,0.214,
97,0.064,-0.52,
98,-0.456,0.405,
99,-0.144,-0.223,
100,0.185,-0.102,
101,-0.047,-0.131,
102,-0.434,0.634,
103,0.201,-0.463,
104,-0.205,0.342,
105,0.103,0.161,
106,-0.421,-1.021,
107,-0.391,-0.282,
108,0.643,-0.089,
109,-0.219,-0.553,
110,-0.136,0.229,
111,-0.253,0.009,
112,-0.141,-0.014,
113,-0.049,0.302,
114,0.068,0.159,
115,-0.592,0.247,
116,-0.045,0.006,
117,-0.445,-0.04,
118,-0.045,0.03,
119,0.043,0.059,
120,0.475,-0.045,
121,0.144,-0.279,
122,0.316,0.135,
123,0.014,0.465,
124,0.001,0.222,
125,0.086,0.233,
126,0.553,0.13,
127,0.033,-0.056,
128,0.272,0.304,
129,0.421,0.199,
130,0.316,0.615,
131,-0.021,-0.003,
132,-0.019,-0.047,
133,-0.236,0.07,
134,-0.323,0.072,
135,-0.221,-0.152,
136,-0.092,-0.108,
137,-0.096,0.402,
138,0.303,-0.053,
139,-0.238,0.573,
140,-0.363,-0.083,
141,-0.712,0.518,
142,0.005,-0.288,
143,0.432,-0.187,
144,0.996,-0.246,
145,0.452,0.045,
146,-0.044,0.06,
147,-0.079,0.124,
148,-0.042,-0.077,
149,-0.052,-0.082,
150,-0.409,-0.39,
151,-0.329,0.289,
152,0.112,0.136,
153,0.07,-0.63,
154,-0.038,0.053,
155,0.242,-0.095,
156,-0.387,0.23,
157,-0.071,-0.115,
158,0.154,0.302,
159,-0.15,-0.048,
160,-0.257,0.299,
161,0.604,-0.392,
162,-0.354,0.055,
163,0.192,-0.234,
