1,0.151,0.033,
2,-0.028,-0.101,
3,-0.778,-0.709,
4,0.137,0.145,
5,-0.514,-0.226,
6,-0.817,-0.506,
7,-0.578,0.196,
8,-0.429,-0.215,
9,-1.18,0.327,
10,-0.128,0.301,
11,-0.469,0.585,
12,0.873,-0.248,
13,0.092,-0.135,
14,-0.022,0.056,
15,-0.847,-0.501,
16,0.707,-0.157,
17,-0.493,0.346,
18,0.099,0.687,
19,-0.259,0.394,
20,-0.069,0.315,
21,1.076,-0.266,
22,0.017,-0.306,
23,-0.4,-0.552,
24,-0.695,0.573,
25,-0.038,-0.254,
26,0.165,0.109,
27,-0.6,0.227,
28,0.158,-0.127,
29,-0.433,0.131,
30,0.221,0.256,
31,0.529,-0.187,
32,0.142,-0.091,
33,-0.252,-0.093,
34,0.284,0.174,
35,-0.019,0.233,
36,-0.711,0.43,
37,-0.033,0.132,
38,0.05,-0.221,
39,0.411,0.012,
40,-0.227,-0.281,
41,-0.521,-0.413,
42,0.004,-0.399,
43,0.251,-0.097,
44,0.23,0.119,
45,-0.033,-0.047,
46,0.4,-0.032,
47,-0.014,-0.13,
48,0.021,-0.055,
49,-0.528,-0.056,
50,0.441,0.102,
51,-0.45,-0.43,
52,0.079,0.057,
53,-0.188,0.214,
54,-0.172,-0.295,
55,0.214,0.078,
56,-0.111,0.987,
57,0.204,0.794,
58,-0.343,0.225,
59,-0.251,0.281,
60,0.477,0.147,
61,-0.321,0.949,
62,0.338,-0.57,
63,0.321,-0.438,
64,-0.01,0.18,
65,-0.098,-0.132,
66,0.08,-0.112,
67,-0.59,0.228,
68,0.296,-0.147,
69,0.465,0.503,
70,0.201,-0.278,
71,-0.239,-0.04,
72,-0.538,0.314,
73,-0.186,-0.038,
74,0.366,-0.182,
75,-0.731,0.334,
76,0.138,-0.182,
77,0.029,-0.004,
78,0.224,0.487,
79,-0.166,0.155,
80,-0.695,1.048,
81,-0.057,-0.059,
82,-0.519,0.244,
83,0.216,0.294,
84,0.284,0.133,
85,-0.314,0.246,
86,0.147,-0.419,
87,-0.038,-0.266,
88,-0.203,0.414,
89,-0.347,0.062,
90,-0.479,0.006,
91,0.029,0.68,
92,-0.262,0.204,
93,0.116,0.467,
94,-0.404,-0.123,
95,-0.696,-0.344,
96,0.116,-0.049,
97,-0.281,-0.335,
98,-0.335,0.031,
99,0.003,-0.184,
100,0.308,0.109,
101,-0.257,-0.04,
102,-0.408,0.529,
103,0.639,0.076,
104,-0.08,0.151,
105,-0.547,0.658,
106,-0.148,-0.678,
107,0.448,-0.021,
108,0.162,-0.153,
109,-0.565,-0.646,
110,-0.06,0.102,
111,0.267,-0.717,
112,-0.31,0.503,
113,-0.115,-0.141,
114,0.448,0.015,
115,-0.453,0.087,
116,0.065,0.5,
117,-0.531,-0.622,
118,-0.036,-0.171,
119,0.216,0.437,
120,-0.458,-0.117,
121,-0.279,-0.802,
122,-0.108,-0.185,
123,-0.822,0.969,
124,-0.273,-0.028,
125,0.043,0.38,
126,-0.151,-0.041,
127,-0.006,-0.281,
128,-0.16,0.294,
129,0.537,0.152,
130,0.42,-0.7,
131,-0.057,0.412,
132,-0.113,0.51,
133,-0.444,0.101,
134,-0.953,-0.707,
135,0.048,-0.482,
136,0.069,-0.383,
137,0.099,0.049,
138,1.01,0.135,
139,-0.435,0.071,
140,-0.369,0.11,
141,-0.376,0.817,
142,0.741,-0.192,
143,0.398,0.501,
144,0.631,-0.545,
145,0.696,-0.242,
146,-0.54,0.375,
147,0.194,-0.081,
148,0.11,-0.075,
149,0.108,-0.31,
150,-0.212,-0.017,
151,0.337,0.398,
152,0.225,-0.206,
153,-0.128,-0.211,
154,-0.253,0.895,
155,0.319,-0.179,
156,-0.632,0.218,
157,0.219,0.533,
158,0.127,-0.376,
159,-0.187,-0.089,
160,-0.134,0.2,
161,0.186,-0.289,
162,-0.169,-0.141,
163,0.441,-0.543,
