1,0.405,0.107,
2,0.501,-0.717,
3,0.225,-0.476,
4,0.582,-0.457,
5,0.722,-0.101,
6,-0.816,-0.273,
7,0.453,0.033,
8,1.052,-0.179,
9,0.208,-1.046,
10,0.242,0.174,
11,0.767,0.178,
12,0.781,-0.817,
13,1.157,-0.34,
14,-0.042,-0.078,
15,-0.046,-0.656,
16,0.656,-0.569,
17,0.631,-0.238,
18,0.534,-0.489,
19,0.349,-0.359,
20,0.557,-0.82,
21,0.426,-0.548,
22,0.416,-0.055,
23,0.311,-0.791,
24,0.147,-0.532,
25,0.013,-0.193,
26,1.052,0.681,
27,0.564,0.183,
28,0.399,-0.356,
29,0.162,-0.263,
30,0.265,0.013,
31,0.372,0.258,
32,0.548,-0.746,
33,0.311,-0.265,
34,-0.31,-0.701,
35,0.639,0.395,
36,0.159,-0.088,
37,0.592,-0.415,
38,0.322,-0.457,
39,0.585,-0.047,
40,0.707,-0.467,
41,0.956,-0.333,
42,0.999,-0.403,
43,0.662,-0.284,
44,0.91,0.009,
45,0.169,-0.228,
46,0.538,-0.138,
47,-0.205,-0.689,
48,1.139,-0.687,
49,0.288,-0.84,
50,0.558,-0.474,
51,0.547,-0.563,
52,0.472,-0.392,
53,0.555,-1.04,
54,0.735,-0.058,
55,0.457,-1.569,
56,0.399,-0.114,
57,0.835,-0.688,
58,0.134,0.07,
59,-0.029,-0.751,
60,0.365,-0.586,
61,0.437,-0.349,
62,1.044,-0.351,
63,0.739,-0.32,
64,-0.159,-0.864,
65,0.641,-0.585,
66,0.748,0.113,
67,-0.16,-0.727,
68,0.623,-0.173,
69,0.502,0.424,
70,0.288,-0.404,
71,0.412,-0.621,
72,0.791,-0.369,
73,-0.161,-0.346,
74,0.631,-0.283,
75,-0.02,-0.635,
76,0.615,0.274,
77,0.546,-0.421,
78,0.284,-0.445,
79,-0.368,-0.287,
80,-0.019,-1.435,
81,0.637,-0.394,
82,0.628,-0.604,
83,0.173,-0.536,
84,0.39,-0.446,
85,0.765,-0.182,
86,0.521,-0.077,
87,0.112,-0.841,
88,0.689,-0.473,
89,0.943,-0.362,
90,0.586,-0.673,
91,0.752,-0.08,
92,0.486,-0.798,
93,0.066,0.02,
94,0.293,0.118,
95,0.472,-0.605,
96,0.361,-0.713,
97,0.755,-0.222,
98,-0.211,-1.22,
99,0.553,-0.49,
100,0.645,-0.634,
101,0.395,0.004,
102,0.493,-0.736,
103,0.632,-0.034,
104,0.588,-0.391,
105,0.368,-0.487,
106,0.555,-0.165,
107,1.242,0.399,
108,0.493,-0.795,
109,0.561,-0.438,
110,0.836,-0.505,
111,0.324,-0.163,
112,-0.376,-0.425,
113,0.32,-0.191,
114,0.215,-0.785,
115,0.179,-1.749,
116,-0.062,-0.962,
117,1.031,-0.29,
118,0.414,-0.337,
119,0.688,-0.286,
120,0.797,-0.126,
121,0.237,-0.562,
122,0.863,0.089,
123,0.158,-1.29,
124,1.049,-1.016,
125,-0.002,-0.709,
126,0.777,-0.736,
127,0.677,-0.928,
128,0.307,-0.078,
129,0.88,-0.647,
130,0.646,-0.368,
131,0.948,0.703,
132,0.18,-0.621,
133,0.161,-0.427,
134,0.384,-0.314,
135,0.016,-0.859,
136,0.487,-0.603,
137,0.133,-0.229,
138,0.205,-0.451,
139,-0.087,-0.952,
140,0.584,-0.509,
141,0.363,-0.95,
142,0.248,-0.626,
143,0.319,-0.307,
144,0.196,-0.182,
145,0.514,-1.036,
146,1.102,-0.185,
147,0.428,-0.563,
148,-0.049,-0.45,
149,0.419,-2.038,
150,-0.662,-0.351,
151,1.35,-0.193,
152,0.105,0.117,
153,0.615,-0.736,
154,0.247,-0.85,
155,0.057,-0.392,
156,-0.135,-0.063,
157,0.294,-0.51,
158,1.114,-0.177,
159,0.554,-0.437,
160,0.251,-0.334,
161,1.014,-0.388,
162,0.59,-0.641,
163,1.153,-1.12,
