1,0.933,1.154,
2,-0.005,-0.781,
3,0.064,0.535,
4,0.328,-0.159,
5,0.013,-0.443,
6,0.219,2.033,
7,0.378,0.001,
8,1.383,0.677,
9,0.459,0.593,
10,0.074,-0.174,
11,-1.359,-0.019,
12,1.599,-1.545,
13,-0.508,-0.33,
14,-1.054,0.385,
15,-0.038,0.576,
16,-0.24,1.66,
17,-0.127,-0.163,
18,-0.569,0.729,
19,-1.325,0.055,
20,-0.261,1.571,
21,0.17,-0.279,
22,0.831,0.51,
23,-0.527,-0.52,
24,-0.265,0.811,
25,-0.255,0.103,
26,0.645,0.001,
27,0.058,0.679,
28,0.083,-0.078,
29,-0.28,-0.01,
30,0.496,0.041,
31,-0.167,-0.379,
32,-0.084,-0.294,
33,1.02,-1.078,
34,0.021,0.031,
35,0.171,0.048,
36,0.392,0.284,
37,-0.067,0.091,
38,-0.668,0.417,
39,0.62,0.472,
40,0.305,-0.209,
41,0.842,-0.854,
42,-0.036,-2.076,
43,0.922,0.56,
44,0.615,-0.25,
45,-0.473,-0.066,
46,-0.483,0.896,
47,-0.668,-0.13,
48,0.285,-0.232,
49,0.322,1.16,
50,0.819,-0.322,
51,-0.825,-1.25,
52,0.398,-0.486,
53,0.671,1.019,
54,0.339,0.544,
55,-0.143,0.097,
56,-0.3,0.73,
57,-0.069,-1.231,
58,-0.065,1.293,
59,-0.034,-0.571,
60,-1.637,0.848,
61,0.877,0.586,
62,0.14,-0.065,
63,0.266,0.777,
64,0.026,-0.337,
65,-0.53,-0.881,
66,-1.6,-1.264,
67,-0.556,-0.352,
68,1.014,0.857,
69,0.023,-0.136,
70,0.622,-1.958,
71,0.579,0.034,
72,-0.568,0.261,
73,-1.232,-0.066,
74,0.388,-0.172,
75,0.761,0.244,
76,1.317,0.161,
77,0.328,0.127,
78,0.439,-0.066,
79,-0.721,-1.125,
80,-0.062,0.294,
81,-0.552,1.301,
82,-0.29,0.022,
83,0.45,-0.999,
84,1.244,0.068,
85,-0.858,0.204,
86,0.218,0.471,
87,-0.095,-0.242,
88,-1.007,0.103,
89,0.3,-0.368,
90,-0.478,0.272,
91,1.179,0.094,
92,0.212,1.126,
93,-0.679,-0.326,
94,0.589,-0.294,
95,-0.432,0.441,
96,-0.249,0.695,
97,0.491,-0.989,
98,-0.933,0.836,
99,-0.278,-0.472,
100,0.098,0.327,
101,-0.164,-0.133,
102,-1.933,0.326,
103,0.662,-0.845,
104,-0.326,0.757,
105,0.086,0.305,
106,-0.503,-0.862,
107,-0.617,-0.452,
108,1.692,-0.112,
109,-0.112,-0.909,
110,-0.304,0.694,
111,-0.721,1.145,
112,-0.501,0.004,
113,-0.242,0.754,
114,-0.159,0.158,
115,-1.398,0.384,
116,-0.457,-0.08,
117,-1.218,0,
118,-0.18,0.72,
119,0.076,-0.052,
120,1.32,0.05,
121,0.472,-0.036,
122,0.544,0.243,
123,0.054,0.605,
124,0.347,0.028,
125,-0.08,0.834,
126,1.293,0.528,
127,0.336,-0.084,
128,0.865,0.307,
129,0.424,0.212,
130,0.762,0.96,
131,0.272,-0.204,
132,0.022,-0.381,
133,-0.268,0.377,
134,-0.032,0.289,
135,-1.061,-0.753,
136,-0.504,-0.31,
137,-0.184,1.032,
138,0.72,-0.45,
139,-0.764,1.339,
140,-0.678,-0.112,
141,-1.112,0.581,
142,-0.075,-0.885,
143,0.492,-0.283,
144,1.413,0.501,
145,0.352,-0.103,
146,0.192,-0.492,
147,0.05,0.112,
148,-0.618,-0.161,
149,0.3,-0.245,
150,-0.992,-1.426,
151,-0.692,0.215,
152,0.226,0.465,
153,0.216,-1.552,
154,-0.138,0.091,
155,0.257,0.047,
156,-0.715,-0.56,
157,-0.315,-0.787,
158,0.843,0.048,
159,0.074,0.71,
160,-0.332,0.433,
161,1.174,-0.471,
162,-0.73,-0.653,
163,0.029,-0.281,
