1,0.666,1.598,
2,-0.113,-0.578,
3,-1.394,-0.244,
4,-0.056,0.733,
5,-0.891,0.308,
6,-2.955,0.03,
7,-1.783,1.876,
8,-1.469,-0.012,
9,-1.173,0.145,
10,-0.644,0.614,
11,0.55,1.104,
12,0.708,-0.745,
13,0.578,0.408,
14,-1.619,1.068,
15,-2.848,-1.1,
16,0.942,0.868,
17,-1.224,0.732,
18,0.167,0.951,
19,-0.125,0.855,
20,0.029,-0.034,
21,1.173,-1.533,
22,-0.278,0.022,
23,-0.631,-0.599,
24,-1.135,0.391,
25,-1.219,-0.033,
26,0.341,0.894,
27,-0.967,0.448,
28,1.197,1.214,
29,-0.422,0.592,
30,-0.307,1.027,
31,0.208,0.565,
32,0.048,0.095,
33,-1.171,0.019,
34,-0.184,0.745,
35,-0.284,1.201,
36,-1.364,1.006,
37,-0.326,0.367,
38,0.458,0.585,
39,-0.499,2.799,
40,-0.755,0.075,
41,-0.062,-0.028,
42,1.64,-1.107,
43,0.402,-0.083,
44,-0.057,1.409,
45,-0.46,0.279,
46,0.013,0.442,
47,-0.806,0.665,
48,-0.155,-0.071,
49,-1.007,-1.041,
50,0.263,0.066,
51,0.477,0.861,
52,-0.135,0.335,
53,-0.663,0.041,
54,-0.77,0.013,
55,0.293,-0.163,
56,-0.526,1.854,
57,0.769,0.229,
58,-0.48,0.644,
59,-2.026,0.931,
60,0.216,0.023,
61,-1.002,1.96,
62,-0.055,-0.574,
63,0.005,0.049,
64,-0.365,-0.093,
65,-0.348,-0.082,
66,-0.173,-0.093,
67,-1.554,0.051,
68,-0.613,0.719,
69,-0.168,0.47,
70,0.36,0.044,
71,0.112,-0.663,
72,-0.851,1.34,
73,-0.661,-0.114,
74,-0.261,0.206,
75,-1.48,1.55,
76,-0.421,0.105,
77,-0.042,-0.08,
78,1.055,1.108,
79,-0.955,0.441,
80,-0.409,0.129,
81,1.137,-0.175,
82,-0.707,-0.014,
83,0.149,0.209,
84,-1.081,0.632,
85,-0.024,0.668,
86,-1.339,0.416,
87,-0.704,-0.638,
88,0.575,1.471,
89,-0.714,0.217,
90,-0.321,0.363,
91,-1.228,0.334,
92,-0.51,0.274,
93,0.884,1.21,
94,-0.688,0.265,
95,-0.648,0.062,
96,-0.326,-0.792,
97,0.067,0.238,
98,-0.777,0.58,
99,-0.66,-0.378,
100,-0.347,0.523,
101,0.25,0.5,
102,-1.088,0.277,
103,0.867,0.996,
104,-0.063,0.294,
105,-0.454,1.184,
106,-0.206,0.457,
107,1.983,1.578,
108,0.065,0.434,
109,-0.774,0.051,
110,0.007,0.889,
111,-0.107,-0.69,
112,-0.958,1.157,
113,-0.904,0.536,
114,-0.156,0.132,
115,-0.922,-0.861,
116,0.74,0.947,
117,-0.399,-0.108,
118,0.054,0.458,
119,0.065,0.904,
120,0.256,0.251,
121,-0.157,-0.137,
122,-0.291,0.821,
123,-1.035,0.574,
124,-0.738,-0.479,
125,-0.203,1.366,
126,-0.685,0.509,
127,-0.037,-0.901,
128,-0.141,0.292,
129,0.393,0.379,
130,0.857,-0.279,
131,-0.97,1.834,
132,-0.648,1.009,
133,-0.473,0.872,
134,-0.603,-0.19,
135,-0.646,-0.753,
136,0.097,-0.494,
137,-0.576,0.321,
138,-0.191,0.053,
139,-0.326,0.059,
140,-0.481,0.001,
141,-0.508,0.261,
142,0.2,-0.414,
143,-0.248,1.763,
144,-0.318,0.276,
145,0.514,-0.37,
146,-0.258,0.875,
147,-0.232,-0.006,
148,0.011,-0.277,
149,0.789,-1.811,
150,-0.527,0.694,
151,1.146,0.371,
152,-0.103,0.162,
153,-0.299,0.524,
154,-0.523,1.444,
155,-0.672,-0.409,
156,-1.203,-0.294,
157,0.991,0.991,
158,0.098,-0.318,
159,0.321,-0.533,
160,-0.344,0.2,
161,-0.101,-0.103,
162,-0.622,0.521,
163,0.351,-0.897,
