1,0.097,0.094,
2,0.241,-0.402,
3,-0.363,0.063,
4,0.248,-0.023,
5,-0.015,0.678,
6,-1.341,0.088,
7,0.23,0.665,
8,0.373,0.17,
9,-0.094,-0.549,
10,0.342,0.284,
11,0.226,0.733,
12,0.285,-0.302,
13,0.857,0.071,
14,-0.571,-0.096,
15,0.007,0.04,
16,0.134,-0.305,
17,-0.16,0.263,
18,-0.1,-0.331,
19,0.323,0.05,
20,0.454,0.564,
21,0.118,0.11,
22,-0.203,0.033,
23,0.138,-0.285,
24,-0.186,0.288,
25,-0.213,0.321,
26,0.492,0.667,
27,0.109,-0.205,
28,0.157,0.155,
29,-0.044,0.195,
30,-0.052,0.47,
31,0.193,0.817,
32,0.102,-0.211,
33,0.006,-0.002,
34,-0.576,0.039,
35,0.114,0.75,
36,-0.931,0.621,
37,0.189,0.091,
38,-0.279,-0.213,
39,-0.151,0.206,
40,0.004,0.143,
41,0.393,0.267,
42,0.787,0.69,
43,0.019,0.132,
44,0.205,0.156,
45,0.063,-0.017,
46,-0.183,-0.09,
47,-0.66,-0.367,
48,0.577,-0.022,
49,-0.132,-0.509,
50,-0.359,-0.361,
51,0.124,-0.296,
52,0.183,0.156,
53,0.527,-0.577,
54,0.361,0.357,
55,-0.343,-0.427,
56,-0.473,0.264,
57,0.104,-0.258,
58,0.037,0.442,
59,0.156,-0.349,
60,0.165,-0.135,
61,0.038,-0.04,
62,0.021,-0.15,
63,-0.105,0.53,
64,-0.349,-0.469,
65,0.221,0.033,
66,0.308,0.755,
67,-0.34,-0.414,
68,0.232,0.13,
69,0.122,0.844,
70,0.072,0.159,
71,-0.12,-0.346,
72,0.379,0.09,
73,-0.429,0.163,
74,0.351,0.2,
75,-0.057,-0.158,
76,-0.105,0.419,
77,-0.17,-0.297,
78,-0.241,-0.057,
79,-0.788,0.129,
80,-0.121,-0.665,
81,-0.197,0.152,
82,0.139,0.206,
83,0.348,0.205,
84,-0.287,-0.059,
85,-0.225,0.016,
86,0.054,0.413,
87,0.338,-0.862,
88,0.055,0.04,
89,0.241,0.032,
90,0.446,-0.136,
91,-0.086,0.652,
92,0.129,-0.102,
93,-0.377,0.476,
94,-0.152,0.322,
95,0.092,-0.105,
96,-0.108,-0.206,
97,0.397,0.162,
98,-0.441,-0.891,
99,-0.016,0.072,
100,-0.709,-0.382,
101,0.073,0.415,
102,-0.087,-0.211,
103,-0.175,0.18,
104,0.044,-0.026,
105,-0.453,-0.309,
106,0.007,0.115,
107,0.406,1.089,
108,0.085,-0.305,
109,-0.071,-0.133,
110,-0.119,0.375,
111,-0.075,0.387,
112,-0.744,-0.084,
113,-0.083,-0.171,
114,-0.127,-0.29,
115,-0.043,-1.432,
116,-0.171,-0.128,
117,0.805,-0.063,
118,-0.049,-0.336,
119,-0.258,0.147,
120,0.23,-0.547,
121,-0.094,0.405,
122,0.193,0.175,
123,-0.379,-0.903,
124,0.583,-0.34,
125,-0.253,-0.399,
126,0.071,-0.115,
127,0.647,-0.204,
128,0.016,0.254,
129,0.065,0.316,
130,0.206,0.113,
131,0.4,1.04,
132,-0.564,0.229,
133,-0.424,-0.433,
134,-0.026,0.26,
135,-0.272,-0.394,
136,-0.227,0.127,
137,-0.526,-0.102,
138,-0.394,0.267,
139,-0.293,-0.704,
140,0.109,0.25,
141,-0.312,-0.582,
142,-0.278,-0.486,
143,0.033,0.467,
144,-0.16,0.527,
145,-0.283,-0.386,
146,0.772,0.315,
147,-0.009,-0.271,
148,-0.574,0.102,
149,0.305,-1.618,
150,-1.073,-0.201,
151,0.811,0.352,
152,-0.252,0.377,
153,0.448,-0.146,
154,-0.165,-0.08,
155,-0.266,-0.264,
156,-0.287,0.215,
157,-0.118,-0.209,
158,0.303,0.306,
159,-0.217,-0.235,
160,-0.001,0.194,
161,0.228,-0.193,
162,0.176,-0.092,
163,0.839,-0.458,
