1,-0.549,-1.184,
2,-0.477,-0.684,
3,0.242,-1.756,
4,-1.375,0.393,
5,0.224,-0.384,
6,-0.333,0.368,
7,0.437,-0.467,
8,-0.28,-1.302,
9,2.019,0.35,
10,-0.158,-0.229,
11,0.041,-1.249,
12,0.695,0.235,
13,-0.07,0.634,
14,-0.859,-0.087,
15,-1.051,0.152,
16,0.75,-0.116,
17,-0.848,-2.138,
18,0.675,-0.389,
19,0.126,0.311,
20,0.091,0.086,
21,-0.08,-0.892,
22,0.12,-0.04,
23,-0.248,-1.692,
24,0.79,-1.28,
25,0.033,-0.83,
26,-2.405,-1.481,
27,-1.419,-1.019,
28,1.485,-0.488,
29,0.983,0.826,
30,1.654,-0.22,
31,-0.456,-1.269,
32,0.445,-0.737,
33,-1.66,-1.365,
34,0.171,-2.531,
35,-0.195,-0.615,
36,0.617,0.09,
37,1.341,0.414,
38,1.224,-0.725,
39,-0.297,-0.449,
40,1.225,-1.264,
41,0.651,1.049,
42,-0.181,1.372,
43,0.193,1.7,
44,-0.64,-1.444,
45,-0.329,-0.654,
46,-1.043,0.059,
47,-0.027,0.694,
48,-0.676,-0.647,
49,0.646,-1.221,
50,0.851,0.012,
51,-0.463,-1.613,
52,-1.035,0.495,
53,-1.06,1.297,
54,-1.455,-0.089,
55,-1.284,-0.367,
56,-0.623,-0.21,
57,0.384,-0.464,
58,-1.723,-0.177,
59,-0.136,-1.328,
60,0.111,-0.549,
61,-1.48,-0.035,
62,0.37,-0.723,
63,1.772,1.118,
64,-0.435,0.361,
65,0.763,-0.137,
66,1.158,0.119,
67,-0.196,0.886,
68,0.042,-0.642,
69,-0.223,-0.128,
70,1.519,-0.715,
71,0.995,-0.902,
72,0.065,-1.807,
73,1.762,-0.654,
74,1.413,-0.623,
75,0.98,0.478,
76,-0.222,-1.917,
77,0.44,1.361,
78,0.37,1.173,
79,0.854,0.617,
80,1.087,0.304,
81,-1.022,-1.026,
82,-0.176,0.861,
83,0.124,-0.002,
84,-0.161,-0.061,
85,1.116,-0.431,
86,1.337,0.139,
87,-0.206,-0.567,
88,0.303,0.536,
89,-1.674,-0.21,
90,-0.744,0.447,
91,-0.948,-0.207,
92,-0.445,-0.154,
93,1.164,1.416,
94,-0.907,2.17,
95,1.71,-0.505,
96,-0.368,-1.225,
97,-1.008,-0.324,
98,-0.461,-2.273,
99,0.453,-0.535,
100,0.254,-1.683,
101,-0.173,-0.416,
102,-0.694,-1.294,
103,-0.062,-1.503,
104,0.304,-0.817,
105,-1.545,0.113,
106,1.081,-0.339,
107,-0.506,0.166,
108,0.513,-1.102,
109,0.617,-2.268,
110,-1.384,-2.852,
111,0.325,0.356,
112,1.503,-0.883,
113,0.419,-0.63,
114,-0.111,-0.622,
115,-0.332,-1.19,
116,0.133,-0.992,
117,2.142,-0.197,
118,0.499,-0.285,
119,0.539,-0.903,
120,-0.213,-0.051,
121,0.135,-0.166,
122,0.312,0.038,
123,0.097,-1.283,
124,-1.188,-1.272,
125,0.211,-0.13,
126,0.39,-0.384,
127,0.54,-1.353,
128,-0.206,-0.223,
129,-0.2,-0.336,
130,-0.6,-0.186,
131,0.598,-0.514,
132,0.542,1.186,
133,-0.094,-1.127,
134,-0.22,0.131,
135,-1.724,-1.066,
136,-0.017,-0.705,
137,1.458,-0.003,
138,-0.482,-0.238,
139,-0.783,-0.101,
140,-0.965,-1.106,
141,-0.674,-0.844,
142,0.968,-1.039,
143,-0.338,0.165,
144,-0.25,-1.082,
145,-1.107,0.061,
146,0.025,0.298,
147,-0.111,-0.561,
148,-2.026,-0.439,
149,-0.095,-1.126,
150,-0.277,-3.104,
151,-0.181,-0.082,
152,-0.604,-1.044,
153,0.368,-0.281,
154,-1.765,0.333,
155,-0.932,-1.309,
156,1.12,0.159,
157,0.13,-0.634,
158,0.029,-0.756,
159,0.295,0.447,
160,-1.246,-0.516,
161,-0.758,-0.17,
162,1.099,0.587,
163,0.553,-0.902,
