1,-0.033,-0.112,
2,0.008,0.019,
3,-0.228,-0.469,
4,0.132,0.068,
5,-0.348,-0.223,
6,-0.302,-0.356,
7,-0.15,-0.008,
8,-0.028,-0.248,
9,-0.561,0.205,
10,-0.081,0.219,
11,-0.424,0.252,
12,0.736,-0.14,
13,-0.043,-0.152,
14,0.08,-0.183,
15,-0.331,-0.264,
16,0.495,-0.254,
17,-0.409,0.331,
18,-0.014,0.551,
19,-0.227,0.287,
20,-0.066,0.284,
21,0.641,0.107,
22,0.06,-0.243,
23,-0.261,-0.267,
24,-0.507,0.478,
25,0.255,-0.146,
26,0.11,-0.027,
27,-0.388,0.172,
28,0.058,-0.109,
29,-0.317,0.041,
30,0.383,0.229,
31,0.442,-0.198,
32,0.104,-0.095,
33,-0.036,-0.013,
34,0.214,0.063,
35,-0.01,0.15,
36,-0.388,0.345,
37,0.01,0.097,
38,-0.032,-0.334,
39,0.435,-0.246,
40,-0.154,-0.27,
41,-0.394,-0.284,
42,-0.122,-0.245,
43,0.31,-0.225,
44,0.224,-0.001,
45,0.013,-0.049,
46,0.242,-0.015,
47,0.028,-0.276,
48,0.107,0.01,
49,-0.264,0.165,
50,0.281,0.091,
51,-0.542,-0.302,
52,0.102,0.048,
53,-0.048,0.246,
54,-0.019,-0.182,
55,0.123,0.098,
56,-0.125,0.64,
57,-0.046,0.675,
58,-0.26,0.174,
59,0.146,0.033,
60,0.262,0.172,
61,-0.122,0.538,
62,0.365,-0.343,
63,0.206,-0.299,
64,0.028,0.147,
65,-0.036,-0.089,
66,0.078,0.075,
67,-0.393,0.214,
68,0.318,-0.12,
69,0.476,0.399,
70,-0.012,-0.191,
71,-0.253,0.139,
72,-0.375,0.164,
73,-0.045,0.067,
74,0.436,-0.114,
75,-0.398,0.3,
76,0.157,-0.115,
77,-0.018,0.091,
78,0.138,0.398,
79,-0.092,0.155,
80,-0.632,0.887,
81,-0.087,0.04,
82,-0.25,0.187,
83,0.19,0.213,
84,0.436,0.082,
85,-0.415,0.147,
86,0.174,-0.471,
87,0.078,-0.214,
88,-0.065,0.155,
89,0.007,0.031,
90,-0.305,-0.001,
91,0.122,0.539,
92,-0.214,0.181,
93,0.013,0.436,
94,-0.279,-0.092,
95,-0.406,-0.265,
96,0.283,-0.057,
97,-0.28,-0.365,
98,-0.117,-0.095,
99,0.081,-0.014,
100,0.295,-0.008,
101,-0.386,-0.028,
102,-0.208,0.529,
103,0.399,-0.224,
104,-0.109,0.15,
105,-0.318,0.306,
106,-0.23,-0.834,
107,0.054,-0.147,
108,0.188,-0.149,
109,-0.444,-0.626,
110,-0.026,-0.075,
111,0.086,-0.456,
112,-0.196,0.232,
113,0.018,-0.117,
114,0.406,0.042,
115,-0.291,0.253,
116,-0.103,0.33,
117,-0.257,-0.476,
118,0.022,-0.23,
119,0.202,0.298,
120,-0.42,-0.126,
121,-0.227,-0.657,
122,-0.025,-0.26,
123,-0.577,0.73,
124,-0.145,0.153,
125,0.037,0.045,
126,-0.023,-0.088,
127,0.016,-0.099,
128,-0.186,0.35,
129,0.442,0.141,
130,0.164,-0.439,
131,0.093,0.16,
132,-0.037,0.299,
133,-0.397,-0.034,
134,-0.816,-0.476,
135,0.046,-0.126,
136,-0.006,-0.175,
137,0.154,0.058,
138,0.853,0.177,
139,-0.276,0.076,
140,-0.29,0.075,
141,-0.38,0.753,
142,0.582,-0.163,
143,0.35,0.122,
144,0.754,-0.706,
145,0.45,-0.12,
146,-0.47,0.262,
147,0.158,0.008,
148,0.082,-0.08,
149,-0.066,-0.185,
150,-0.277,-0.172,
151,0.111,0.424,
152,0.176,-0.139,
153,-0.117,-0.221,
154,-0.189,0.555,
155,0.382,-0.057,
156,-0.412,0.313,
157,0.024,0.251,
158,0.081,-0.039,
159,-0.227,0.025,
160,-0.152,0.258,
161,0.227,-0.225,
162,-0.206,-0.108,
163,0.39,-0.32,
