1,-0.871,-0.281,
2,0.354,-0.289,
3,0.863,-0.148,
4,0.402,0.239,
5,-1.021,-0.56,
6,-1.015,-0.616,
7,1.921,0.253,
8,0.575,-1.227,
9,1.036,-1.254,
10,-0.6,-1.246,
11,0.52,0.054,
12,0.404,-0.009,
13,0.584,-0.517,
14,0.404,0.739,
15,-0.291,-1.468,
16,0.653,0.152,
17,0.58,0.314,
18,-0.062,-0.225,
19,0.7,0.145,
20,-0.811,-1.326,
21,0.877,-0.627,
22,0.241,-0.217,
23,0.577,-1.119,
24,-0.061,-0.046,
25,0.429,0.914,
26,0.568,-0.251,
27,-1.057,-0.718,
28,0.995,0.178,
29,0.363,0.614,
30,0.045,-0.325,
31,0.139,-1.708,
32,1.24,0.411,
33,2.063,-0.642,
34,0.695,-0.655,
35,1.071,-0.233,
36,0.129,0.234,
37,0.744,0.042,
38,0.483,0.173,
39,1.28,1.327,
40,0.179,-0.868,
41,0.183,-0.979,
42,1.492,-0.36,
43,1.26,-0.402,
44,0.093,-0.11,
45,0.059,0.181,
46,-0.501,-0.52,
47,-0.525,-0.315,
48,1.016,0.366,
49,0.442,-0.206,
50,1.015,0.08,
51,-0.469,0.024,
52,0.51,-0.649,
53,1.714,-1.017,
54,1.709,1.366,
55,0.653,-1.003,
56,0.965,-1.048,
57,-0.29,-0.315,
58,-0.01,-1.071,
59,0.121,-1.073,
60,-0.254,-0.299,
61,-0.07,0.118,
62,1.453,-0.042,
63,-0.704,-1.177,
64,-0.858,-1.077,
65,0.873,-1.142,
66,1.282,0.168,
67,0.362,-0.541,
68,-0.362,0.098,
69,1.978,-0.046,
70,-0.163,-0.092,
71,0.478,-0.903,
72,1.867,-0.266,
73,0.98,-1.166,
74,0.498,-0.415,
75,0.209,-0.162,
76,1.579,-0.653,
77,0.849,-0.464,
78,0.244,-1.837,
79,0.397,-1.419,
80,1.289,0.475,
81,0.975,0.156,
82,0.451,0.441,
83,-0.194,-0.261,
84,0.963,-0.542,
85,0.314,-0.059,
86,-0.031,-0.129,
87,-0.297,-1.345,
88,0.882,0.1,
89,0.961,-0.197,
90,1.808,-0.14,
91,0.385,0.229,
92,-0.729,-0.566,
93,-0.214,0.49,
94,0.79,0.1,
95,-0.37,1.879,
96,1.174,-1.904,
97,0.876,-0.423,
98,0.683,-1.196,
99,0.118,-1.778,
100,2.773,0.852,
101,0.656,0.788,
102,0.785,-0.713,
103,-0.418,-0.917,
104,1.114,-0.218,
105,-0.007,-0.395,
106,-1.172,-0.897,
107,0.87,-0.288,
108,-0.285,-0.545,
109,0.734,-0.574,
110,0.061,-0.464,
111,-0.621,-1.333,
112,-0.449,-0.137,
113,1.934,-0.174,
114,1.545,-0.088,
115,0.602,-0.057,
116,0.942,-0.607,
117,0.693,-1.536,
118,1.642,-0.006,
119,0.239,-0.736,
120,0.597,-1.778,
121,0.912,0.812,
122,1.018,0.11,
123,0.937,-0.012,
124,0.771,-1.753,
125,0.473,-0.486,
126,0.469,0.147,
127,0.79,0.455,
128,0.58,-0.01,
129,0.747,-0.048,
130,0.864,-0.711,
131,-0.438,0.851,
132,1.137,-1.47,
133,0.515,-1.066,
134,0.363,-0.434,
135,-0.141,0.015,
136,0.79,-0.095,
137,0.355,0.089,
138,0.725,-0.465,
139,0.402,-1.192,
140,-0.015,-0.854,
141,-0.404,0.513,
142,-0.291,0.788,
143,0.077,0.688,
144,1.344,-1.29,
145,-0.145,-0.866,
146,0.825,0.075,
147,0.176,-0.279,
148,-0.234,-1.984,
149,0.904,0.054,
150,0.84,-0.344,
151,2.011,-0.191,
152,0.188,-0.915,
153,0.888,-1.057,
154,-0.074,0.016,
155,-0.166,-0.522,
156,0.423,0.635,
157,0.112,-0.81,
158,-0.217,-1.783,
159,-0.229,-1.345,
160,0.206,-0.791,
161,0.211,-0.598,
162,0.195,-0.162,
163,0.973,-0.861,
