1,-0.188,-0.399,
2,0.157,0.083,
3,1.154,0.315,
4,0.22,0.488,
5,0.213,0.208,
6,-1.148,0.49,
7,0.207,-0.63,
8,-0.628,-0.178,
9,0.251,-0.358,
10,0.088,0.343,
11,0.516,-0.635,
12,0.159,-0.398,
13,-0.441,-0.458,
14,-0.188,-1.05,
15,-0.297,-1.434,
16,0.269,-0.058,
17,-0.788,0.128,
18,-0.106,0.317,
19,-0.138,0.476,
20,-0.345,0.034,
21,0.2,0.516,
22,-0.395,-0.023,
23,-0.088,0.093,
24,-0.408,0.702,
25,0.438,-0.04,
26,0.149,0.075,
27,0.188,0.559,
28,0.668,-0.198,
29,-0.483,0.258,
30,0.551,0.356,
31,0.149,-0.085,
32,-0.025,-0.243,
33,0.187,0.149,
34,-0.131,0.103,
35,-0.101,0.209,
36,0.931,0.659,
37,0.017,0.138,
38,0.352,-0.218,
39,0.72,-0.152,
40,-0.164,-0.284,
41,0.238,0.045,
42,0.587,-0.35,
43,-0.875,0.004,
44,0.154,-0.213,
45,-0.384,0.463,
46,0.153,0.033,
47,-0.106,0.012,
48,0.063,-0.853,
49,-0.129,0.157,
50,0.726,-0.019,
51,-1.053,-0.307,
52,0.159,0.436,
53,0.2,0.102,
54,0.37,0.178,
55,-0.233,0.227,
56,0.48,0.042,
57,-0.078,-0.03,
58,-0.147,0.398,
59,-0.381,-0.33,
60,-0.303,-0.091,
61,-0.202,-0.279,
62,1.027,-0.466,
63,0.191,0.31,
64,0.137,-0.47,
65,1.043,0.347,
66,-0.232,0.1,
67,0.146,0.091,
68,0.894,-0.136,
69,0.833,0.245,
70,0.037,0.025,
71,0.964,-0.097,
72,-0.076,-0.42,
73,-0.346,0.381,
74,-0.096,0.28,
75,-0.367,-0.46,
76,-0.017,-0.267,
77,-0.012,0.175,
78,0.056,0.564,
79,-0.036,0.9,
80,-0.697,-0.362,
81,0.102,0.12,
82,-0.325,0.03,
83,-0.257,-0.238,
84,0.591,0.573,
85,-0.241,-0.387,
86,-0.075,-0.884,
87,-0.501,0.027,
88,0.712,-1.03,
89,0.045,0.247,
90,-0.101,-0.017,
91,0.064,0.329,
92,0.095,0.141,
93,0.436,-0.31,
94,0.588,0.027,
95,-0.249,-0.197,
96,-0.061,-0.217,
97,-0.147,-0.38,
98,0.309,0.221,
99,0.219,0.455,
100,0.938,-0.071,
101,-0.168,-0.111,
102,-0.351,0.723,
103,0.819,0.128,
104,-0.669,0.031,
105,-0.354,0.233,
106,-0.657,-0.781,
107,0.205,0.595,
108,0.091,-0.732,
109,0.041,-0.455,
110,0.188,-0.334,
111,0.474,-0.347,
112,0.249,-0.328,
113,0.089,0.188,
114,-0.565,-0.041,
115,-0.454,0.58,
116,-0.067,-0.081,
117,0.462,0.551,
118,0.045,0.363,
119,-0.211,-0.464,
120,0.245,-0.449,
121,-0.528,-0.671,
122,0.245,-0.398,
123,-0.426,0.199,
124,-0.029,0.307,
125,0.321,-1.24,
126,-0.214,-0.509,
127,0.098,-0.34,
128,0.039,0.563,
129,-0.096,-0.452,
130,1.042,-0.233,
131,-0.307,-0.412,
132,-0.244,0.21,
133,-0.207,0.05,
134,-0.88,-0.485,
135,0.49,-0.625,
136,0.095,0.201,
137,0.234,0.139,
138,0.044,-0.108,
139,0.138,0.479,
140,-0.035,0.132,
141,-0.153,1.139,
142,0.41,-0.119,
143,0.175,-0.464,
144,0.914,-0.779,
145,0.584,-0.316,
146,0.003,-0.057,
147,0.545,-0.02,
148,0.202,-0.28,
149,-0.167,0.057,
150,0.03,-0.156,
151,-0.489,-0.083,
152,-0.172,-0.376,
153,-0.051,-0.059,
154,0.328,0.493,
155,0.159,-0.111,
156,-0.331,0.465,
157,-0.079,-0.352,
158,-0.047,0.366,
159,-0.175,0.029,
160,-0.101,0.259,
161,0.283,-0.423,
162,-0.358,0.102,
163,0.711,-0.46,
