1,-0.035,-0.116,
2,0.009,0.024,
3,-0.231,-0.472,
4,0.133,0.068,
5,-0.351,-0.219,
6,-0.301,-0.36,
7,-0.153,-0.01,
8,-0.03,-0.249,
9,-0.567,0.207,
10,-0.081,0.22,
11,-0.429,0.251,
12,0.739,-0.139,
13,-0.044,-0.152,
14,0.081,-0.183,
15,-0.332,-0.27,
16,0.5,-0.251,
17,-0.409,0.331,
18,-0.014,0.555,
19,-0.224,0.287,
20,-0.067,0.283,
21,0.645,0.104,
22,0.058,-0.245,
23,-0.261,-0.266,
24,-0.509,0.481,
25,0.25,-0.143,
26,0.109,-0.027,
27,-0.39,0.173,
28,0.06,-0.109,
29,-0.319,0.037,
30,0.38,0.228,
31,0.446,-0.2,
32,0.103,-0.096,
33,-0.035,-0.014,
34,0.216,0.065,
35,-0.012,0.149,
36,-0.392,0.345,
37,0.011,0.097,
38,-0.034,-0.334,
39,0.435,-0.248,
40,-0.154,-0.27,
41,-0.397,-0.286,
42,-0.124,-0.245,
43,0.311,-0.227,
44,0.225,-0.001,
45,0.013,-0.05,
46,0.246,-0.016,
47,0.03,-0.279,
48,0.106,0.01,
49,-0.259,0.166,
50,0.283,0.092,
51,-0.543,-0.304,
52,0.103,0.049,
53,-0.05,0.247,
54,-0.021,-0.185,
55,0.125,0.099,
56,-0.124,0.641,
57,-0.047,0.679,
58,-0.262,0.175,
59,0.151,0.034,
60,0.264,0.173,
61,-0.126,0.543,
62,0.362,-0.346,
63,0.21,-0.303,
64,0.029,0.146,
65,-0.036,-0.09,
66,0.079,0.075,
67,-0.394,0.215,
68,0.322,-0.123,
69,0.48,0.402,
70,-0.009,-0.192,
71,-0.254,0.141,
72,-0.379,0.165,
73,-0.048,0.064,
74,0.436,-0.115,
75,-0.399,0.299,
76,0.156,-0.115,
77,-0.017,0.089,
78,0.137,0.398,
79,-0.091,0.155,
80,-0.635,0.892,
81,-0.09,0.036,
82,-0.252,0.188,
83,0.192,0.217,
84,0.437,0.082,
85,-0.413,0.148,
86,0.176,-0.472,
87,0.078,-0.215,
88,-0.066,0.157,
89,0.005,0.032,
90,-0.306,-0.002,
91,0.123,0.542,
92,-0.213,0.183,
93,0.012,0.437,
94,-0.281,-0.093,
95,-0.413,-0.269,
96,0.283,-0.054,
97,-0.28,-0.366,
98,-0.117,-0.096,
99,0.082,-0.013,
100,0.295,-0.006,
101,-0.388,-0.029,
102,-0.206,0.53,
103,0.407,-0.227,
104,-0.108,0.15,
105,-0.321,0.308,
106,-0.228,-0.833,
107,0.055,-0.147,
108,0.19,-0.151,
109,-0.446,-0.629,
110,-0.026,-0.075,
111,0.088,-0.458,
112,-0.197,0.234,
113,0.019,-0.12,
114,0.409,0.041,
115,-0.297,0.251,
116,-0.104,0.332,
117,-0.258,-0.475,
118,0.021,-0.23,
119,0.203,0.297,
120,-0.421,-0.127,
121,-0.229,-0.659,
122,-0.026,-0.263,
123,-0.581,0.732,
124,-0.147,0.152,
125,0.039,0.046,
126,-0.02,-0.088,
127,0.015,-0.1,
128,-0.185,0.349,
129,0.444,0.14,
130,0.164,-0.445,
131,0.094,0.162,
132,-0.037,0.301,
133,-0.402,-0.033,
134,-0.82,-0.48,
135,0.048,-0.128,
136,-0.007,-0.177,
137,0.154,0.057,
138,0.857,0.177,
139,-0.273,0.072,
140,-0.292,0.076,
141,-0.38,0.757,
142,0.589,-0.164,
143,0.35,0.126,
144,0.754,-0.704,
145,0.452,-0.122,
146,-0.473,0.262,
147,0.159,0.005,
148,0.079,-0.085,
149,-0.067,-0.184,
150,-0.278,-0.174,
151,0.113,0.424,
152,0.177,-0.14,
153,-0.116,-0.221,
154,-0.19,0.556,
155,0.381,-0.058,
156,-0.411,0.313,
157,0.024,0.254,
158,0.081,-0.037,
159,-0.225,0.018,
160,-0.152,0.257,
161,0.226,-0.225,
162,-0.207,-0.113,
163,0.394,-0.317,
