1,0.309,-0.163,
2,-0.407,0.556,
3,0.793,-0.313,
4,-0.206,0.014,
5,0.525,-0.258,
6,-0.02,0.583,
7,0.44,-0.75,
8,0.368,-0.786,
9,1.012,-0.084,
10,-0.168,-0.083,
11,-1.269,-0.092,
12,0.297,0.806,
13,0.01,-0.081,
14,0.675,0.128,
15,-0.291,0.055,
16,0.255,-0.197,
17,-0.703,0.333,
18,-0.204,0.332,
19,-0.496,-0.333,
20,-0.358,-0.109,
21,-0.651,-0.678,
22,-0.008,-0.146,
23,-0.373,-0.554,
24,-0.399,0.391,
25,0.221,0.033,
26,0.507,-0.101,
27,0.811,0.241,
28,0.689,-0.093,
29,0.375,0.632,
30,0.785,0.253,
31,-0.325,0.047,
32,0.846,-0.545,
33,-0.474,-1.431,
34,-0.361,0.295,
35,-0.026,0.29,
36,0.162,0.496,
37,-0.395,-0.427,
38,-0.123,-0.792,
39,-0.032,-0.276,
40,-0.707,-0.137,
41,0.327,-0.518,
42,-0.036,-0.575,
43,0.447,-0.193,
44,0.099,0.338,
45,0.159,0.101,
46,0.59,0.115,
47,-0.494,-0.188,
48,-0.34,0.302,
49,-0.629,0.289,
50,0.117,-0.062,
51,0.042,-0.267,
52,0.157,-0.022,
53,-0.396,0.932,
54,1.244,-0.149,
55,-0.155,-0.37,
56,0.537,0.387,
57,-0.401,0.757,
58,0.777,0.867,
59,0.372,-0.291,
60,-0.193,0.597,
61,-0.584,-0.677,
62,0.665,-0.425,
63,-0.206,0.094,
64,-0.071,-0.884,
65,-0.25,0.322,
66,-0.765,0.058,
67,-0.478,-0.427,
68,0.275,-0.058,
69,-0.62,0.389,
70,0.34,0.924,
71,-0.189,-0.145,
72,-0.185,0.062,
73,-0.13,0.021,
74,0.535,0.064,
75,0.084,0.341,
76,-0.03,-0.148,
77,-0.508,0.049,
78,0.154,1.114,
79,-0.252,0.367,
80,-0.562,0.006,
81,-0.193,-0.098,
82,-0.747,0.255,
83,0.336,0.335,
84,0.256,-0.1,
85,-1.055,0.802,
86,-0.114,-0.383,
87,0.173,-0.73,
88,0.349,-0.008,
89,0.844,-0.75,
90,0.095,-0.194,
91,0.384,1.037,
92,0.215,0.039,
93,0.544,0.418,
94,0.44,0.325,
95,-0.014,1.289,
96,1.046,-0.747,
97,0.733,0.434,
98,-0.488,0.017,
99,-0.658,1.109,
100,1.692,-1.198,
101,0.107,-1.237,
102,-0.123,-0.08,
103,-0.177,-0.025,
104,0.322,-0.175,
105,0.424,-0.328,
106,-0.355,-1.265,
107,-0.076,0.351,
108,-0.117,-0.097,
109,-0.695,-0.525,
110,-0.035,-0.123,
111,0.542,0.295,
112,0.013,-0.421,
113,-0.123,0.48,
114,0.058,0.675,
115,-0.394,-0.103,
116,0.481,-0.604,
117,0.045,0.28,
118,0.367,-0.835,
119,0.641,0.326,
120,0.063,0.236,
121,0.052,-0.237,
122,-0.608,0.784,
123,0.289,0.72,
124,0.137,0.214,
125,0.022,0.931,
126,0.469,-0.37,
127,0.315,0.617,
128,0.032,0.637,
129,0.479,0.31,
130,0.555,0.469,
131,0.46,0.522,
132,-0.07,0.103,
133,-0.042,-0.449,
134,0.038,0.36,
135,-0.285,0.468,
136,-0.406,-0.197,
137,-0.138,-0.099,
138,0.275,0.347,
139,-0.393,-0.49,
140,-0.402,0.663,
141,-0.911,0.176,
142,0.233,-0.403,
143,0.485,-0.875,
144,0.753,-0.74,
145,-0.167,-0.202,
146,-0.118,0.223,
147,-0.899,0.232,
148,-0.531,0.087,
149,0.043,-0.193,
150,0.104,-0.738,
151,-0.058,0.643,
152,0.096,0.049,
153,0.887,-0.343,
154,-0.408,0.139,
155,0.648,-0.43,
156,-0.316,0.118,
157,-0.268,-0.243,
158,-0.041,0.473,
159,-0.075,0.196,
160,-0.21,1.141,
161,0.321,-0.105,
162,-0.503,-0.043,
163,-0.668,-0.637,
