1,2.002,-0.209,
2,0.39,0.726,
3,1.672,-1.025,
4,0.792,-0.93,
5,1.436,-0.443,
6,0.297,1.746,
7,2.443,0.589,
8,2.13,0.008,
9,1.949,-0.605,
10,0.304,-0.248,
11,0.012,0.562,
12,1.765,0.537,
13,1.564,0.261,
14,1.445,1.31,
15,-0.098,-0.222,
16,-0.055,-0.927,
17,0.188,0.04,
18,0.65,-0.091,
19,-0.342,-1.056,
20,0.286,-1.259,
21,0.553,-2.151,
22,0.868,-0.515,
23,-0.794,-0.858,
24,0.587,-0.17,
25,0.394,-0.127,
26,1.667,-0.403,
27,2.321,-0.453,
28,1.977,-0.35,
29,2.181,1.016,
30,1.226,0.03,
31,0.635,0.325,
32,1.887,-0.857,
33,0.64,-2.363,
34,-0.778,0.341,
35,1.431,0.878,
36,0.245,-0.053,
37,0.269,-0.945,
38,0.319,-0.674,
39,-0.391,0.374,
40,0.403,-0.194,
41,1.807,-0.613,
42,0.885,-0.475,
43,1.421,-0.2,
44,1.053,0.391,
45,0.833,0.48,
46,0.721,0.322,
47,-0.321,-0.586,
48,0.834,0.576,
49,-0.482,-1.253,
50,0.852,-1.21,
51,1.68,-0.509,
52,1.041,-0.244,
53,0.432,1.505,
54,2.735,0.236,
55,0.906,-0.767,
56,1.935,0.075,
57,0.407,2.147,
58,1.571,0.809,
59,1.479,-1.764,
60,0.951,0.959,
61,0.193,0.7,
62,3.519,-0.038,
63,1.401,0.351,
64,-0.497,-2.091,
65,1.324,0.122,
66,0.539,0.153,
67,1.26,-0.849,
68,0.114,-0.303,
69,-0.916,0.843,
70,1.847,0.499,
71,0.508,-0.389,
72,0.756,-0.108,
73,0.748,-0.965,
74,1.766,-0.305,
75,0.505,0.789,
76,1.208,-1.187,
77,0.714,-0.095,
78,0.783,0.336,
79,0.092,-0.118,
80,-0.471,-1.057,
81,0.097,-0.604,
82,-0.52,-0.269,
83,1.42,-0.484,
84,0.978,-0.474,
85,1.1,1.523,
86,-0.162,-1.572,
87,1.225,-1.878,
88,0.657,0.292,
89,2.344,-0.834,
90,0.227,-0.931,
91,1.947,1.834,
92,1.712,-0.453,
93,1.232,0.712,
94,1.417,-0.864,
95,0.571,1.137,
96,3.264,-1.616,
97,1.541,-0.031,
98,0.171,-0.166,
99,0.542,0.959,
100,2.477,-2.708,
101,0.898,-1.107,
102,0.428,-0.927,
103,-0.188,1.036,
104,1.173,-0.666,
105,1.614,-0.454,
106,2.06,-0.923,
107,2.429,1.154,
108,0.44,-0.868,
109,0.408,-0.336,
110,0.525,-0.478,
111,1.253,0.874,
112,0.558,0.015,
113,0.989,0.26,
114,1.19,0.154,
115,0.13,-1.65,
116,1.52,-1.341,
117,1.84,-1.494,
118,1.503,-0.853,
119,1.638,0.279,
120,0.867,-0.419,
121,1.176,1.015,
122,-0.028,0.801,
123,1.485,-0.099,
124,1.703,-0.604,
125,0.028,0.561,
126,2.292,-0.571,
127,1.487,0.316,
128,1.216,0.182,
129,1.578,0.632,
130,2.549,-0.127,
131,1.334,1.045,
132,0.945,-0.037,
133,0.88,-0.882,
134,0.452,0.111,
135,-0.258,-0.462,
136,1.135,-0.699,
137,0.283,-0.466,
138,1.333,-0.013,
139,0.781,-0.743,
140,1.131,0.7,
141,0.417,-1.057,
142,1.05,-1.168,
143,0.846,-0.43,
144,0.803,0.81,
145,0.576,-0.061,
146,1.692,-0.057,
147,-0.248,-0.212,
148,-0.632,-0.664,
149,0.147,-2.342,
150,1.562,-1.316,
151,1.19,1.389,
152,1.342,-0.012,
153,1.38,-1.272,
154,-0.048,-0.31,
155,1.157,-0.869,
156,0.331,-1.654,
157,-0.998,-0.943,
158,1.42,-0.078,
159,1.186,0.246,
160,1.016,1.419,
161,1.271,-0.2,
162,-0.627,-0.929,
163,0.472,-1.845,
