1,1.822,-0.265,
2,0.813,0.568,
3,1.77,-0.79,
4,1.085,-0.848,
5,1.263,-0.057,
6,0.112,1.393,
7,2.404,0.356,
8,2.111,-0.184,
9,1.825,-0.67,
10,0.426,-0.128,
11,0.774,0.307,
12,1.943,0.147,
13,1.668,0.35,
14,1.304,0.775,
15,0.32,-0.39,
16,0.362,-0.675,
17,0.542,0.047,
18,0.796,-0.146,
19,-0.064,-0.667,
20,0.602,-1.298,
21,0.998,-2.051,
22,1.171,-0.501,
23,-0.603,-0.79,
24,0.804,-0.269,
25,0.503,0.142,
26,1.911,-0.342,
27,2.314,-0.585,
28,2.044,-0.364,
29,2.112,0.722,
30,1.2,0.001,
31,1.021,0.322,
32,1.881,-0.77,
33,1.293,-1.975,
34,-0.408,0.09,
35,1.636,0.958,
36,0.216,-0.108,
37,0.76,-0.824,
38,0.47,-0.257,
39,0.029,0.155,
40,0.805,-0.302,
41,1.995,-0.421,
42,1.428,-0.165,
43,1.356,-0.152,
44,1.239,0.286,
45,0.953,0.483,
46,0.795,0.159,
47,0.216,-0.706,
48,1.244,0.495,
49,0.299,-1.348,
50,0.938,-1.267,
51,1.662,-0.333,
52,1.188,-0.197,
53,0.58,1.043,
54,2.451,0.335,
55,1.071,-0.731,
56,1.738,0.13,
57,0.724,1.833,
58,1.434,0.492,
59,1.663,-1.65,
60,1.142,0.676,
61,0.477,0.892,
62,3.215,-0.027,
63,1.471,0.387,
64,-0.308,-1.985,
65,1.683,-0.016,
66,0.85,0.228,
67,1.549,-0.753,
68,0.468,-0.432,
69,0.015,0.564,
70,1.853,-0.001,
71,0.812,-0.482,
72,1.043,-0.082,
73,1.074,-0.797,
74,1.863,-0.321,
75,0.821,0.377,
76,1.253,-1.235,
77,1.14,-0.078,
78,0.875,0.14,
79,0.233,-0.271,
80,-0.211,-1.19,
81,0.087,-0.668,
82,0.024,-0.399,
83,1.513,-0.563,
84,1.154,-0.434,
85,1.565,1.129,
86,0.165,-1.602,
87,1.316,-1.779,
88,1.249,-0.232,
89,2.451,-0.61,
90,0.415,-0.848,
91,2.173,1.587,
92,1.849,-0.551,
93,1.096,0.541,
94,1.448,-1.135,
95,0.83,0.588,
96,3.07,-1.577,
97,1.506,-0.369,
98,0.38,-0.383,
99,1.011,0.503,
100,2.115,-2.261,
101,0.95,-0.882,
102,0.793,-0.92,
103,0.536,0.914,
104,1.294,-0.658,
105,1.621,-0.498,
106,2.491,-0.663,
107,2.68,0.983,
108,0.723,-0.794,
109,0.8,-0.292,
110,0.927,-0.399,
111,1.243,0.498,
112,0.593,0.005,
113,1.109,0.112,
114,1.365,-0.172,
115,0.082,-1.715,
116,1.717,-1.285,
117,2.037,-1.186,
118,1.505,-0.681,
119,1.653,0.156,
120,1.046,-0.491,
121,1.39,0.823,
122,0.646,0.5,
123,1.626,-0.408,
124,1.97,-0.692,
125,0.105,0.023,
126,2.458,-0.589,
127,1.531,-0.037,
128,1.342,-0.023,
129,1.817,0.5,
130,2.699,-0.331,
131,1.399,0.883,
132,1.067,-0.129,
133,1.034,-0.911,
134,0.483,-0.068,
135,0.194,-0.666,
136,1.352,-0.661,
137,0.388,-0.5,
138,1.344,-0.289,
139,1.039,-0.924,
140,1.519,0.418,
141,0.827,-1.123,
142,1.124,-1.165,
143,0.835,-0.256,
144,0.931,0.723,
145,0.89,-0.221,
146,2.025,0.036,
147,0.211,-0.413,
148,-0.239,-0.967,
149,0.291,-2.699,
150,1.326,-0.63,
151,1.509,1.09,
152,1.449,-0.109,
153,1.357,-1.172,
154,0.188,-0.537,
155,1.079,-0.905,
156,0.767,-1.495,
157,-0.132,-0.893,
158,1.496,-0.099,
159,1.474,-0.294,
160,1.171,0.999,
161,1.384,-0.45,
162,-0.179,-1.035,
163,0.869,-1.606,
