1,0.749,1.33,
2,-0.539,-0.673,
3,-2.532,-1.826,
4,0.214,0.477,
5,-1.398,-0.27,
6,-2.882,0.102,
7,-1.686,1.61,
8,-1.566,0.35,
9,-3.343,1.302,
10,-0.341,0.75,
11,-0.53,1.568,
12,1.773,-0.584,
13,0.113,0.029,
14,-1.361,1.043,
15,-3.392,-0.589,
16,1.202,0.869,
17,-0.841,0.365,
18,0.966,1.517,
19,0.013,0.622,
20,-0.39,1.065,
21,2.051,-1.367,
22,0.034,-0.902,
23,-1.508,-1.259,
24,-1.565,1.254,
25,-1.218,-0.455,
26,-0.248,0.367,
27,-1.664,0.526,
28,0.647,0.32,
29,-0.548,0.145,
30,-0.547,0.6,
31,1.321,-0.132,
32,0.255,-0.222,
33,-1.587,0.5,
34,0.839,0.812,
35,-0.335,0.532,
36,-2.31,0.804,
37,-0.159,0.138,
38,0.656,-0.315,
39,0.653,1.49,
40,-0.675,-0.418,
41,-1.669,-1.236,
42,0.345,-1.068,
43,0.125,0.335,
44,0.51,0.706,
45,-0.308,-0.139,
46,0.687,0.432,
47,-0.031,0.568,
48,-0.03,-0.398,
49,-0.989,-0.858,
50,1.123,0.013,
51,-0.807,-0.727,
52,0.137,0.338,
53,-0.471,0.689,
54,-1.052,-1.162,
55,0.733,0.192,
56,0.325,1.869,
57,1.127,1.706,
58,-0.787,0.429,
59,-1.681,1.497,
60,0.757,-0.055,
61,-1.328,1.965,
62,1.37,-1.315,
63,1.038,-1.349,
64,-0.036,0.006,
65,-0.286,-0.47,
66,0.588,-0.029,
67,-1.302,0.479,
68,0.536,0.596,
69,0.08,1.302,
70,1.154,-0.577,
71,-0.409,0.29,
72,-1.58,0.916,
73,-0.884,-0.765,
74,-0.877,-0.212,
75,-2.915,0.454,
76,0.724,-0.241,
77,0.098,-0.622,
78,1.196,1.206,
79,-0.149,-0.078,
80,-1.566,2.101,
81,0.091,-0.194,
82,-1.696,0.629,
83,0.44,0.31,
84,-0.136,0.233,
85,0.407,0.973,
86,-0.279,-0.661,
87,-0.482,-0.619,
88,-1.281,1.48,
89,0.215,0.025,
90,-1.264,0.061,
91,-0.041,1.339,
92,-0.76,0.587,
93,0.214,1.472,
94,-1.115,-0.342,
95,-1.614,-1.29,
96,0.448,-0.526,
97,-0.258,-0.203,
98,-0.055,0.094,
99,-0.121,-0.524,
100,0.261,0.982,
101,-0.414,0.078,
102,-2.18,0.339,
103,1.506,0.279,
104,-0.073,0.032,
105,-0.698,1.75,
106,0.355,0.168,
107,1.77,0.431,
108,0.223,0.142,
109,-1.392,-1.336,
110,-0.144,0.6,
111,0.524,-1.944,
112,-0.783,1.514,
113,-1.309,-0.793,
114,1.191,-0.2,
115,-0.806,-0.429,
116,0.203,1.435,
117,-1.533,-1.167,
118,-0.277,-0.143,
119,1.067,0.581,
120,-0.883,-0.099,
121,-0.078,-1.379,
122,-1.237,-0.888,
123,-2.01,1.332,
124,-1.018,-0.67,
125,-0.084,0.864,
126,-1.862,0.542,
127,-0.091,-0.921,
128,-0.026,0.082,
129,0.993,0.237,
130,1.208,-1.775,
131,-0.008,1.227,
132,-0.022,1.134,
133,-0.915,0.928,
134,-2.655,-1.476,
135,-0.198,-2.153,
136,0.303,-1.089,
137,0.015,0.298,
138,2.292,0.312,
139,-0.823,-0.305,
140,-0.47,-0.469,
141,-0.264,1.387,
142,1.833,-0.231,
143,0.447,1.729,
144,0.113,-0.136,
145,0.739,-1.099,
146,-1.304,0.708,
147,0.555,-0.543,
148,0.144,-0.553,
149,1.292,-1.793,
150,0.404,-0.299,
151,1.42,0.41,
152,0.528,-0.249,
153,-0.259,-0.25,
154,-0.775,2.272,
155,0.035,-0.495,
156,-2.079,-0.964,
157,-0.071,0.21,
158,0.736,-2.067,
159,0.411,-0.963,
160,-0.013,-0.091,
161,0.001,0.281,
162,-0.383,-0.333,
163,-0.011,-2.165,
