1,1.893,-0.359,
2,-0.197,1.077,
3,1.913,-0.953,
4,0.14,-0.638,
5,1.304,-0.161,
6,0.625,1.984,
7,2.811,0.198,
8,1.993,-0.285,
9,1.835,-0.212,
10,-0.217,-0.272,
11,-1.825,0.484,
12,1.318,1.06,
13,1.021,0.194,
14,1.531,1.755,
15,-0.597,-0.551,
16,0.047,-0.369,
17,-0.302,0.358,
18,0.333,0.237,
19,-0.655,-1.238,
20,-0.421,-1.165,
21,-0.366,-2.375,
22,0.51,-0.851,
23,-1.204,-0.987,
24,-0.011,0.444,
25,-0.155,0.312,
26,1.737,-0.255,
27,2.738,-0.169,
28,2.277,-0.4,
29,2.422,1.434,
30,1.131,0.019,
31,-0.078,0.443,
32,1.883,-1.115,
33,-0.254,-2.868,
34,-1.686,0.836,
35,0.975,0.946,
36,-0.176,0.379,
37,-0.232,-1.172,
38,0.15,-1.605,
39,-0.977,0.648,
40,-0.372,-0.127,
41,1.861,-0.707,
42,0.054,-0.791,
43,1.612,-0.41,
44,0.754,0.713,
45,0.618,0.655,
46,0.615,0.454,
47,-0.894,-0.441,
48,-0.266,1.011,
49,-0.607,-1.084,
50,0.869,-1.351,
51,1.672,-0.282,
52,0.779,-0.193,
53,-0.448,2.501,
54,3.107,0.03,
55,0.973,-0.757,
56,2.231,-0.09,
57,0.105,2.439,
58,1.923,1.446,
59,1.257,-1.658,
60,0.618,1.616,
61,-1.141,0.342,
62,2.99,0.311,
63,1.02,0.487,
64,-0.913,-2.787,
65,0.743,0.619,
66,-0.282,0.13,
67,0.972,-0.778,
68,-0.841,-0.074,
69,-2.922,1.589,
70,1.733,1.456,
71,0.224,-0.094,
72,0.211,0.1,
73,0.047,-1.177,
74,1.425,-0.223,
75,0.414,1.961,
76,0.903,-0.948,
77,0.125,0.023,
78,0.599,0.946,
79,-0.193,0.091,
80,-1.071,-0.91,
81,-0.095,-0.843,
82,-1.79,-0.038,
83,1.65,-0.627,
84,0.65,-0.289,
85,0.342,2.669,
86,-0.772,-1.704,
87,1.034,-2.544,
88,1.057,0.567,
89,2.229,-1.332,
90,0.103,-1.142,
91,1.816,2.312,
92,1.73,-0.363,
93,1.645,0.871,
94,1.576,-0.631,
95,0.01,1.875,
96,3.938,-1.762,
97,1.8,0.66,
98,-0.259,0.16,
99,-0.213,1.923,
100,3.076,-3.83,
101,0.94,-1.846,
102,0.456,-1.052,
103,-0.029,1.279,
104,1.037,-0.603,
105,1.947,-0.196,
106,1.916,-1.42,
107,1.796,1.703,
108,-0.247,-0.736,
109,-0.289,-0.28,
110,-0.235,-0.697,
111,1.594,1.691,
112,0.349,0.048,
113,0.876,0.705,
114,0.911,0.775,
115,-0.849,-1.651,
116,1.767,-1.763,
117,1.618,-1.916,
118,1.619,-1.327,
119,1.857,0.737,
120,0.571,0.056,
121,0.823,1.444,
122,-1.204,0.86,
123,1.624,0.675,
124,1.552,-0.444,
125,-0.078,1.366,
126,2.184,-0.783,
127,1.063,0.942,
128,1.309,0.322,
129,1.585,0.953,
130,2.624,-0.06,
131,1.137,1.604,
132,0.693,0.179,
133,0.438,-0.652,
134,0.374,0.412,
135,-1.227,-0.144,
136,0.746,-0.623,
137,-0.179,-0.626,
138,1.123,0.176,
139,0.786,-1.524,
140,0.769,1.171,
141,-0.114,-0.939,
142,1.283,-0.939,
143,0.695,-0.788,
144,1.015,0.718,
145,-0.157,0.354,
146,0.971,-0.18,
147,-1.161,-0.196,
148,-1.789,-1.133,
149,-0.02,-1.704,
150,1.76,-1.517,
151,0.722,1.878,
152,1.282,-0.101,
153,1.413,-1.45,
154,-0.669,-0.182,
155,1.191,-1.304,
156,-0.492,-1.787,
157,-2.51,-0.746,
158,0.963,0.293,
159,1.361,-0.059,
160,0.936,1.862,
161,0.431,-0.227,
162,-1.701,-1.52,
163,-0.112,-1.537,
