1,0.02,-0.169,
2,-0.2,0.298,
3,0.615,-0.122,
4,-0.016,0.031,
5,0.223,-0.236,
6,0.048,0.106,
7,0.126,-0.612,
8,0.171,-0.613,
9,0.648,-0.137,
10,-0.076,-0.056,
11,-0.515,-0.067,
12,0.322,0.417,
13,-0.121,-0.064,
14,0.459,-0.24,
15,-0.089,-0.003,
16,0.221,-0.216,
17,-0.562,0.298,
18,-0.26,0.305,
19,-0.225,-0.013,
20,-0.208,-0.045,
21,-0.346,-0.243,
22,0.04,-0.021,
23,-0.171,-0.356,
24,-0.314,0.241,
25,0.341,-0.05,
26,0.363,-0.135,
27,0.359,0.172,
28,0.309,-0.02,
29,-0.009,0.364,
30,0.73,0.285,
31,-0.158,-0.049,
32,0.405,-0.312,
33,-0.227,-0.612,
34,-0.081,0.119,
35,-0.086,0.178,
36,0.238,0.386,
37,-0.199,-0.192,
38,-0.135,-0.39,
39,0.236,-0.313,
40,-0.466,-0.167,
41,0.167,-0.244,
42,0.085,-0.435,
43,0.309,-0.151,
44,0.038,0.171,
45,0.078,0.036,
46,0.396,0.045,
47,-0.206,-0.145,
48,-0.088,0.102,
49,-0.435,0.301,
50,-0.001,0.071,
51,-0.248,-0.206,
52,0.113,0.02,
53,-0.191,0.575,
54,0.687,-0.062,
55,-0.105,-0.212,
56,0.081,0.557,
57,-0.325,0.377,
58,0.39,0.493,
59,0.185,-0.121,
60,-0.173,0.275,
61,-0.282,-0.516,
62,0.343,-0.208,
63,-0.252,0.066,
64,0.046,-0.385,
65,-0.161,0.133,
66,-0.406,0.017,
67,-0.438,-0.23,
68,0.271,-0.08,
69,-0.067,0.194,
70,0.087,0.382,
71,-0.08,-0.15,
72,-0.128,0.054,
73,0.047,0.237,
74,0.485,0.095,
75,0.129,0.171,
76,-0.039,-0.095,
77,-0.335,0.099,
78,0.122,0.816,
79,-0.176,0.322,
80,-0.379,0.11,
81,-0.07,-0.004,
82,-0.305,0.197,
83,0.197,0.295,
84,0.306,-0.059,
85,-0.941,0.254,
86,0.013,-0.349,
87,0.09,-0.361,
88,0.185,-0.02,
89,0.407,-0.384,
90,0.022,0.015,
91,0.19,0.588,
92,0.011,0.105,
93,0.246,0.377,
94,0.206,0.229,
95,0.054,0.792,
96,0.532,-0.445,
97,0.305,0.079,
98,-0.297,-0.014,
99,-0.401,0.535,
100,1.005,-0.595,
101,-0.007,-0.696,
102,-0.066,0.256,
103,-0.087,-0.194,
104,0.152,-0.019,
105,0.194,-0.204,
106,-0.488,-1.128,
107,-0.143,0.018,
108,-0.004,-0.036,
109,-0.477,-0.464,
110,0.032,-0.087,
111,0.229,-0.052,
112,0.001,-0.329,
113,-0.096,0.335,
114,0.049,0.434,
115,-0.264,0.223,
116,0.205,-0.262,
117,0.094,0.156,
118,0.121,-0.485,
119,0.347,0.143,
120,0.042,0.14,
121,-0.015,-0.369,
122,-0.184,0.419,
123,0.071,0.378,
124,-0.022,0.25,
125,0.022,0.45,
126,0.193,-0.227,
127,0.224,0.321,
128,-0.165,0.567,
129,0.395,0.206,
130,0.268,0.364,
131,0.204,0.19,
132,-0.07,0.044,
133,-0.109,-0.324,
134,-0.139,0.198,
135,-0.074,0.299,
136,-0.27,-0.109,
137,-0.02,0.001,
138,0.217,0.198,
139,-0.275,-0.228,
140,-0.273,0.222,
141,-0.75,0.34,
142,0.13,-0.248,
143,0.361,-0.602,
144,0.778,-0.848,
145,-0.025,-0.114,
146,-0.235,0.156,
147,-0.489,0.229,
148,-0.173,0.17,
149,-0.054,-0.047,
150,-0.141,-0.398,
151,-0.067,0.38,
152,-0.006,0.018,
153,0.487,-0.126,
154,-0.209,0.088,
155,0.45,-0.193,
156,-0.314,0.418,
157,0.009,-0.061,
158,-0.1,0.489,
159,-0.209,0.136,
160,-0.314,0.772,
161,0.285,-0.158,
162,-0.248,0.195,
163,-0.303,-0.366,
