1,2.022,-0.254,
2,0.073,0.919,
3,1.755,-1.006,
4,0.49,-0.817,
5,1.374,-0.349,
6,0.522,1.894,
7,2.623,0.5,
8,2.084,-0.061,
9,1.963,-0.424,
10,0.106,-0.277,
11,-0.857,0.663,
12,1.557,0.874,
13,1.335,0.25,
14,1.528,1.592,
15,-0.421,-0.326,
16,-0.071,-0.71,
17,-0.07,0.149,
18,0.5,0.057,
19,-0.546,-1.304,
20,0.011,-1.245,
21,0.148,-2.236,
22,0.699,-0.646,
23,-1.029,-0.856,
24,0.33,0.07,
25,0.14,0.04,
26,1.676,-0.338,
27,2.452,-0.329,
28,2.049,-0.372,
29,2.309,1.288,
30,1.178,0.034,
31,0.307,0.367,
32,1.928,-0.954,
33,0.134,-2.66,
34,-1.172,0.545,
35,1.233,0.907,
36,0.05,0.147,
37,0.019,-1.033,
38,0.245,-1.088,
39,-0.663,0.617,
40,0.054,-0.168,
41,1.772,-0.697,
42,0.439,-0.68,
43,1.503,-0.294,
44,0.901,0.522,
45,0.713,0.535,
46,0.659,0.396,
47,-0.654,-0.474,
48,0.316,0.763,
49,-0.605,-1.193,
50,0.856,-1.208,
51,1.721,-0.471,
52,0.913,-0.23,
53,0.123,2.023,
54,2.977,0.239,
55,0.885,-0.744,
56,2.101,0.036,
57,0.202,2.277,
58,1.739,1.148,
59,1.392,-1.765,
60,0.76,1.313,
61,-0.425,0.524,
62,3.405,0.037,
63,1.271,0.402,
64,-0.794,-2.382,
65,1.038,0.331,
66,0.212,0.117,
67,1.096,-0.867,
68,-0.267,-0.271,
69,-1.886,1.188,
70,1.802,0.953,
71,0.317,-0.258,
72,0.49,-0.051,
73,0.488,-1.129,
74,1.632,-0.266,
75,0.383,1.365,
76,1.1,-1.104,
77,0.434,-0.041,
78,0.739,0.575,
79,-0.03,-0.017,
80,-0.717,-0.972,
81,0.026,-0.672,
82,-1.075,-0.162,
83,1.477,-0.509,
84,0.793,-0.451,
85,0.734,1.986,
86,-0.494,-1.632,
87,1.099,-2.093,
88,0.744,0.489,
89,2.321,-1.086,
90,0.201,-1.009,
91,1.811,2.068,
92,1.672,-0.406,
93,1.394,0.803,
94,1.475,-0.739,
95,0.303,1.553,
96,3.568,-1.686,
97,1.646,0.26,
98,-0.048,-0.012,
99,0.174,1.396,
100,2.846,-3.223,
101,0.86,-1.427,
102,0.353,-0.981,
103,-0.193,1.163,
104,1.112,-0.677,
105,1.751,-0.363,
106,1.935,-1.162,
107,2.162,1.396,
108,0.12,-0.874,
109,0.076,-0.351,
110,0.169,-0.585,
111,1.366,1.242,
112,0.492,-0.017,
113,0.916,0.44,
114,1.05,0.438,
115,-0.302,-1.622,
116,1.599,-1.51,
117,1.719,-1.72,
118,1.555,-1.063,
119,1.711,0.478,
120,0.719,-0.235,
121,0.988,1.213,
122,-0.571,0.94,
123,1.518,0.251,
124,1.589,-0.512,
125,-0.064,0.964,
126,2.217,-0.66,
127,1.283,0.597,
128,1.247,0.257,
129,1.533,0.765,
130,2.547,-0.036,
131,1.282,1.276,
132,0.819,0.059,
133,0.683,-0.81,
134,0.417,0.243,
135,-0.738,-0.367,
136,1.016,-0.708,
137,0.091,-0.517,
138,1.24,0.089,
139,0.777,-1.059,
140,0.928,0.939,
141,0.133,-1.026,
142,1.099,-1.088,
143,0.776,-0.591,
144,0.865,0.787,
145,0.258,0.131,
146,1.404,-0.15,
147,-0.708,-0.156,
148,-1.195,-0.866,
149,0.018,-2.05,
150,1.668,-1.496,
151,0.948,1.636,
152,1.298,-0.032,
153,1.437,-1.352,
154,-0.364,-0.223,
155,1.17,-1,
156,-0.068,-1.716,
157,-1.826,-0.92,
158,1.278,0.068,
159,1.234,0.197,
160,0.965,1.628,
161,0.938,-0.198,
162,-1.202,-1.25,
163,0.163,-1.794,
