1,1.879,-0.415,
2,-0.185,1.134,
3,1.971,-0.965,
4,0.113,-0.644,
5,1.305,-0.113,
6,0.694,1.977,
7,2.868,0.095,
8,2.078,-0.232,
9,1.747,-0.211,
10,-0.286,-0.285,
11,-1.924,0.454,
12,1.297,1.04,
13,0.978,0.161,
14,1.506,1.915,
15,-0.611,-0.614,
16,0.062,-0.305,
17,-0.327,0.388,
18,0.318,0.262,
19,-0.65,-1.284,
20,-0.486,-1.175,
21,-0.451,-2.43,
22,0.535,-0.932,
23,-1.237,-1.024,
24,-0.044,0.495,
25,-0.2,0.391,
26,1.772,-0.278,
27,2.851,-0.17,
28,2.318,-0.446,
29,2.493,1.464,
30,1.143,0.009,
31,-0.127,0.471,
32,1.871,-1.159,
33,-0.265,-2.923,
34,-1.764,0.883,
35,0.956,0.937,
36,-0.213,0.398,
37,-0.253,-1.218,
38,0.085,-1.668,
39,-1.015,0.68,
40,-0.421,-0.116,
41,1.955,-0.687,
42,-0.008,-0.839,
43,1.661,-0.444,
44,0.75,0.76,
45,0.615,0.709,
46,0.587,0.498,
47,-0.898,-0.455,
48,-0.32,1.073,
49,-0.569,-1.12,
50,0.858,-1.485,
51,1.721,-0.202,
52,0.781,-0.188,
53,-0.52,2.587,
54,3.171,-0.044,
55,1.036,-0.77,
56,2.272,-0.097,
57,0.136,2.486,
58,1.962,1.454,
59,1.256,-1.675,
60,0.662,1.637,
61,-1.227,0.361,
62,2.97,0.344,
63,0.976,0.517,
64,-0.946,-2.906,
65,0.744,0.681,
66,-0.391,0.198,
67,1.015,-0.763,
68,-0.964,-0.068,
69,-3.072,1.678,
70,1.761,1.519,
71,0.234,-0.034,
72,0.16,0.115,
73,0.015,-1.199,
74,1.43,-0.215,
75,0.478,2.047,
76,0.934,-0.944,
77,0.107,0.04,
78,0.593,1.007,
79,-0.222,0.097,
80,-1.167,-0.942,
81,-0.184,-0.947,
82,-1.959,-0.034,
83,1.761,-0.614,
84,0.668,-0.242,
85,0.337,2.863,
86,-0.813,-1.723,
87,1.07,-2.701,
88,1.106,0.549,
89,2.187,-1.368,
90,0.083,-1.188,
91,1.86,2.392,
92,1.818,-0.366,
93,1.731,0.869,
94,1.635,-0.672,
95,-0.053,1.917,
96,4.012,-1.763,
97,1.877,0.736,
98,-0.212,0.204,
99,-0.251,2.027,
100,3.142,-3.967,
101,1.006,-1.887,
102,0.542,-1.096,
103,0.022,1.326,
104,1.021,-0.553,
105,2.088,-0.148,
106,1.999,-1.433,
107,1.773,1.792,
108,-0.289,-0.683,
109,-0.337,-0.261,
110,-0.318,-0.73,
111,1.671,1.817,
112,0.326,0.111,
113,0.865,0.751,
114,0.959,0.784,
115,-0.958,-1.679,
116,1.828,-1.83,
117,1.662,-2.006,
118,1.695,-1.387,
119,1.926,0.785,
120,0.573,0.117,
121,0.817,1.525,
122,-1.312,0.873,
123,1.661,0.685,
124,1.611,-0.463,
125,-0.105,1.379,
126,2.287,-0.785,
127,1.061,1.002,
128,1.323,0.288,
129,1.645,1.033,
130,2.658,-0.082,
131,1.128,1.716,
132,0.71,0.204,
133,0.436,-0.576,
134,0.362,0.433,
135,-1.302,-0.067,
136,0.788,-0.563,
137,-0.226,-0.657,
138,1.144,0.178,
139,0.848,-1.599,
140,0.802,1.201,
141,-0.113,-0.944,
142,1.353,-0.863,
143,0.67,-0.85,
144,1.05,0.737,
145,-0.222,0.472,
146,0.902,-0.242,
147,-1.229,-0.215,
148,-1.883,-1.212,
149,-0.065,-1.686,
150,1.817,-1.591,
151,0.708,1.964,
152,1.329,-0.119,
153,1.401,-1.466,
154,-0.687,-0.187,
155,1.217,-1.382,
156,-0.534,-1.876,
157,-2.54,-0.691,
158,0.906,0.356,
159,1.424,-0.116,
160,0.955,1.912,
161,0.353,-0.235,
162,-1.78,-1.632,
163,-0.101,-1.517,
