1,1.671,0.024,
2,1.313,-0.266,
3,1.51,-0.483,
4,1.489,-0.68,
5,1.316,-0.033,
6,-0.217,0.649,
7,2.033,0.604,
8,1.967,0.014,
9,1.366,-0.922,
10,0.777,0.099,
11,1.768,-0.126,
12,1.914,-0.539,
13,1.915,0.164,
14,0.881,0.136,
15,0.846,-0.244,
16,1.009,-0.746,
17,0.902,-0.16,
18,1.089,-0.354,
19,0.762,-0.044,
20,1.257,-0.787,
21,1.462,-1.052,
22,1.314,-0.436,
23,0.347,-0.695,
24,1.248,-0.544,
25,1.029,0.022,
26,1.82,-0.171,
27,1.896,-0.633,
28,1.785,-0.274,
29,1.668,0.125,
30,1.22,0.043,
31,1.396,0.222,
32,1.59,-0.654,
33,1.798,-0.948,
34,0.414,-0.42,
35,1.909,0.927,
36,0.594,-0.306,
37,1.318,-0.546,
38,1.091,0.079,
39,1.105,-0.21,
40,1.302,-0.402,
41,1.931,-0.138,
42,1.906,0.208,
43,1.445,-0.16,
44,1.537,0.032,
45,1.311,0.179,
46,1.049,-0.287,
47,0.776,-0.839,
48,2.028,0.024,
49,0.951,-1.117,
50,0.883,-1.042,
51,1.51,-0.286,
52,1.294,-0.214,
53,1.245,-0.128,
54,1.648,0.249,
55,1.127,-0.838,
56,1.295,0.028,
57,1.154,0.495,
58,1.169,0.047,
59,1.478,-1.087,
60,1.336,-0.073,
61,1.598,0.344,
62,2.301,-0.118,
63,1.448,0.131,
64,0.542,-1.271,
65,1.891,-0.429,
66,1.424,0.25,
67,1.441,-0.681,
68,1.36,-0.371,
69,1.361,0.167,
70,1.658,-0.694,
71,1.17,-0.631,
72,1.529,-0.228,
73,1.309,-0.372,
74,1.913,-0.327,
75,0.922,-0.341,
76,1.584,-0.892,
77,1.431,-0.259,
78,1.096,-0.199,
79,0.472,-0.398,
80,0.855,-1.15,
81,0.601,-0.48,
82,1.298,-0.431,
83,1.462,-0.515,
84,1.313,-0.395,
85,1.885,0.047,
86,0.882,-0.607,
87,1.424,-1.203,
88,1.316,-0.65,
89,2.294,-0.315,
90,0.849,-0.602,
91,1.872,0.482,
92,1.639,-0.644,
93,0.935,0.191,
94,1.253,-0.716,
95,1.304,-0.447,
96,2.052,-1.149,
97,1.548,-0.689,
98,0.723,-0.888,
99,1.559,-0.308,
100,1.268,-0.91,
101,1.115,-0.265,
102,0.932,-0.702,
103,1.058,0.402,
104,1.329,-0.571,
105,1.377,-0.626,
106,2.158,-0.234,
107,2.218,0.591,
108,1.203,-0.574,
109,1.33,-0.311,
110,1.767,-0.197,
111,1.164,-0.183,
112,0.559,-0.45,
113,1.221,-0.27,
114,1.436,-0.655,
115,0.916,-1.646,
116,1.607,-0.907,
117,1.808,-0.202,
118,1.368,-0.501,
119,1.434,-0.226,
120,1.269,-0.651,
121,1.327,0.022,
122,1.808,-0.129,
123,1.373,-1.038,
124,1.957,-0.732,
125,0.574,-0.723,
126,2.008,-0.579,
127,1.683,-0.597,
128,1.283,-0.137,
129,1.686,-0.064,
130,2.31,-0.477,
131,1.668,0.468,
132,1.093,-0.329,
133,1.171,-0.767,
134,0.764,-0.217,
135,0.922,-0.897,
136,1.476,-0.59,
137,0.742,-0.347,
138,1.235,-0.493,
139,0.973,-0.864,
140,1.567,-0.017,
141,1.24,-1.075,
142,1.128,-1.052,
143,1.076,-0.007,
144,1.054,0.088,
145,1.165,-0.628,
146,2.241,0.048,
147,1.143,-0.433,
148,0.811,-0.574,
149,1.062,-2.816,
150,0.831,-0.328,
151,1.937,0.417,
152,1.255,-0.032,
153,1.429,-0.885,
154,0.817,-0.645,
155,0.896,-0.619,
156,1.023,-0.844,
157,0.788,-0.993,
158,1.789,-0.436,
159,1.511,-0.583,
160,1.169,0.337,
161,1.599,-0.569,
162,0.848,-0.37,
163,1.658,-1.385,
