1,0.59,0.811,
2,-0.306,-0.408,
3,-1.905,-1.476,
4,0.214,0.287,
5,-1.018,-0.256,
6,-1.971,-0.147,
7,-1.154,1.056,
8,-0.994,0.099,
9,-2.659,0.954,
10,-0.223,0.596,
11,-0.624,1.226,
12,1.469,-0.446,
13,0.155,-0.125,
14,-0.691,0.651,
15,-2.265,-0.461,
16,1.076,0.359,
17,-0.701,0.326,
18,0.658,1.16,
19,-0.079,0.463,
20,-0.186,0.84,
21,1.776,-0.726,
22,0.019,-0.675,
23,-1.053,-1.042,
24,-1.191,1.029,
25,-0.706,-0.375,
26,-0.131,0.243,
27,-1.29,0.384,
28,0.434,-0.054,
29,-0.472,0.055,
30,-0.261,0.363,
31,1.051,-0.203,
32,0.274,-0.175,
33,-0.96,0.183,
34,0.617,0.516,
35,-0.117,0.321,
36,-1.715,0.592,
37,-0.101,0.133,
38,0.411,-0.412,
39,0.635,0.688,
40,-0.442,-0.386,
41,-1.275,-0.979,
42,0.024,-0.659,
43,0.202,0.09,
44,0.454,0.372,
45,-0.133,-0.115,
46,0.696,0.223,
47,-0.018,0.114,
48,0.029,-0.214,
49,-0.762,-0.411,
50,0.915,0.067,
51,-0.692,-0.766,
52,0.108,0.182,
53,-0.368,0.446,
54,-0.662,-0.788,
55,0.496,0.187,
56,0.168,1.364,
57,0.765,1.464,
58,-0.653,0.349,
59,-0.901,0.84,
60,0.805,0.069,
61,-0.866,1.639,
62,1.045,-1.064,
63,0.809,-1.066,
64,0.021,0.126,
65,-0.186,-0.32,
66,0.463,0.029,
67,-1.003,0.424,
68,0.553,0.229,
69,0.25,1.056,
70,0.747,-0.465,
71,-0.466,0.27,
72,-1.167,0.614,
73,-0.598,-0.478,
74,-0.181,-0.318,
75,-2.089,0.365,
76,0.532,-0.228,
77,0.075,-0.348,
78,0.718,0.847,
79,-0.132,0.001,
80,-1.237,1.852,
81,-0.003,-0.065,
82,-1.247,0.468,
83,0.313,0.28,
84,0.17,0.173,
85,0.134,0.695,
86,0.007,-0.593,
87,-0.219,-0.426,
88,-0.873,0.937,
89,0.157,0.043,
90,-1.002,-0.02,
91,0.077,1.116,
92,-0.53,0.401,
93,0.159,0.967,
94,-0.86,-0.275,
95,-1.226,-0.992,
96,0.399,-0.296,
97,-0.307,-0.284,
98,-0.224,0.064,
99,-0.009,-0.355,
100,0.318,0.547,
101,-0.416,-0.005,
102,-1.463,0.458,
103,1.155,0.101,
104,-0.092,0.083,
105,-0.697,1.298,
106,0.196,-0.224,
107,1.091,0.206,
108,0.203,-0.053,
109,-1.082,-1.117,
110,-0.107,0.318,
111,0.469,-1.436,
112,-0.597,1.085,
113,-0.716,-0.624,
114,0.982,-0.136,
115,-0.622,-0.166,
116,0.096,1.075,
117,-1.116,-1.1,
118,-0.15,-0.277,
119,0.705,0.562,
120,-0.873,-0.167,
121,-0.226,-1.216,
122,-0.688,-0.675,
123,-1.591,1.355,
124,-0.648,-0.385,
125,0.031,0.614,
126,-1.04,0.245,
127,-0.061,-0.61,
128,-0.096,0.178,
129,0.802,0.19,
130,0.837,-1.482,
131,0.088,0.815,
132,-0.058,0.918,
133,-0.724,0.522,
134,-1.983,-1.289,
135,-0.089,-1.583,
136,0.161,-0.848,
137,0.106,0.187,
138,1.907,0.253,
139,-0.69,-0.131,
140,-0.487,-0.109,
141,-0.29,1.24,
142,1.494,-0.28,
143,0.478,1.197,
144,0.383,-0.409,
145,0.867,-0.734,
146,-0.994,0.619,
147,0.484,-0.355,
148,0.118,-0.352,
149,0.762,-1.209,
150,0.115,-0.299,
151,0.893,0.467,
152,0.458,-0.287,
153,-0.233,-0.384,
154,-0.565,1.8,
155,0.285,-0.312,
156,-1.512,-0.474,
157,-0.048,0.254,
158,0.535,-1.437,
159,0.128,-0.584,
160,-0.046,0.042,
161,0.108,-0.014,
162,-0.259,-0.402,
163,0.202,-1.523,
