1,1.766,-0.481,
2,0.816,0.622,
3,2.016,-0.703,
4,1.089,-0.8,
5,1.241,0.053,
6,0.292,1.301,
7,2.636,-0.021,
8,2.398,-0.107,
9,1.827,-0.638,
10,0.304,-0.159,
11,0.65,0.081,
12,2.054,0.124,
13,1.517,0.333,
14,1.351,1.049,
15,0.412,-0.67,
16,0.372,-0.585,
17,0.581,0.117,
18,0.755,-0.098,
19,-0.236,-0.783,
20,0.452,-1.572,
21,1.042,-2.332,
22,1.37,-0.681,
23,-0.739,-0.848,
24,0.761,-0.147,
25,0.463,0.3,
26,2.13,-0.396,
27,2.606,-0.638,
28,2.277,-0.471,
29,2.361,0.846,
30,1.202,-0.034,
31,1.039,0.401,
32,1.969,-0.825,
33,1.405,-2.059,
34,-0.631,0.132,
35,1.647,0.965,
36,0.006,-0.02,
37,0.879,-0.91,
38,0.263,-0.229,
39,-0.194,0.186,
40,0.777,-0.306,
41,2.233,-0.393,
42,1.495,-0.14,
43,1.443,-0.239,
44,1.228,0.389,
45,0.914,0.693,
46,0.823,0.198,
47,0.41,-0.798,
48,1.12,0.71,
49,0.354,-1.523,
50,0.937,-1.598,
51,1.723,-0.157,
52,1.22,-0.14,
53,0.373,1.318,
54,2.611,0.222,
55,1.216,-0.708,
56,1.812,0.145,
57,0.841,1.959,
58,1.508,0.481,
59,1.936,-1.776,
60,1.263,0.78,
61,0.408,1.015,
62,3.204,0.092,
63,1.423,0.54,
64,-0.446,-2.286,
65,1.851,0.124,
66,0.769,0.379,
67,1.684,-0.682,
68,0.297,-0.496,
69,-0.077,0.694,
70,1.968,0.104,
71,0.869,-0.331,
72,0.907,-0.068,
73,1.181,-0.82,
74,1.952,-0.33,
75,1.173,0.515,
76,1.418,-1.303,
77,1.227,0.018,
78,0.868,0.246,
79,0.193,-0.309,
80,-0.512,-1.315,
81,-0.18,-0.998,
82,-0.34,-0.46,
83,1.792,-0.572,
84,1.223,-0.404,
85,1.784,1.48,
86,0.13,-1.838,
87,1.404,-2.144,
88,1.497,-0.322,
89,2.283,-0.669,
90,0.305,-0.944,
91,2.405,1.878,
92,2.17,-0.561,
93,1.269,0.465,
94,1.601,-1.466,
95,0.709,0.653,
96,3.323,-1.65,
97,1.608,-0.343,
98,0.452,-0.202,
99,1.028,0.692,
100,2.306,-2.61,
101,0.97,-1.014,
102,1.12,-1.01,
103,0.693,1.088,
104,1.362,-0.676,
105,1.852,-0.312,
106,2.968,-0.63,
107,2.774,1.127,
108,0.777,-0.732,
109,0.782,-0.207,
110,0.782,-0.456,
111,1.333,0.684,
112,0.572,0.17,
113,1.262,0.242,
114,1.529,-0.177,
115,-0.127,-1.794,
116,2.02,-1.494,
117,2.266,-1.455,
118,1.564,-0.686,
119,1.841,0.246,
120,1.078,-0.366,
121,1.446,1.077,
122,0.495,0.593,
123,1.857,-0.378,
124,2.223,-0.728,
125,0.057,0.035,
126,2.867,-0.596,
127,1.471,0.031,
128,1.474,-0.163,
129,2.096,0.761,
130,3.021,-0.398,
131,1.328,1.169,
132,1.162,-0.084,
133,1.107,-0.876,
134,0.362,-0.106,
135,0.064,-0.616,
136,1.536,-0.616,
137,0.284,-0.56,
138,1.374,-0.434,
139,1.153,-1.05,
140,1.748,0.442,
141,0.937,-1.194,
142,1.258,-1.093,
143,0.706,-0.226,
144,1.096,0.974,
145,0.914,-0.041,
146,2.022,-0.048,
147,0.088,-0.531,
148,-0.354,-1.168,
149,0.108,-2.761,
150,1.385,-0.694,
151,1.513,1.264,
152,1.638,-0.201,
153,1.301,-1.122,
154,0.073,-0.627,
155,1.101,-1.118,
156,0.813,-1.787,
157,-0.047,-0.727,
158,1.312,0.157,
159,1.65,-0.434,
160,1.262,1.034,
161,1.281,-0.614,
162,-0.385,-1.341,
163,1.038,-1.55,
