1,1.378,-0.552,
2,1.153,0.27,
3,1.299,-0.472,
4,1.109,-0.458,
5,1.277,-0.149,
6,0.315,0.441,
7,1.66,0.158,
8,1.646,-0.116,
9,1.467,-0.728,
10,0.665,0.181,
11,1.057,0.147,
12,1.776,-0.289,
13,1.726,-0.045,
14,1.06,0.092,
15,0.885,-0.722,
16,0.662,-0.832,
17,0.876,0.049,
18,1.093,-0.193,
19,0.217,-0.257,
20,0.911,-0.73,
21,1.687,-1.313,
22,1.051,-0.238,
23,0.436,-0.568,
24,0.924,-0.329,
25,0.569,-0.219,
26,1.74,0.07,
27,1.9,-0.307,
28,1.081,-0.347,
29,1.515,0.002,
30,1.269,0.023,
31,1.194,0.136,
32,1.551,-0.716,
33,1.316,-0.955,
34,0.031,-0.286,
35,1.515,0.819,
36,0.493,-0.032,
37,1.18,-0.399,
38,0.916,-0.189,
39,0.205,-0.699,
40,1.081,-0.379,
41,1.617,-0.304,
42,1.218,-0.456,
43,1.609,0.166,
44,1.366,0.046,
45,1.014,-0.064,
46,0.87,-0.134,
47,0.313,-0.854,
48,1.283,-0.042,
49,0.896,-0.943,
50,1.055,-0.911,
51,1.237,-0.525,
52,1.253,-0.343,
53,1.52,-0.317,
54,1.684,0.035,
55,0.906,-0.83,
56,1.557,-0.066,
57,1.123,0.671,
58,1.058,0.028,
59,1.456,-1.204,
60,1.035,0.208,
61,0.791,0.664,
62,2.235,-0.114,
63,1.518,-0.008,
64,0.594,-1.051,
65,1.447,-0.31,
66,1.554,-0.002,
67,1.388,-0.569,
68,1.323,-0.119,
69,1.128,0.124,
70,1.289,-0.372,
71,0.773,-0.515,
72,1.4,-0.178,
73,1.142,-0.562,
74,1.372,-0.259,
75,1.213,-0.257,
76,1.177,-0.937,
77,1.28,-0.321,
78,0.793,-0.591,
79,0.315,-0.24,
80,0.26,-0.929,
81,0.036,-0.36,
82,0.736,-0.299,
83,1.317,-0.394,
84,1.473,-0.218,
85,1.596,0.355,
86,0.825,-0.826,
87,1.196,-1.315,
88,0.714,-0.058,
89,1.273,-0.424,
90,1.031,-0.797,
91,1.72,0.673,
92,1.383,-0.602,
93,0.952,0.621,
94,1.196,-0.586,
95,0.702,-0.238,
96,2.113,-0.889,
97,1.184,-0.57,
98,1.128,-0.447,
99,1.407,-0.269,
100,1.261,-1.092,
101,0.732,-0.116,
102,1.358,-0.848,
103,0.72,0.279,
104,1.236,-0.382,
105,0.87,-0.484,
106,1.509,-0.512,
107,1.997,0.202,
108,0.791,-0.704,
109,1.037,-0.514,
110,1.111,-0.539,
111,0.606,0.214,
112,0.614,-0.05,
113,1.503,-0.317,
114,1.002,-0.501,
115,0.591,-1.665,
116,1.484,-0.886,
117,1.384,-0.387,
118,1.256,-0.101,
119,1.318,-0.016,
120,1.052,-0.709,
121,0.956,0.264,
122,1.216,-0.007,
123,1.115,-0.779,
124,1.594,-0.591,
125,0.881,-0.539,
126,1.911,-0.345,
127,1.303,-0.56,
128,1.513,-0.251,
129,1.481,-0.076,
130,1.714,-0.332,
131,1.325,0.414,
132,0.926,-0.24,
133,0.914,-0.535,
134,0.882,-0.027,
135,0.703,-0.271,
136,1.549,-0.22,
137,0.665,-0.454,
138,1.068,-0.374,
139,1.358,-0.376,
140,0.964,0.423,
141,1.006,-0.948,
142,0.905,-0.834,
143,1.348,0.198,
144,0.665,0.824,
145,1.077,-0.209,
146,1.87,0.086,
147,0.711,-0.467,
148,0.34,-0.767,
149,0.792,-2.271,
150,1.258,-0.792,
151,1.825,0.469,
152,1.213,-0.076,
153,1.105,-0.524,
154,0.761,-0.545,
155,1.023,-0.801,
156,0.862,-0.983,
157,0.768,-0.155,
158,1.347,0.098,
159,1.188,-0.175,
160,1.346,-0.074,
161,1.424,-0.58,
162,0.674,-0.583,
163,1.857,-1.083,
