1,0.178,-0.653,
2,0.4,-0.362,
3,1.627,-0.109,
4,0.698,0.33,
5,-0.862,0.05,
6,-2.983,1.605,
7,0.798,-1.221,
8,-1.286,-0.103,
9,0.041,-0.779,
10,0.061,0.82,
11,0.988,-1.166,
12,-0.038,-1.214,
13,-1.132,0.24,
14,-2.116,-0.351,
15,-1.426,-2.685,
16,0.432,-0.178,
17,-1.502,-0.257,
18,0.59,0.161,
19,0.443,0.152,
20,-1.166,-0.282,
21,0.653,0.498,
22,-1.173,-0.794,
23,0.012,0.651,
24,-0.322,0.749,
25,0.338,0.184,
26,-0.913,0.069,
27,0.446,0.341,
28,1.488,-0.982,
29,-0.593,0.475,
30,0.902,-0.5,
31,0.044,-0.222,
32,-0.016,-0.665,
33,-0.293,0.015,
34,-0.385,0.021,
35,0.035,0.732,
36,2.027,-0.003,
37,-0.455,0.123,
38,1.47,-0.448,
39,1.849,-0.132,
40,-0.063,-0.766,
41,0.304,0.119,
42,1.375,0.043,
43,-0.744,-0.006,
44,0.254,-0.048,
45,-1.244,1.145,
46,0.408,0.473,
47,-0.542,0.22,
48,0.796,-1.673,
49,0.114,-0.015,
50,1.269,-0.325,
51,-0.829,-1.343,
52,-0.038,0.285,
53,1.06,-0.193,
54,0.357,0.433,
55,-0.689,0.156,
56,1.411,0.007,
57,0.189,0.073,
58,-0.048,0.853,
59,-0.396,0.141,
60,0.052,-0.047,
61,-0.192,-0.297,
62,2.751,-0.921,
63,0.635,0.105,
64,-0.237,-1.447,
65,1.697,0.78,
66,-0.42,0.283,
67,0.713,0.039,
68,1.754,-0.398,
69,1.215,0.291,
70,0.331,0.346,
71,2.146,0.498,
72,0.089,-0.939,
73,-1.17,-0.128,
74,-0.117,0.215,
75,-1.791,-1.458,
76,-0.173,-1.382,
77,0.105,0.103,
78,0.004,0.443,
79,-0.142,1.382,
80,-0.825,-1.192,
81,-0.18,0.264,
82,-1.89,-0.184,
83,-0.92,-0.856,
84,0.711,1.955,
85,0.327,-0.6,
86,-0.069,-1.938,
87,-1.374,0.379,
88,0.607,-2.516,
89,1.523,-1.335,
90,0.023,-0.648,
91,0.086,-0.025,
92,0.336,0.27,
93,0.941,-1.478,
94,1.335,0.232,
95,-0.654,-1.37,
96,-0.251,0.808,
97,0.259,-0.489,
98,0.432,1.634,
99,0.647,0.765,
100,1.428,0.31,
101,0.28,-0.076,
102,-0.808,0.49,
103,1.601,0.808,
104,-0.5,-0.118,
105,-0.945,0.21,
106,-0.676,-0.517,
107,0.443,1.36,
108,0.952,-1.994,
109,0.301,-0.613,
110,0.314,-0.3,
111,0.988,-0.007,
112,0.386,-0.599,
113,0.443,-0.05,
114,-1.564,-0.321,
115,-0.272,0.561,
116,-0.637,-0.045,
117,0.817,0.879,
118,0.347,1.276,
119,-0.682,-0.959,
120,0.58,-1.115,
121,-0.716,-0.681,
122,0.908,-0.493,
123,-1.1,-0.063,
124,0.134,0.25,
125,0.319,-2.567,
126,0.158,-0.957,
127,0.279,-1.003,
128,-0.218,1.063,
129,-0.415,-0.854,
130,2.176,-0.626,
131,0.059,-1.031,
132,-0.405,0.342,
133,-0.119,0.504,
134,-1.178,-0.861,
135,0.805,-1.783,
136,0.846,0.518,
137,0.779,0.32,
138,0.142,0.024,
139,0.57,1.402,
140,-0.349,0.44,
141,0.692,1.463,
142,1.357,-0.004,
143,0.716,-0.615,
144,0.647,-0.76,
145,0.47,-0.61,
146,0.121,0.299,
147,1.231,-0.176,
148,0.889,-0.613,
149,0.866,-0.004,
150,0.949,-0.828,
151,-0.726,-0.169,
152,-0.269,-0.761,
153,0.466,-0.557,
154,0.544,0.349,
155,0.209,-0.132,
156,-0.899,0.048,
157,0.18,-1.703,
158,0.198,-1.316,
159,0.098,0.148,
160,-0.167,0.56,
161,0.266,-0.578,
162,-0.542,0.173,
163,1.008,-1.297,
