1,-0.552,-1.311,
2,-0.334,-1.098,
3,-0.111,-1.849,
4,-1.27,-0.065,
5,0.313,-0.396,
6,-0.522,-0.015,
7,0.172,-0.591,
8,-0.243,-1.529,
9,0.935,-0.233,
10,-0.732,-0.208,
11,0.198,-1.092,
12,0.63,-0.157,
13,0.039,0.478,
14,-0.927,-0.43,
15,-0.947,-0.361,
16,0.235,-0.485,
17,-1.207,-2.275,
18,0.395,-0.855,
19,0.337,-0.105,
20,0.108,-0.183,
21,-0.117,-1.203,
22,0.004,-0.299,
23,-0.568,-1.6,
24,1.082,-1.508,
25,-0.127,-0.878,
26,-1.752,-1.072,
27,-0.758,-1.02,
28,1.163,-0.593,
29,0.866,0.278,
30,1.771,-0.29,
31,-0.353,-1.09,
32,0.487,-0.865,
33,-1.625,-1.555,
34,-0.189,-2.292,
35,-0.062,-0.768,
36,0.32,-0.152,
37,0.726,-0.018,
38,0.869,-0.851,
39,-0.576,-0.63,
40,0.746,-1.595,
41,0.524,0.575,
42,-0.256,1.028,
43,-0.01,1.27,
44,-0.756,-1.176,
45,-0.222,-0.89,
46,-0.924,-0.159,
47,-0.29,-0.049,
48,-0.2,-0.496,
49,0.267,-1.175,
50,0.158,-0.536,
51,-0.319,-1.396,
52,-0.759,-0.094,
53,-0.796,0.66,
54,-1.142,-0.188,
55,-1.313,-0.839,
56,-0.399,-0.379,
57,0.185,-0.744,
58,-1.217,-0.366,
59,-0.265,-1.398,
60,0.04,-0.764,
61,-1.066,-0.173,
62,0.141,-0.687,
63,1.189,0.407,
64,-0.777,-0.33,
65,0.731,-0.531,
66,0.852,-0.086,
67,-0.992,0.596,
68,-0.122,-0.724,
69,-0.345,-0.135,
70,0.935,-0.607,
71,0.433,-0.947,
72,-0.032,-1.498,
73,1.02,-0.864,
74,0.891,-0.691,
75,1.192,0.007,
76,-0.696,-1.479,
77,0.261,0.413,
78,0.03,1.1,
79,0.132,0.074,
80,1.153,-0.456,
81,-0.901,-1.096,
82,-0.3,0.573,
83,0.015,-0.242,
84,-0.278,-0.351,
85,0.797,-0.689,
86,0.773,0.337,
87,-0.253,-0.787,
88,0.481,0.364,
89,-1.267,-0.597,
90,-0.655,-0.072,
91,-1.194,-0.385,
92,-0.543,-0.384,
93,0.65,0.811,
94,-0.766,1.594,
95,1.157,-0.744,
96,-0.383,-1.109,
97,-0.877,-0.532,
98,-0.816,-2.129,
99,-0.062,-0.771,
100,-0.095,-1.633,
101,-0.071,-0.402,
102,-0.507,-1.333,
103,-0.332,-1.353,
104,-0.386,-0.605,
105,-1.44,-0.48,
106,0.777,-0.193,
107,-0.355,0.244,
108,-0.084,-1.153,
109,0.353,-2.036,
110,-0.859,-2.059,
111,0.044,0.401,
112,0.482,-1.279,
113,0.252,-0.802,
114,-0.105,-0.915,
115,-0.354,-1.785,
116,0.125,-1.206,
117,1.52,-0.567,
118,0.445,-0.561,
119,0.477,-1.107,
120,-0.155,-0.364,
121,0,-0.513,
122,0.297,-0.193,
123,-0.154,-1.489,
124,-0.773,-1.261,
125,-0.134,-0.617,
126,0.33,-0.388,
127,0.415,-1.643,
128,-0.058,-0.517,
129,-0.382,-0.499,
130,-0.558,-0.292,
131,0.137,-0.302,
132,0.371,1.019,
133,-0.434,-0.803,
134,-0.099,-0.437,
135,-1.632,-1.266,
136,-0.217,-0.769,
137,1.046,-0.108,
138,-0.452,-0.347,
139,-0.978,-0.573,
140,-0.647,-1.18,
141,-0.978,-1.024,
142,0.548,-1.321,
143,-0.43,0.154,
144,-0.638,-1.023,
145,-0.989,-0.648,
146,0.313,0.375,
147,-0.124,-0.769,
148,-1.517,-0.33,
149,-0.315,-1.262,
150,-1.198,-3.077,
151,-0.009,-0.18,
152,-1.357,-0.785,
153,0.284,-0.607,
154,-1.402,-0.039,
155,-0.904,-1.308,
156,0.815,-0.066,
157,-0.288,-0.717,
158,-0.146,-0.695,
159,-0.078,0.034,
160,-1.255,-0.493,
161,-0.679,-0.254,
162,0.657,0.351,
163,0.807,-0.885,
