1,-0.663,-0.772,
2,-0.557,-0.2,
3,0.535,-1.026,
4,-0.853,0.567,
5,0.085,-0.416,
6,-0.034,0.346,
7,0.554,-0.36,
8,-0.22,-0.893,
9,2.397,0.334,
10,0.24,-0.214,
11,-0.161,-0.914,
12,0.606,0.332,
13,0.064,0.476,
14,-0.345,-0.033,
15,-0.77,0.365,
16,0.992,-0.082,
17,-0.307,-1.221,
18,0.538,0.211,
19,-0.478,0.605,
20,-0.042,0.206,
21,-0.02,-0.283,
22,0.179,0.146,
23,0.145,-1.611,
24,0.119,-0.849,
25,0.266,-0.761,
26,-2.076,-1.373,
27,-1.505,-0.694,
28,1.077,-0.248,
29,0.563,1.003,
30,1.055,0.085,
31,-0.416,-0.995,
32,0.499,-0.473,
33,-1.287,-0.631,
34,0.343,-1.93,
35,-0.263,-0.205,
36,0.693,0.272,
37,1.362,0.563,
38,0.921,-0.452,
39,0.202,-0.349,
40,1.168,-0.594,
41,0.567,1.175,
42,0.016,1.046,
43,0.435,1.408,
44,-0.147,-1.169,
45,-0.331,-0.202,
46,-0.657,0.101,
47,0.135,1.036,
48,-0.759,-0.733,
49,0.546,-0.9,
50,1.09,0.445,
51,-0.582,-1.332,
52,-0.898,0.821,
53,-0.846,1.452,
54,-1.17,-0.08,
55,-0.789,0.088,
56,-0.73,0.073,
57,0.375,-0.101,
58,-1.665,0.099,
59,0.008,-0.871,
60,0.092,-0.144,
61,-1.23,0.009,
62,0.341,-0.502,
63,1.552,1.408,
64,-0.06,0.883,
65,0.483,0.228,
66,1.033,0.29,
67,0.705,0.85,
68,0.235,-0.4,
69,0.082,-0.077,
70,1.353,-0.671,
71,1.142,-0.638,
72,0.125,-1.472,
73,1.864,-0.127,
74,1.525,-0.294,
75,0.552,0.836,
76,0.2,-1.728,
77,0.369,1.942,
78,0.54,0.837,
79,1.049,0.92,
80,0.531,0.76,
81,-0.71,-0.745,
82,-0.097,0.982,
83,0.177,0.176,
84,0.123,0.18,
85,0.706,-0.067,
86,1.28,-0.181,
87,-0.028,-0.33,
88,0.237,0.569,
89,-1.766,0.211,
90,-0.715,0.661,
91,-0.36,0.104,
92,-0.145,-0.042,
93,1.238,1.444,
94,-0.767,2.066,
95,1.579,-0.379,
96,-0.175,-1.015,
97,-0.721,-0.152,
98,-0.12,-1.859,
99,0.776,-0.127,
100,0.385,-1.372,
101,-0.251,-0.356,
102,-0.533,-0.959,
103,0.104,-1.315,
104,0.826,-0.802,
105,-1.087,0.695,
106,0.744,-0.71,
107,-0.407,-0.084,
108,0.86,-0.948,
109,0.483,-1.772,
110,-1.383,-2.749,
111,0.328,0.054,
112,1.837,-0.232,
113,0.396,-0.203,
114,-0.092,-0.153,
115,-0.144,-0.152,
116,-0.119,-0.496,
117,1.99,0.038,
118,0.211,-0.026,
119,0.421,-0.341,
120,-0.255,0.061,
121,0.078,-0.022,
122,0.277,0.128,
123,0.19,-0.732,
124,-1.099,-0.862,
125,0.468,0.275,
126,0.311,-0.377,
127,0.576,-0.575,
128,-0.44,0.291,
129,0.124,-0.063,
130,-0.424,-0.02,
131,0.803,-0.409,
132,0.14,1.049,
133,0.152,-1.168,
134,-0.448,0.635,
135,-1.129,-0.527,
136,0.117,-0.479,
137,1.116,0.234,
138,-0.312,-0.037,
139,-0.441,0.404,
140,-0.966,-0.596,
141,-0.398,-0.173,
142,0.965,-0.777,
143,-0.093,-0.012,
144,0.4,-0.94,
145,-0.844,0.652,
146,-0.328,0.095,
147,-0.107,-0.033,
148,-1.898,-0.432,
149,0.059,-0.631,
150,0.575,-2.072,
151,-0.263,0.105,
152,0.412,-0.884,
153,0.281,0.02,
154,-1.525,0.493,
155,-0.528,-0.849,
156,0.884,0.509,
157,0.52,-0.136,
158,0.009,-0.353,
159,0.422,0.741,
160,-0.816,-0.249,
161,-0.469,-0.071,
162,1.177,0.711,
163,0.314,-0.655,
