1,-0.429,-1.24,
2,-0.251,-1.018,
3,-0.085,-1.827,
4,-1.341,0.013,
5,0.255,-0.312,
6,-0.649,0.1,
7,0.169,-0.487,
8,-0.185,-1.439,
9,1.053,-0.152,
10,-0.692,-0.173,
11,0.207,-1.112,
12,0.624,-0.073,
13,-0.085,0.558,
14,-1.022,-0.309,
15,-0.958,-0.214,
16,0.289,-0.364,
17,-1.205,-2.195,
18,0.464,-0.814,
19,0.374,-0.084,
20,0.123,-0.166,
21,-0.123,-1.227,
22,0.001,-0.285,
23,-0.613,-1.546,
24,1.112,-1.382,
25,-0.178,-0.765,
26,-1.781,-1.03,
27,-0.778,-1.016,
28,1.211,-0.584,
29,0.915,0.295,
30,1.821,-0.316,
31,-0.339,-1.126,
32,0.462,-0.882,
33,-1.637,-1.61,
34,-0.173,-2.342,
35,-0.086,-0.755,
36,0.294,-0.087,
37,0.832,-0.001,
38,0.919,-0.85,
39,-0.589,-0.622,
40,0.776,-1.642,
41,0.516,0.574,
42,-0.262,1.007,
43,-0.051,1.301,
44,-0.776,-1.247,
45,-0.209,-0.934,
46,-0.954,-0.141,
47,-0.28,-0.014,
48,-0.292,-0.487,
49,0.409,-1.209,
50,0.238,-0.525,
51,-0.312,-1.423,
52,-0.779,-0.083,
53,-0.897,0.694,
54,-1.184,-0.177,
55,-1.334,-0.843,
56,-0.379,-0.393,
57,0.257,-0.755,
58,-1.223,-0.379,
59,-0.274,-1.423,
60,0.002,-0.792,
61,-1.216,-0.185,
62,0.294,-0.759,
63,1.32,0.394,
64,-0.744,-0.318,
65,0.753,-0.549,
66,0.838,-0.116,
67,-1.04,0.591,
68,-0.132,-0.744,
69,-0.361,-0.132,
70,1.015,-0.626,
71,0.493,-1.02,
72,-0.024,-1.555,
73,1.056,-0.911,
74,0.811,-0.759,
75,1.081,-0.056,
76,-0.579,-1.519,
77,0.356,0.419,
78,0.03,1.153,
79,0.142,0.096,
80,1.147,-0.411,
81,-0.894,-1.12,
82,-0.294,0.587,
83,0.018,-0.232,
84,-0.272,-0.355,
85,0.868,-0.701,
86,0.821,0.342,
87,-0.334,-0.782,
88,0.342,0.372,
89,-1.126,-0.517,
90,-0.563,-0.019,
91,-1.207,-0.353,
92,-0.562,-0.367,
93,0.632,0.894,
94,-0.799,1.646,
95,1.201,-0.722,
96,-0.401,-1.14,
97,-0.886,-0.517,
98,-0.779,-2.104,
99,-0.046,-0.77,
100,-0.091,-1.618,
101,-0.173,-0.368,
102,-0.665,-1.278,
103,-0.236,-1.343,
104,-0.345,-0.604,
105,-1.458,-0.494,
106,0.818,-0.179,
107,-0.435,0.27,
108,-0.077,-1.138,
109,0.38,-2.056,
110,-0.881,-2.102,
111,0.129,0.426,
112,0.508,-1.332,
113,0.257,-0.818,
114,-0.149,-0.93,
115,-0.481,-1.79,
116,0.215,-1.237,
117,1.588,-0.565,
118,0.474,-0.567,
119,0.476,-1.126,
120,-0.172,-0.334,
121,0.049,-0.455,
122,0.272,-0.126,
123,-0.124,-1.483,
124,-0.784,-1.28,
125,-0.127,-0.624,
126,0.337,-0.382,
127,0.349,-1.685,
128,-0.005,-0.597,
129,-0.375,-0.544,
130,-0.581,-0.316,
131,0.128,-0.311,
132,0.437,1.067,
133,-0.441,-0.804,
134,-0.098,-0.437,
135,-1.676,-1.275,
136,-0.21,-0.793,
137,1.06,-0.164,
138,-0.497,-0.405,
139,-0.95,-0.69,
140,-0.642,-1.318,
141,-0.945,-1.143,
142,0.584,-1.327,
143,-0.443,0.162,
144,-0.669,-1.052,
145,-1.033,-0.661,
146,0.279,0.344,
147,-0.13,-0.904,
148,-1.585,-0.427,
149,-0.301,-1.412,
150,-1.161,-3.259,
151,0.078,-0.25,
152,-1.361,-0.849,
153,0.281,-0.614,
154,-1.448,-0.071,
155,-1.016,-1.404,
156,0.801,-0.19,
157,-0.32,-0.908,
158,-0.003,-0.823,
159,0.008,-0.04,
160,-1.242,-0.576,
161,-0.731,-0.315,
162,0.599,0.286,
163,0.688,-0.977,
