1,-0.639,-0.943,
2,-0.572,-0.345,
3,0.469,-1.333,
4,-1.086,0.585,
5,0.137,-0.418,
6,-0.111,0.403,
7,0.564,-0.398,
8,-0.279,-1.05,
9,2.399,0.428,
10,0.225,-0.22,
11,-0.105,-1.103,
12,0.659,0.346,
13,0.034,0.595,
14,-0.542,0.013,
15,-0.922,0.354,
16,0.978,-0.038,
17,-0.47,-1.626,
18,0.645,0.03,
19,-0.288,0.552,
20,0.008,0.199,
21,-0.039,-0.489,
22,0.172,0.126,
23,0.021,-1.725,
24,0.352,-1.048,
25,0.198,-0.816,
26,-2.38,-1.514,
27,-1.612,-0.848,
28,1.323,-0.35,
29,0.761,1.042,
30,1.276,-0.034,
31,-0.467,-1.163,
32,0.517,-0.568,
33,-1.508,-0.899,
34,0.333,-2.25,
35,-0.256,-0.358,
36,0.724,0.219,
37,1.48,0.609,
38,1.125,-0.553,
39,0.022,-0.356,
40,1.308,-0.816,
41,0.65,1.206,
42,-0.051,1.271,
43,0.379,1.622,
44,-0.331,-1.334,
45,-0.365,-0.346,
46,-0.855,0.119,
47,0.113,1.032,
48,-0.81,-0.738,
49,0.641,-1.059,
50,1.116,0.363,
51,-0.562,-1.509,
52,-1.03,0.797,
53,-0.97,1.54,
54,-1.385,-0.056,
55,-1.002,-0.027,
56,-0.743,-0.026,
57,0.371,-0.198,
58,-1.805,0.016,
59,-0.033,-1.063,
60,0.122,-0.277,
61,-1.402,0.021,
62,0.368,-0.601,
63,1.757,1.437,
64,-0.176,0.797,
65,0.609,0.151,
66,1.174,0.274,
67,0.456,0.853,
68,0.186,-0.49,
69,-0.028,-0.101,
70,1.56,-0.717,
71,1.185,-0.738,
72,0.123,-1.681,
73,1.971,-0.293,
74,1.606,-0.407,
75,0.713,0.789,
76,0.093,-1.909,
77,0.413,1.908,
78,0.535,0.983,
79,1.105,0.892,
80,0.782,0.714,
81,-0.864,-0.802,
82,-0.104,0.977,
83,0.174,0.141,
84,0.008,0.133,
85,0.945,-0.176,
86,1.416,-0.074,
87,-0.075,-0.396,
88,0.284,0.606,
89,-1.876,0.074,
90,-0.718,0.601,
91,-0.564,0.014,
92,-0.249,-0.058,
93,1.298,1.522,
94,-0.814,2.28,
95,1.747,-0.393,
96,-0.287,-1.176,
97,-0.862,-0.186,
98,-0.209,-2.093,
99,0.76,-0.255,
100,0.391,-1.546,
101,-0.219,-0.398,
102,-0.624,-1.15,
103,0.042,-1.418,
104,0.739,-0.88,
105,-1.333,0.512,
106,0.962,-0.576,
107,-0.463,0.039,
108,0.823,-1.02,
109,0.592,-2.036,
110,-1.468,-2.933,
111,0.366,0.191,
112,1.896,-0.43,
113,0.438,-0.361,
114,-0.098,-0.303,
115,-0.194,-0.515,
116,-0.022,-0.673,
117,2.142,0.077,
118,0.328,-0.084,
119,0.487,-0.542,
120,-0.243,0.062,
121,0.116,-0.018,
122,0.301,0.117,
123,0.192,-0.949,
124,-1.244,-1.079,
125,0.429,0.205,
126,0.358,-0.387,
127,0.636,-0.85,
128,-0.383,0.146,
129,0.008,-0.148,
130,-0.522,-0.07,
131,0.821,-0.499,
132,0.31,1.15,
133,0.115,-1.228,
134,-0.38,0.537,
135,-1.401,-0.73,
136,0.099,-0.566,
137,1.319,0.143,
138,-0.393,-0.098,
139,-0.563,0.3,
140,-1.036,-0.783,
141,-0.437,-0.454,
142,1.05,-0.876,
143,-0.185,0.068,
144,0.195,-1.016,
145,-0.983,0.543,
146,-0.23,0.168,
147,-0.108,-0.197,
148,-2.055,-0.401,
149,0.032,-0.816,
150,0.361,-2.463,
151,-0.275,0.058,
152,0.136,-0.995,
153,0.346,-0.04,
154,-1.705,0.501,
155,-0.715,-1.039,
156,1.051,0.421,
157,0.456,-0.305,
158,0.034,-0.525,
159,0.427,0.711,
160,-1.011,-0.363,
161,-0.598,-0.086,
162,1.254,0.714,
163,0.39,-0.764,
