1,0.027,-0.158,
2,-0.206,0.296,
3,0.621,-0.105,
4,-0.023,0.052,
5,0.23,-0.246,
6,0.051,0.114,
7,0.129,-0.616,
8,0.171,-0.618,
9,0.656,-0.12,
10,-0.077,-0.046,
11,-0.517,-0.071,
12,0.317,0.424,
13,-0.13,-0.049,
14,0.458,-0.233,
15,-0.094,0.011,
16,0.212,-0.228,
17,-0.553,0.315,
18,-0.259,0.311,
19,-0.222,-0.011,
20,-0.211,-0.046,
21,-0.354,-0.245,
22,0.04,-0.02,
23,-0.174,-0.353,
24,-0.326,0.261,
25,0.344,-0.058,
26,0.377,-0.121,
27,0.367,0.18,
28,0.31,-0.023,
29,-0.009,0.364,
30,0.729,0.285,
31,-0.16,-0.05,
32,0.41,-0.315,
33,-0.232,-0.618,
34,-0.08,0.12,
35,-0.093,0.183,
36,0.224,0.4,
37,-0.183,-0.189,
38,-0.14,-0.392,
39,0.235,-0.316,
40,-0.47,-0.169,
41,0.167,-0.247,
42,0.085,-0.435,
43,0.308,-0.15,
44,0.038,0.173,
45,0.078,0.035,
46,0.398,0.046,
47,-0.206,-0.149,
48,-0.11,0.108,
49,-0.455,0.303,
50,0.007,0.074,
51,-0.251,-0.205,
52,0.111,0.02,
53,-0.195,0.578,
54,0.692,-0.063,
55,-0.107,-0.213,
56,0.082,0.557,
57,-0.327,0.378,
58,0.394,0.496,
59,0.183,-0.121,
60,-0.183,0.279,
61,-0.268,-0.52,
62,0.35,-0.21,
63,-0.237,0.068,
64,0.043,-0.391,
65,-0.166,0.137,
66,-0.411,0.017,
67,-0.439,-0.23,
68,0.271,-0.08,
69,-0.072,0.198,
70,0.086,0.389,
71,-0.081,-0.15,
72,-0.129,0.055,
73,0.046,0.236,
74,0.462,0.096,
75,0.121,0.179,
76,-0.043,-0.095,
77,-0.332,0.099,
78,0.121,0.821,
79,-0.178,0.323,
80,-0.381,0.11,
81,-0.073,-0.006,
82,-0.31,0.199,
83,0.197,0.299,
84,0.306,-0.058,
85,-0.945,0.259,
86,0.011,-0.349,
87,0.084,-0.363,
88,0.188,-0.021,
89,0.43,-0.385,
90,0.046,0.013,
91,0.19,0.589,
92,0.011,0.104,
93,0.247,0.377,
94,0.207,0.231,
95,0.054,0.799,
96,0.533,-0.446,
97,0.309,0.083,
98,-0.301,-0.014,
99,-0.404,0.54,
100,1.01,-0.599,
101,-0.021,-0.704,
102,-0.077,0.255,
103,-0.108,-0.193,
104,0.16,-0.02,
105,0.194,-0.205,
106,-0.491,-1.13,
107,-0.142,0.021,
108,-0.005,-0.034,
109,-0.481,-0.467,
110,0.032,-0.086,
111,0.232,-0.05,
112,0.002,-0.329,
113,-0.099,0.338,
114,0.038,0.435,
115,-0.25,0.223,
116,0.225,-0.268,
117,0.092,0.159,
118,0.121,-0.487,
119,0.349,0.145,
120,0.042,0.144,
121,-0.015,-0.369,
122,-0.186,0.42,
123,0.072,0.382,
124,-0.022,0.252,
125,0.023,0.456,
126,0.196,-0.228,
127,0.204,0.318,
128,-0.154,0.553,
129,0.401,0.201,
130,0.267,0.367,
131,0.206,0.19,
132,-0.073,0.045,
133,-0.11,-0.323,
134,-0.136,0.201,
135,-0.075,0.301,
136,-0.276,-0.106,
137,-0.028,-0.006,
138,0.204,0.185,
139,-0.283,-0.222,
140,-0.263,0.21,
141,-0.752,0.338,
142,0.129,-0.246,
143,0.36,-0.603,
144,0.778,-0.851,
145,-0.027,-0.113,
146,-0.24,0.153,
147,-0.505,0.212,
148,-0.167,0.186,
149,-0.047,-0.062,
150,-0.144,-0.392,
151,-0.059,0.363,
152,-0.004,0.01,
153,0.491,-0.125,
154,-0.215,0.08,
155,0.442,-0.213,
156,-0.328,0.417,
157,0.005,-0.07,
158,-0.099,0.491,
159,-0.217,0.149,
160,-0.31,0.759,
161,0.279,-0.178,
162,-0.243,0.208,
163,-0.329,-0.375,
