1,-0.008,-0.646,
2,0.348,-0.173,
3,1.57,-0.006,
4,0.592,0.372,
5,-0.604,0.168,
6,-2.717,1.344,
7,0.738,-1.179,
8,-1.378,-0.101,
9,0.084,-0.707,
10,0.061,0.693,
11,0.985,-1.101,
12,-0.004,-0.979,
13,-0.968,-0.076,
14,-1.655,-0.599,
15,-1.227,-2.412,
16,0.41,-0.093,
17,-1.382,-0.182,
18,0.372,0.234,
19,0.26,0.312,
20,-1.065,-0.151,
21,0.461,0.625,
22,-1.099,-0.499,
23,-0.043,0.494,
24,-0.347,0.802,
25,0.403,0.126,
26,-0.657,0.033,
27,0.371,0.5,
28,1.309,-0.72,
29,-0.593,0.446,
30,0.763,-0.28,
31,0.078,-0.179,
32,-0.028,-0.586,
33,-0.123,0.064,
34,-0.32,0.101,
35,-0.015,0.54,
36,1.851,0.21,
37,-0.403,0.138,
38,1.148,-0.374,
39,1.552,-0.081,
40,-0.108,-0.62,
41,0.306,0.087,
42,1.125,-0.149,
43,-0.988,0.003,
44,0.223,-0.133,
45,-1.002,0.98,
46,0.328,0.382,
47,-0.433,0.22,
48,0.666,-1.549,
49,0.019,0.049,
50,1.158,-0.219,
51,-0.967,-1.017,
52,0.038,0.422,
53,0.774,-0.112,
54,0.387,0.386,
55,-0.576,0.247,
56,1.222,-0.006,
57,0.132,0.05,
58,-0.104,0.747,
59,-0.49,0.021,
60,-0.089,-0.044,
61,-0.231,-0.323,
62,2.407,-0.799,
63,0.451,0.226,
64,-0.137,-1.198,
65,1.641,0.706,
66,-0.427,0.234,
67,0.625,0.091,
68,1.593,-0.31,
69,1.125,0.32,
70,0.253,0.306,
71,1.89,0.379,
72,0.02,-0.834,
73,-1.012,0.094,
74,-0.137,0.276,
75,-1.539,-1.096,
76,-0.045,-1.07,
77,0.078,0.139,
78,-0.026,0.523,
79,-0.076,1.346,
80,-0.847,-0.97,
81,-0.072,0.253,
82,-1.446,-0.089,
83,-0.824,-0.695,
84,0.66,1.625,
85,0.183,-0.572,
86,-0.08,-1.73,
87,-1.278,0.346,
88,0.707,-2.21,
89,1.009,-0.595,
90,-0.102,-0.441,
91,0.079,0.075,
92,0.277,0.237,
93,0.844,-1.131,
94,1.209,0.211,
95,-0.53,-1.032,
96,-0.226,0.484,
97,0.106,-0.452,
98,0.427,1.262,
99,0.535,0.754,
100,1.375,0.228,
101,0.218,-0.094,
102,-0.788,0.594,
103,1.431,0.634,
104,-0.672,-0.078,
105,-0.819,0.231,
106,-0.711,-0.575,
107,0.404,1.259,
108,0.646,-1.678,
109,0.234,-0.575,
110,0.29,-0.373,
111,0.949,-0.134,
112,0.391,-0.56,
113,0.312,0.085,
114,-1.351,-0.244,
115,-0.335,0.622,
116,-0.567,-0.036,
117,0.649,1.017,
118,0.242,1.026,
119,-0.585,-0.875,
120,0.483,-0.956,
121,-0.722,-0.678,
122,0.732,-0.362,
123,-1.017,0.053,
124,0.076,0.317,
125,0.355,-2.285,
126,-0.024,-0.913,
127,0.3,-0.785,
128,-0.155,1.027,
129,-0.401,-0.8,
130,1.963,-0.542,
131,-0.107,-0.928,
132,-0.383,0.357,
133,-0.16,0.398,
134,-1.17,-0.788,
135,0.839,-1.443,
136,0.594,0.548,
137,0.629,0.303,
138,0.146,0.029,
139,0.452,1.258,
140,-0.27,0.445,
141,0.53,1.53,
142,1.121,-0.011,
143,0.506,-0.555,
144,0.734,-0.767,
145,0.626,-0.514,
146,0.098,0.151,
147,1.146,-0.078,
148,0.726,-0.549,
149,0.615,0.086,
150,0.738,-0.659,
151,-0.782,-0.141,
152,-0.252,-0.676,
153,0.287,-0.434,
154,0.532,0.51,
155,0.214,-0.064,
156,-0.779,0.068,
157,0.067,-1.415,
158,0.2,-0.875,
159,0.023,0.108,
160,-0.154,0.57,
161,0.311,-0.424,
162,-0.51,0.16,
163,0.928,-1.18,
