1,-0.004,0.926,
2,-0.08,0.144,
3,-0.678,0.667,
4,-0.165,0.743,
5,-0.067,0.935,
6,-1.584,0.437,
7,-0.288,1.151,
8,0.397,0.553,
9,-0.325,-0.079,
10,-0.709,1.166,
11,0.443,1.197,
12,0.214,0.004,
13,0.442,0.768,
14,-0.938,0.569,
15,-0.645,0.492,
16,-0.086,0.407,
17,-1.041,0.771,
18,-0.133,0.537,
19,-0.375,0.771,
20,-0.183,0.563,
21,-0.037,0.689,
22,-0.388,0.369,
23,-0.116,0.266,
24,-0.308,0.465,
25,-0.702,0.946,
26,-0.332,0.851,
27,0.009,0.273,
28,-0.042,0.574,
29,-0.279,0.577,
30,-0.002,1.525,
31,-0.247,1.336,
32,-0.17,0.211,
33,-0.385,0.936,
34,-0.826,0.304,
35,-0.208,1.566,
36,-0.705,0.944,
37,0.043,0.426,
38,-0.36,0.322,
39,-0.317,0.751,
40,-0.435,0.363,
41,-0.109,0.647,
42,0.307,0.658,
43,-0.177,0.726,
44,0.134,1.284,
45,-0.38,0.61,
46,-0.274,0.77,
47,-0.858,0.148,
48,0.663,0.405,
49,-0.421,-0.035,
50,-0.657,-0.077,
51,-0.302,0.517,
52,-0.213,0.573,
53,0.224,0.003,
54,-0.088,0.863,
55,-0.5,-0.257,
56,-0.402,0.652,
57,-0.278,0.438,
58,-0.503,0.894,
59,-0.955,0.562,
60,-0.493,0.376,
61,-0.348,0.757,
62,0.208,0.577,
63,-0.269,0.716,
64,-0.833,-0.256,
65,-0.093,0.314,
66,0.245,0.959,
67,-0.678,0.14,
68,-0.629,0.685,
69,-0.169,1.192,
70,-0.288,0.651,
71,-0.46,0.771,
72,0.065,0.726,
73,-0.552,0.827,
74,-0.012,0.854,
75,-0.471,0.756,
76,-0.061,0.817,
77,-0.458,0.221,
78,-0.453,0.629,
79,-1.188,0.422,
80,-0.355,-0.217,
81,0.112,0.654,
82,-0.307,0.58,
83,0.114,0.542,
84,-0.328,0.558,
85,0,0.865,
86,-0.569,1.147,
87,-0.358,-0.043,
88,-0.082,0.328,
89,0.007,0.329,
90,-0.232,0.522,
91,-0.204,0.709,
92,-0.635,0.327,
93,-0.657,1.091,
94,-0.511,1.008,
95,-0.216,0.567,
96,-0.071,0.217,
97,0.367,0.684,
98,-1.201,0.031,
99,-0.272,0.491,
100,-0.793,0.667,
101,-0.328,1.112,
102,-0.24,-0.022,
103,-0.327,0.588,
104,-0.399,0.438,
105,-0.217,0.507,
106,-0.353,0.973,
107,0.295,1.457,
108,-0.227,0.528,
109,-0.318,0.333,
110,0.281,0.879,
111,-0.217,0.714,
112,-1.237,0.336,
113,-0.387,0.501,
114,-0.452,0.268,
115,-0.16,-0.8,
116,-0.132,0.104,
117,-0.102,0.497,
118,-0.244,0.793,
119,0.01,0.679,
120,-0.165,0.276,
121,-0.436,0.564,
122,0.203,0.804,
123,-0.578,-0.455,
124,-0.016,0.278,
125,-0.471,0.221,
126,-0.063,0.55,
127,-0.06,0.203,
128,-0.355,0.781,
129,-0.274,0.42,
130,0.341,0.594,
131,-0.265,1.564,
132,-0.753,0.503,
133,-0.585,0.714,
134,-0.48,0.873,
135,-0.691,0.027,
136,-0.3,0.364,
137,-0.699,0.961,
138,-0.393,0.912,
139,-0.74,-0.136,
140,-0.462,0.601,
141,-0.415,-0.427,
142,-0.642,0.02,
143,-0.455,1.195,
144,-0.609,0.698,
145,-0.744,0.084,
146,0.21,1.056,
147,-0.405,0.643,
148,-0.877,0.548,
149,-0.19,-1.244,
150,-1.082,0.632,
151,0.745,0.793,
152,-0.532,1.014,
153,-0.15,0.282,
154,-0.817,0.563,
155,-0.629,0.519,
156,-0.825,0.658,
157,-0.536,0.339,
158,0.212,0.85,
159,-0.152,0.203,
160,-0.62,0.669,
161,-0.054,0.661,
162,-0.465,0.677,
163,0.379,-0.152,
