1,1.86,-0.634,
2,0.408,0.956,
3,2.021,-0.886,
4,0.746,-0.809,
5,1.286,-0.013,
6,0.626,1.576,
7,2.693,-0.072,
8,2.298,-0.207,
9,1.945,-0.459,
10,0.103,-0.246,
11,-0.295,0.385,
12,1.843,0.559,
13,1.347,0.235,
14,1.576,1.36,
15,0.065,-0.782,
16,0.171,-0.503,
17,0.224,0.218,
18,0.6,0.022,
19,-0.473,-1.22,
20,0.058,-1.577,
21,0.451,-2.524,
22,1.074,-0.785,
23,-0.928,-0.928,
24,0.47,0.058,
25,0.16,0.318,
26,2.034,-0.351,
27,2.744,-0.501,
28,2.269,-0.493,
29,2.511,1.162,
30,1.208,-0.022,
31,0.591,0.436,
32,2.04,-0.958,
33,0.646,-2.497,
34,-1.102,0.423,
35,1.377,0.892,
36,-0.082,0.118,
37,0.437,-1.05,
38,0.032,-0.812,
39,-0.696,0.462,
40,0.338,-0.225,
41,2.153,-0.574,
42,0.856,-0.488,
43,1.572,-0.342,
44,1.054,0.538,
45,0.782,0.714,
46,0.753,0.357,
47,-0.121,-0.716,
48,0.584,0.868,
49,-0.036,-1.461,
50,0.94,-1.562,
51,1.781,-0.247,
52,1.086,-0.175,
53,0.101,2.026,
54,3.013,0.153,
55,1.118,-0.735,
56,2.073,0.093,
57,0.493,2.315,
58,1.738,0.911,
59,1.792,-1.899,
60,1.042,1.153,
61,-0.364,0.937,
62,3.31,0.035,
63,1.337,0.544,
64,-0.814,-2.601,
65,1.459,0.339,
66,0.485,0.246,
67,1.542,-0.759,
68,-0.245,-0.424,
69,-1.278,1.107,
70,1.948,0.681,
71,0.547,-0.195,
72,0.633,0.002,
73,0.832,-1.055,
74,1.798,-0.294,
75,1.065,1.133,
76,1.123,-1.179,
77,0.816,0.025,
78,0.754,0.51,
79,0.039,-0.157,
80,-0.804,-1.201,
81,-0.131,-1.043,
82,-1.032,-0.319,
83,1.849,-0.536,
84,1.026,-0.402,
85,1.234,2.104,
86,-0.284,-1.946,
87,1.297,-2.364,
88,1.429,0.124,
89,2.144,-0.958,
90,0.183,-1.056,
91,2.185,2.162,
92,2.083,-0.484,
93,1.484,0.712,
94,1.647,-1.216,
95,0.366,1.276,
96,3.722,-1.688,
97,1.7,0.074,
98,0.177,-0.032,
99,0.514,1.253,
100,2.833,-3.305,
101,0.982,-1.417,
102,1.052,-1.092,
103,0.389,1.249,
104,1.274,-0.662,
105,1.965,-0.184,
106,2.665,-0.976,
107,2.548,1.342,
108,0.402,-0.843,
109,0.346,-0.256,
110,0.287,-0.602,
111,1.448,1.213,
112,0.527,0.197,
113,1.183,0.45,
114,1.329,0.21,
115,-0.518,-1.774,
116,1.958,-1.638,
117,2.12,-1.859,
118,1.607,-0.91,
119,1.899,0.43,
120,0.92,-0.196,
121,1.3,1.411,
122,-0.333,0.863,
123,1.813,0.029,
124,2.025,-0.672,
125,-0.03,0.608,
126,2.816,-0.652,
127,1.354,0.413,
128,1.442,0.015,
129,1.937,0.917,
130,2.902,-0.228,
131,1.231,1.458,
132,1.026,0.03,
133,0.858,-0.795,
134,0.363,0.097,
135,-0.497,-0.42,
136,1.353,-0.6,
137,0.097,-0.616,
138,1.34,-0.207,
139,1.09,-1.206,
140,1.395,0.801,
141,0.514,-1.129,
142,1.287,-1.012,
143,0.698,-0.431,
144,1.05,1.084,
145,0.533,0.209,
146,1.66,-0.078,
147,-0.439,-0.403,
148,-1.046,-1.26,
149,-0.136,-2.376,
150,1.555,-1.036,
151,1.215,1.58,
152,1.578,-0.167,
153,1.375,-1.206,
154,-0.244,-0.447,
155,1.168,-1.205,
156,0.425,-1.845,
157,-0.899,-0.62,
158,1.137,0.341,
159,1.582,-0.244,
160,1.163,1.411,
161,0.994,-0.463,
162,-1.016,-1.646,
163,0.611,-1.496,
