1,0.982,-0.679,
2,0.992,-0.886,
3,0.544,-0.828,
4,1.107,-0.229,
5,0.923,-0.382,
6,-0.484,-1.031,
7,1.469,-0.557,
8,1.3,-0.919,
9,0.955,-1.686,
10,0.147,-0.711,
11,1.474,-0.522,
12,0.755,-1.167,
13,1.466,-0.868,
14,0.594,-0.46,
15,0.368,-1.27,
16,0.96,-0.893,
17,0.673,-0.349,
18,0.946,-1.08,
19,1.256,-0.568,
20,1.118,-1.259,
21,0.989,-1.338,
22,0.248,-1.214,
23,1.012,-1.241,
24,0.738,-0.885,
25,0.803,-0.334,
26,1.28,-0.43,
27,0.814,-0.982,
28,1.066,-0.618,
29,0.892,-0.456,
30,0.548,-0.786,
31,0.973,-0.777,
32,0.894,-0.743,
33,1.133,-1.048,
34,0.539,-1.16,
35,1.562,-0.147,
36,0.486,-0.572,
37,1.104,-0.598,
38,0.644,-0.888,
39,0.827,-0.85,
40,1.072,-0.8,
41,1.348,-0.678,
42,2.239,-0.744,
43,1.463,-0.588,
44,1.201,-0.475,
45,0.699,-0.561,
46,0.641,-0.979,
47,0.252,-1.234,
48,1.651,-0.627,
49,0.876,-0.984,
50,0.936,-0.963,
51,0.743,-0.717,
52,0.533,-0.848,
53,1.551,-1.821,
54,1.323,-0.649,
55,0.73,-1.756,
56,1.432,-1.266,
57,0.966,-1.358,
58,0.656,-0.531,
59,0.373,-1.504,
60,0.827,-0.879,
61,0.76,-0.796,
62,1.737,-0.445,
63,0.81,-0.715,
64,0.341,-1.253,
65,1.119,-1.022,
66,1.301,-0.06,
67,0.541,-1.118,
68,0.571,-0.737,
69,1.266,-0.422,
70,0.673,-0.973,
71,0.673,-1.299,
72,1.67,-0.771,
73,0.686,-0.946,
74,1.091,-0.76,
75,0.85,-1.289,
76,1.095,-0.672,
77,0.795,-1.135,
78,0.387,-1.515,
79,0,-1.145,
80,0.918,-1.131,
81,0.537,-0.201,
82,1.101,-0.214,
83,0.873,-0.833,
84,1,-0.896,
85,1.255,-0.415,
86,1.01,-0.566,
87,0.724,-1.806,
88,1.106,-0.639,
89,0.794,-0.867,
90,1.541,-0.705,
91,0.963,-0.064,
92,0.566,-1.172,
93,0.375,-0.316,
94,0.685,-0.375,
95,1.093,-0.359,
96,1.069,-1.656,
97,1.451,-0.688,
98,0.415,-1.476,
99,0.727,-1.12,
100,0.92,-0.928,
101,0.878,-0.241,
102,1.23,-1.334,
103,1.062,-0.528,
104,0.985,-1.009,
105,0.57,-1.115,
106,0.468,-0.702,
107,1.749,-0.088,
108,0.716,-1.166,
109,0.97,-0.831,
110,1.242,-0.569,
111,0.603,-0.84,
112,0.098,-1.055,
113,1.339,-1.035,
114,0.819,-1.563,
115,0.81,-1.746,
116,0.985,-1.32,
117,1.163,-1.02,
118,1.289,-0.721,
119,0.81,-0.738,
120,0.628,-1.719,
121,0.993,-0.211,
122,1.356,-0.863,
123,0.943,-1.668,
124,1.16,-1.162,
125,0.646,-1.239,
126,1.151,-0.859,
127,1.36,-1.008,
128,0.96,-0.517,
129,1.029,-0.932,
130,0.736,-0.524,
131,1.017,0.173,
132,0.519,-1.062,
133,0.692,-0.407,
134,0.911,-0.368,
135,0.752,-1.098,
136,0.873,-1.228,
137,0.467,-0.897,
138,0.699,-0.967,
139,0.649,-1.53,
140,0.793,-0.91,
141,0.512,-1.242,
142,0.7,-1.207,
143,1.505,-0.294,
144,0.815,-0.797,
145,0.337,-1.134,
146,1.808,-0.138,
147,0.876,-0.848,
148,0.302,-1.554,
149,1.167,-1.829,
150,0.274,-0.971,
151,2.061,-0.643,
152,0.52,-0.406,
153,1.135,-0.791,
154,0.53,-0.87,
155,0.823,-1.296,
156,0.555,-0.547,
157,0.594,-1.2,
158,1.128,-0.764,
159,0.899,-1.304,
160,0.971,-0.916,
161,1.144,-0.957,
162,1.089,-0.843,
163,1.662,-1.294,
