1,-0.545,-0.67,
2,-0.401,-0.419,
3,0.259,-1.144,
4,-0.844,0.309,
5,-0.063,0.115,
6,-0.391,0.406,
7,0.353,-0.113,
8,-0.136,-1.066,
9,1.107,0.425,
10,-0.769,0.021,
11,-0.03,-0.826,
12,0.443,-0.549,
13,0.266,0.402,
14,-0.539,0.091,
15,-1.183,0.202,
16,0.321,0.115,
17,-0.469,-1.184,
18,0.014,-0.454,
19,0.561,-0.153,
20,-0.073,-0.218,
21,0.016,-0.561,
22,-0.097,-0.125,
23,-0.391,-1.088,
24,0.27,-1.143,
25,-0.018,-0.613,
26,-1.043,-1.181,
27,-0.601,-0.607,
28,0.934,-0.598,
29,0.219,0.304,
30,1.344,-0.296,
31,-0.373,-0.73,
32,0.856,-0.698,
33,-1.274,-1.096,
34,-0.051,-1.427,
35,-0.197,-0.458,
36,0.16,0.032,
37,0.699,0.477,
38,0.727,-0.743,
39,-0.423,-0.364,
40,0.508,-0.951,
41,0.572,0.211,
42,0.117,0.732,
43,0.188,0.35,
44,-0.425,-0.616,
45,-0.343,-0.249,
46,-0.858,-0.14,
47,-0.254,-0.056,
48,-0.345,-0.287,
49,0.311,-0.882,
50,0.087,-0.33,
51,-0.427,-0.995,
52,-0.639,0.003,
53,-0.392,0.689,
54,-0.964,-0.216,
55,-0.962,-0.773,
56,-0.462,-0.041,
57,-0.533,-0.337,
58,-0.922,-0.178,
59,0.016,-0.92,
60,0.021,-0.347,
61,-0.994,-0.156,
62,0.717,-0.461,
63,0.709,0.448,
64,-0.671,-0.422,
65,0.373,-0.222,
66,0.808,-0.143,
67,-0.159,0.459,
68,0.039,-0.55,
69,0.061,-0.317,
70,0.739,-0.556,
71,0.445,-0.705,
72,0.144,-0.8,
73,0.771,-0.069,
74,0.989,-0.193,
75,0.446,0.108,
76,0.138,-0.981,
77,-0.067,1.012,
78,0.07,0.646,
79,0.228,0.066,
80,0.636,0.039,
81,-1.493,-0.791,
82,-0.271,0.391,
83,0.138,-0.173,
84,-0.118,-0.339,
85,0.493,-0.54,
86,0.607,-0.238,
87,-0.097,-0.649,
88,0.225,0.166,
89,-0.878,-0.875,
90,-0.297,0.191,
91,-0.859,-0.634,
92,-0.573,-0.048,
93,0.817,0.818,
94,-0.858,1.538,
95,0.827,-0.614,
96,-0.08,-0.625,
97,-0.868,-0.436,
98,-0.579,-1.5,
99,0.322,-0.866,
100,0.378,-1.474,
101,0.005,-0.43,
102,-0.739,-1.008,
103,0.316,-1.523,
104,-0.128,-0.68,
105,-1.662,-0.098,
106,0.464,-0.502,
107,-0.18,-0.082,
108,0.031,-0.506,
109,0.349,-1.474,
110,-0.566,-1.614,
111,-0.106,0.232,
112,0.376,-0.403,
113,0.263,-0.558,
114,-0.016,-0.443,
115,-0.612,-1.433,
116,0.304,-0.773,
117,1.08,-0.494,
118,0.443,-0.235,
119,0.504,-0.78,
120,0.037,0.011,
121,-0.183,-0.199,
122,0.225,-0.188,
123,-0.237,-0.922,
124,-0.923,-1.005,
125,-0.153,-0.257,
126,0.29,-0.315,
127,0.594,-1.082,
128,0.057,-0.064,
129,-0.108,-0.247,
130,-0.489,0.034,
131,0.414,0.102,
132,-0.173,0.823,
133,-0.255,-0.79,
134,0.17,0.01,
135,-1.184,-0.81,
136,-0.026,-0.429,
137,1.201,0.234,
138,-0.459,-0.389,
139,-0.267,-0.652,
140,-0.815,-0.772,
141,-0.626,-0.148,
142,0.873,-1.033,
143,-0.112,0.049,
144,0.037,-0.831,
145,-0.556,-0.099,
146,0.245,0.186,
147,-0.203,-0.295,
148,-1.209,-0.322,
149,-0.149,-1.544,
150,-0.255,-2.233,
151,-0.215,0.009,
152,-0.922,-0.627,
153,0.206,-0.292,
154,-0.789,0.15,
155,-0.676,-0.832,
156,0.286,0.02,
157,-0.103,-0.539,
158,0.161,-0.501,
159,-0.151,-0.186,
160,-1.097,-0.386,
161,-0.125,-0.287,
162,0.301,-0.088,
163,0.363,-1.173,
