1,0.936,-0.257,
2,0.459,-0.933,
3,0.833,-0.482,
4,0.69,-0.086,
5,-0.424,-0.066,
6,-1.767,1.008,
7,0.001,0.207,
8,-0.338,-0.839,
9,-0.07,-0.83,
10,-0.184,0.84,
11,1.193,-0.569,
12,0.257,-1.766,
13,-0.258,0.894,
14,-0.995,-0.559,
15,-0.378,-1.878,
16,0.787,-0.672,
17,-0.986,-0.3,
18,1.178,-0.392,
19,0.654,-0.712,
20,-0.517,-0.838,
21,1.392,-0.423,
22,-0.348,-1.582,
23,0.382,0.866,
24,-0.009,-0.401,
25,-0.336,0.249,
26,-0.746,0.13,
27,0.72,-0.93,
28,0.987,-1.729,
29,-0.16,-0.056,
30,1.253,-0.707,
31,0.052,-0.162,
32,0.166,-0.905,
33,-0.57,-0.387,
34,-0.228,-0.818,
35,0.372,1.269,
36,1.039,-0.963,
37,0.118,-0.155,
38,1.82,-0.665,
39,1.312,-0.786,
40,0.307,-1.09,
41,0.2,0.253,
42,1.169,0.166,
43,0.124,-0.169,
44,0.413,0.367,
45,-1.422,0.84,
46,0.578,0.007,
47,-0.519,-0.704,
48,0.797,-0.857,
49,1.08,-0.548,
50,0.929,-0.792,
51,0.364,-1.612,
52,-0.275,-1.001,
53,1.446,-0.789,
54,0.719,0.026,
55,-0.714,-0.966,
56,0.72,0.176,
57,0.244,-0.284,
58,0.343,0.774,
59,0.468,-0.425,
60,0.606,0.047,
61,-0.218,-0.307,
62,2.478,-0.9,
63,0.328,-0.771,
64,-0.118,-1.471,
65,0.743,0.37,
66,0.198,0.269,
67,0.636,-0.775,
68,1.26,-0.9,
69,1.082,0.069,
70,0.391,-0.516,
71,1.526,0.136,
72,0.532,-0.652,
73,-0.817,-0.374,
74,0.664,0.137,
75,-0.849,-1.587,
76,-0.617,-1.253,
77,0.124,-0.209,
78,0.485,-0.444,
79,-0.598,0.404,
80,-0.082,-1.457,
81,-0.57,-0.277,
82,-1.201,-0.742,
83,-0.132,-1.233,
84,0.738,1.275,
85,0.626,-0.322,
86,0.498,-1.277,
87,-0.625,-0.234,
88,1.237,-1.684,
89,2.008,-1.724,
90,0.821,-1.344,
91,-0.016,-0.026,
92,0.379,0.164,
93,-0.002,-1.972,
94,0.679,-0.111,
95,-0.528,-1.558,
96,0.118,0.511,
97,1.07,-0.567,
98,-0.175,0.527,
99,0.809,-0.231,
100,0.513,-0.246,
101,0.286,-0.079,
102,-0.032,-0.473,
103,1.386,0.797,
104,0.231,-0.285,
105,-0.432,-0.849,
106,-0.068,-0.543,
107,0.591,0.711,
108,1.401,-1.728,
109,0.348,-0.666,
110,0.854,-0.422,
111,0.032,0.061,
112,-0.432,-0.627,
113,0.701,-0.766,
114,-1.119,-0.557,
115,0.031,-1.011,
116,0.179,-0.569,
117,1.154,-0.013,
118,0.427,0.815,
119,-0.311,-0.547,
120,0.532,-1.464,
121,0.144,-0.923,
122,1.154,-0.565,
123,-0.738,-1.045,
124,0.262,-0.367,
125,0.232,-2.3,
126,0.576,-0.96,
127,-0.149,-1.678,
128,-0.387,0.313,
129,-0.18,-1.144,
130,1.279,-0.391,
131,0.52,-0.248,
132,-0.295,-0.376,
133,0.181,0.099,
134,-0.245,-0.588,
135,0.615,-1.459,
136,1.358,-0.449,
137,0.597,-0.27,
138,-0.119,-0.26,
139,0.554,-0.141,
140,-0.371,-0.233,
141,0.554,0.026,
142,1.005,-0.666,
143,1.113,-0.524,
144,0.362,-0.649,
145,0.322,-1.018,
146,0.209,0.766,
147,0.545,-0.682,
148,0.529,-0.836,
149,1.272,-0.67,
150,0.47,-0.789,
151,0.512,-0.345,
152,-0.24,-0.583,
153,1.149,-0.427,
154,0.104,-1.191,
155,0.063,-0.753,
156,0.192,-0.061,
157,0.919,-1.469,
158,0.598,-1.268,
159,0.317,-0.577,
160,-0.247,-0.288,
161,-0.063,-1.67,
162,-0.497,-0.614,
163,0.831,-1.977,
