1,0.695,-0.076,
2,-0.613,0.64,
3,0.954,-0.597,
4,-0.269,-0.186,
5,0.873,-0.443,
6,-0.177,1.333,
7,1.11,-0.367,
8,0.764,-0.581,
9,1.357,-0.161,
10,-0.175,-0.135,
11,-2.014,0.049,
12,0.448,1.099,
13,0.271,-0.049,
14,0.854,0.773,
15,-0.606,0.082,
16,0.127,-0.34,
17,-0.741,0.302,
18,-0.094,0.302,
19,-0.87,-0.709,
20,-0.397,-0.229,
21,-0.606,-1.131,
22,-0.027,-0.344,
23,-0.599,-0.702,
24,-0.366,0.409,
25,0.205,-0.037,
26,0.647,-0.18,
27,1.239,0.209,
28,1.049,-0.144,
29,0.863,0.942,
30,0.86,0.213,
31,-0.343,0.125,
32,1.197,-0.714,
33,-0.626,-2.19,
34,-0.693,0.452,
35,0.188,0.465,
36,0.169,0.453,
37,-0.61,-0.655,
38,0.007,-1.179,
39,-0.346,-0.115,
40,-0.771,-0.106,
41,0.549,-0.706,
42,-0.161,-0.726,
43,0.708,-0.239,
44,0.203,0.444,
45,0.261,0.182,
46,0.658,0.184,
47,-0.774,-0.15,
48,-0.37,0.456,
49,-0.886,0.095,
50,0.26,-0.259,
51,0.468,-0.363,
52,0.246,-0.082,
53,-0.45,1.268,
54,1.768,-0.141,
55,-0.06,-0.496,
56,1.121,0.156,
57,-0.394,1.173,
58,1.111,1.137,
59,0.601,-0.575,
60,-0.11,0.933,
61,-0.712,-0.682,
62,1.309,-0.323,
63,0,0.142,
64,-0.23,-1.33,
65,-0.157,0.406,
66,-0.881,0.057,
67,-0.35,-0.617,
68,0.214,-0.059,
69,-1.282,0.58,
70,0.674,1.277,
71,-0.227,-0.17,
72,-0.16,0.017,
73,-0.197,-0.326,
74,0.712,0.006,
75,-0.151,0.744,
76,0.354,-0.267,
77,-0.521,0.007,
78,0.251,1.117,
79,-0.27,0.36,
80,-0.723,-0.134,
81,-0.238,-0.208,
82,-1.031,0.241,
83,0.532,0.205,
84,0.239,-0.204,
85,-0.9,1.244,
86,-0.284,-0.552,
87,0.331,-1.106,
88,0.232,0.118,
89,1.207,-1.097,
90,0.065,-0.431,
91,0.646,1.483,
92,0.461,-0.049,
93,0.839,0.531,
94,0.682,0.269,
95,-0.182,1.598,
96,1.731,-1.058,
97,1.062,0.577,
98,-0.535,0.072,
99,-0.693,1.472,
100,2.188,-1.789,
101,0.251,-1.517,
102,-0.243,-0.57,
103,-0.39,0.247,
104,0.466,-0.335,
105,0.683,-0.428,
106,-0.052,-1.344,
107,0.149,0.661,
108,-0.225,-0.267,
109,-0.723,-0.521,
110,-0.114,-0.252,
111,0.776,0.698,
112,0.079,-0.412,
113,0.029,0.528,
114,0.157,0.809,
115,-0.37,-0.538,
116,0.649,-0.905,
117,0.151,0.124,
118,0.71,-1.071,
119,0.902,0.499,
120,0.125,0.199,
121,0.138,0.035,
122,-0.902,0.952,
123,0.556,0.934,
124,0.379,0.109,
125,-0.012,1.252,
126,0.839,-0.52,
127,0.568,0.822,
128,0.264,0.721,
129,0.613,0.416,
130,0.945,0.473,
131,0.715,0.849,
132,0.029,0.14,
133,0.076,-0.587,
134,0.16,0.45,
135,-0.534,0.479,
136,-0.22,-0.35,
137,-0.171,-0.209,
138,0.462,0.541,
139,-0.382,-0.645,
140,-0.425,1.075,
141,-0.871,-0.116,
142,0.382,-0.619,
143,0.629,-1.031,
144,0.714,-0.424,
145,-0.247,-0.175,
146,0.168,0.201,
147,-1.134,0.226,
148,-0.838,-0.055,
149,0.18,-0.404,
150,0.675,-1.364,
151,0.028,0.977,
152,0.278,0.088,
153,1.161,-0.645,
154,-0.536,0.147,
155,0.814,-0.604,
156,-0.261,-0.502,
157,-1.103,-0.526,
158,0.198,0.189,
159,0.12,0.384,
160,-0.02,1.532,
161,0.471,0.048,
162,-0.913,-0.149,
163,-0.554,-1.083,
