1,0.764,1.324,
2,-0.491,-0.705,
3,-2.455,-1.735,
4,0.206,0.432,
5,-1.306,-0.294,
6,-2.836,0.114,
7,-1.635,1.573,
8,-1.5,0.316,
9,-3.15,1.234,
10,-0.325,0.699,
11,-0.461,1.552,
12,1.683,-0.619,
13,0.175,0.006,
14,-1.284,1.011,
15,-3.298,-0.524,
16,1.166,0.788,
17,-0.84,0.348,
18,0.912,1.339,
19,-0.013,0.606,
20,-0.34,1.004,
21,1.941,-1.216,
22,0.023,-0.793,
23,-1.417,-1.258,
24,-1.454,1.146,
25,-1.125,-0.504,
26,-0.226,0.356,
27,-1.625,0.48,
28,0.606,0.294,
29,-0.481,0.211,
30,-0.442,0.573,
31,1.186,-0.085,
32,0.322,-0.192,
33,-1.49,0.44,
34,0.733,0.734,
35,-0.227,0.512,
36,-2.181,0.758,
37,-0.171,0.141,
38,0.657,-0.368,
39,0.608,1.416,
40,-0.626,-0.401,
41,-1.543,-1.173,
42,0.32,-0.972,
43,0.151,0.291,
44,0.478,0.671,
45,-0.271,-0.117,
46,0.639,0.412,
47,-0.072,0.491,
48,0.005,-0.363,
49,-1.028,-0.807,
50,1.098,0.014,
51,-0.813,-0.709,
52,0.103,0.275,
53,-0.409,0.63,
54,-0.94,-1.02,
55,0.651,0.171,
56,0.263,1.727,
57,1.14,1.618,
58,-0.743,0.419,
59,-1.607,1.31,
60,0.817,-0.033,
61,-1.225,1.91,
62,1.36,-1.282,
63,0.909,-1.219,
64,-0.023,0.039,
65,-0.267,-0.414,
66,0.593,0.01,
67,-1.257,0.45,
68,0.487,0.612,
69,0.025,1.227,
70,1.035,-0.523,
71,-0.425,0.273,
72,-1.447,0.858,
73,-0.819,-0.646,
74,-0.723,-0.242,
75,-2.833,0.419,
76,0.676,-0.222,
77,0.07,-0.525,
78,1.136,1.146,
79,-0.196,-0.043,
80,-1.474,1.978,
81,0.168,-0.095,
82,-1.585,0.593,
83,0.359,0.236,
84,-0.091,0.249,
85,0.334,0.938,
86,-0.278,-0.608,
87,-0.416,-0.564,
88,-1.135,1.4,
89,0.26,0.056,
90,-1.207,0.065,
91,-0.022,1.231,
92,-0.723,0.501,
93,0.256,1.388,
94,-1.063,-0.298,
95,-1.401,-1.177,
96,0.457,-0.565,
97,-0.252,-0.206,
98,-0.134,0.141,
99,-0.137,-0.527,
100,0.235,0.865,
101,-0.369,0.081,
102,-2.13,0.363,
103,1.354,0.274,
104,-0.092,0.06,
105,-0.695,1.69,
106,0.294,0.1,
107,1.676,0.429,
108,0.166,0.118,
109,-1.306,-1.224,
110,-0.13,0.545,
111,0.504,-1.829,
112,-0.774,1.435,
113,-1.17,-0.703,
114,1.1,-0.163,
115,-0.707,-0.388,
116,0.244,1.342,
117,-1.454,-1.19,
118,-0.235,-0.156,
119,0.969,0.632,
120,-0.889,-0.113,
121,-0.057,-1.297,
122,-1.133,-0.824,
123,-1.871,1.359,
124,-0.898,-0.63,
125,-0.051,0.86,
126,-1.806,0.49,
127,-0.061,-0.862,
128,-0.061,0.126,
129,0.915,0.242,
130,1.169,-1.678,
131,-0.022,1.129,
132,-0.07,1.098,
133,-0.77,0.824,
134,-2.434,-1.403,
135,-0.224,-2.029,
136,0.283,-1.075,
137,0.025,0.291,
138,2.158,0.315,
139,-0.835,-0.204,
140,-0.453,-0.409,
141,-0.275,1.262,
142,1.657,-0.29,
143,0.418,1.645,
144,0.146,-0.198,
145,0.713,-1.004,
146,-1.162,0.744,
147,0.522,-0.446,
148,0.182,-0.457,
149,1.236,-1.741,
150,0.338,-0.265,
151,1.294,0.446,
152,0.501,-0.254,
153,-0.281,-0.3,
154,-0.7,2.234,
155,0.106,-0.427,
156,-2.008,-0.874,
157,-0.052,0.166,
158,0.721,-2.004,
159,0.338,-0.828,
160,-0.039,-0.03,
161,0.033,0.222,
162,-0.351,-0.305,
163,-0.049,-2.129,
