1,0.002,0.938,
2,-0.07,0.156,
3,-0.684,0.686,
4,-0.17,0.761,
5,-0.071,0.957,
6,-1.585,0.42,
7,-0.282,1.182,
8,0.411,0.56,
9,-0.313,-0.079,
10,-0.712,1.174,
11,0.445,1.21,
12,0.219,0.003,
13,0.443,0.786,
14,-0.942,0.563,
15,-0.647,0.515,
16,-0.085,0.424,
17,-1.049,0.78,
18,-0.139,0.538,
19,-0.379,0.784,
20,-0.189,0.562,
21,-0.04,0.696,
22,-0.397,0.378,
23,-0.1,0.274,
24,-0.312,0.475,
25,-0.711,0.964,
26,-0.333,0.851,
27,0.014,0.263,
28,-0.039,0.565,
29,-0.283,0.582,
30,0.003,1.541,
31,-0.246,1.34,
32,-0.172,0.21,
33,-0.381,0.951,
34,-0.837,0.307,
35,-0.218,1.578,
36,-0.716,0.957,
37,0.058,0.428,
38,-0.359,0.33,
39,-0.314,0.74,
40,-0.436,0.366,
41,-0.115,0.65,
42,0.304,0.658,
43,-0.187,0.738,
44,0.135,1.291,
45,-0.389,0.61,
46,-0.274,0.772,
47,-0.866,0.166,
48,0.657,0.404,
49,-0.411,-0.037,
50,-0.657,-0.078,
51,-0.315,0.52,
52,-0.211,0.577,
53,0.225,-0.003,
54,-0.09,0.862,
55,-0.498,-0.258,
56,-0.4,0.65,
57,-0.288,0.429,
58,-0.508,0.893,
59,-0.956,0.578,
60,-0.502,0.375,
61,-0.368,0.762,
62,0.224,0.589,
63,-0.262,0.722,
64,-0.831,-0.26,
65,-0.094,0.316,
66,0.246,0.952,
67,-0.678,0.14,
68,-0.649,0.678,
69,-0.167,1.194,
70,-0.286,0.655,
71,-0.454,0.777,
72,0.065,0.73,
73,-0.56,0.84,
74,-0.016,0.859,
75,-0.46,0.762,
76,-0.042,0.822,
77,-0.459,0.218,
78,-0.463,0.627,
79,-1.191,0.417,
80,-0.355,-0.223,
81,0.099,0.658,
82,-0.312,0.586,
83,0.125,0.545,
84,-0.328,0.553,
85,0.002,0.87,
86,-0.561,1.152,
87,-0.366,-0.048,
88,-0.103,0.333,
89,-0.006,0.327,
90,-0.227,0.527,
91,-0.187,0.708,
92,-0.642,0.331,
93,-0.667,1.094,
94,-0.508,1.013,
95,-0.222,0.584,
96,-0.072,0.226,
97,0.375,0.688,
98,-1.215,0.038,
99,-0.272,0.493,
100,-0.807,0.671,
101,-0.34,1.121,
102,-0.255,-0.035,
103,-0.321,0.59,
104,-0.397,0.434,
105,-0.217,0.515,
106,-0.354,0.98,
107,0.287,1.456,
108,-0.232,0.539,
109,-0.307,0.328,
110,0.284,0.888,
111,-0.205,0.714,
112,-1.241,0.333,
113,-0.384,0.506,
114,-0.458,0.266,
115,-0.165,-0.809,
116,-0.121,0.098,
117,-0.101,0.499,
118,-0.254,0.814,
119,0.017,0.684,
120,-0.158,0.275,
121,-0.447,0.571,
122,0.212,0.817,
123,-0.572,-0.461,
124,-0.018,0.278,
125,-0.471,0.227,
126,-0.067,0.55,
127,-0.072,0.202,
128,-0.344,0.776,
129,-0.269,0.416,
130,0.361,0.593,
131,-0.275,1.572,
132,-0.755,0.505,
133,-0.594,0.721,
134,-0.476,0.874,
135,-0.695,0.029,
136,-0.305,0.362,
137,-0.708,0.964,
138,-0.396,0.917,
139,-0.738,-0.15,
140,-0.46,0.606,
141,-0.412,-0.439,
142,-0.648,0.013,
143,-0.462,1.21,
144,-0.612,0.713,
145,-0.756,0.072,
146,0.206,1.051,
147,-0.414,0.637,
148,-0.896,0.551,
149,-0.187,-1.253,
150,-1.07,0.637,
151,0.754,0.779,
152,-0.532,1.012,
153,-0.15,0.274,
154,-0.83,0.561,
155,-0.635,0.515,
156,-0.841,0.668,
157,-0.53,0.347,
158,0.221,0.857,
159,-0.148,0.194,
160,-0.62,0.656,
161,-0.052,0.661,
162,-0.473,0.682,
163,0.386,-0.147,
