1,0.026,-0.161,
2,-0.205,0.313,
3,0.624,-0.104,
4,-0.029,0.056,
5,0.228,-0.234,
6,0.062,0.111,
7,0.125,-0.634,
8,0.166,-0.629,
9,0.658,-0.115,
10,-0.083,-0.045,
11,-0.523,-0.073,
12,0.311,0.428,
13,-0.133,-0.051,
14,0.459,-0.235,
15,-0.095,0.009,
16,0.221,-0.216,
17,-0.556,0.318,
18,-0.26,0.313,
19,-0.221,-0.008,
20,-0.218,-0.045,
21,-0.368,-0.251,
22,0.036,-0.018,
23,-0.175,-0.357,
24,-0.332,0.268,
25,0.332,-0.046,
26,0.378,-0.12,
27,0.374,0.184,
28,0.318,-0.023,
29,-0.006,0.366,
30,0.73,0.284,
31,-0.167,-0.048,
32,0.416,-0.32,
33,-0.238,-0.628,
34,-0.086,0.127,
35,-0.097,0.182,
36,0.221,0.404,
37,-0.185,-0.192,
38,-0.139,-0.396,
39,0.232,-0.319,
40,-0.478,-0.168,
41,0.167,-0.252,
42,0.083,-0.437,
43,0.307,-0.15,
44,0.038,0.177,
45,0.078,0.036,
46,0.401,0.048,
47,-0.212,-0.15,
48,-0.119,0.112,
49,-0.446,0.308,
50,0.008,0.071,
51,-0.251,-0.204,
52,0.111,0.02,
53,-0.203,0.583,
54,0.699,-0.07,
55,-0.11,-0.216,
56,0.086,0.554,
57,-0.328,0.383,
58,0.399,0.501,
59,0.18,-0.12,
60,-0.184,0.282,
61,-0.286,-0.522,
62,0.342,-0.213,
63,-0.24,0.067,
64,0.047,-0.398,
65,-0.172,0.143,
66,-0.424,0.021,
67,-0.443,-0.231,
68,0.268,-0.075,
69,-0.082,0.204,
70,0.086,0.4,
71,-0.083,-0.148,
72,-0.132,0.058,
73,0.035,0.237,
74,0.458,0.096,
75,0.128,0.187,
76,-0.055,-0.095,
77,-0.338,0.098,
78,0.117,0.833,
79,-0.181,0.324,
80,-0.385,0.109,
81,-0.077,-0.007,
82,-0.322,0.202,
83,0.196,0.303,
84,0.306,-0.053,
85,-0.954,0.27,
86,0.01,-0.346,
87,0.083,-0.37,
88,0.199,-0.024,
89,0.436,-0.388,
90,0.049,0.01,
91,0.195,0.595,
92,0.013,0.104,
93,0.25,0.376,
94,0.21,0.237,
95,0.054,0.808,
96,0.537,-0.45,
97,0.315,0.095,
98,-0.303,-0.012,
99,-0.413,0.552,
100,1.019,-0.609,
101,-0.021,-0.715,
102,-0.071,0.253,
103,-0.097,-0.194,
104,0.162,-0.021,
105,0.198,-0.207,
106,-0.494,-1.134,
107,-0.146,0.028,
108,-0.007,-0.03,
109,-0.489,-0.467,
110,0.03,-0.084,
111,0.24,-0.045,
112,0,-0.33,
113,-0.104,0.344,
114,0.038,0.439,
115,-0.267,0.219,
116,0.231,-0.274,
117,0.091,0.16,
118,0.123,-0.495,
119,0.355,0.148,
120,0.041,0.15,
121,-0.016,-0.369,
122,-0.194,0.425,
123,0.073,0.388,
124,-0.022,0.253,
125,0.023,0.465,
126,0.194,-0.228,
127,0.201,0.324,
128,-0.153,0.553,
129,0.401,0.203,
130,0.271,0.367,
131,0.208,0.193,
132,-0.075,0.046,
133,-0.111,-0.322,
134,-0.132,0.205,
135,-0.077,0.31,
136,-0.29,-0.107,
137,-0.032,-0.006,
138,0.202,0.186,
139,-0.278,-0.235,
140,-0.267,0.216,
141,-0.758,0.339,
142,0.131,-0.248,
143,0.361,-0.61,
144,0.778,-0.856,
145,-0.033,-0.117,
146,-0.245,0.156,
147,-0.515,0.211,
148,-0.181,0.177,
149,-0.048,-0.063,
150,-0.145,-0.383,
151,-0.061,0.365,
152,-0.004,0.01,
153,0.493,-0.129,
154,-0.217,0.082,
155,0.446,-0.219,
156,-0.335,0.419,
157,0.007,-0.063,
158,-0.107,0.505,
159,-0.212,0.136,
160,-0.31,0.762,
161,0.275,-0.179,
162,-0.247,0.197,
163,-0.35,-0.368,
