1,-0.171,-0.9,
2,-0.058,-1.21,
3,-0.563,-0.981,
4,-0.336,-0.764,
5,0.096,-0.65,
6,-1.401,-0.847,
7,-0.27,-0.459,
8,0.079,-0.715,
9,-0.609,-1.515,
10,-0.793,-0.13,
11,0.292,-0.484,
12,0.212,-0.735,
13,0.282,-0.429,
14,-0.714,-0.794,
15,-0.324,-1.042,
16,-0.275,-1.148,
17,-1.155,-1.206,
18,-0.197,-1.046,
19,-0.278,-0.676,
20,-0.121,-0.739,
21,-0.259,-1.165,
22,-0.368,-0.843,
23,-0.449,-1.225,
24,0.206,-0.804,
25,-0.604,-0.585,
26,-0.238,-0.135,
27,0.142,-0.84,
28,-0.029,-0.677,
29,0.033,-0.673,
30,-0.069,-0.209,
31,-0.254,-0.372,
32,-0.17,-1.046,
33,-0.698,-1.044,
34,-0.892,-1.345,
35,-0.015,-0.098,
36,-0.466,-0.478,
37,-0.189,-0.816,
38,-0.269,-0.773,
39,-0.524,-0.935,
40,-0.246,-1.151,
41,0.083,-0.388,
42,-0.041,-0.241,
43,-0.213,-0.103,
44,-0.155,-0.529,
45,-0.08,-0.89,
46,-0.365,-0.716,
47,-0.772,-1.194,
48,0.431,-0.581,
49,-0.407,-1.015,
50,-0.708,-1.249,
51,-0.154,-0.878,
52,-0.289,-0.765,
53,-0.029,-0.954,
54,-0.189,-0.452,
55,-0.716,-1.524,
56,-0.26,-0.689,
57,-0.186,-0.983,
58,-0.487,-0.384,
59,-0.603,-1.102,
60,-0.283,-0.84,
61,-0.334,-0.554,
62,-0.178,-0.76,
63,-0.127,-0.825,
64,-0.862,-1.188,
65,0.085,-1.039,
66,0.004,-0.183,
67,-1.338,-0.79,
68,-0.268,-0.737,
69,-0.269,-0.188,
70,-0.323,-0.617,
71,-0.406,-0.94,
72,-0.03,-0.779,
73,-0.496,-0.813,
74,-0.136,-0.684,
75,0.076,-0.838,
76,-0.765,-0.682,
77,-0.28,-1.123,
78,-0.57,-0.321,
79,-1.236,-0.724,
80,-0.13,-1.592,
81,0.008,-0.924,
82,-0.106,-0.447,
83,-0.12,-0.645,
84,-0.35,-0.785,
85,-0.065,-0.782,
86,-0.476,0.19,
87,-0.303,-1.152,
88,0.177,-0.492,
89,-0.285,-0.804,
90,-0.298,-1.071,
91,-0.52,-0.263,
92,-0.326,-1.024,
93,-0.732,-0.369,
94,-0.445,-0.076,
95,-0.216,-1.001,
96,-0.38,-0.96,
97,0.197,-0.671,
98,-1.021,-1.528,
99,-0.493,-0.713,
100,-0.696,-0.69,
101,-0.311,-0.346,
102,-0.246,-1.064,
103,-0.536,-0.608,
104,-0.725,-0.56,
105,-0.565,-1.187,
106,-0.167,-0.434,
107,-0.074,0.162,
108,-0.612,-1.114,
109,-0.316,-0.948,
110,0.13,-0.507,
111,-0.403,-0.19,
112,-1.119,-1.444,
113,-0.236,-0.835,
114,-0.415,-1.137,
115,-0.315,-2.08,
116,-0.158,-1.275,
117,0.101,-0.86,
118,-0.33,-0.938,
119,-0.342,-0.872,
120,-0.252,-1,
121,-0.396,-0.892,
122,0.105,-0.502,
123,-0.677,-1.612,
124,0.06,-0.983,
125,-0.487,-1.251,
126,-0.012,-0.858,
127,-0.058,-1.311,
128,-0.372,-0.722,
129,-0.405,-0.826,
130,-0.263,-0.705,
131,-0.339,0.117,
132,-0.467,-0.538,
133,-0.748,-0.66,
134,-0.525,-0.734,
135,-0.733,-1.246,
136,-0.445,-0.863,
137,-0.628,-0.475,
138,-0.562,-0.681,
139,-0.992,-1.291,
140,-0.169,-0.975,
141,-0.848,-1.441,
142,-0.653,-1.279,
143,-0.433,-0.281,
144,-0.799,-0.706,
145,-0.671,-1.355,
146,0.342,-0.063,
147,-0.261,-0.878,
148,-0.865,-0.532,
149,-0.48,-1.975,
150,-1.998,-1.066,
151,0.538,-0.417,
152,-0.992,-0.219,
153,-0.096,-1.05,
154,-0.599,-0.847,
155,-0.712,-0.963,
156,-0.529,-0.527,
157,-0.758,-0.866,
158,-0.201,-0.533,
159,-0.364,-0.845,
160,-0.701,-0.542,
161,-0.396,-0.895,
162,-0.242,-0.387,
163,0.613,-1.08,
