1,0.85,-0.417,
2,0.524,-0.844,
3,1.178,-0.287,
4,0.719,0.15,
5,-0.585,-0.038,
6,-2.375,1.694,
7,-0.039,-0.276,
8,-0.738,-1.051,
9,-0.054,-0.774,
10,-0.107,1.009,
11,1.315,-0.81,
12,0.132,-1.767,
13,-0.669,0.877,
14,-1.717,-0.575,
15,-0.688,-2.465,
16,0.657,-0.525,
17,-1.265,-0.27,
18,1.261,-0.246,
19,0.725,-0.724,
20,-0.825,-0.844,
21,1.409,-0.048,
22,-0.654,-1.589,
23,0.302,0.973,
24,-0.15,-0.03,
25,-0.286,0.307,
26,-0.971,0.276,
27,0.725,-0.695,
28,1.238,-1.835,
29,-0.332,0.133,
30,1.312,-0.761,
31,0.001,-0.221,
32,0.093,-0.884,
33,-0.537,-0.277,
34,-0.283,-0.652,
35,0.279,1.362,
36,1.372,-0.825,
37,0.038,-0.009,
38,2.021,-0.677,
39,1.764,-0.659,
40,0.255,-1.119,
41,0.208,0.283,
42,1.425,0.168,
43,-0.132,-0.111,
44,0.381,0.322,
45,-1.71,1.152,
46,0.484,0.004,
47,-0.61,-0.458,
48,0.713,-1.098,
49,0.993,-0.383,
50,1.206,-0.706,
51,0.143,-1.837,
52,-0.302,-0.76,
53,1.579,-0.66,
54,0.57,0.207,
55,-0.844,-0.662,
56,1.155,0.258,
57,0.225,-0.099,
58,0.285,0.947,
59,0.325,-0.175,
60,0.523,0.055,
61,-0.405,-0.344,
62,2.773,-1.144,
63,0.638,-0.61,
64,-0.263,-1.7,
65,1.097,0.655,
66,-0.018,0.344,
67,0.784,-0.53,
68,1.521,-1.062,
69,1.296,0.107,
70,0.443,-0.252,
71,2,0.501,
72,0.456,-0.823,
73,-1.125,-0.392,
74,0.386,0.184,
75,-1.285,-1.859,
76,-0.754,-1.56,
77,0.163,-0.092,
78,0.362,-0.233,
79,-0.533,0.743,
80,-0.29,-1.564,
81,-0.668,-0.136,
82,-2.028,-0.692,
83,-0.492,-1.204,
84,0.895,1.834,
85,0.637,-0.416,
86,0.396,-1.737,
87,-0.964,-0.003,
88,1.403,-2.446,
89,2.258,-2.296,
90,0.782,-1.317,
91,-0.046,-0.058,
92,0.415,0.311,
93,0.416,-2.197,
94,0.951,-0.054,
95,-0.737,-1.778,
96,-0.082,0.99,
97,0.941,-0.542,
98,-0.045,1.346,
99,0.872,0.112,
100,0.89,0.027,
101,0.231,-0.065,
102,-0.117,-0.222,
103,1.716,0.982,
104,0.097,-0.254,
105,-0.693,-0.526,
106,-0.239,-0.524,
107,0.576,1.023,
108,1.58,-2.112,
109,0.384,-0.692,
110,0.693,-0.269,
111,0.384,0.241,
112,-0.165,-0.588,
113,0.677,-0.585,
114,-1.38,-0.498,
115,-0.209,-0.36,
116,0.046,-0.429,
117,1.174,0.288,
118,0.475,1.39,
119,-0.513,-0.747,
120,0.679,-1.485,
121,-0.189,-0.959,
122,1.178,-0.631,
123,-0.889,-0.813,
124,0.235,-0.229,
125,0.273,-2.663,
126,0.562,-1.111,
127,-0.214,-1.714,
128,-0.33,0.485,
129,-0.272,-1.182,
130,1.733,-0.458,
131,0.38,-0.516,
132,-0.371,-0.158,
133,0.132,0.38,
134,-0.551,-0.756,
135,0.58,-1.848,
136,1.546,-0.155,
137,0.834,-0.107,
138,-0.143,-0.256,
139,0.727,0.373,
140,-0.404,-0.081,
141,0.694,0.587,
142,1.262,-0.389,
143,1.256,-0.592,
144,0.362,-0.639,
145,0.319,-0.951,
146,0.124,0.82,
147,0.77,-0.694,
148,0.724,-0.896,
149,1.294,-0.337,
150,0.795,-0.804,
151,0.202,-0.408,
152,-0.264,-0.756,
153,1.187,-0.463,
154,0.236,-0.911,
155,0.074,-0.702,
156,0.046,0.106,
157,0.952,-1.659,
158,0.433,-1.383,
159,0.332,-0.379,
160,-0.189,-0.177,
161,-0.067,-1.698,
162,-0.611,-0.461,
163,0.984,-1.806,
