1,0.035,-0.56,
2,0.269,-0.305,
3,1.673,0.285,
4,0.515,0.652,
5,-0.707,0.11,
6,-2.816,1.635,
7,0.785,-1.087,
8,-1.33,0.002,
9,0.166,-0.496,
10,0.092,0.825,
11,1.003,-1.158,
12,-0.038,-0.927,
13,-1.117,0.179,
14,-1.721,-0.665,
15,-1.327,-2.44,
16,0.298,-0.219,
17,-1.292,0.027,
18,0.434,0.277,
19,0.265,0.291,
20,-1.119,-0.167,
21,0.432,0.629,
22,-1.147,-0.496,
23,-0.063,0.543,
24,-0.485,1,
25,0.471,-0.068,
26,-0.506,0.293,
27,0.449,0.569,
28,1.315,-0.779,
29,-0.606,0.463,
30,0.778,-0.328,
31,0.064,-0.2,
32,-0.043,-0.597,
33,-0.108,0.065,
34,-0.299,0.092,
35,-0.083,0.663,
36,1.63,0.329,
37,-0.109,0.213,
38,1.187,-0.402,
39,1.591,-0.069,
40,-0.091,-0.642,
41,0.307,0.09,
42,1.115,-0.138,
43,-0.998,-0.006,
44,0.225,-0.137,
45,-1.056,1.027,
46,0.335,0.398,
47,-0.453,0.234,
48,0.404,-1.4,
49,-0.029,-0.009,
50,1.223,-0.211,
51,-0.891,-1.057,
52,0.015,0.415,
53,0.762,-0.124,
54,0.38,0.403,
55,-0.608,0.27,
56,1.267,0.011,
57,0.15,0.06,
58,-0.079,0.779,
59,-0.495,0.025,
60,-0.184,-0.004,
61,-0.166,-0.347,
62,2.605,-0.79,
63,0.664,0.232,
64,-0.175,-1.252,
65,1.671,0.769,
66,-0.41,0.247,
67,0.676,0.098,
68,1.662,-0.357,
69,1.156,0.314,
70,0.266,0.315,
71,1.931,0.429,
72,0.045,-0.861,
73,-1.045,0.044,
74,-0.37,0.322,
75,-1.683,-1.133,
76,0.07,-1.033,
77,0.128,0.152,
78,-0.055,0.521,
79,-0.102,1.37,
80,-0.861,-0.997,
81,-0.11,0.249,
82,-1.521,-0.089,
83,-0.842,-0.692,
84,0.686,1.668,
85,0.218,-0.577,
86,-0.078,-1.776,
87,-1.389,0.375,
88,0.606,-2.236,
89,1.15,-0.567,
90,0.141,-0.491,
91,0.037,0.087,
92,0.287,0.27,
93,0.872,-1.152,
94,1.23,0.182,
95,-0.557,-1.079,
96,-0.253,0.546,
97,0.104,-0.445,
98,0.403,1.328,
99,0.566,0.778,
100,1.421,0.222,
101,-0.01,-0.102,
102,-0.919,0.621,
103,1.387,0.65,
104,-0.725,-0.104,
105,-0.886,0.253,
106,-0.732,-0.581,
107,0.401,1.297,
108,0.674,-1.719,
109,0.239,-0.596,
110,0.289,-0.37,
111,0.995,-0.097,
112,0.425,-0.532,
113,0.296,0.044,
114,-1.423,-0.228,
115,-0.196,0.685,
116,-0.292,-0.127,
117,0.631,1.025,
118,0.228,1.099,
119,-0.618,-0.906,
120,0.521,-0.969,
121,-0.744,-0.687,
122,0.728,-0.354,
123,-1.037,0.068,
124,0.08,0.309,
125,0.359,-2.326,
126,-0.001,-0.934,
127,-0.018,-0.884,
128,0.012,0.819,
129,-0.323,-0.864,
130,1.993,-0.542,
131,-0.09,-0.953,
132,-0.411,0.382,
133,-0.15,0.424,
134,-1.182,-0.8,
135,0.853,-1.47,
136,0.65,0.606,
137,0.594,0.227,
138,-0.052,-0.175,
139,0.4,1.467,
140,-0.166,0.261,
141,0.557,1.449,
142,1.16,0.01,
143,0.516,-0.553,
144,0.751,-0.756,
145,0.642,-0.508,
146,0.071,0.119,
147,1.019,-0.315,
148,0.743,-0.458,
149,0.68,-0.046,
150,0.79,-0.755,
151,-0.633,-0.305,
152,-0.216,-0.781,
153,0.325,-0.426,
154,0.512,0.417,
155,0.115,-0.29,
156,-0.751,-0.01,
157,-0.048,-1.565,
158,0.185,-0.989,
159,-0.072,0.203,
160,-0.077,0.274,
161,0.211,-0.747,
162,-0.459,0.211,
163,0.906,-1.302,
