1,1.855,-0.688,
2,0.383,0.943,
3,2.079,-0.896,
4,0.738,-0.822,
5,1.301,-0.048,
6,0.679,1.545,
7,2.735,-0.164,
8,2.387,-0.187,
9,1.912,-0.482,
10,0.06,-0.265,
11,-0.338,0.322,
12,1.856,0.557,
13,1.303,0.207,
14,1.605,1.475,
15,0.083,-0.841,
16,0.125,-0.519,
17,0.216,0.226,
18,0.586,0.037,
19,-0.521,-1.261,
20,0.012,-1.665,
21,0.414,-2.593,
22,1.13,-0.842,
23,-0.952,-0.968,
24,0.447,0.089,
25,0.167,0.322,
26,2.051,-0.413,
27,2.832,-0.503,
28,2.31,-0.553,
29,2.584,1.196,
30,1.214,-0.029,
31,0.567,0.46,
32,2.049,-0.988,
33,0.635,-2.53,
34,-1.187,0.438,
35,1.376,0.895,
36,-0.121,0.131,
37,0.428,-1.085,
38,-0.011,-0.847,
39,-0.775,0.477,
40,0.306,-0.216,
41,2.232,-0.569,
42,0.833,-0.519,
43,1.611,-0.373,
44,1.044,0.579,
45,0.767,0.77,
46,0.756,0.41,
47,-0.072,-0.742,
48,0.546,0.922,
49,-0.079,-1.511,
50,0.934,-1.666,
51,1.799,-0.188,
52,1.089,-0.166,
53,0.045,2.106,
54,3.075,0.098,
55,1.169,-0.741,
56,2.106,0.094,
57,0.522,2.365,
58,1.77,0.919,
59,1.837,-1.953,
60,1.083,1.182,
61,-0.348,0.944,
62,3.321,0.058,
63,1.28,0.578,
64,-0.868,-2.678,
65,1.482,0.388,
66,0.419,0.303,
67,1.572,-0.746,
68,-0.34,-0.402,
69,-1.399,1.171,
70,1.977,0.74,
71,0.562,-0.136,
72,0.573,-0.011,
73,0.867,-1.054,
74,1.817,-0.29,
75,1.138,1.182,
76,1.169,-1.178,
77,0.813,0.046,
78,0.742,0.555,
79,0.023,-0.157,
80,-0.903,-1.235,
81,-0.184,-1.113,
82,-1.176,-0.329,
83,1.919,-0.551,
84,1.05,-0.384,
85,1.285,2.215,
86,-0.3,-1.985,
87,1.333,-2.491,
88,1.452,0.114,
89,2.106,-0.981,
90,0.148,-1.092,
91,2.226,2.238,
92,2.176,-0.48,
93,1.53,0.693,
94,1.699,-1.283,
95,0.348,1.313,
96,3.799,-1.734,
97,1.759,0.118,
98,0.2,0.067,
99,0.493,1.335,
100,2.905,-3.449,
101,1.018,-1.444,
102,1.12,-1.117,
103,0.353,1.304,
104,1.273,-0.641,
105,2.054,-0.137,
106,2.763,-0.972,
107,2.547,1.397,
108,0.4,-0.829,
109,0.318,-0.231,
110,0.216,-0.628,
111,1.494,1.298,
112,0.513,0.261,
113,1.212,0.508,
114,1.369,0.231,
115,-0.527,-1.782,
116,2.015,-1.692,
117,2.146,-1.979,
118,1.62,-0.939,
119,1.96,0.463,
120,0.928,-0.147,
121,1.275,1.493,
122,-0.382,0.904,
123,1.858,0.033,
124,2.104,-0.672,
125,-0.047,0.636,
126,2.913,-0.62,
127,1.356,0.456,
128,1.461,-0.007,
129,1.997,1.004,
130,2.976,-0.223,
131,1.207,1.552,
132,1.049,0.05,
133,0.864,-0.75,
134,0.338,0.105,
135,-0.551,-0.375,
136,1.392,-0.556,
137,0.067,-0.629,
138,1.364,-0.216,
139,1.09,-1.2,
140,1.44,0.811,
141,0.529,-1.126,
142,1.312,-0.967,
143,0.688,-0.44,
144,1.08,1.146,
145,0.534,0.288,
146,1.619,-0.131,
147,-0.494,-0.42,
148,-1.062,-1.272,
149,-0.187,-2.373,
150,1.579,-1.089,
151,1.204,1.654,
152,1.627,-0.181,
153,1.339,-1.184,
154,-0.285,-0.452,
155,1.187,-1.264,
156,0.413,-1.913,
157,-0.9,-0.575,
158,1.086,0.422,
159,1.605,-0.229,
160,1.178,1.453,
161,0.952,-0.471,
162,-1.069,-1.684,
163,0.638,-1.497,
