1,1.721,-0.02,
2,1.181,0.12,
3,1.661,-0.587,
4,1.353,-0.771,
5,1.239,0.024,
6,-0.175,1.087,
7,2.281,0.554,
8,2.074,-0.03,
9,1.587,-0.816,
10,0.635,0.007,
11,1.459,-0.044,
12,1.987,-0.296,
13,1.833,0.331,
14,0.98,0.418,
15,0.621,-0.237,
16,0.734,-0.682,
17,0.819,-0.047,
18,0.965,-0.261,
19,0.376,-0.211,
20,1.016,-1.045,
21,1.382,-1.53,
22,1.319,-0.436,
23,-0.15,-0.727,
24,1.069,-0.439,
25,0.803,0.134,
26,1.918,-0.268,
27,2.086,-0.656,
28,1.936,-0.308,
29,1.858,0.353,
30,1.196,0.003,
31,1.323,0.265,
32,1.732,-0.666,
33,1.76,-1.373,
34,0.102,-0.216,
35,1.848,1.014,
36,0.393,-0.231,
37,1.137,-0.655,
38,0.832,0.08,
39,0.701,-0.084,
40,1.17,-0.375,
41,1.991,-0.234,
42,1.834,0.142,
43,1.356,-0.123,
44,1.422,0.12,
45,1.148,0.345,
46,0.91,-0.11,
47,0.627,-0.776,
48,1.736,0.247,
49,0.764,-1.262,
50,0.924,-1.177,
51,1.565,-0.262,
52,1.268,-0.192,
53,0.936,0.328,
54,1.933,0.331,
55,1.128,-0.751,
56,1.456,0.1,
57,0.994,1.139,
58,1.24,0.167,
59,1.629,-1.337,
60,1.287,0.25,
61,1.182,0.697,
62,2.763,-0.037,
63,1.5,0.286,
64,0.187,-1.575,
65,1.896,-0.266,
66,1.203,0.267,
67,1.602,-0.687,
68,1.085,-0.417,
69,0.974,0.27,
70,1.774,-0.536,
71,1.063,-0.598,
72,1.351,-0.147,
73,1.265,-0.544,
74,1.911,-0.329,
75,0.825,-0.102,
76,1.54,-1.123,
77,1.412,-0.149,
78,1.001,-0.093,
79,0.387,-0.378,
80,0.391,-1.207,
81,0.132,-0.569,
82,0.81,-0.459,
83,1.456,-0.574,
84,1.275,-0.397,
85,1.874,0.474,
86,0.598,-1.119,
87,1.392,-1.475,
88,1.251,-0.566,
89,2.53,-0.384,
90,0.621,-0.706,
91,2.117,0.967,
92,1.767,-0.619,
93,0.953,0.317,
94,1.342,-1.036,
95,1.128,-0.093,
96,2.503,-1.384,
97,1.459,-0.672,
98,0.613,-0.691,
99,1.43,-0.046,
100,1.554,-1.442,
101,1,-0.482,
102,0.813,-0.805,
103,0.914,0.635,
104,1.328,-0.626,
105,1.472,-0.594,
106,2.448,-0.386,
107,2.532,0.747,
108,1.055,-0.64,
109,1.176,-0.282,
110,1.474,-0.258,
111,1.173,0.038,
112,0.596,-0.197,
113,1.168,-0.121,
114,1.451,-0.508,
115,0.497,-1.694,
116,1.684,-1.075,
117,1.955,-0.562,
118,1.437,-0.526,
119,1.527,-0.047,
120,1.182,-0.625,
121,1.41,0.356,
122,1.455,0.085,
123,1.543,-0.784,
124,2.031,-0.736,
125,0.31,-0.503,
126,2.27,-0.58,
127,1.621,-0.403,
128,1.332,-0.132,
129,1.818,0.193,
130,2.57,-0.472,
131,1.553,0.559,
132,1.12,-0.249,
133,1.151,-0.872,
134,0.591,-0.201,
135,0.696,-0.841,
136,1.447,-0.638,
137,0.587,-0.438,
138,1.305,-0.447,
139,1.047,-0.885,
140,1.668,0.115,
141,1.146,-1.121,
142,1.128,-1.141,
143,0.919,-0.074,
144,1.008,0.388,
145,1.12,-0.485,
146,2.239,0.068,
147,0.784,-0.482,
148,0.414,-0.825,
149,0.751,-2.897,
150,1.09,-0.407,
151,1.789,0.695,
152,1.384,-0.099,
153,1.353,-1.034,
154,0.557,-0.658,
155,0.951,-0.767,
156,0.956,-1.214,
157,0.478,-1.019,
158,1.702,-0.405,
159,1.526,-0.532,
160,1.216,0.589,
161,1.557,-0.552,
162,0.478,-0.65,
163,1.322,-1.541,
