1,0.578,1.678,
2,-0.551,-0.969,
3,-2.682,-1.843,
4,0.095,0.879,
5,-1.796,-0.34,
6,-3.813,0.07,
7,-2.193,2.279,
8,-1.916,0.401,
9,-3.027,1.609,
10,-0.695,0.788,
11,0.453,1.603,
12,1.699,-0.781,
13,-0.151,0.489,
14,-2.285,1.256,
15,-4.337,-1.116,
16,0.907,1.617,
17,-1.218,0.54,
18,1.222,1.758,
19,0.087,0.928,
20,-0.767,1.205,
21,2.432,-2.001,
22,0.298,-1.161,
23,-1.836,-0.928,
24,-1.956,1.103,
25,-1.504,-0.398,
26,-0.581,0.544,
27,-1.953,0.809,
28,1.308,0.695,
29,-0.5,0.397,
30,-0.658,1.532,
31,1.277,0.39,
32,0.091,-0.194,
33,-1.969,1.537,
34,0.987,1.067,
35,-0.724,1.265,
36,-2.84,1.228,
37,-0.365,0.159,
38,0.656,-0.147,
39,0.141,3.338,
40,-1.18,-0.333,
41,-1.876,-1.266,
42,1.232,-1.528,
43,0.114,0.499,
44,0.431,1.737,
45,-0.798,-0.068,
46,0.42,1.054,
47,-0.052,1.081,
48,0.126,-0.59,
49,-1.149,-1.606,
50,1.002,-0.224,
51,-1.044,0.272,
52,0.237,0.821,
53,-0.587,0.71,
54,-1.761,-1.671,
55,0.992,0.107,
56,0.184,2.286,
57,1.202,1.879,
58,-0.931,0.603,
59,-3.068,2.369,
60,0.393,-0.41,
61,-1.725,2.675,
62,1.102,-1.354,
63,0.747,-1.114,
64,-0.494,-0.464,
65,-0.46,-0.624,
66,0.443,0.176,
67,-1.69,0.398,
68,-0.561,1.227,
69,-0.199,1.414,
70,1.304,-0.282,
71,-0.265,0.35,
72,-2.018,1.575,
73,-1.087,-0.892,
74,-1.613,0.314,
75,-3.19,1.322,
76,0.41,0.1,
77,-0.059,-0.816,
78,1.913,1.607,
79,-0.221,-0.132,
80,-1.767,2.246,
81,0.358,-0.223,
82,-1.776,0.79,
83,0.773,0.38,
84,-0.976,0.433,
85,0.663,1.392,
86,-1.237,-0.523,
87,-0.966,-1.049,
88,-0.974,2.12,
89,-0.063,0.129,
90,-1.291,0.485,
91,-0.585,1.281,
92,-1.194,0.938,
93,0.821,2.13,
94,-1.258,-0.23,
95,-1.476,-1.191,
96,0.502,-1.013,
97,0.073,0.08,
98,-0.422,-0.037,
99,-0.487,-0.403,
100,-0.182,1.901,
101,-0.352,0.59,
102,-2.244,0.392,
103,1.554,0.657,
104,-0.157,0.014,
105,-0.581,2.337,
106,0.341,1.011,
107,2.571,0.945,
108,0.434,0.63,
109,-1.705,-1.293,
110,-0.085,1.018,
111,0.014,-2.246,
112,-1.147,1.838,
113,-2.03,-0.463,
114,1.123,-0.129,
115,-0.732,-0.895,
116,0.338,1.807,
117,-1.795,-0.83,
118,-0.503,0.662,
119,1.55,0.845,
120,-0.355,0.172,
121,-0.083,-1.073,
122,-2.139,-0.646,
123,-2.416,1.205,
124,-1.623,-0.899,
125,-0.387,1.315,
126,-2.315,1.127,
127,-0.007,-1.393,
128,0.006,0.142,
129,0.914,0.457,
130,1.582,-1.586,
131,-0.534,2.45,
132,-0.144,1.358,
133,-0.946,1.708,
134,-3.039,-1.617,
135,-0.876,-2.146,
136,0.494,-0.636,
137,-0.303,0.688,
138,2.241,0.616,
139,-0.961,-0.336,
140,-0.246,-1.336,
141,-0.351,1.054,
142,1.548,-0.11,
143,0,2.568,
144,-0.402,0.623,
145,-0.036,-1.429,
146,-1.496,0.8,
147,0.402,-0.474,
148,0.095,-0.639,
149,1.567,-2.544,
150,0.251,0.345,
151,2.1,0.409,
152,0.301,0.283,
153,-0.28,0.311,
154,-1.193,2.819,
155,-0.475,-0.542,
156,-2.397,-1.105,
157,0.307,0.484,
158,0.769,-1.823,
159,0.901,-1.067,
160,-0.157,-0.135,
161,-0.062,1.01,
162,-1.111,0.402,
163,-0.187,-2.29,
