1,-0.152,-0.354,
2,0.127,0.02,
3,1.181,0.188,
4,0.285,0.39,
5,0.221,0.191,
6,-1.157,0.556,
7,0.235,-0.573,
8,-0.614,-0.116,
9,0.202,-0.453,
10,0.085,0.331,
11,0.52,-0.631,
12,0.16,-0.425,
13,-0.445,-0.531,
14,-0.206,-1.088,
15,-0.326,-1.425,
16,0.305,-0.123,
17,-0.88,0.022,
18,-0.091,0.325,
19,-0.139,0.458,
20,-0.354,0.026,
21,0.196,0.523,
22,-0.402,-0.036,
23,-0.098,0.103,
24,-0.367,0.661,
25,0.488,-0.11,
26,0.033,-0.043,
27,0.19,0.567,
28,0.661,-0.211,
29,-0.493,0.252,
30,0.547,0.35,
31,0.147,-0.089,
32,-0.034,-0.251,
33,0.187,0.135,
34,-0.121,0.095,
35,-0.088,0.189,
36,1.11,0.574,
37,-0.135,0.126,
38,0.353,-0.216,
39,0.724,-0.154,
40,-0.167,-0.298,
41,0.242,0.043,
42,0.607,-0.348,
43,-0.903,0.001,
44,0.16,-0.224,
45,-0.402,0.466,
46,0.156,0.026,
47,-0.115,0.013,
48,0.237,-0.963,
49,-0.181,0.1,
50,0.748,-0.011,
51,-1.046,-0.314,
52,0.161,0.451,
53,0.213,0.105,
54,0.376,0.182,
55,-0.251,0.24,
56,0.487,0.03,
57,-0.075,-0.026,
58,-0.144,0.411,
59,-0.374,-0.321,
60,-0.292,-0.106,
61,-0.117,-0.295,
62,1.08,-0.467,
63,0.145,0.319,
64,0.114,-0.483,
65,1.078,0.366,
66,-0.254,0.102,
67,0.164,0.092,
68,0.902,-0.15,
69,0.842,0.25,
70,0.041,0.03,
71,0.987,-0.095,
72,-0.077,-0.431,
73,-0.35,0.38,
74,-0.028,0.29,
75,-0.432,-0.468,
76,0.034,-0.244,
77,0.001,0.177,
78,0.043,0.56,
79,-0.022,0.942,
80,-0.702,-0.37,
81,0.088,0.112,
82,-0.342,0.033,
83,-0.269,-0.232,
84,0.599,0.587,
85,-0.221,-0.392,
86,-0.063,-0.894,
87,-0.523,0.032,
88,0.66,-1.044,
89,0.111,0.261,
90,-0.217,-0.014,
91,0.053,0.322,
92,0.089,0.158,
93,0.429,-0.327,
94,0.602,0.019,
95,-0.259,-0.205,
96,-0.071,-0.198,
97,-0.146,-0.383,
98,0.312,0.231,
99,0.233,0.467,
100,0.947,-0.06,
101,-0.083,-0.112,
102,-0.406,0.747,
103,0.804,0.188,
104,-0.761,0.029,
105,-0.364,0.228,
106,-0.663,-0.775,
107,0.212,0.617,
108,0.094,-0.735,
109,0.039,-0.468,
110,0.188,-0.337,
111,0.484,-0.338,
112,0.26,-0.339,
113,0.076,0.2,
114,-0.548,-0.047,
115,-0.353,0.541,
116,-0.209,-0.052,
117,0.463,0.568,
118,0.036,0.376,
119,-0.226,-0.471,
120,0.242,-0.465,
121,-0.536,-0.673,
122,0.243,-0.408,
123,-0.436,0.2,
124,-0.03,0.321,
125,0.323,-1.241,
126,-0.206,-0.528,
127,0.264,-0.32,
128,-0.047,0.717,
129,-0.137,-0.466,
130,1.034,-0.221,
131,-0.314,-0.406,
132,-0.254,0.235,
133,-0.211,0.063,
134,-0.902,-0.502,
135,0.495,-0.622,
136,0.106,0.216,
137,0.239,0.147,
138,0.15,-0.001,
139,0.082,0.566,
140,-0.075,0.235,
141,-0.143,1.17,
142,0.407,-0.097,
143,0.172,-0.454,
144,0.911,-0.765,
145,0.584,-0.304,
146,-0.01,-0.068,
147,0.651,0.07,
148,0.268,-0.23,
149,-0.144,-0.016,
150,0.054,-0.209,
151,-0.577,-0.029,
152,-0.184,-0.383,
153,-0.03,-0.061,
154,0.35,0.534,
155,0.205,-0.022,
156,-0.327,0.442,
157,-0.119,-0.418,
158,-0.04,0.323,
159,-0.193,0.099,
160,-0.137,0.41,
161,0.34,-0.255,
162,-0.349,0.158,
163,0.69,-0.51,
