1,0.31,-0.162,
2,-0.407,0.538,
3,0.788,-0.311,
4,-0.199,0.012,
5,0.524,-0.272,
6,-0.024,0.579,
7,0.434,-0.739,
8,0.362,-0.783,
9,1.015,-0.089,
10,-0.157,-0.083,
11,-1.253,-0.095,
12,0.307,0.802,
13,0.013,-0.08,
14,0.675,0.119,
15,-0.285,0.055,
16,0.246,-0.212,
17,-0.698,0.328,
18,-0.203,0.327,
19,-0.496,-0.337,
20,-0.35,-0.107,
21,-0.636,-0.662,
22,0.001,-0.149,
23,-0.368,-0.548,
24,-0.392,0.38,
25,0.232,0.018,
26,0.505,-0.1,
27,0.797,0.236,
28,0.673,-0.099,
29,0.369,0.63,
30,0.783,0.254,
31,-0.316,0.043,
32,0.839,-0.537,
33,-0.473,-1.41,
34,-0.344,0.276,
35,-0.022,0.288,
36,0.165,0.492,
37,-0.39,-0.421,
38,-0.125,-0.786,
39,-0.022,-0.272,
40,-0.697,-0.138,
41,0.321,-0.513,
42,-0.029,-0.569,
43,0.443,-0.192,
44,0.098,0.332,
45,0.157,0.097,
46,0.582,0.116,
47,-0.481,-0.191,
48,-0.331,0.296,
49,-0.64,0.288,
50,0.116,-0.054,
51,0.042,-0.27,
52,0.157,-0.022,
53,-0.386,0.923,
54,1.235,-0.14,
55,-0.157,-0.366,
56,0.53,0.394,
57,-0.402,0.749,
58,0.769,0.86,
59,0.365,-0.29,
60,-0.193,0.591,
61,-0.565,-0.676,
62,0.666,-0.425,
63,-0.203,0.093,
64,-0.084,-0.871,
65,-0.243,0.312,
66,-0.747,0.052,
67,-0.477,-0.425,
68,0.282,-0.059,
69,-0.608,0.381,
70,0.337,0.909,
71,-0.185,-0.148,
72,-0.18,0.058,
73,-0.107,0.022,
74,0.54,0.063,
75,0.082,0.333,
76,-0.031,-0.147,
77,-0.501,0.049,
78,0.16,1.099,
79,-0.247,0.366,
80,-0.552,0.008,
81,-0.183,-0.09,
82,-0.727,0.251,
83,0.329,0.329,
84,0.256,-0.107,
85,-1.045,0.779,
86,-0.114,-0.386,
87,0.172,-0.714,
88,0.337,-0.003,
89,0.841,-0.746,
90,0.091,-0.189,
91,0.369,1.028,
92,0.208,0.04,
93,0.533,0.419,
94,0.435,0.32,
95,-0.005,1.282,
96,1.04,-0.744,
97,0.721,0.419,
98,-0.488,0.014,
99,-0.649,1.093,
100,1.688,-1.18,
101,0.106,-1.225,
102,-0.128,-0.074,
103,-0.192,-0.026,
104,0.32,-0.174,
105,0.416,-0.331,
106,-0.356,-1.26,
107,-0.07,0.341,
108,-0.111,-0.104,
109,-0.686,-0.526,
110,-0.029,-0.122,
111,0.53,0.282,
112,0.018,-0.424,
113,-0.122,0.472,
114,0.054,0.673,
115,-0.375,-0.097,
116,0.474,-0.595,
117,0.042,0.279,
118,0.362,-0.827,
119,0.632,0.318,
120,0.064,0.227,
121,0.055,-0.238,
122,-0.589,0.777,
123,0.285,0.711,
124,0.134,0.214,
125,0.019,0.917,
126,0.47,-0.368,
127,0.316,0.607,
128,0.033,0.64,
129,0.475,0.305,
130,0.542,0.476,
131,0.458,0.507,
132,-0.069,0.101,
133,-0.042,-0.453,
134,0.035,0.354,
135,-0.281,0.45,
136,-0.39,-0.19,
137,-0.131,-0.096,
138,0.275,0.344,
139,-0.403,-0.475,
140,-0.401,0.656,
141,-0.905,0.178,
142,0.222,-0.395,
143,0.485,-0.868,
144,0.752,-0.744,
145,-0.153,-0.191,
146,-0.111,0.226,
147,-0.884,0.235,
148,-0.515,0.101,
149,0.045,-0.193,
150,0.101,-0.733,
151,-0.057,0.638,
152,0.095,0.05,
153,0.882,-0.332,
154,-0.405,0.138,
155,0.644,-0.419,
156,-0.311,0.124,
157,-0.262,-0.246,
158,-0.036,0.47,
159,-0.084,0.211,
160,-0.211,1.134,
161,0.328,-0.105,
162,-0.494,-0.024,
163,-0.66,-0.637,
