1,1.861,-0.674,
2,0.377,0.954,
3,2.116,-0.907,
4,0.735,-0.831,
5,1.312,-0.049,
6,0.692,1.557,
7,2.788,-0.164,
8,2.424,-0.191,
9,1.894,-0.484,
10,0.024,-0.283,
11,-0.396,0.282,
12,1.868,0.564,
13,1.255,0.191,
14,1.616,1.504,
15,0.061,-0.828,
16,0.102,-0.527,
17,0.214,0.216,
18,0.573,0.048,
19,-0.56,-1.255,
20,-0.041,-1.692,
21,0.412,-2.608,
22,1.147,-0.855,
23,-0.977,-0.993,
24,0.443,0.133,
25,0.151,0.329,
26,2.069,-0.446,
27,2.899,-0.49,
28,2.397,-0.543,
29,2.653,1.239,
30,1.223,-0.033,
31,0.542,0.481,
32,2.045,-1.018,
33,0.64,-2.544,
34,-1.305,0.493,
35,1.365,0.884,
36,-0.151,0.142,
37,0.419,-1.114,
38,-0.025,-0.837,
39,-0.841,0.488,
40,0.277,-0.208,
41,2.262,-0.555,
42,0.835,-0.543,
43,1.636,-0.386,
44,1.032,0.611,
45,0.755,0.819,
46,0.744,0.455,
47,-0.077,-0.771,
48,0.512,0.967,
49,-0.124,-1.537,
50,0.938,-1.743,
51,1.837,-0.152,
52,1.093,-0.162,
53,0.005,2.151,
54,3.12,0.061,
55,1.212,-0.746,
56,2.12,0.084,
57,0.547,2.396,
58,1.795,0.924,
59,1.841,-1.96,
60,1.111,1.215,
61,-0.319,0.907,
62,3.327,0.08,
63,1.289,0.606,
64,-0.848,-2.759,
65,1.503,0.43,
66,0.353,0.361,
67,1.513,-0.714,
68,-0.408,-0.359,
69,-1.473,1.233,
70,2.033,0.764,
71,0.571,-0.079,
72,0.516,-0.025,
73,0.827,-1.055,
74,1.849,-0.309,
75,1.161,1.224,
76,1.184,-1.199,
77,0.809,0.058,
78,0.752,0.588,
79,0.002,-0.155,
80,-0.987,-1.26,
81,-0.212,-1.137,
82,-1.304,-0.331,
83,1.955,-0.593,
84,1.062,-0.376,
85,1.334,2.304,
86,-0.329,-2.01,
87,1.337,-2.567,
88,1.5,0.09,
89,2.11,-0.998,
90,0.153,-1.125,
91,2.325,2.3,
92,2.256,-0.478,
93,1.587,0.671,
94,1.741,-1.341,
95,0.367,1.344,
96,3.864,-1.778,
97,1.808,0.158,
98,0.211,0.151,
99,0.471,1.407,
100,2.9,-3.538,
101,1.024,-1.467,
102,1.133,-1.136,
103,0.344,1.345,
104,1.286,-0.641,
105,2.138,-0.102,
106,2.842,-0.974,
107,2.552,1.45,
108,0.396,-0.802,
109,0.297,-0.209,
110,0.169,-0.636,
111,1.495,1.341,
112,0.5,0.319,
113,1.225,0.531,
114,1.403,0.244,
115,-0.54,-1.808,
116,2.059,-1.74,
117,2.231,-2.104,
118,1.667,-0.964,
119,2.009,0.489,
120,0.936,-0.102,
121,1.252,1.565,
122,-0.426,0.942,
123,1.896,0.042,
124,2.117,-0.652,
125,-0.05,0.65,
126,2.965,-0.63,
127,1.358,0.494,
128,1.479,-0.021,
129,2.048,1.078,
130,3.077,-0.263,
131,1.193,1.604,
132,1.069,0.066,
133,0.875,-0.711,
134,0.316,0.111,
135,-0.608,-0.365,
136,1.401,-0.588,
137,0.054,-0.618,
138,1.381,-0.221,
139,1.101,-1.211,
140,1.486,0.799,
141,0.551,-1.146,
142,1.36,-0.981,
143,0.665,-0.468,
144,1.116,1.171,
145,0.507,0.31,
146,1.581,-0.182,
147,-0.542,-0.429,
148,-1.087,-1.279,
149,-0.208,-2.392,
150,1.591,-1.077,
151,1.188,1.723,
152,1.671,-0.19,
153,1.304,-1.194,
154,-0.314,-0.454,
155,1.208,-1.31,
156,0.405,-1.936,
157,-0.927,-0.598,
158,1.082,0.431,
159,1.623,-0.224,
160,1.19,1.486,
161,0.922,-0.481,
162,-1.104,-1.725,
163,0.639,-1.525,
