1,-0.622,-1.314,
2,-0.46,-0.944,
3,0.059,-1.867,
4,-1.335,0.139,
5,0.312,-0.44,
6,-0.349,0.148,
7,0.312,-0.598,
8,-0.3,-1.481,
9,1.471,0.061,
10,-0.478,-0.24,
11,0.117,-1.186,
12,0.677,0.021,
13,0.031,0.543,
14,-0.866,-0.316,
15,-1.028,-0.157,
16,0.48,-0.344,
17,-1.038,-2.292,
18,0.526,-0.649,
19,0.262,0.104,
20,0.101,-0.042,
21,-0.094,-1.052,
22,0.072,-0.168,
23,-0.396,-1.682,
24,0.956,-1.473,
25,-0.015,-0.916,
26,-2.121,-1.338,
27,-1.104,-1.036,
28,1.345,-0.548,
29,0.936,0.564,
30,1.728,-0.254,
31,-0.417,-1.189,
32,0.483,-0.796,
33,-1.658,-1.475,
34,0,-2.434,
35,-0.119,-0.716,
36,0.502,-0.057,
37,1.006,0.203,
38,1.063,-0.794,
39,-0.44,-0.538,
40,1,-1.424,
41,0.608,0.849,
42,-0.229,1.254,
43,0.111,1.518,
44,-0.716,-1.306,
45,-0.284,-0.763,
46,-0.996,-0.043,
47,-0.155,0.334,
48,-0.412,-0.576,
49,0.412,-1.196,
50,0.489,-0.258,
51,-0.396,-1.517,
52,-0.906,0.212,
53,-0.917,1.006,
54,-1.314,-0.148,
55,-1.319,-0.587,
56,-0.524,-0.29,
57,0.275,-0.603,
58,-1.507,-0.269,
59,-0.19,-1.37,
60,0.103,-0.652,
61,-1.232,-0.09,
62,0.185,-0.674,
63,1.479,0.795,
64,-0.639,0.018,
65,0.757,-0.321,
66,1.044,0.019,
67,-0.561,0.806,
68,-0.035,-0.68,
69,-0.286,-0.132,
70,1.228,-0.655,
71,0.706,-0.893,
72,0.013,-1.662,
73,1.416,-0.756,
74,1.219,-0.638,
75,1.176,0.291,
76,-0.527,-1.712,
77,0.327,0.915,
78,0.212,1.144,
79,0.529,0.353,
80,1.153,-0.076,
81,-0.99,-1.086,
82,-0.253,0.749,
83,0.07,-0.12,
84,-0.222,-0.187,
85,0.963,-0.559,
86,1.069,0.238,
87,-0.2,-0.677,
88,0.474,0.474,
89,-1.573,-0.445,
90,-0.767,0.198,
91,-1.09,-0.339,
92,-0.5,-0.263,
93,0.971,1.116,
94,-0.852,1.913,
95,1.466,-0.645,
96,-0.366,-1.154,
97,-0.981,-0.436,
98,-0.661,-2.257,
99,0.192,-0.672,
100,0.098,-1.674,
101,-0.059,-0.433,
102,-0.539,-1.368,
103,-0.244,-1.467,
104,-0.058,-0.716,
105,-1.522,-0.152,
106,0.947,-0.26,
107,-0.408,0.193,
108,0.215,-1.155,
109,0.496,-2.197,
110,-1.149,-2.494,
111,0.158,0.385,
112,1.027,-1.068,
113,0.349,-0.718,
114,-0.08,-0.769,
115,-0.284,-1.5,
116,0.096,-1.095,
117,1.861,-0.404,
118,0.496,-0.417,
119,0.52,-1.023,
120,-0.175,-0.206,
121,0.058,-0.358,
122,0.322,-0.104,
123,-0.03,-1.402,
124,-0.998,-1.273,
125,0.038,-0.364,
126,0.365,-0.385,
127,0.516,-1.512,
128,-0.153,-0.34,
129,-0.301,-0.394,
130,-0.578,-0.226,
131,0.383,-0.423,
132,0.467,1.12,
133,-0.255,-0.975,
134,-0.143,-0.153,
135,-1.707,-1.178,
136,-0.118,-0.73,
137,1.321,-0.017,
138,-0.448,-0.261,
139,-0.905,-0.269,
140,-0.829,-1.095,
141,-0.861,-0.868,
142,0.773,-1.171,
143,-0.383,0.169,
144,-0.442,-1.049,
145,-1.047,-0.281,
146,0.197,0.371,
147,-0.111,-0.613,
148,-1.772,-0.348,
149,-0.205,-1.114,
150,-0.739,-3.085,
151,-0.153,-0.099,
152,-1.015,-0.913,
153,0.346,-0.438,
154,-1.603,0.185,
155,-0.881,-1.284,
156,1.02,0.115,
157,-0.059,-0.588,
158,-0.129,-0.68,
159,0.071,0.299,
160,-1.284,-0.472,
161,-0.714,-0.178,
162,0.935,0.52,
163,0.751,-0.848,
