1,1.691,-0.143,
2,1.204,0.113,
3,1.815,-0.463,
4,1.379,-0.698,
5,1.199,0.132,
6,-0.117,1.032,
7,2.435,0.335,
8,2.279,0.071,
9,1.614,-0.774,
10,0.6,0.024,
11,1.461,-0.154,
12,2.053,-0.331,
13,1.791,0.428,
14,0.979,0.597,
15,0.694,-0.423,
16,0.786,-0.605,
17,0.894,0.019,
18,0.955,-0.23,
19,0.289,-0.269,
20,1.005,-1.178,
21,1.491,-1.648,
22,1.478,-0.531,
23,-0.257,-0.744,
24,1.053,-0.369,
25,0.814,0.26,
26,2.086,-0.269,
27,2.213,-0.702,
28,2.047,-0.369,
29,1.971,0.399,
30,1.176,-0.02,
31,1.389,0.303,
32,1.791,-0.658,
33,1.904,-1.391,
34,0.066,-0.265,
35,1.888,1.073,
36,0.249,-0.169,
37,1.29,-0.673,
38,0.795,0.146,
39,0.668,-0.057,
40,1.216,-0.402,
41,2.115,-0.211,
42,1.922,0.213,
43,1.409,-0.189,
44,1.443,0.146,
45,1.141,0.451,
46,0.929,-0.164,
47,0.776,-0.774,
48,1.695,0.361,
49,0.882,-1.381,
50,0.929,-1.329,
51,1.606,-0.147,
52,1.29,-0.145,
53,0.852,0.409,
54,1.962,0.328,
55,1.193,-0.716,
56,1.474,0.115,
57,1.073,1.174,
58,1.253,0.134,
59,1.838,-1.382,
60,1.347,0.28,
61,1.16,0.818,
62,2.805,0.045,
63,1.506,0.381,
64,0.116,-1.677,
65,2.029,-0.221,
66,1.228,0.348,
67,1.733,-0.659,
68,1.084,-0.503,
69,1.062,0.259,
70,1.833,-0.586,
71,1.115,-0.56,
72,1.324,-0.131,
73,1.38,-0.529,
74,1.938,-0.325,
75,1.027,-0.078,
76,1.714,-1.185,
77,1.519,-0.082,
78,1.016,-0.077,
79,0.389,-0.427,
80,0.303,-1.27,
81,-0.017,-0.741,
82,0.748,-0.508,
83,1.592,-0.587,
84,1.304,-0.391,
85,2.04,0.556,
86,0.634,-1.222,
87,1.432,-1.632,
88,1.376,-0.653,
89,2.435,-0.401,
90,0.57,-0.731,
91,2.23,1.098,
92,1.917,-0.64,
93,1.015,0.241,
94,1.395,-1.235,
95,1.08,-0.157,
96,2.581,-1.418,
97,1.472,-0.745,
98,0.683,-0.654,
99,1.514,-0.036,
100,1.618,-1.528,
101,0.96,-0.518,
102,0.995,-0.841,
103,1.086,0.714,
104,1.387,-0.669,
105,1.552,-0.549,
106,2.738,-0.335,
107,2.591,0.794,
108,1.113,-0.608,
109,1.224,-0.233,
110,1.467,-0.283,
111,1.216,0.074,
112,0.594,-0.156,
113,1.266,-0.088,
114,1.547,-0.566,
115,0.374,-1.73,
116,1.891,-1.18,
117,2.074,-0.609,
118,1.46,-0.498,
119,1.608,-0.013,
120,1.203,-0.587,
121,1.452,0.425,
122,1.468,0.12,
123,1.688,-0.794,
124,2.205,-0.765,
125,0.26,-0.571,
126,2.452,-0.601,
127,1.557,-0.424,
128,1.421,-0.247,
129,1.998,0.282,
130,2.746,-0.519,
131,1.544,0.694,
132,1.174,-0.243,
133,1.22,-0.908,
134,0.518,-0.258,
135,0.689,-0.854,
136,1.6,-0.622,
137,0.53,-0.485,
138,1.296,-0.584,
139,1.138,-0.977,
140,1.838,0.102,
141,1.247,-1.186,
142,1.18,-1.12,
143,0.839,-0.035,
144,1.107,0.515,
145,1.185,-0.438,
146,2.308,0.04,
147,0.758,-0.594,
148,0.397,-0.98,
149,0.683,-3.001,
150,1.116,-0.482,
151,1.835,0.705,
152,1.479,-0.178,
153,1.343,-1.035,
154,0.515,-0.754,
155,0.912,-0.888,
156,1.021,-1.424,
157,0.569,-0.936,
158,1.609,-0.283,
159,1.658,-0.664,
160,1.285,0.542,
161,1.539,-0.703,
162,0.352,-0.85,
163,1.474,-1.543,
