1,-1.247,-0.269,
2,0.117,-0.198,
3,0.677,-0.08,
4,0.202,0.185,
5,-1.15,-0.71,
6,-0.734,-0.489,
7,1.325,0.216,
8,0.321,-0.949,
9,0.667,-0.809,
10,-0.663,-0.801,
11,0.159,0.118,
12,0.632,0.151,
13,0.322,-0.428,
14,0.311,0.568,
15,-0.128,-1.13,
16,0.436,0.15,
17,0.255,0.377,
18,-0.29,0.124,
19,0.299,0.273,
20,-1.108,-0.926,
21,0.597,-0.214,
22,0.23,0.118,
23,0.343,-0.926,
24,-0.144,0.135,
25,0.272,0.783,
26,0.39,-0.219,
27,-0.877,-0.276,
28,0.723,0.268,
29,0.137,0.613,
30,0.047,0.057,
31,-0.059,-1.345,
32,1.016,0.361,
33,1.626,-0.416,
34,0.473,-0.386,
35,0.565,-0.177,
36,0.082,0.307,
37,0.462,0.129,
38,0.367,0.236,
39,1.236,1.498,
40,-0.122,-0.736,
41,-0.012,-0.687,
42,0.634,-0.113,
43,0.973,-0.297,
44,-0.041,-0.033,
45,0.124,0.203,
46,-0.461,-0.285,
47,-0.435,-0.143,
48,0.736,0.268,
49,0.12,-0.024,
50,0.7,0.127,
51,-0.534,0.07,
52,0.47,-0.503,
53,1.275,-0.478,
54,1.382,1.357,
55,0.594,-0.649,
56,0.375,-0.447,
57,-0.545,0.063,
58,-0.175,-1.102,
59,0.188,-0.752,
60,-0.383,-0.152,
61,-0.114,0.255,
62,1.109,-0.051,
63,-1.011,-1.038,
64,-0.756,-0.727,
65,0.586,-0.953,
66,0.929,0.131,
67,0.188,-0.276,
68,-0.243,0.192,
69,1.735,0.087,
70,-0.395,0.285,
71,0.37,-0.478,
72,1.33,-0.159,
73,0.914,-0.749,
74,0.43,-0.192,
75,0.108,0.129,
76,1.135,-0.468,
77,0.623,-0.137,
78,0.377,-1.024,
79,0.446,-1.016,
80,0.887,0.545,
81,1.06,-0.035,
82,0.253,0.4,
83,-0.096,-0.032,
84,0.681,-0.32,
85,-0.105,-0.116,
86,-0.312,-0.051,
87,-0.385,-0.826,
88,0.653,0.153,
89,0.812,-0.06,
90,1.209,-0.03,
91,0.294,0.209,
92,-0.795,-0.175,
93,-0.162,0.505,
94,0.64,0.211,
95,-0.632,1.823,
96,0.88,-1.356,
97,0.555,-0.305,
98,0.571,-0.845,
99,0.052,-1.512,
100,2.294,1.086,
101,0.597,0.739,
102,0.351,-0.308,
103,-0.838,-0.876,
104,0.797,0.093,
105,-0.077,-0.102,
106,-1.352,-0.855,
107,0.382,-0.094,
108,-0.236,-0.331,
109,0.56,-0.503,
110,-0.133,-0.312,
111,-0.555,-1.133,
112,-0.543,0.027,
113,1.474,0.141,
114,1.389,0.494,
115,0.48,0.361,
116,0.835,-0.168,
117,0.503,-1.269,
118,1.188,0.007,
119,0.107,-0.574,
120,0.572,-1.141,
121,0.433,0.581,
122,0.668,0.335,
123,0.476,0.327,
124,0.565,-1.452,
125,0.366,-0.294,
126,0.324,0.197,
127,0.53,0.511,
128,0.31,0.195,
129,0.558,0.198,
130,0.888,-0.608,
131,-0.53,0.753,
132,1.068,-1.202,
133,0.387,-1.12,
134,0.063,-0.353,
135,-0.13,0.188,
136,0.559,0.221,
137,0.349,0.349,
138,0.712,-0.19,
139,0.181,-0.792,
140,-0.123,-0.616,
141,-0.507,0.77,
142,-0.285,0.916,
143,-0.357,0.581,
144,1.345,-1.251,
145,0.084,-0.576,
146,0.254,-0.041,
147,0.081,-0.036,
148,-0.194,-1.242,
149,0.584,0.248,
150,0.459,-0.145,
151,1.348,0.133,
152,0.306,-0.881,
153,0.713,-1.113,
154,-0.072,0.151,
155,-0.262,-0.205,
156,0.219,0.808,
157,0.097,-0.577,
158,-0.336,-1.353,
159,-0.518,-0.784,
160,-0.01,-0.392,
161,0.044,-0.414,
162,-0.059,0.091,
163,0.679,-0.6,
