1,0.713,-0.663,
2,0.771,-0.265,
3,1.274,-0.199,
4,0.684,0.226,
5,-0.486,0.259,
6,-2.593,1.219,
7,0.077,-0.845,
8,-0.809,-0.915,
9,-0.146,-1.202,
10,-0.047,0.608,
11,1.236,-0.99,
12,0.102,-1.827,
13,-0.6,-0.058,
14,-2.072,0.075,
15,-0.716,-2.519,
16,0.655,0.112,
17,-1.508,-0.594,
18,0.721,-0.393,
19,0.724,-0.25,
20,-0.826,-0.547,
21,1.308,0.186,
22,-0.763,-1.388,
23,0.342,0.588,
24,0.044,0.088,
25,-0.253,0.853,
26,-0.762,0.385,
27,0.35,-0.381,
28,1.539,-1.4,
29,-0.385,0.271,
30,1.058,-0.219,
31,0.081,-0.044,
32,0.087,-0.686,
33,-0.474,-0.043,
34,-0.515,-0.354,
35,0.457,0.719,
36,1.417,-0.319,
37,-0.113,-0.03,
38,1.931,-0.55,
39,1.866,-0.499,
40,0.083,-0.813,
41,0.353,0.228,
42,1.579,0.24,
43,-0.358,0.077,
44,0.38,0.126,
45,-1.47,1.341,
46,0.459,0.203,
47,-0.5,-0.215,
48,0.429,-1.265,
49,1.092,-0.071,
50,0.988,-0.684,
51,-0.304,-1.691,
52,-0.024,-0.013,
53,1.828,-0.351,
54,0.716,0.289,
55,-0.758,-0.325,
56,1.278,-0.231,
57,0.227,-0.146,
58,-0.065,0.942,
59,-0.027,-0.129,
60,0.545,-0.27,
61,-0.603,-0.363,
62,2.409,-1.151,
63,0.26,-0.218,
64,-0.08,-1.583,
65,1.642,0.602,
66,-0.067,0.241,
67,0.581,-0.282,
68,1.605,-0.582,
69,1.265,0.171,
70,0.5,0.025,
71,2.155,0.069,
72,0.209,-1.024,
73,-1.127,-0.185,
74,0.393,0.115,
75,-1.191,-1.785,
76,-0.815,-1.754,
77,-0.172,-0.082,
78,0.504,0.159,
79,-0.319,1.011,
80,-0.555,-1.531,
81,-0.127,0.131,
82,-1.847,-0.588,
83,-0.542,-1.22,
84,0.929,2.095,
85,0.437,-0.599,
86,0.147,-1.858,
87,-0.64,0.127,
88,1.238,-2.849,
89,1.992,-2.605,
90,0.058,-0.905,
91,0.179,-0.091,
92,0.578,0.126,
93,0.858,-2.118,
94,1.147,0.072,
95,-0.665,-1.622,
96,-0.06,0.761,
97,0.718,-0.48,
98,0.563,1.305,
99,0.621,0.591,
100,1.082,0.088,
101,0.611,-0.06,
102,-0.026,-0.023,
103,1.988,0.712,
104,-0.124,-0.153,
105,-0.7,-0.162,
106,-0.349,-0.41,
107,0.631,1.118,
108,1.533,-2.145,
109,0.468,-0.545,
110,0.582,-0.166,
111,0.579,-0.245,
112,0.06,-0.763,
113,0.773,-0.401,
114,-1.265,-0.451,
115,-0.558,-0.004,
116,-0.278,-0.33,
117,1.289,0.416,
118,0.607,1.3,
119,-0.538,-1.143,
120,0.751,-1.41,
121,-0.34,-0.841,
122,1.171,-0.927,
123,-0.956,-0.579,
124,0.209,-0.158,
125,0.331,-2.808,
126,0.288,-0.842,
127,0.074,-1.402,
128,-0.132,0.505,
129,-0.691,-0.905,
130,2.118,-0.716,
131,0.376,-0.806,
132,-0.374,-0.039,
133,0.021,0.325,
134,-1.023,-1.091,
135,0.641,-2.095,
136,1.193,-0.074,
137,1.101,0.452,
138,-0.082,-0.262,
139,0.911,0.296,
140,-0.426,0.422,
141,0.456,1.311,
142,1.37,-0.395,
143,1.149,-0.712,
144,0.41,-0.851,
145,0.323,-0.971,
146,0.462,0.856,
147,1.215,-0.286,
148,0.749,-1.232,
149,1.128,0.006,
150,0.939,-0.752,
151,-0.526,0.001,
152,-0.425,-0.466,
153,0.705,-0.585,
154,0.555,0.191,
155,0.252,-0.128,
156,-0.611,0.172,
157,1.034,-1.432,
158,0.372,-1.183,
159,0.644,-0.524,
160,-0.127,0.05,
161,0.024,-1.434,
162,-0.91,-0.61,
163,1.096,-1.313,
