1,-0.207,-0.238,
2,0.047,0.04,
3,0.886,0.217,
4,0.145,0.312,
5,0.131,0.066,
6,-0.36,0.277,
7,0.113,-0.331,
8,-0.173,-0.153,
9,0.259,-0.3,
10,0.057,0.169,
11,0.186,-0.332,
12,0.259,-0.233,
13,-0.292,-0.383,
14,0.129,-0.908,
15,-0.066,-0.817,
16,0.222,-0.164,
17,-0.569,0.175,
18,-0.227,0.332,
19,-0.206,0.425,
20,-0.172,0.039,
21,0.138,0.334,
22,-0.092,0.049,
23,-0.079,-0.053,
24,-0.352,0.479,
25,0.469,-0.12,
26,0.286,-0.072,
27,0.115,0.422,
28,0.36,-0.056,
29,-0.412,0.186,
30,0.558,0.484,
31,0.154,-0.079,
32,-0.026,-0.111,
33,0.168,0.092,
34,-0.051,0.036,
35,-0.101,0.138,
36,0.658,0.573,
37,0.009,0.1,
38,0.116,-0.162,
39,0.474,-0.227,
40,-0.169,-0.208,
41,0.171,0.048,
42,0.39,-0.346,
43,-0.429,-0.049,
44,0.112,-0.174,
45,-0.175,0.226,
46,0.121,-0.054,
47,-0.032,-0.038,
48,0.069,-0.551,
49,-0.191,0.133,
50,0.444,0.046,
51,-0.834,-0.139,
52,0.157,0.305,
53,0.043,0.178,
54,0.275,0.092,
55,-0.104,0.133,
56,0.152,0.212,
57,-0.147,-0.02,
58,-0.099,0.248,
59,-0.174,-0.295,
60,-0.277,-0.06,
61,-0.096,-0.233,
62,0.6,-0.249,
63,0.074,0.239,
64,0.17,-0.194,
65,0.623,0.168,
66,-0.134,0.047,
67,-0.052,0.044,
68,0.531,-0.079,
69,0.647,0.147,
70,-0.058,-0.132,
71,0.538,-0.197,
72,-0.079,-0.198,
73,-0.068,0.376,
74,0.099,0.224,
75,-0.072,-0.146,
76,0.092,-0.074,
77,-0.037,0.182,
78,0.086,0.499,
79,-0.056,0.633,
80,-0.555,-0.099,
81,0.082,0.065,
82,-0.047,0.069,
83,-0.038,-0.075,
84,0.49,0.252,
85,-0.413,-0.264,
86,-0.038,-0.576,
87,-0.151,-0.135,
88,0.384,-0.5,
89,0.019,0.165,
90,-0.149,0.086,
91,0.101,0.334,
92,-0.017,0.141,
93,0.217,0.019,
94,0.274,-0.057,
95,-0.158,0.043,
96,0.06,-0.329,
97,-0.189,-0.365,
98,0.175,-0.023,
99,0.104,0.229,
100,0.624,-0.144,
101,-0.209,-0.096,
102,-0.205,0.644,
103,0.456,-0.042,
104,-0.476,0.089,
105,-0.144,0.129,
106,-0.589,-0.892,
107,0.069,0.229,
108,0.015,-0.347,
109,-0.059,-0.409,
110,0.113,-0.241,
111,0.219,-0.3,
112,0.147,-0.184,
113,0.041,0.184,
114,-0.185,0.046,
115,-0.319,0.403,
116,-0.026,-0.053,
117,0.407,0.14,
118,0.021,0.129,
119,-0.058,-0.204,
120,0.137,-0.22,
121,-0.342,-0.547,
122,0.141,-0.347,
123,-0.153,0.214,
124,-0.054,0.269,
125,0.192,-0.715,
126,-0.104,-0.334,
127,0.167,-0.154,
128,-0.059,0.511,
129,0.097,-0.206,
130,0.548,-0.057,
131,-0.245,-0.22,
132,-0.155,0.123,
133,-0.202,-0.085,
134,-0.668,-0.29,
135,0.26,-0.282,
136,-0.01,0.018,
137,0.102,0.046,
138,0.15,-0.013,
139,0.013,0.231,
140,-0.037,0.065,
141,-0.391,0.784,
142,0.18,-0.133,
143,0.151,-0.426,
144,0.908,-0.763,
145,0.372,-0.209,
146,-0.095,-0.072,
147,0.293,0.075,
148,0.119,-0.119,
149,-0.231,-0.058,
150,-0.104,-0.153,
151,-0.316,0.056,
152,-0.121,-0.227,
153,-0.089,-0.009,
154,0.191,0.323,
155,0.191,-0.075,
156,-0.244,0.547,
157,-0.143,-0.1,
158,-0.113,0.494,
159,-0.25,0.084,
160,-0.141,0.293,
161,0.3,-0.251,
162,-0.265,0.178,
163,0.533,-0.304,
