1,1.11,0.069,
2,-0.659,0.817,
3,1.24,-0.705,
4,-0.33,-0.258,
5,1.081,-0.428,
6,-0.18,1.947,
7,1.832,0.013,
8,1.181,-0.369,
9,1.58,-0.196,
10,-0.296,-0.184,
11,-2.409,0.221,
12,0.604,1.253,
13,0.498,0.048,
14,0.995,1.4,
15,-0.892,0.104,
16,0.046,-0.393,
17,-0.719,0.317,
18,0.013,0.311,
19,-1.094,-0.961,
20,-0.445,-0.408,
21,-0.587,-1.588,
22,-0.034,-0.611,
23,-0.856,-0.826,
24,-0.33,0.467,
25,0.07,0.06,
26,0.948,-0.145,
27,1.702,0.161,
28,1.453,-0.212,
29,1.367,1.213,
30,0.931,0.161,
31,-0.381,0.222,
32,1.451,-0.879,
33,-0.644,-2.695,
34,-1.064,0.633,
35,0.406,0.665,
36,0.042,0.51,
37,-0.614,-0.841,
38,0.129,-1.513,
39,-0.643,0.076,
40,-0.786,-0.097,
41,0.868,-0.792,
42,-0.256,-0.853,
43,0.99,-0.294,
44,0.335,0.555,
45,0.358,0.295,
46,0.658,0.268,
47,-1.013,-0.139,
48,-0.525,0.645,
49,-0.994,-0.172,
50,0.439,-0.519,
51,0.89,-0.394,
52,0.361,-0.129,
53,-0.54,1.651,
54,2.254,-0.108,
55,0.168,-0.602,
56,1.636,-0.041,
57,-0.312,1.592,
58,1.437,1.383,
59,0.721,-0.876,
60,0.01,1.29,
61,-0.917,-0.529,
62,1.936,0.028,
63,0.244,0.218,
64,-0.448,-1.836,
65,-0.023,0.517,
66,-0.962,0.072,
67,-0.11,-0.746,
68,-0.088,-0.048,
69,-2.072,0.888,
70,0.99,1.545,
71,-0.183,-0.181,
72,-0.122,0.009,
73,-0.259,-0.696,
74,0.882,-0.053,
75,-0.33,1.305,
76,0.723,-0.43,
77,-0.468,-0.005,
78,0.371,1.106,
79,-0.287,0.326,
80,-0.897,-0.316,
81,-0.254,-0.36,
82,-1.356,0.215,
83,0.792,-0.023,
84,0.265,-0.247,
85,-0.686,1.745,
86,-0.522,-0.815,
87,0.497,-1.562,
88,0.216,0.246,
89,1.691,-1.286,
90,0.086,-0.679,
91,0.97,1.875,
92,0.763,-0.149,
93,1.119,0.652,
94,0.951,0.138,
95,-0.306,1.788,
96,2.495,-1.356,
97,1.376,0.706,
98,-0.53,0.134,
99,-0.64,1.721,
100,2.586,-2.468,
101,0.472,-1.752,
102,-0.338,-0.983,
103,-0.484,0.54,
104,0.604,-0.466,
105,1.04,-0.462,
106,0.375,-1.433,
107,0.481,1.034,
108,-0.347,-0.413,
109,-0.681,-0.43,
110,-0.214,-0.401,
111,1.05,1.139,
112,0.103,-0.287,
113,0.201,0.601,
114,0.309,0.91,
115,-0.482,-0.985,
116,0.999,-1.223,
117,0.41,-0.275,
118,1.078,-1.28,
119,1.196,0.686,
120,0.205,0.19,
121,0.24,0.404,
122,-1.124,0.936,
123,0.873,1.023,
124,0.662,-0.016,
125,-0.059,1.486,
126,1.233,-0.671,
127,0.657,0.96,
128,0.604,0.634,
129,0.819,0.556,
130,1.404,0.394,
131,0.952,1.152,
132,0.159,0.175,
133,0.174,-0.676,
134,0.266,0.514,
135,-0.837,0.401,
136,-0.027,-0.478,
137,-0.213,-0.347,
138,0.605,0.548,
139,-0.112,-1.009,
140,-0.253,1.288,
141,-0.75,-0.427,
142,0.6,-0.794,
143,0.725,-1.144,
144,0.746,-0.15,
145,-0.345,-0.047,
146,0.438,0.124,
147,-1.33,0.162,
148,-1.189,-0.33,
149,0.284,-0.753,
150,1.217,-1.727,
151,0.159,1.323,
152,0.512,0.076,
153,1.32,-0.985,
154,-0.671,0.116,
155,0.96,-0.826,
156,-0.458,-1.115,
157,-2.115,-0.791,
158,0.491,0.023,
159,0.431,0.367,
160,0.283,1.702,
161,0.453,0.015,
162,-1.383,-0.384,
163,-0.592,-1.472,
