1,0.237,0.152,
2,-0.055,-0.065,
3,-1.03,-0.997,
4,0.189,0.134,
5,-0.634,-0.247,
6,-0.923,-0.424,
7,-0.566,0.378,
8,-0.397,-0.139,
9,-1.587,0.546,
10,-0.13,0.401,
11,-0.613,0.646,
12,1.092,-0.272,
13,0.088,-0.196,
14,-0.143,0.132,
15,-1.007,-0.406,
16,0.814,-0.068,
17,-0.543,0.313,
18,0.282,0.826,
19,-0.162,0.32,
20,-0.082,0.541,
21,1.234,-0.166,
22,0.028,-0.48,
23,-0.574,-0.619,
24,-0.812,0.748,
25,-0.14,-0.255,
26,-0.009,0.094,
27,-0.816,0.257,
28,0.2,-0.227,
29,-0.385,-0.017,
30,0.066,0.23,
31,0.749,-0.239,
32,0.191,-0.13,
33,-0.331,0.007,
34,0.422,0.218,
35,-0.013,0.178,
36,-1.01,0.419,
37,-0.043,0.118,
38,0.085,-0.437,
39,0.538,0.026,
40,-0.249,-0.331,
41,-0.812,-0.621,
42,-0.168,-0.334,
43,0.29,-0.141,
44,0.356,0.114,
45,-0.018,-0.087,
46,0.507,0.052,
47,0.058,-0.265,
48,0.086,-0.056,
49,-0.453,-0.016,
50,0.591,0.096,
51,-0.624,-0.571,
52,0.106,0.087,
53,-0.183,0.298,
54,-0.292,-0.442,
55,0.282,0.161,
56,-0.003,0.88,
57,0.286,1.124,
58,-0.467,0.259,
59,-0.132,0.271,
60,0.599,0.149,
61,-0.379,1.131,
62,0.58,-0.704,
63,0.512,-0.687,
64,0.007,0.17,
65,-0.094,-0.186,
66,0.253,0.099,
67,-0.672,0.332,
68,0.459,-0.077,
69,0.468,0.731,
70,0.314,-0.31,
71,-0.426,0.274,
72,-0.747,0.345,
73,-0.26,-0.188,
74,0.302,-0.284,
75,-1.005,0.394,
76,0.263,-0.182,
77,0.035,-0.09,
78,0.315,0.537,
79,-0.095,0.081,
80,-0.913,1.458,
81,-0.115,-0.021,
82,-0.673,0.3,
83,0.262,0.299,
84,0.383,0.115,
85,-0.163,0.388,
86,0.175,-0.54,
87,-0.012,-0.282,
88,-0.357,0.446,
89,0.01,0.052,
90,-0.63,-0.045,
91,0.1,0.836,
92,-0.323,0.266,
93,0.088,0.594,
94,-0.555,-0.193,
95,-0.809,-0.637,
96,0.328,-0.066,
97,-0.317,-0.347,
98,-0.275,-0.057,
99,0.071,-0.143,
100,0.362,0.208,
101,-0.419,-0.04,
102,-0.616,0.565,
103,0.755,-0.105,
104,-0.105,0.123,
105,-0.577,0.739,
106,-0.008,-0.588,
107,0.415,-0.011,
108,0.223,-0.183,
109,-0.731,-0.871,
110,-0.059,0.048,
111,0.287,-0.871,
112,-0.381,0.607,
113,-0.205,-0.375,
114,0.704,-0.051,
115,-0.412,0.1,
116,-0.049,0.681,
117,-0.665,-0.799,
118,-0.055,-0.3,
119,0.382,0.439,
120,-0.683,-0.182,
121,-0.305,-0.944,
122,-0.246,-0.483,
123,-1.091,1.126,
124,-0.346,-0.074,
125,0.081,0.288,
126,-0.284,0.033,
127,-0.019,-0.311,
128,-0.155,0.28,
129,0.595,0.155,
130,0.397,-0.969,
131,0.15,0.432,
132,-0.056,0.612,
133,-0.573,0.177,
134,-1.317,-0.936,
135,-0.002,-0.728,
136,0.062,-0.442,
137,0.161,0.099,
138,1.396,0.208,
139,-0.493,0.022,
140,-0.425,0.09,
141,-0.335,1.035,
142,1.046,-0.209,
143,0.438,0.609,
144,0.62,-0.605,
145,0.748,-0.345,
146,-0.71,0.442,
147,0.35,-0.158,
148,0.092,-0.178,
149,0.174,-0.553,
150,-0.201,-0.217,
151,0.41,0.482,
152,0.327,-0.236,
153,-0.166,-0.323,
154,-0.354,1.158,
155,0.402,-0.15,
156,-0.837,0.038,
157,0.018,0.34,
158,0.263,-0.571,
159,-0.11,-0.207,
160,-0.098,0.171,
161,0.187,-0.184,
162,-0.206,-0.318,
163,0.393,-0.708,
