1,1.112,-0.178,
2,0.349,-1.104,
3,0.81,-0.645,
4,0.747,-0.205,
5,-0.254,-0.285,
6,-1.686,0.858,
7,0.029,0.343,
8,-0.261,-0.607,
9,-0.065,-0.941,
10,-0.169,0.727,
11,1.193,-0.551,
12,0.258,-1.718,
13,-0.215,0.768,
14,-1.047,-0.206,
15,-0.249,-1.619,
16,0.771,-0.812,
17,-1.027,-0.372,
18,0.988,-0.419,
19,0.664,-0.551,
20,-0.43,-0.773,
21,1.399,-0.384,
22,-0.281,-1.591,
23,0.389,0.743,
24,0.071,-0.402,
25,-0.15,0.12,
26,-0.781,-0.05,
27,0.629,-0.857,
28,1.076,-1.525,
29,-0.154,-0.074,
30,1.153,-0.595,
31,0.085,-0.143,
32,0.185,-0.879,
33,-0.578,-0.368,
34,-0.337,-0.753,
35,0.409,1.066,
36,1.195,-0.941,
37,-0.097,-0.219,
38,1.709,-0.574,
39,1.262,-0.781,
40,0.223,-0.995,
41,0.234,0.174,
42,1.214,0.122,
43,0.119,-0.143,
44,0.431,0.281,
45,-1.243,0.767,
46,0.591,0.05,
47,-0.461,-0.688,
48,0.997,-1.003,
49,0.735,-0.556,
50,0.781,-0.784,
51,0.249,-1.526,
52,-0.186,-0.841,
53,1.489,-0.748,
54,0.753,0.021,
55,-0.63,-0.927,
56,0.671,0.042,
57,0.247,-0.328,
58,0.273,0.673,
59,0.384,-0.427,
60,0.586,-0.041,
61,0.191,-0.33,
62,2.416,-0.852,
63,0.257,-0.692,
64,-0.019,-1.385,
65,0.778,0.23,
66,0.185,0.2,
67,0.501,-0.734,
68,1.18,-0.68,
69,1.033,0.084,
70,0.382,-0.45,
71,1.507,-0.063,
72,0.473,-0.68,
73,-0.718,-0.274,
74,0.669,0.017,
75,-0.806,-1.468,
76,-0.479,-1.271,
77,0.081,-0.268,
78,0.525,-0.349,
79,-0.551,0.409,
80,-0.079,-1.381,
81,-0.34,-0.229,
82,-1.013,-0.711,
83,-0.112,-1.217,
84,0.673,1.205,
85,0.567,-0.356,
86,0.44,-1.192,
87,-0.493,-0.263,
88,0.873,-1.709,
89,2.068,-1.705,
90,0.643,-1.202,
91,0.114,-0.071,
92,0.386,0.045,
93,0.037,-1.938,
94,0.66,-0.06,
95,-0.478,-1.454,
96,0.164,0.343,
97,0.989,-0.592,
98,0.017,0.394,
99,0.725,-0.162,
100,0.51,-0.272,
101,0.374,-0.064,
102,-0.119,-0.444,
103,1.277,0.733,
104,0.119,-0.281,
105,-0.335,-0.807,
106,-0.081,-0.495,
107,0.625,0.668,
108,1.402,-1.626,
109,0.341,-0.627,
110,0.855,-0.457,
111,0.04,-0.129,
112,-0.403,-0.684,
113,0.712,-0.706,
114,-1.064,-0.592,
115,0.44,-1.078,
116,-0.073,-0.501,
117,1.194,-0.018,
118,0.5,0.675,
119,-0.299,-0.586,
120,0.472,-1.395,
121,0.143,-0.843,
122,1.18,-0.579,
123,-0.69,-0.998,
124,0.305,-0.356,
125,0.22,-2.215,
126,0.47,-0.885,
127,0.133,-1.555,
128,-0.421,0.423,
129,-0.219,-1.065,
130,1.317,-0.498,
131,0.543,-0.267,
132,-0.246,-0.343,
133,0.115,0.096,
134,-0.299,-0.578,
135,0.67,-1.431,
136,1.171,-0.505,
137,0.598,-0.167,
138,0.017,-0.139,
139,0.351,0.05,
140,-0.338,-0.161,
141,0.505,0.101,
142,0.961,-0.696,
143,1.06,-0.54,
144,0.325,-0.706,
145,0.342,-1.047,
146,0.29,0.727,
147,0.609,-0.53,
148,0.739,-0.578,
149,1.322,-0.828,
150,0.574,-0.98,
151,0.389,-0.267,
152,-0.254,-0.502,
153,0.954,-0.503,
154,0.139,-0.951,
155,0.092,-0.601,
156,-0.103,-0.228,
157,0.93,-1.523,
158,0.692,-1.244,
159,0.243,-0.285,
160,-0.299,-0.035,
161,0.055,-1.348,
162,-0.397,-0.361,
163,0.681,-1.971,
