1,-0.264,-0.177,
2,-0.193,0.02,
3,0.511,-0.046,
4,-0.065,0.131,
5,-0.071,-0.268,
6,0.022,0.033,
7,0.226,-0.216,
8,0.071,-0.399,
9,1.065,-0.2,
10,-0.07,-0.134,
11,-0.189,-0.141,
12,0.417,0.037,
13,-0.064,-0.024,
14,0.159,-0.427,
15,-0.143,0.069,
16,0.46,-0.276,
17,-0.287,0.096,
18,-0.094,0.387,
19,-0.53,0.414,
20,-0.116,0.054,
21,0.061,0.08,
22,0.128,0.023,
23,0.166,-0.6,
24,-0.306,-0.051,
25,0.367,-0.172,
26,-0.229,-0.435,
27,-0.406,-0.072,
28,0.137,0.048,
29,-0.152,0.368,
30,0.617,0.331,
31,-0.036,-0.252,
32,0.127,-0.16,
33,-0.226,-0.024,
34,0.105,-0.459,
35,-0.154,0.163,
36,0.335,0.349,
37,0.321,0.09,
38,0.056,-0.158,
39,0.483,-0.368,
40,0.133,-0.171,
41,0.115,0.44,
42,0.139,-0.083,
43,0.371,0.23,
44,0.128,-0.3,
45,-0.093,0.029,
46,0.044,-0.041,
47,0.034,0.306,
48,-0.178,-0.331,
49,-0.011,-0.102,
50,0.309,0.226,
51,-0.478,-0.389,
52,-0.114,0.301,
53,-0.202,0.415,
54,-0.035,-0.077,
55,-0.077,0.073,
56,-0.349,0.419,
57,0.093,0.009,
58,-0.472,0.148,
59,0.104,-0.164,
60,-0.064,0.121,
61,-0.346,-0.118,
62,0.266,-0.068,
63,0.265,0.488,
64,0.112,0.424,
65,0.062,0.091,
66,0.183,0.123,
67,0.379,0.42,
68,0.221,-0.144,
69,0.35,-0.012,
70,0.113,-0.334,
71,0.338,-0.17,
72,0.002,-0.323,
73,0.576,0.2,
74,0.672,0.022,
75,0.109,0.464,
76,0.22,-0.5,
77,-0.029,0.518,
78,0.242,0.411,
79,0.198,0.484,
80,-0.274,0.322,
81,-0.093,-0.346,
82,-0.015,0.404,
83,0.14,0.122,
84,0.375,0.164,
85,-0.398,-0.012,
86,0.323,-0.409,
87,0.051,-0.245,
88,0.013,0.155,
89,-0.424,0.215,
90,-0.442,0.329,
91,0.142,0.262,
92,-0.024,0.018,
93,0.359,0.719,
94,-0.235,0.337,
95,0.299,-0.06,
96,0.203,-0.346,
97,-0.241,-0.267,
98,0.002,-0.519,
99,0.191,0.021,
100,0.208,-0.463,
101,-0.222,-0.126,
102,-0.156,0.031,
103,0.111,-0.509,
104,0.289,-0.085,
105,-0.085,0.504,
106,-0.264,-1.031,
107,-0.226,-0.358,
108,0.353,-0.365,
109,-0.063,-0.623,
110,-0.429,-0.804,
111,0.01,-0.284,
112,0.569,0.024,
113,0.112,0.171,
114,0.006,0.11,
115,-0.188,0.468,
116,-0.187,-0.05,
117,0.764,-0.268,
118,-0.027,-0.042,
119,0.131,0.119,
120,-0.123,-0.033,
121,-0.086,-0.292,
122,0.186,0.067,
123,0.018,0.014,
124,-0.251,0.097,
125,0.181,-0.007,
126,0.12,-0.244,
127,0.085,-0.003,
128,-0.335,0.406,
129,0.388,0.127,
130,0.04,0.099,
131,0.189,-0.247,
132,-0.089,0.219,
133,-0.073,-0.48,
134,-0.465,0.292,
135,-0.145,0.041,
136,0.009,-0.17,
137,0.215,0.077,
138,0.058,0.087,
139,-0.073,0.205,
140,-0.358,-0.086,
141,-0.435,0.425,
142,0.253,-0.242,
143,0.177,-0.301,
144,0.813,-0.707,
145,-0.149,0.268,
146,-0.337,0.022,
147,-0.099,0.192,
148,-0.534,-0.297,
149,-0.001,-0.109,
150,0.219,-0.578,
151,-0.066,0.202,
152,0.358,-0.238,
153,-0.019,-0.055,
154,-0.408,0.131,
155,0.17,-0.211,
156,-0.001,0.52,
157,0.175,0.083,
158,-0.095,0.194,
159,-0.018,0.313,
160,-0.233,0.182,
161,0.033,-0.175,
162,0.256,0.401,
163,0.227,-0.283,
