1,1.686,-0.17,
2,-0.421,1.056,
3,1.788,-0.906,
4,-0.112,-0.5,
5,1.247,-0.195,
6,0.315,2.133,
7,2.72,0.229,
8,1.78,-0.32,
9,1.73,-0.153,
10,-0.356,-0.251,
11,-2.32,0.437,
12,1.031,1.154,
13,0.851,0.183,
14,1.332,1.824,
15,-0.791,-0.36,
16,0.065,-0.285,
17,-0.499,0.403,
18,0.214,0.317,
19,-0.832,-1.124,
20,-0.54,-0.898,
21,-0.587,-2.233,
22,0.27,-0.859,
23,-1.224,-1.006,
24,-0.202,0.569,
25,-0.2,0.322,
26,1.545,-0.201,
27,2.59,-0.018,
28,2.181,-0.352,
29,2.194,1.426,
30,1.073,0.049,
31,-0.302,0.413,
32,1.696,-1.128,
33,-0.429,-2.91,
34,-1.701,0.908,
35,0.791,0.953,
36,-0.173,0.482,
37,-0.462,-1.152,
38,0.215,-1.81,
39,-1.004,0.511,
40,-0.631,-0.1,
41,1.654,-0.716,
42,-0.164,-0.838,
43,1.514,-0.414,
44,0.617,0.739,
45,0.541,0.584,
46,0.554,0.439,
47,-1.129,-0.283,
48,-0.535,0.993,
49,-0.743,-0.807,
50,0.782,-1.174,
51,1.526,-0.3,
52,0.632,-0.18,
53,-0.668,2.41,
54,2.946,-0.051,
55,0.825,-0.745,
56,2.147,-0.163,
57,0.022,2.316,
58,1.881,1.544,
59,0.945,-1.453,
60,0.408,1.692,
61,-1.33,0.029,
62,2.657,0.533,
63,0.769,0.429,
64,-0.826,-2.7,
65,0.428,0.689,
66,-0.71,0.118,
67,0.624,-0.789,
68,-0.982,0.03,
69,-3.11,1.523,
70,1.527,1.661,
71,0.123,-0.106,
72,0.061,0.14,
73,-0.238,-1.131,
74,1.219,-0.17,
75,0.088,2.053,
76,0.87,-0.791,
77,-0.153,0.02,
78,0.523,1.101,
79,-0.277,0.192,
80,-1.145,-0.736,
81,-0.145,-0.711,
82,-1.913,0.084,
83,1.462,-0.599,
84,0.501,-0.199,
85,-0.061,2.672,
86,-0.84,-1.473,
87,0.886,-2.477,
88,0.853,0.481,
89,2.187,-1.372,
90,0.073,-1.098,
91,1.609,2.297,
92,1.486,-0.307,
93,1.602,0.85,
94,1.461,-0.352,
95,-0.148,1.971,
96,3.759,-1.725,
97,1.757,0.833,
98,-0.369,0.222,
99,-0.443,2.039,
100,3.011,-3.707,
101,0.885,-1.957,
102,0.155,-1.097,
103,-0.144,1.123,
104,0.899,-0.564,
105,1.818,-0.26,
106,1.479,-1.523,
107,1.344,1.685,
108,-0.428,-0.638,
109,-0.502,-0.273,
110,-0.363,-0.667,
111,1.565,1.746,
112,0.225,-0.003,
113,0.647,0.752,
114,0.709,0.937,
115,-0.921,-1.576,
116,1.615,-1.726,
117,1.273,-1.575,
118,1.577,-1.461,
119,1.748,0.84,
120,0.425,0.169,
121,0.589,1.241,
122,-1.409,0.805,
123,1.468,0.91,
124,1.298,-0.315,
125,-0.098,1.562,
126,1.867,-0.817,
127,0.91,1.083,
128,1.172,0.438,
129,1.383,0.891,
130,2.356,0.05,
131,1.111,1.588,
132,0.51,0.218,
133,0.314,-0.653,
134,0.368,0.519,
135,-1.323,0.066,
136,0.431,-0.588,
137,-0.27,-0.6,
138,0.964,0.338,
139,0.588,-1.63,
140,0.459,1.27,
141,-0.365,-0.832,
142,1.173,-0.901,
143,0.74,-1.051,
144,0.961,0.406,
145,-0.391,0.327,
146,0.742,-0.102,
147,-1.386,-0.1,
148,-1.859,-1.018,
149,0.114,-1.374,
150,1.741,-1.617,
151,0.512,1.855,
152,1.072,-0.064,
153,1.37,-1.488,
154,-0.759,-0.074,
155,1.162,-1.287,
156,-0.728,-1.709,
157,-2.853,-0.804,
158,0.851,0.229,
159,1.193,-0.041,
160,0.791,1.938,
161,0.287,-0.133,
162,-1.839,-1.233,
163,-0.399,-1.524,
