1,0.844,-1.01,
2,-0.689,0.719,
3,1.042,-0.431,
4,-0.149,-0.145,
5,1.055,-0.437,
6,0.273,1.166,
7,1.639,-0.352,
8,1.059,-0.523,
9,1.44,-0.382,
10,-0.096,0.035,
11,-2.256,0.794,
12,0.86,0.738,
13,0.797,-0.172,
14,1.615,0.891,
15,-0.448,-1.077,
16,0.018,-0.604,
17,-0.091,0.433,
18,0.366,0.282,
19,-1.437,-1.221,
20,-0.14,-0.27,
21,0.771,-1.472,
22,0.368,-0.283,
23,-0.312,-0.499,
24,-0.173,0.348,
25,0.059,-0.23,
26,1.171,0.091,
27,1.594,0.188,
28,0.782,-0.154,
29,1.522,1.124,
30,1.023,0.097,
31,0.174,0.065,
32,1.377,-0.685,
33,-0.765,-2.113,
34,-1.395,0.268,
35,0.52,0.765,
36,0.055,0.539,
37,-0.063,-0.454,
38,0.717,-1.584,
39,-1.177,-0.163,
40,-0.172,-0.164,
41,0.737,-0.74,
42,-0.677,-1.371,
43,1.706,-0.249,
44,0.496,0.252,
45,0.307,0.032,
46,0.515,-0.067,
47,-1.082,0,
48,-0.488,0.323,
49,-0.415,-0.444,
50,0.77,-0.576,
51,1.102,-0.453,
52,0.557,-0.272,
53,0.393,0.844,
54,2.2,0.033,
55,0.144,-0.493,
56,2.027,-0.211,
57,0.189,1.106,
58,0.991,0.664,
59,1.198,-0.928,
60,0.155,1.162,
61,-1.191,0.07,
62,1.421,0.362,
63,0.73,0.107,
64,-0.091,-1.213,
65,0.281,0.182,
66,0.217,-0.191,
67,0.52,-0.478,
68,0.503,-0.126,
69,-1.627,0.365,
70,0.705,0.83,
71,-0.25,-0.189,
72,0.349,0.01,
73,0.004,-0.698,
74,0.585,-0.051,
75,0.693,1.281,
76,0.379,-0.52,
77,0.178,-0.068,
78,0.347,-0.044,
79,-0.144,0.203,
80,-0.945,-0.153,
81,-0.135,-0.37,
82,-0.789,0.056,
83,1.026,-0.242,
84,0.54,-0.198,
85,0.091,1.33,
86,-0.051,-0.889,
87,0.537,-1.581,
88,0.398,0.861,
89,0.159,-1.277,
90,0.304,-0.857,
91,0.974,1.784,
92,0.66,-0.235,
93,1.267,0.908,
94,0.881,-0.159,
95,-0.463,1.146,
96,2.439,-0.961,
97,0.716,0.052,
98,0.52,0.359,
99,0.01,1.064,
100,2.107,-2.057,
101,-0.004,-0.98,
102,0.895,-1.087,
103,-0.185,0.42,
104,0.599,-0.249,
105,0.572,-0.378,
106,0.362,-1.276,
107,0.289,0.326,
108,-0.528,-0.763,
109,-0.225,-0.748,
110,-0.5,-0.991,
111,0.314,1.308,
112,0.426,0.02,
113,1.203,0.131,
114,0.218,0.333,
115,-0.375,-1.212,
116,0.946,-1.007,
117,0.451,-0.639,
118,1.144,-0.523,
119,0.963,0.711,
120,0.262,-0.265,
121,-0.041,0.541,
122,-1.184,1.047,
123,0.784,0.615,
124,0.712,-0.135,
125,0.458,0.698,
126,1.067,-0.563,
127,0.488,0.306,
128,1.128,0.158,
129,0.912,0.255,
130,1.099,0.095,
131,0.76,1.462,
132,0.343,0.089,
133,0.23,-0.483,
134,0.338,0.354,
135,-0.773,0.533,
136,1.06,-0.201,
137,0.051,-0.523,
138,0.611,0.315,
139,0.773,-0.602,
140,-0.47,1.668,
141,-0.187,-0.358,
142,0.571,-0.765,
143,1.142,-0.614,
144,0.59,0.96,
145,-0.046,0.177,
146,0.801,0.249,
147,-0.746,-0.142,
148,-1.183,-0.785,
149,0.01,-0.302,
150,1.447,-1.879,
151,0.63,1.095,
152,0.717,-0.062,
153,0.924,-0.709,
154,-0.144,-0.145,
155,0.777,-0.936,
156,-0.088,-1.158,
157,-2,0.236,
158,0.294,0.681,
159,0.577,0.551,
160,0.824,0.735,
161,0.653,-0.193,
162,-1.453,-0.94,
163,0.784,-0.617,
