1,1.075,-0.697,
2,1.1,-0.962,
3,0.363,-1.016,
4,1.211,-0.373,
5,1.095,-0.529,
6,-0.439,-0.941,
7,1.17,-0.341,
8,1.421,-0.665,
9,0.782,-1.593,
10,0.008,-0.354,
11,1.454,-0.515,
12,1.275,-1.254,
13,1.623,-0.982,
14,0.571,-0.583,
15,0.536,-0.965,
16,0.984,-1.056,
17,0.602,-0.498,
18,1.073,-0.983,
19,1.171,-0.764,
20,0.92,-1.103,
21,0.751,-1.217,
22,0.415,-1.021,
23,1.048,-1.112,
24,0.955,-1.037,
25,0.777,-0.628,
26,1.351,-0.475,
27,1.419,-0.703,
28,0.984,-0.733,
29,0.766,-0.676,
30,0.586,-0.65,
31,1.108,-0.344,
32,0.904,-0.926,
33,0.913,-1.058,
34,0.357,-1.109,
35,1.301,-0.215,
36,0.551,-0.755,
37,1.072,-0.722,
38,0.618,-0.865,
39,0.927,-0.956,
40,1.075,-0.781,
41,1.562,-0.366,
42,1.665,-0.506,
43,1.26,-0.419,
44,1.324,-0.418,
45,0.951,-0.613,
46,0.97,-0.993,
47,0.409,-1.349,
48,1.782,-0.895,
49,0.913,-1.128,
50,0.774,-1.21,
51,1.134,-0.982,
52,0.575,-0.875,
53,1.334,-1.503,
54,1.034,-0.544,
55,0.79,-1.834,
56,1.004,-0.828,
57,0.794,-1.128,
58,0.69,-0.443,
59,0.607,-1.278,
60,0.937,-0.87,
61,0.883,-0.924,
62,1.639,-0.706,
63,0.93,-0.729,
64,0.554,-1.14,
65,1.175,-1.121,
66,1.248,-0.206,
67,0.556,-1.179,
68,0.856,-0.696,
69,1.224,-0.272,
70,0.741,-0.806,
71,0.697,-0.836,
72,1.456,-0.931,
73,0.902,-0.772,
74,1.226,-0.786,
75,0.693,-1.379,
76,1.082,-0.64,
77,0.849,-1.007,
78,0.739,-0.874,
79,0.342,-1.05,
80,0.784,-1.586,
81,0.775,-0.901,
82,1.304,-0.676,
83,1.11,-0.917,
84,0.737,-0.813,
85,1.144,-0.822,
86,0.746,-0.518,
87,0.597,-1.734,
88,1.089,-0.77,
89,1.12,-0.825,
90,1.338,-0.802,
91,1.162,-0.179,
92,0.986,-1.178,
93,0.412,-0.405,
94,0.651,-0.423,
95,1.109,-0.825,
96,0.949,-1.367,
97,1.546,-0.652,
98,0.327,-1.658,
99,0.82,-1.046,
100,0.764,-0.828,
101,1.037,-0.443,
102,0.911,-1.274,
103,0.991,-0.456,
104,1.063,-0.953,
105,0.736,-1.113,
106,0.528,-0.582,
107,1.503,0.277,
108,0.975,-1.19,
109,1.021,-0.87,
110,1.274,-0.49,
111,0.859,-0.832,
112,0.132,-1.2,
113,0.938,-0.817,
114,0.864,-1.206,
115,0.824,-1.978,
116,1.081,-1.132,
117,1.238,-0.85,
118,1.085,-0.897,
119,0.862,-0.91,
120,0.809,-1.147,
121,0.932,-0.756,
122,1.4,-0.88,
123,0.552,-1.777,
124,1.247,-1.321,
125,0.669,-1.384,
126,1.423,-0.938,
127,1.356,-1.262,
128,0.942,-0.549,
129,1.084,-0.93,
130,1.068,-0.545,
131,1.39,0.15,
132,0.695,-1.066,
133,0.777,-0.422,
134,0.842,-0.392,
135,1.012,-1.175,
136,0.831,-0.997,
137,0.532,-0.856,
138,0.777,-0.987,
139,0.629,-1.565,
140,0.976,-0.858,
141,0.768,-1.498,
142,1.06,-1.258,
143,1.249,-0.362,
144,0.854,-0.698,
145,0.519,-1.143,
146,1.511,-0.551,
147,1.04,-0.871,
148,0.443,-1.041,
149,1.22,-2.219,
150,-0.082,-0.857,
151,1.9,-0.609,
152,0.884,-0.661,
153,1.279,-1.3,
154,0.758,-1.262,
155,1.015,-1.358,
156,0.465,-0.722,
157,0.62,-1.428,
158,1.408,-0.625,
159,1.11,-1.122,
160,1.087,-0.8,
161,1.264,-0.955,
162,1.163,-0.933,
163,1.567,-1.503,
