1,0.613,-0.346,
2,0.301,-0.942,
3,0.184,-0.74,
4,0.508,-0.516,
5,0.001,-0.343,
6,-0.993,-0.442,
7,0.436,0.004,
8,0.831,-0.442,
9,0,-1.026,
10,-0.196,0.263,
11,0.649,-0.152,
12,0.54,-1.322,
13,0.838,-0.272,
14,0.071,-0.492,
15,-0.031,-0.755,
16,0.529,-0.968,
17,-0.061,-0.419,
18,0.535,-0.645,
19,0.384,-0.456,
20,0.197,-0.602,
21,0.508,-0.755,
22,0.088,-1.005,
23,0.453,-0.604,
24,0.259,-0.854,
25,-0.027,-0.199,
26,0.246,-0.192,
27,0.691,-0.808,
28,0.354,-0.937,
29,0.185,-0.413,
30,0.601,-0.156,
31,0.266,0.042,
32,0.326,-0.865,
33,0.137,-0.62,
34,-0.167,-0.985,
35,0.507,0.554,
36,0.215,-0.633,
37,0.396,-0.573,
38,0.746,-0.73,
39,0.296,-0.711,
40,0.307,-0.782,
41,0.418,-0.062,
42,0.653,-0.003,
43,0.486,-0.401,
44,0.587,0.099,
45,-0.015,-0.179,
46,0.451,-0.232,
47,-0.318,-0.932,
48,0.982,-0.507,
49,0.422,-0.928,
50,0.261,-0.969,
51,0.487,-0.764,
52,0.095,-0.857,
53,0.689,-1.025,
54,0.483,-0.318,
55,-0.219,-1.423,
56,0.14,-0.042,
57,0.231,-0.641,
58,0.238,0.191,
59,0.207,-1.008,
60,0.39,-0.318,
61,0.232,-0.383,
62,1.05,-0.497,
63,0.007,-0.757,
64,-0.099,-1.063,
65,0.443,-0.573,
66,0.566,0.121,
67,0.05,-1.21,
68,0.464,-0.564,
69,0.452,-0.017,
70,0.219,-0.892,
71,0.398,-0.546,
72,0.652,-0.413,
73,-0.107,-0.409,
74,0.809,-0.141,
75,0.014,-0.842,
76,0.141,-0.505,
77,0.053,-0.611,
78,0.172,-0.727,
79,-0.669,-0.363,
80,0.091,-1.234,
81,-0.089,-0.567,
82,0.53,-0.508,
83,0.508,-0.804,
84,0.224,-0.521,
85,0.598,-0.277,
86,0.301,-0.05,
87,0.22,-0.87,
88,0.694,-0.268,
89,0.615,-0.592,
90,0.572,-1.068,
91,0.083,-0.05,
92,0.165,-0.503,
93,-0.488,-0.345,
94,-0.022,-0.246,
95,0.243,-0.903,
96,0.313,-0.735,
97,1.009,-0.493,
98,-0.67,-1.24,
99,0.424,-0.781,
100,-0.064,-0.608,
101,0.215,-0.177,
102,0.314,-0.837,
103,0.249,0.113,
104,0.323,-0.459,
105,0.074,-1.104,
106,0.182,-0.423,
107,0.589,0.354,
108,0.212,-0.976,
109,0.253,-0.61,
110,0.811,-0.323,
111,0.012,-0.129,
112,-0.74,-0.742,
113,0.35,-0.762,
114,-0.159,-0.749,
115,0.262,-1.924,
116,0.477,-0.9,
117,0.541,-0.466,
118,0.122,-0.661,
119,0.159,-0.394,
120,0.276,-1.005,
121,0.274,-0.73,
122,0.716,-0.44,
123,-0.227,-1.457,
124,0.486,-0.745,
125,0.094,-1.266,
126,0.643,-0.732,
127,0.282,-0.973,
128,-0.175,-0.153,
129,0.082,-0.873,
130,0.341,-0.309,
131,0.53,0.355,
132,-0.205,-0.687,
133,0.118,-0.665,
134,0.239,-0.29,
135,0.034,-1.009,
136,0.488,-0.765,
137,-0.237,-0.526,
138,-0.058,-0.463,
139,-0.066,-1.165,
140,-0.006,-0.629,
141,0.095,-1.348,
142,0.118,-1.012,
143,0.383,-0.279,
144,0.179,-0.509,
145,-0.072,-0.971,
146,0.697,0.022,
147,0.205,-0.554,
148,-0.234,-0.473,
149,0.25,-2.135,
150,-0.74,-0.591,
151,1.039,-0.211,
152,-0.19,-0.192,
153,0.526,-0.566,
154,-0.022,-1.151,
155,-0.033,-0.765,
156,-0.108,-0.347,
157,0.038,-0.849,
158,0.767,-0.508,
159,0.13,-0.796,
160,-0.039,-0.524,
161,0.162,-0.852,
162,0.094,-0.546,
163,0.824,-1.583,
