1,0.605,0.835,
2,-0.324,-0.389,
3,-1.96,-1.525,
4,0.218,0.317,
5,-1.072,-0.225,
6,-2.024,-0.123,
7,-1.161,1.108,
8,-1.023,0.125,
9,-2.765,1.007,
10,-0.23,0.629,
11,-0.666,1.225,
12,1.53,-0.435,
13,0.124,-0.091,
14,-0.723,0.661,
15,-2.319,-0.452,
16,1.109,0.424,
17,-0.707,0.339,
18,0.657,1.23,
19,-0.06,0.474,
20,-0.207,0.885,
21,1.834,-0.786,
22,-0.004,-0.719,
23,-1.083,-1.042,
24,-1.254,1.097,
25,-0.762,-0.34,
26,-0.14,0.255,
27,-1.324,0.407,
28,0.464,-0.077,
29,-0.488,0.053,
30,-0.329,0.368,
31,1.134,-0.232,
32,0.243,-0.189,
33,-1.023,0.219,
34,0.657,0.547,
35,-0.172,0.327,
36,-1.798,0.622,
37,-0.09,0.133,
38,0.41,-0.392,
39,0.674,0.716,
40,-0.457,-0.38,
41,-1.339,-1.002,
42,0.024,-0.717,
43,0.192,0.103,
44,0.475,0.383,
45,-0.151,-0.125,
46,0.726,0.232,
47,0.012,0.148,
48,0.005,-0.23,
49,-0.733,-0.438,
50,0.939,0.073,
51,-0.677,-0.781,
52,0.125,0.211,
53,-0.415,0.467,
54,-0.722,-0.87,
55,0.541,0.2,
56,0.207,1.431,
57,0.761,1.495,
58,-0.674,0.357,
59,-0.931,0.936,
60,0.789,0.061,
61,-0.953,1.675,
62,1.076,-1.094,
63,0.891,-1.148,
64,0.026,0.124,
65,-0.195,-0.349,
66,0.452,0.004,
67,-1.035,0.443,
68,0.58,0.208,
69,0.274,1.101,
70,0.806,-0.48,
71,-0.46,0.279,
72,-1.246,0.647,
73,-0.638,-0.535,
74,-0.272,-0.324,
75,-2.145,0.389,
76,0.562,-0.242,
77,0.094,-0.403,
78,0.759,0.876,
79,-0.11,-0.018,
80,-1.298,1.93,
81,-0.068,-0.141,
82,-1.309,0.487,
83,0.356,0.314,
84,0.157,0.166,
85,0.174,0.718,
86,0.008,-0.617,
87,-0.256,-0.453,
88,-0.956,0.979,
89,0.206,0.031,
90,-1.031,-0.028,
91,0.074,1.167,
92,-0.546,0.444,
93,0.129,1.01,
94,-0.898,-0.301,
95,-1.342,-1.05,
96,0.405,-0.272,
97,-0.312,-0.283,
98,-0.188,0.054,
99,-0.002,-0.358,
100,0.329,0.598,
101,-0.453,-0.009,
102,-1.509,0.456,
103,1.248,0.099,
104,-0.076,0.066,
105,-0.703,1.342,
106,0.236,-0.188,
107,1.12,0.218,
108,0.223,-0.046,
109,-1.1,-1.182,
110,-0.114,0.347,
111,0.504,-1.509,
112,-0.603,1.132,
113,-0.776,-0.671,
114,1.024,-0.16,
115,-0.667,-0.187,
116,0.078,1.128,
117,-1.157,-1.12,
118,-0.169,-0.287,
119,0.733,0.545,
120,-0.866,-0.167,
121,-0.269,-1.257,
122,-0.71,-0.704,
123,-1.675,1.345,
124,-0.712,-0.414,
125,0.022,0.625,
126,-1.067,0.281,
127,-0.086,-0.643,
128,-0.074,0.147,
129,0.839,0.172,
130,0.87,-1.562,
131,0.114,0.856,
132,-0.037,0.953,
133,-0.822,0.577,
134,-2.105,-1.334,
135,-0.075,-1.672,
136,0.166,-0.871,
137,0.102,0.187,
138,1.982,0.243,
139,-0.682,-0.19,
140,-0.48,-0.144,
141,-0.278,1.313,
142,1.599,-0.266,
143,0.506,1.247,
144,0.369,-0.388,
145,0.882,-0.799,
146,-1.062,0.593,
147,0.502,-0.419,
148,0.091,-0.406,
149,0.794,-1.263,
150,0.157,-0.328,
151,0.962,0.446,
152,0.479,-0.294,
153,-0.231,-0.368,
154,-0.602,1.827,
155,0.239,-0.355,
156,-1.54,-0.516,
157,-0.079,0.23,
158,0.573,-1.513,
159,0.169,-0.66,
160,-0.028,0.003,
161,0.087,0.009,
162,-0.279,-0.446,
163,0.183,-1.578,
