1,1.648,-0.063,
2,1.33,-0.306,
3,1.632,-0.352,
4,1.526,-0.6,
5,1.268,0.09,
6,-0.213,0.615,
7,2.188,0.443,
8,2.131,0.099,
9,1.405,-0.852,
10,0.77,0.148,
11,1.778,-0.164,
12,1.947,-0.555,
13,1.895,0.32,
14,0.881,0.244,
15,0.893,-0.393,
16,1.09,-0.661,
17,1.004,-0.079,
18,1.088,-0.323,
19,0.704,-0.089,
20,1.293,-0.848,
21,1.596,-1.079,
22,1.458,-0.495,
23,0.266,-0.703,
24,1.23,-0.457,
25,1.052,0.145,
26,1.97,-0.158,
27,1.976,-0.661,
28,1.872,-0.302,
29,1.745,0.15,
30,1.187,0.026,
31,1.465,0.249,
32,1.636,-0.631,
33,1.928,-0.941,
34,0.401,-0.49,
35,1.963,1.047,
36,0.475,-0.258,
37,1.476,-0.542,
38,1.147,0.14,
39,1.129,-0.163,
40,1.374,-0.441,
41,2.007,-0.115,
42,1.983,0.276,
43,1.51,-0.234,
44,1.57,0.034,
45,1.319,0.246,
46,1.06,-0.373,
47,0.867,-0.826,
48,2.022,0.102,
49,1.112,-1.22,
50,0.914,-1.118,
51,1.571,-0.179,
52,1.314,-0.17,
53,1.208,-0.106,
54,1.643,0.297,
55,1.169,-0.8,
56,1.299,0.035,
57,1.228,0.481,
58,1.168,0.016,
59,1.658,-1.093,
60,1.363,-0.066,
61,1.577,0.456,
62,2.348,-0.043,
63,1.503,0.21,
64,0.507,-1.317,
65,2.004,-0.41,
66,1.492,0.311,
67,1.553,-0.66,
68,1.392,-0.455,
69,1.472,0.114,
70,1.704,-0.804,
71,1.214,-0.625,
72,1.541,-0.205,
73,1.399,-0.335,
74,1.897,-0.318,
75,1.066,-0.346,
76,1.748,-0.944,
77,1.549,-0.204,
78,1.12,-0.212,
79,0.486,-0.45,
80,0.849,-1.183,
81,0.572,-0.578,
82,1.337,-0.47,
83,1.559,-0.565,
84,1.312,-0.399,
85,2.029,0.035,
86,0.945,-0.657,
87,1.433,-1.281,
88,1.436,-0.749,
89,2.249,-0.328,
90,0.851,-0.603,
91,1.95,0.552,
92,1.73,-0.673,
93,0.975,0.112,
94,1.274,-0.857,
95,1.301,-0.569,
96,2.077,-1.177,
97,1.544,-0.786,
98,0.787,-0.895,
99,1.662,-0.354,
100,1.266,-0.914,
101,1.038,-0.275,
102,1.077,-0.727,
103,1.268,0.448,
104,1.404,-0.629,
105,1.43,-0.628,
106,2.389,-0.185,
107,2.246,0.608,
108,1.246,-0.563,
109,1.399,-0.275,
110,1.795,-0.225,
111,1.188,-0.193,
112,0.562,-0.447,
113,1.307,-0.277,
114,1.493,-0.732,
115,0.809,-1.673,
116,1.775,-0.978,
117,1.911,-0.208,
118,1.401,-0.476,
119,1.482,-0.205,
120,1.29,-0.629,
121,1.352,0.034,
122,1.859,-0.088,
123,1.491,-1.057,
124,2.089,-0.748,
125,0.527,-0.829,
126,2.082,-0.624,
127,1.623,-0.646,
128,1.352,-0.235,
129,1.844,-0.045,
130,2.449,-0.535,
131,1.673,0.588,
132,1.127,-0.335,
133,1.229,-0.82,
134,0.716,-0.277,
135,0.944,-0.938,
136,1.635,-0.608,
137,0.693,-0.395,
138,1.217,-0.619,
139,1.066,-0.963,
140,1.726,-0.039,
141,1.343,-1.143,
142,1.168,-1.065,
143,1.02,0.012,
144,1.138,0.17,
145,1.226,-0.642,
146,2.322,0.037,
147,1.135,-0.564,
148,0.819,-0.732,
149,1.031,-2.94,
150,0.829,-0.384,
151,2.005,0.349,
152,1.318,-0.118,
153,1.438,-0.927,
154,0.796,-0.761,
155,0.822,-0.735,
156,1.111,-1.009,
157,0.862,-0.97,
158,1.73,-0.385,
159,1.643,-0.728,
160,1.233,0.264,
161,1.607,-0.712,
162,0.73,-0.562,
163,1.832,-1.391,
