1,-0.659,-0.484,
2,-0.444,-0.12,
3,0.503,-0.694,
4,-0.565,0.463,
5,-0.054,-0.118,
6,-0.09,0.357,
7,0.444,-0.175,
8,-0.131,-0.767,
9,1.736,0.325,
10,-0.378,-0.048,
11,-0.164,-0.647,
12,0.477,-0.136,
13,0.174,0.346,
14,-0.195,0.032,
15,-0.806,0.309,
16,0.611,0.067,
17,-0.201,-0.694,
18,0.107,0.061,
19,-0.082,0.266,
20,-0.106,0.013,
21,0.05,-0.165,
22,0.058,0.092,
23,-0.054,-1.09,
24,-0.064,-0.704,
25,0.218,-0.612,
26,-1.137,-1.085,
27,-0.837,-0.42,
28,0.754,-0.322,
29,0.14,0.595,
30,0.984,0.004,
31,-0.316,-0.679,
32,0.64,-0.442,
33,-0.996,-0.56,
34,0.172,-1.22,
35,-0.222,-0.157,
36,0.393,0.237,
37,0.854,0.551,
38,0.62,-0.462,
39,0.033,-0.308,
40,0.654,-0.494,
41,0.509,0.585,
42,0.135,0.589,
43,0.375,0.57,
44,-0.129,-0.633,
45,-0.303,-0.041,
46,-0.552,-0.013,
47,-0.023,0.446,
48,-0.479,-0.426,
49,0.307,-0.636,
50,0.486,0.142,
51,-0.523,-0.9,
52,-0.594,0.402,
53,-0.44,1.025,
54,-0.844,-0.151,
55,-0.605,-0.199,
56,-0.528,0.183,
57,-0.201,-0.081,
58,-1.034,0.042,
59,0.095,-0.619,
60,0.041,-0.07,
61,-0.887,-0.073,
62,0.532,-0.315,
63,0.816,0.831,
64,-0.24,0.286,
65,0.276,0.09,
66,0.771,0.072,
67,0.527,0.753,
68,0.197,-0.363,
69,0.219,-0.181,
70,0.816,-0.516,
71,0.708,-0.533,
72,0.137,-0.811,
73,1.155,0.157,
74,1.14,-0.053,
75,0.309,0.524,
76,0.311,-1.049,
77,0.082,1.535,
78,0.296,0.592,
79,0.551,0.504,
80,0.304,0.492,
81,-1.079,-0.766,
82,-0.164,0.642,
83,0.169,0.046,
84,0.136,-0.042,
85,0.291,-0.21,
86,0.753,-0.362,
87,0.007,-0.397,
88,0.213,0.316,
89,-1.162,-0.263,
90,-0.459,0.563,
91,-0.373,-0.19,
92,-0.262,0.05,
93,1.019,1.093,
94,-0.721,1.609,
95,0.936,-0.407,
96,0.058,-0.526,
97,-0.644,-0.267,
98,-0.23,-1.305,
99,0.55,-0.366,
100,0.431,-1.15,
101,-0.097,-0.339,
102,-0.532,-0.712,
103,0.35,-1.412,
104,0.373,-0.606,
105,-1.257,0.56,
106,0.357,-0.775,
107,-0.265,-0.287,
108,0.442,-0.513,
109,0.303,-1.267,
110,-0.816,-1.88,
111,0.05,0.071,
112,0.959,-0.079,
113,0.288,-0.188,
114,-0.007,-0.1,
115,-0.352,-0.421,
116,0.056,-0.399,
117,1.354,-0.377,
118,0.234,-0.037,
119,0.387,-0.325,
120,-0.062,0.097,
121,-0.097,-0.09,
122,0.224,-0.017,
123,-0.026,-0.509,
124,-0.865,-0.677,
125,0.168,0.099,
126,0.248,-0.296,
127,0.589,-0.501,
128,-0.217,0.298,
129,0.14,-0.015,
130,-0.363,0.106,
131,0.557,-0.005,
132,-0.161,0.779,
133,-0.03,-0.841,
134,-0.184,0.39,
135,-0.808,-0.402,
136,0.068,-0.305,
137,0.964,0.373,
138,-0.26,-0.127,
139,-0.155,-0.021,
140,-0.777,-0.429,
141,-0.486,0.271,
142,0.839,-0.751,
143,0.032,-0.069,
144,0.482,-0.806,
145,-0.481,0.384,
146,-0.105,0.111,
147,-0.146,0.042,
148,-1.264,-0.318,
149,0.009,-0.844,
150,0.389,-1.651,
151,-0.237,0.14,
152,-0.014,-0.586,
153,0.186,-0.04,
154,-0.863,0.328,
155,-0.386,-0.574,
156,0.356,0.362,
157,0.279,-0.129,
158,0.085,-0.217,
159,0.062,0.278,
160,-0.754,-0.155,
161,-0.079,-0.166,
162,0.594,0.292,
163,0.265,-0.794,
