1,0.695,1.812,
2,-0.306,-0.804,
3,-2.449,-1.418,
4,0.022,0.885,
5,-1.592,-0.134,
6,-3.712,0.156,
7,-2.049,2.461,
8,-1.677,0.095,
9,-2.37,1.37,
10,-0.751,0.717,
11,0.701,1.726,
12,1.398,-0.877,
13,-0.031,0.549,
14,-2.17,1.094,
15,-3.981,-0.969,
16,0.771,1.628,
17,-1.368,0.587,
18,1.026,1.418,
19,0.058,0.993,
20,-0.501,0.993,
21,2.27,-1.647,
22,0.129,-0.791,
23,-1.568,-0.834,
24,-1.689,0.808,
25,-1.439,-0.174,
26,-0.59,0.575,
27,-1.823,0.656,
28,1.445,0.654,
29,-0.409,0.4,
30,-0.432,1.672,
31,0.86,0.697,
32,0.131,-0.101,
33,-1.785,1.425,
34,0.568,0.982,
35,-0.565,1.407,
36,-2.499,1.221,
37,-0.397,0.184,
38,0.544,-0.171,
39,-0.111,3.372,
40,-1.164,-0.214,
41,-1.515,-1.018,
42,1.304,-1.272,
43,0.145,0.41,
44,0.328,1.899,
45,-0.789,0.059,
46,0.313,1.102,
47,-0.233,0.852,
48,0.269,-0.479,
49,-1.023,-1.435,
50,0.749,-0.253,
51,-0.981,0.409,
52,0.137,0.761,
53,-0.509,0.427,
54,-1.611,-1.127,
55,0.764,0.01,
56,-0.037,1.878,
57,1.214,1.602,
58,-0.866,0.639,
59,-3.014,1.945,
60,0.334,-0.375,
61,-1.575,2.661,
62,0.944,-1.095,
63,0.354,-0.664,
64,-0.496,-0.51,
65,-0.419,-0.469,
66,0.481,0.387,
67,-1.656,0.305,
68,-0.87,1.285,
69,-0.347,1.31,
70,0.986,-0.067,
71,-0.358,0.418,
72,-1.708,1.575,
73,-1.032,-0.521,
74,-1.181,0.417,
75,-2.799,1.681,
76,0.141,0.332,
77,-0.179,-0.59,
78,1.701,1.5,
79,-0.441,-0.012,
80,-1.437,1.941,
81,0.588,0.017,
82,-1.532,0.669,
83,0.649,0.283,
84,-1.001,0.457,
85,0.562,1.416,
86,-1.367,-0.225,
87,-0.893,-0.995,
88,-0.337,1.912,
89,0.153,0.18,
90,-1.11,0.587,
91,-0.539,0.98,
92,-1.194,0.761,
93,1.007,1.989,
94,-1.134,-0.011,
95,-1,-0.779,
96,0.509,-1.098,
97,0.183,0.195,
98,-0.887,0.182,
99,-0.61,-0.353,
100,-0.454,1.639,
101,-0.177,0.748,
102,-1.961,0.383,
103,1.222,0.603,
104,-0.232,0.088,
105,-0.522,2.158,
106,0.15,1.053,
107,2.352,1.178,
108,0.319,0.718,
109,-1.506,-0.932,
110,-0.001,0.933,
111,-0.094,-1.834,
112,-1.236,1.646,
113,-1.662,-0.137,
114,0.788,-0.015,
115,-0.581,-0.924,
116,0.51,1.58,
117,-1.55,-0.649,
118,-0.457,0.848,
119,1.293,0.957,
120,-0.164,0.178,
121,-0.137,-0.803,
122,-1.597,-0.304,
123,-2.093,1.114,
124,-1.347,-0.812,
125,-0.345,1.392,
126,-1.801,1.063,
127,0.052,-1.244,
128,-0.075,0.282,
129,0.672,0.512,
130,1.493,-1.226,
131,-0.644,2.445,
132,-0.321,1.272,
133,-0.674,1.594,
134,-2.428,-1.299,
135,-1.112,-1.798,
136,0.322,-0.672,
137,-0.399,0.784,
138,1.699,0.706,
139,-0.851,-0.231,
140,-0.216,-1.154,
141,-0.382,0.583,
142,1.036,-0.322,
143,-0.271,2.58,
144,-0.434,0.68,
145,-0.123,-1.283,
146,-1.086,0.947,
147,0.206,-0.204,
148,-0.069,-0.467,
149,1.302,-2.607,
150,-0.113,0.532,
151,1.885,0.48,
152,0.167,0.364,
153,-0.311,0.271,
154,-1.18,2.655,
155,-0.517,-0.314,
156,-2.165,-0.73,
157,0.413,0.463,
158,0.737,-1.391,
159,0.804,-0.861,
160,-0.278,0.026,
161,0.035,0.948,
162,-1.15,0.507,
163,-0.07,-1.987,
