1,1.716,-0.02,
2,-0.411,0.913,
3,1.592,-0.938,
4,-0.015,-0.566,
5,1.296,-0.444,
6,0.182,2.119,
7,2.576,0.488,
8,1.783,-0.047,
9,1.785,-0.272,
10,-0.15,-0.258,
11,-2.031,0.526,
12,1.075,1.229,
13,0.949,0.205,
14,1.263,1.913,
15,-0.865,-0.103,
16,-0.097,-0.565,
17,-0.487,0.27,
18,0.245,0.228,
19,-0.82,-1.219,
20,-0.332,-0.841,
21,-0.36,-2.054,
22,0.248,-0.746,
23,-1.121,-0.915,
24,-0.081,0.366,
25,-0.002,0.058,
26,1.371,-0.242,
27,2.286,-0.049,
28,1.915,-0.311,
29,1.998,1.378,
30,1.068,0.083,
31,-0.183,0.337,
32,1.683,-1.011,
33,-0.446,-2.794,
34,-1.353,0.745,
35,0.853,0.91,
36,-0.016,0.379,
37,-0.463,-1.048,
38,0.236,-1.568,
39,-0.806,0.485,
40,-0.508,-0.104,
41,1.438,-0.749,
42,-0.073,-0.812,
43,1.378,-0.335,
44,0.607,0.621,
45,0.537,0.464,
46,0.546,0.397,
47,-1.096,-0.258,
48,-0.319,0.82,
49,-0.985,-0.742,
50,0.704,-0.957,
51,1.444,-0.454,
52,0.624,-0.201,
53,-0.375,2.088,
54,2.787,0.062,
55,0.663,-0.714,
56,2.065,-0.081,
57,-0.062,2.164,
58,1.759,1.469,
59,0.894,-1.425,
60,0.358,1.568,
61,-0.897,-0.047,
62,2.761,0.469,
63,0.781,0.343,
64,-0.749,-2.369,
65,0.44,0.525,
66,-0.591,0.083,
67,0.493,-0.867,
68,-0.541,-0.081,
69,-2.665,1.242,
70,1.494,1.514,
71,0.117,-0.207,
72,0.102,-0.016,
73,-0.049,-1.123,
74,1.26,-0.167,
75,-0.15,1.789,
76,1.056,-0.797,
77,-0.12,-0.022,
78,0.574,0.92,
79,-0.212,0.187,
80,-0.954,-0.673,
81,-0.102,-0.556,
82,-1.512,0.064,
83,1.242,-0.411,
84,0.468,-0.348,
85,-0.035,2.211,
86,-0.72,-1.307,
87,0.826,-2.082,
88,0.374,0.518,
89,2.185,-1.268,
90,0.109,-0.981,
91,1.393,2.159,
92,1.289,-0.285,
93,1.411,0.813,
94,1.317,-0.271,
95,-0.075,1.889,
96,3.399,-1.62,
97,1.657,0.649,
98,-0.374,0.132,
99,-0.376,1.815,
100,2.89,-3.254,
101,0.764,-1.707,
102,-0.102,-0.991,
103,-0.48,1.007,
104,0.867,-0.597,
105,1.576,-0.398,
106,1.218,-1.417,
107,1.333,1.479,
108,-0.3,-0.694,
109,-0.413,-0.358,
110,-0.186,-0.583,
111,1.379,1.459,
112,0.299,-0.148,
113,0.562,0.605,
114,0.673,0.819,
115,-0.495,-1.462,
116,1.382,-1.524,
117,1.128,-1.307,
118,1.471,-1.339,
119,1.571,0.702,
120,0.423,0.02,
121,0.553,0.991,
122,-1.125,0.848,
123,1.284,0.753,
124,1.146,-0.282,
125,-0.107,1.465,
126,1.712,-0.742,
127,0.974,0.946,
128,1.04,0.484,
129,1.207,0.743,
130,2.12,0.181,
131,1.171,1.365,
132,0.487,0.164,
133,0.386,-0.735,
134,0.372,0.459,
135,-1.109,-0.019,
136,0.497,-0.643,
137,-0.137,-0.495,
138,0.959,0.385,
139,0.423,-1.301,
140,0.344,1.219,
141,-0.383,-0.829,
142,0.954,-0.962,
143,0.776,-0.976,
144,0.836,0.316,
145,-0.255,0.229,
146,0.873,-0.121,
147,-1.254,0.014,
148,-1.525,-0.661,
149,0.157,-1.339,
150,1.756,-1.827,
151,0.507,1.716,
152,0.956,0.014,
153,1.431,-1.404,
154,-0.664,-0.021,
155,1.128,-1.03,
156,-0.67,-1.685,
157,-2.798,-0.947,
158,0.996,0.067,
159,0.957,0.275,
160,0.706,1.865,
161,0.527,-0.038,
162,-1.599,-0.853,
163,-0.361,-1.709,
