1,0.166,-0.38,
2,-0.413,0.396,
3,0.705,-0.207,
4,-0.139,0.025,
5,0.488,-0.306,
6,0.019,0.38,
7,0.327,-0.802,
8,0.309,-0.769,
9,0.89,-0.154,
10,-0.091,-0.036,
11,-1.227,0.044,
12,0.385,0.595,
13,0.049,-0.099,
14,0.738,-0.026,
15,-0.175,-0.194,
16,0.217,-0.3,
17,-0.529,0.342,
18,-0.143,0.313,
19,-0.608,-0.395,
20,-0.239,-0.07,
21,-0.267,-0.571,
22,0.094,-0.1,
23,-0.239,-0.421,
24,-0.337,0.313,
25,0.306,-0.085,
26,0.524,-0.069,
27,0.668,0.21,
28,0.461,-0.059,
29,0.328,0.564,
30,0.787,0.247,
31,-0.131,-0.017,
32,0.705,-0.432,
33,-0.413,-1.192,
34,-0.392,0.152,
35,0.008,0.301,
36,0.181,0.475,
37,-0.238,-0.286,
38,0.012,-0.755,
39,-0.11,-0.313,
40,-0.5,-0.157,
41,0.268,-0.419,
42,-0.118,-0.668,
43,0.578,-0.202,
44,0.111,0.223,
45,0.127,0.039,
46,0.543,-0.004,
47,-0.433,-0.117,
48,-0.259,0.186,
49,-0.537,0.234,
50,0.155,-0.048,
51,0.056,-0.26,
52,0.182,-0.042,
53,-0.165,0.688,
54,1.083,-0.063,
55,-0.117,-0.293,
56,0.522,0.381,
57,-0.275,0.553,
58,0.587,0.625,
59,0.519,-0.26,
60,-0.153,0.513,
61,-0.52,-0.547,
62,0.487,-0.392,
63,-0.084,0.074,
64,-0.007,-0.644,
65,-0.138,0.188,
66,-0.44,-0.012,
67,-0.328,-0.327,
68,0.427,-0.149,
69,-0.334,0.194,
70,0.24,0.643,
71,-0.203,-0.145,
72,-0.072,0.046,
73,-0.004,0.066,
74,0.482,0.068,
75,0.288,0.25,
76,-0.059,-0.13,
77,-0.308,0.056,
78,0.159,0.797,
79,-0.194,0.325,
80,-0.537,0.081,
81,-0.149,-0.106,
82,-0.497,0.194,
83,0.389,0.269,
84,0.291,-0.113,
85,-0.838,0.569,
86,0.023,-0.39,
87,0.166,-0.642,
88,0.323,0.08,
89,0.425,-0.738,
90,0.097,-0.183,
91,0.321,0.939,
92,0.141,0.035,
93,0.522,0.449,
94,0.368,0.209,
95,-0.089,1.035,
96,0.902,-0.567,
97,0.493,0.19,
98,-0.245,0.058,
99,-0.459,0.85,
100,1.429,-0.966,
101,-0.015,-0.931,
102,0.104,-0.076,
103,-0.148,-0.085,
104,0.261,-0.092,
105,0.269,-0.277,
106,-0.361,-1.192,
107,-0.17,0.108,
108,-0.149,-0.179,
109,-0.521,-0.563,
110,-0.085,-0.251,
111,0.3,0.256,
112,0.085,-0.322,
113,0.117,0.341,
114,0.044,0.487,
115,-0.267,-0.071,
116,0.393,-0.474,
117,0.028,0.25,
118,0.324,-0.599,
119,0.507,0.305,
120,0.068,0.098,
121,-0.031,-0.256,
122,-0.546,0.785,
123,0.235,0.592,
124,0.131,0.19,
125,0.126,0.658,
126,0.398,-0.341,
127,0.267,0.398,
128,0.105,0.517,
129,0.483,0.226,
130,0.432,0.392,
131,0.364,0.547,
132,-0.021,0.072,
133,-0.045,-0.383,
134,-0.016,0.275,
135,-0.231,0.454,
136,-0.091,-0.138,
137,-0.048,-0.118,
138,0.27,0.281,
139,-0.263,-0.297,
140,-0.408,0.637,
141,-0.715,0.203,
142,0.206,-0.356,
143,0.548,-0.72,
144,0.727,-0.486,
145,-0.062,-0.16,
146,-0.041,0.199,
147,-0.662,0.168,
148,-0.4,0.063,
149,-0.024,0,
150,0.11,-0.804,
151,0.038,0.55,
152,0.124,0.02,
153,0.767,-0.227,
154,-0.257,0.065,
155,0.542,-0.385,
156,-0.142,0.174,
157,-0.147,-0.025,
158,-0.107,0.553,
159,-0.116,0.314,
160,-0.124,0.885,
161,0.362,-0.147,
162,-0.475,-0.092,
163,-0.279,-0.444,
