1,1.648,-0.029,
2,1.316,-0.287,
3,1.567,-0.414,
4,1.505,-0.633,
5,1.29,0.032,
6,-0.211,0.65,
7,2.126,0.519,
8,2.021,0.023,
9,1.391,-0.875,
10,0.777,0.13,
11,1.765,-0.15,
12,1.925,-0.544,
13,1.904,0.245,
14,0.891,0.144,
15,0.871,-0.323,
16,1.056,-0.699,
17,0.959,-0.112,
18,1.09,-0.338,
19,0.735,-0.068,
20,1.278,-0.814,
21,1.534,-1.062,
22,1.381,-0.465,
23,0.316,-0.704,
24,1.235,-0.495,
25,1.036,0.081,
26,1.899,-0.149,
27,1.933,-0.645,
28,1.823,-0.284,
29,1.704,0.133,
30,1.2,0.034,
31,1.432,0.234,
32,1.616,-0.643,
33,1.855,-0.938,
34,0.405,-0.455,
35,1.932,0.992,
36,0.534,-0.28,
37,1.398,-0.539,
38,1.121,0.103,
39,1.11,-0.191,
40,1.34,-0.424,
41,1.963,-0.128,
42,1.944,0.244,
43,1.477,-0.193,
44,1.554,0.032,
45,1.316,0.206,
46,1.063,-0.334,
47,0.823,-0.841,
48,2.019,0.059,
49,1.037,-1.163,
50,0.908,-1.068,
51,1.533,-0.238,
52,1.304,-0.194,
53,1.227,-0.11,
54,1.644,0.284,
55,1.146,-0.817,
56,1.293,0.032,
57,1.187,0.48,
58,1.167,0.034,
59,1.567,-1.084,
60,1.344,-0.072,
61,1.575,0.4,
62,2.283,-0.083,
63,1.487,0.17,
64,0.521,-1.295,
65,1.945,-0.421,
66,1.48,0.263,
67,1.502,-0.665,
68,1.373,-0.413,
69,1.418,0.137,
70,1.674,-0.749,
71,1.184,-0.63,
72,1.549,-0.201,
73,1.351,-0.353,
74,1.894,-0.321,
75,1.008,-0.336,
76,1.638,-0.908,
77,1.494,-0.234,
78,1.101,-0.209,
79,0.481,-0.423,
80,0.864,-1.163,
81,0.599,-0.525,
82,1.326,-0.449,
83,1.516,-0.549,
84,1.304,-0.396,
85,1.951,0.039,
86,0.913,-0.646,
87,1.425,-1.234,
88,1.402,-0.696,
89,2.293,-0.326,
90,0.857,-0.601,
91,1.91,0.514,
92,1.676,-0.66,
93,0.959,0.163,
94,1.264,-0.782,
95,1.299,-0.514,
96,2.074,-1.153,
97,1.534,-0.742,
98,0.744,-0.899,
99,1.613,-0.338,
100,1.262,-0.908,
101,1.074,-0.275,
102,1.027,-0.716,
103,1.171,0.421,
104,1.37,-0.598,
105,1.39,-0.622,
106,2.271,-0.218,
107,2.235,0.589,
108,1.225,-0.58,
109,1.368,-0.293,
110,1.781,-0.217,
111,1.167,-0.193,
112,0.562,-0.451,
113,1.274,-0.273,
114,1.453,-0.689,
115,0.859,-1.659,
116,1.688,-0.94,
117,1.86,-0.207,
118,1.374,-0.485,
119,1.453,-0.215,
120,1.28,-0.646,
121,1.343,0.025,
122,1.823,-0.119,
123,1.432,-1.041,
124,2.017,-0.74,
125,0.565,-0.777,
126,2.041,-0.608,
127,1.649,-0.625,
128,1.323,-0.181,
129,1.764,-0.066,
130,2.374,-0.51,
131,1.662,0.531,
132,1.106,-0.332,
133,1.191,-0.797,
134,0.744,-0.246,
135,0.93,-0.921,
136,1.563,-0.601,
137,0.717,-0.375,
138,1.221,-0.556,
139,1.019,-0.917,
140,1.639,-0.019,
141,1.293,-1.105,
142,1.151,-1.055,
143,1.054,0.011,
144,1.098,0.135,
145,1.193,-0.635,
146,2.284,0.06,
147,1.144,-0.505,
148,0.808,-0.659,
149,1.044,-2.866,
150,0.816,-0.323,
151,1.975,0.37,
152,1.285,-0.079,
153,1.432,-0.9,
154,0.806,-0.709,
155,0.854,-0.682,
156,1.076,-0.905,
157,0.818,-0.991,
158,1.764,-0.431,
159,1.575,-0.659,
160,1.205,0.291,
161,1.602,-0.642,
162,0.794,-0.465,
163,1.755,-1.343,
