1,-0.635,-0.557,
2,-0.452,-0.206,
3,0.446,-0.878,
4,-0.694,0.471,
5,-0.059,-0.028,
6,-0.177,0.42,
7,0.445,-0.145,
8,-0.16,-0.877,
9,1.624,0.434,
10,-0.509,-0.01,
11,-0.127,-0.754,
12,0.478,-0.266,
13,0.219,0.42,
14,-0.324,0.112,
15,-0.983,0.318,
16,0.538,0.148,
17,-0.274,-0.904,
18,0.096,-0.112,
19,0.163,0.136,
20,-0.092,-0.05,
21,0.046,-0.298,
22,0.01,0.054,
23,-0.186,-1.117,
24,0.052,-0.88,
25,0.142,-0.629,
26,-1.2,-1.181,
27,-0.81,-0.498,
28,0.887,-0.439,
29,0.19,0.545,
30,1.128,-0.12,
31,-0.357,-0.742,
32,0.754,-0.531,
33,-1.156,-0.764,
34,0.124,-1.34,
35,-0.221,-0.273,
36,0.342,0.175,
37,0.867,0.607,
38,0.727,-0.566,
39,-0.153,-0.302,
40,0.669,-0.646,
41,0.58,0.487,
42,0.131,0.698,
43,0.325,0.537,
44,-0.252,-0.651,
45,-0.341,-0.099,
46,-0.709,-0.035,
47,-0.087,0.321,
48,-0.479,-0.379,
49,0.346,-0.742,
50,0.391,0.01,
51,-0.502,-0.969,
52,-0.658,0.303,
53,-0.448,1.013,
54,-0.973,-0.167,
55,-0.754,-0.38,
56,-0.523,0.112,
57,-0.352,-0.149,
58,-1.052,-0.032,
59,0.082,-0.737,
60,0.051,-0.16,
61,-0.975,-0.085,
62,0.624,-0.372,
63,0.837,0.758,
64,-0.393,0.073,
65,0.325,0.008,
66,0.854,0.004,
67,0.341,0.699,
68,0.153,-0.434,
69,0.166,-0.239,
70,0.88,-0.54,
71,0.664,-0.597,
72,0.154,-0.843,
73,1.093,0.105,
74,1.152,-0.086,
75,0.361,0.419,
76,0.285,-1.073,
77,0.042,1.476,
78,0.242,0.63,
79,0.503,0.385,
80,0.462,0.408,
81,-1.319,-0.795,
82,-0.209,0.596,
83,0.169,-0.018,
84,0.041,-0.124,
85,0.418,-0.326,
86,0.761,-0.331,
87,-0.021,-0.476,
88,0.242,0.293,
89,-1.141,-0.504,
90,-0.399,0.481,
91,-0.558,-0.365,
92,-0.38,0.048,
93,1.047,1.058,
94,-0.804,1.73,
95,0.972,-0.485,
96,0.01,-0.56,
97,-0.754,-0.314,
98,-0.343,-1.42,
99,0.527,-0.547,
100,0.458,-1.296,
101,-0.045,-0.385,
102,-0.635,-0.86,
103,0.37,-1.528,
104,0.236,-0.673,
105,-1.525,0.383,
106,0.46,-0.677,
107,-0.244,-0.221,
108,0.33,-0.495,
109,0.362,-1.385,
110,-0.78,-1.887,
111,0.012,0.168,
112,0.834,-0.172,
113,0.303,-0.327,
114,-0.003,-0.209,
115,-0.449,-0.803,
116,0.171,-0.53,
117,1.335,-0.416,
118,0.329,-0.082,
119,0.446,-0.494,
120,-0.014,0.106,
121,-0.118,-0.087,
122,0.23,-0.069,
123,-0.084,-0.659,
124,-0.962,-0.843,
125,0.075,0.018,
126,0.274,-0.299,
127,0.655,-0.711,
128,-0.122,0.192,
129,0.048,-0.084,
130,-0.438,0.096,
131,0.556,0.021,
132,-0.162,0.849,
133,-0.086,-0.854,
134,-0.052,0.294,
135,-0.976,-0.552,
136,0.053,-0.343,
137,1.127,0.358,
138,-0.343,-0.215,
139,-0.179,-0.216,
140,-0.831,-0.551,
141,-0.518,0.142,
142,0.926,-0.878,
143,-0.016,-0.012,
144,0.341,-0.83,
145,-0.524,0.267,
146,0.019,0.148,
147,-0.166,-0.063,
148,-1.305,-0.304,
149,-0.026,-1.11,
150,0.225,-1.894,
151,-0.256,0.108,
152,-0.312,-0.628,
153,0.22,-0.099,
154,-0.877,0.307,
155,-0.522,-0.675,
156,0.37,0.255,
157,0.186,-0.272,
158,0.135,-0.338,
159,0.001,0.143,
160,-0.912,-0.247,
161,-0.095,-0.199,
162,0.538,0.174,
163,0.294,-0.954,
