1,1.49,-1.138,
2,0.347,0.89,
3,1.27,-0.588,
4,0.596,-0.401,
5,1.264,-0.292,
6,0.809,0.8,
7,1.796,-0.098,
8,1.629,-0.244,
9,1.691,-0.542,
10,0.378,0.092,
11,-0.343,0.818,
12,1.571,0.21,
13,1.472,-0.063,
14,1.702,0.619,
15,0.341,-1.174,
16,0.12,-0.818,
17,0.583,0.266,
18,0.895,0.027,
19,-0.622,-1.043,
20,0.337,-0.83,
21,1.417,-1.75,
22,0.827,-0.194,
23,0.035,-0.528,
24,0.462,-0.031,
25,0.098,-0.29,
26,1.662,0.101,
27,1.996,-0.086,
28,0.901,-0.347,
29,1.825,0.601,
30,1.254,0.022,
31,0.804,0.124,
32,1.635,-0.756,
33,0.289,-1.647,
34,-0.855,0.055,
35,1.152,0.872,
36,0.231,0.244,
37,0.709,-0.452,
38,0.671,-0.874,
39,-0.922,-0.379,
40,0.636,-0.288,
41,1.347,-0.573,
42,0.207,-1.164,
43,1.881,0.052,
44,1.066,0.145,
45,0.648,-0.027,
46,0.666,0.055,
47,-0.543,-0.667,
48,0.372,0.167,
49,0.283,-0.986,
50,1.138,-0.903,
51,1.369,-0.647,
52,1.078,-0.392,
53,1.277,0.44,
54,2.357,0.068,
55,0.646,-0.709,
56,2.057,-0.119,
57,0.774,1.392,
58,1.102,0.289,
59,1.58,-1.489,
60,0.721,0.794,
61,-0.52,0.875,
62,2.775,-0.005,
63,1.406,0.058,
64,0.081,-1.283,
65,1.03,-0.076,
66,1.299,-0.163,
67,1.334,-0.543,
68,0.705,-0.112,
69,-0.285,0.348,
70,1.125,0.16,
71,0.173,-0.388,
72,1.034,-0.085,
73,0.746,-0.847,
74,1.016,-0.199,
75,1.277,0.542,
76,0.728,-1.059,
77,0.944,-0.235,
78,0.572,-0.556,
79,0.103,-0.072,
80,-0.538,-0.688,
81,0.011,-0.407,
82,-0.154,-0.193,
83,1.331,-0.381,
84,1.227,-0.24,
85,1.17,1.052,
86,0.33,-1.253,
87,0.975,-1.655,
88,0.503,0.777,
89,0.594,-0.874,
90,0.783,-1.002,
91,1.61,1.505,
92,1.222,-0.492,
93,1.231,0.988,
94,1.19,-0.616,
95,0.108,0.543,
96,2.688,-0.989,
97,0.897,-0.346,
98,1.062,0.087,
99,0.91,0.309,
100,1.919,-2.02,
101,0.373,-0.473,
102,1.468,-0.992,
103,0.203,0.568,
104,1.072,-0.318,
105,0.755,-0.437,
106,1.18,-0.927,
107,1.726,0.313,
108,0.144,-0.972,
109,0.561,-0.661,
110,0.146,-0.945,
111,0.393,0.97,
112,0.647,0.283,
113,1.657,-0.116,
114,0.685,-0.174,
115,-0.063,-1.623,
116,1.385,-1.048,
117,1.239,-1.175,
118,1.309,-0.152,
119,1.273,0.348,
120,0.734,-0.686,
121,0.599,0.816,
122,-0.168,0.804,
123,1.063,-0.229,
124,1.316,-0.469,
125,0.749,0.099,
126,1.816,-0.351,
127,0.954,-0.21,
128,1.609,-0.206,
129,1.35,0.152,
130,1.574,-0.16,
131,1.053,1.056,
132,0.788,-0.082,
133,0.674,-0.532,
134,0.719,0.149,
135,-0.116,0.13,
136,1.613,-0.156,
137,0.426,-0.58,
138,0.989,-0.133,
139,1.468,-0.319,
140,0.426,1.086,
141,0.598,-0.821,
142,0.781,-0.889,
143,1.36,0.005,
144,0.494,1.525,
145,0.685,0.162,
146,1.552,0.182,
147,-0.019,-0.42,
148,-0.734,-1.056,
149,0.028,-1.607,
150,1.649,-1.557,
151,1.446,0.894,
152,1.21,-0.121,
153,1,-0.616,
154,0.379,-0.402,
155,1.014,-1.001,
156,0.529,-1.453,
157,-0.427,0.216,
158,0.933,0.598,
159,1.038,0.313,
160,1.342,0.198,
161,1.201,-0.471,
162,-0.545,-1.296,
163,1.537,-0.974,
