1,-0.366,-1.132,
2,-0.071,-1.276,
3,-0.44,-1.467,
4,-0.836,-0.508,
5,0.238,-0.412,
6,-1.022,-0.478,
7,-0.113,-0.496,
8,-0.074,-1.266,
9,-0.234,-1.003,
10,-1.057,-0.121,
11,0.319,-0.763,
12,0.44,-0.508,
13,0.108,0.124,
14,-0.904,-0.662,
15,-0.603,-0.815,
16,-0.233,-0.835,
17,-1.378,-1.882,
18,0.033,-1.129,
19,0.16,-0.513,
20,0.042,-0.52,
21,-0.178,-1.349,
22,-0.186,-0.598,
23,-0.738,-1.335,
24,0.917,-1.252,
25,-0.426,-0.735,
26,-0.779,-0.405,
27,-0.02,-0.908,
28,0.557,-0.658,
29,0.495,-0.362,
30,1.184,-0.291,
31,-0.234,-0.737,
32,0.208,-0.971,
33,-1.258,-1.439,
34,-0.635,-1.771,
35,0.027,-0.578,
36,-0.142,-0.352,
37,0.096,-0.508,
38,0.271,-0.847,
39,-0.716,-0.828,
40,0.121,-1.757,
41,0.287,-0.079,
42,-0.194,0.368,
43,-0.204,0.534,
44,-0.604,-0.78,
45,-0.107,-1.048,
46,-0.635,-0.469,
47,-0.59,-0.876,
48,0.251,-0.403,
49,-0.131,-1.042,
50,-0.522,-1.072,
51,-0.186,-1.055,
52,-0.42,-0.655,
53,-0.372,-0.231,
54,-0.622,-0.298,
55,-1.08,-1.385,
56,-0.193,-0.557,
57,-0.072,-0.958,
58,-0.619,-0.472,
59,-0.45,-1.289,
60,-0.146,-0.896,
61,-0.619,-0.381,
62,-0.028,-0.696,
63,0.383,-0.478,
64,-0.92,-0.975,
65,0.486,-0.934,
66,0.35,-0.217,
67,-1.66,-0.157,
68,-0.264,-0.764,
69,-0.377,-0.149,
70,0.166,-0.536,
71,-0.162,-0.994,
72,-0.084,-1.02,
73,0.068,-0.934,
74,0.156,-0.727,
75,0.77,-0.587,
76,-0.898,-0.905,
77,0.021,-0.633,
78,-0.379,0.727,
79,-0.8,-0.511,
80,0.671,-1.26,
81,-0.46,-1.003,
82,-0.264,0.005,
83,-0.094,-0.502,
84,-0.357,-0.688,
85,0.279,-0.867,
86,0.013,0.4,
87,-0.315,-1.015,
88,0.396,-0.046,
89,-0.566,-0.842,
90,-0.367,-0.71,
91,-1.05,-0.353,
92,-0.519,-0.712,
93,-0.174,0.047,
94,-0.506,0.682,
95,0.315,-0.899,
96,-0.394,-0.988,
97,-0.323,-0.69,
98,-1.032,-1.729,
99,-0.491,-0.827,
100,-0.507,-1.396,
101,-0.163,-0.337,
102,-0.382,-1.16,
103,-0.487,-0.975,
104,-0.885,-0.435,
105,-1.061,-1.104,
106,0.263,-0.236,
107,-0.188,0.274,
108,-0.622,-1.078,
109,-0.047,-1.428,
110,-0.158,-0.986,
111,-0.239,0.249,
112,-0.691,-1.577,
113,-0.011,-0.887,
114,-0.239,-1.128,
115,-0.421,-2.177,
116,0.082,-1.331,
117,0.608,-0.803,
118,0.096,-0.828,
119,0.224,-1.072,
120,-0.144,-0.747,
121,-0.19,-0.814,
122,0.207,-0.392,
123,-0.457,-1.576,
124,-0.236,-1.127,
125,-0.436,-1.093,
126,0.154,-0.485,
127,0.165,-1.642,
128,-0.068,-0.769,
129,-0.465,-0.71,
130,-0.436,-0.473,
131,-0.32,0.001,
132,-0.023,0.288,
133,-0.737,-0.537,
134,-0.253,-0.869,
135,-1.179,-1.321,
136,-0.403,-0.826,
137,0.123,-0.323,
138,-0.468,-0.544,
139,-1.038,-1.18,
140,-0.242,-1.221,
141,-1.064,-1.312,
142,-0.126,-1.456,
143,-0.474,-0.022,
144,-0.875,-0.886,
145,-0.79,-1.293,
146,0.433,0.232,
147,-0.183,-0.972,
148,-0.957,-0.331,
149,-0.478,-1.624,
150,-1.989,-2.332,
151,0.355,-0.337,
152,-1.563,-0.409,
153,0.092,-0.927,
154,-0.866,-0.574,
155,-0.856,-1.194,
156,0.066,-0.421,
157,-0.701,-0.902,
158,-0.168,-0.653,
159,-0.361,-0.57,
160,-1.024,-0.51,
161,-0.512,-0.438,
162,0.015,-0.084,
163,0.802,-0.973,
