1,1.919,-0.114,
2,-0.206,0.849,
3,1.599,-1.074,
4,0.26,-0.781,
5,1.457,-0.634,
6,0.389,2.024,
7,2.589,0.628,
8,1.989,0.116,
9,1.938,-0.36,
10,0.03,-0.276,
11,-1.445,0.606,
12,1.316,1.114,
13,1.191,0.214,
14,1.418,1.877,
15,-0.707,-0.146,
16,-0.229,-0.848,
17,-0.291,0.189,
18,0.377,0.107,
19,-0.662,-1.32,
20,-0.154,-0.991,
21,-0.086,-2.099,
22,0.437,-0.652,
23,-1.055,-0.918,
24,0.128,0.191,
25,0.162,-0.159,
26,1.416,-0.36,
27,2.334,-0.184,
28,1.94,-0.319,
29,2.134,1.343,
30,1.142,0.067,
31,0.054,0.336,
32,1.811,-0.973,
33,-0.237,-2.726,
34,-1.255,0.657,
35,1.058,0.918,
36,0.119,0.183,
37,-0.335,-1.061,
38,0.267,-1.327,
39,-0.707,0.609,
40,-0.239,-0.109,
41,1.539,-0.777,
42,0.163,-0.748,
43,1.441,-0.293,
44,0.743,0.558,
45,0.64,0.48,
46,0.584,0.415,
47,-0.956,-0.348,
48,0.065,0.753,
49,-1.079,-0.956,
50,0.757,-1.064,
51,1.59,-0.528,
52,0.755,-0.233,
53,-0.066,2.037,
54,2.865,0.114,
55,0.733,-0.746,
56,2.108,-0.036,
57,0.029,2.254,
58,1.724,1.281,
59,1.116,-1.615,
60,0.558,1.41,
61,-0.453,0.185,
62,3.141,0.275,
63,1.066,0.349,
64,-0.692,-2.301,
65,0.726,0.394,
66,-0.162,0.086,
67,0.751,-0.897,
68,-0.334,-0.099,
69,-2.34,1.217,
70,1.671,1.257,
71,0.207,-0.251,
72,0.299,-0.057,
73,0.184,-1.115,
74,1.438,-0.219,
75,0.025,1.575,
76,1.14,-0.963,
77,0.12,-0.056,
78,0.624,0.726,
79,-0.121,0.099,
80,-0.806,-0.806,
81,0,-0.552,
82,-1.259,-0.043,
83,1.303,-0.446,
84,0.615,-0.434,
85,0.338,2.068,
86,-0.58,-1.413,
87,0.977,-2.048,
88,0.306,0.661,
89,2.212,-1.2,
90,0.074,-1.003,
91,1.535,2.118,
92,1.443,-0.33,
93,1.401,0.827,
94,1.361,-0.453,
95,0.134,1.761,
96,3.443,-1.655,
97,1.627,0.452,
98,-0.224,0.045,
99,-0.128,1.611,
100,2.858,-3.196,
101,0.753,-1.499,
102,0.057,-0.905,
103,-0.621,1.105,
104,0.992,-0.66,
105,1.629,-0.398,
106,1.485,-1.287,
107,1.716,1.438,
108,-0.066,-0.811,
109,-0.181,-0.365,
110,0.001,-0.571,
111,1.356,1.322,
112,0.419,-0.111,
113,0.72,0.5,
114,0.841,0.63,
115,-0.155,-1.508,
116,1.36,-1.478,
117,1.396,-1.539,
118,1.503,-1.198,
119,1.608,0.56,
120,0.552,-0.156,
121,0.767,1.077,
122,-0.863,0.886,
123,1.342,0.481,
124,1.318,-0.401,
125,-0.097,1.256,
126,1.871,-0.672,
127,1.219,0.801,
128,1.074,0.445,
129,1.316,0.731,
130,2.301,0.109,
131,1.204,1.292,
132,0.655,0.11,
133,0.539,-0.765,
134,0.392,0.362,
135,-0.918,-0.179,
136,0.751,-0.711,
137,-0.001,-0.484,
138,1.139,0.318,
139,0.471,-0.966,
140,0.572,1.104,
141,-0.164,-0.932,
142,1,-1.046,
143,0.78,-0.75,
144,0.8,0.564,
145,-0.011,0.177,
146,1.102,-0.18,
147,-0.982,-0.046,
148,-1.294,-0.521,
149,0.096,-1.633,
150,1.788,-1.897,
151,0.712,1.674,
152,1.102,0.018,
153,1.432,-1.424,
154,-0.477,-0.098,
155,1.155,-0.981,
156,-0.433,-1.745,
157,-2.46,-0.948,
158,1.141,0.003,
159,0.968,0.48,
160,0.79,1.859,
161,0.82,-0.002,
162,-1.322,-0.817,
163,-0.041,-1.812,
