1,1.443,-0.877,
2,0.776,0.683,
3,1.29,-0.549,
4,0.845,-0.435,
5,1.265,-0.217,
6,0.562,0.654,
7,1.722,-0.018,
8,1.649,-0.204,
9,1.611,-0.624,
10,0.516,0.129,
11,0.413,0.518,
12,1.706,-0.034,
13,1.604,-0.048,
14,1.403,0.365,
15,0.625,-0.952,
16,0.336,-0.831,
17,0.745,0.168,
18,1,-0.075,
19,-0.239,-0.651,
20,0.585,-0.836,
21,1.564,-1.642,
22,0.93,-0.195,
23,0.199,-0.543,
24,0.685,-0.186,
25,0.283,-0.259,
26,1.716,0.085,
27,1.966,-0.191,
28,0.98,-0.363,
29,1.679,0.297,
30,1.269,0.02,
31,1,0.13,
32,1.607,-0.738,
33,0.824,-1.344,
34,-0.416,-0.087,
35,1.329,0.851,
36,0.347,0.115,
37,0.944,-0.427,
38,0.719,-0.501,
39,-0.442,-0.592,
40,0.865,-0.334,
41,1.487,-0.446,
42,0.74,-0.835,
43,1.701,0.162,
44,1.216,0.097,
45,0.805,-0.047,
46,0.753,0.009,
47,-0.133,-0.809,
48,0.797,0.071,
49,0.576,-0.978,
50,1.118,-0.918,
51,1.283,-0.613,
52,1.18,-0.376,
53,1.385,0.064,
54,2.061,0.042,
55,0.781,-0.765,
56,1.827,-0.077,
57,0.936,1.176,
58,1.08,0.153,
59,1.521,-1.402,
60,0.877,0.525,
61,0.069,0.872,
62,2.645,-0.051,
63,1.482,0.028,
64,0.311,-1.19,
65,1.238,-0.181,
66,1.405,-0.086,
67,1.4,-0.55,
68,0.973,-0.11,
69,0.452,0.222,
70,1.207,-0.109,
71,0.472,-0.459,
72,1.219,-0.126,
73,0.958,-0.733,
74,1.183,-0.231,
75,1.254,0.09,
76,0.925,-1.062,
77,1.13,-0.277,
78,0.662,-0.582,
79,0.201,-0.155,
80,-0.245,-0.824,
81,0.017,-0.383,
82,0.25,-0.251,
83,1.31,-0.371,
84,1.381,-0.227,
85,1.406,0.731,
86,0.555,-1.15,
87,1.084,-1.508,
88,0.579,0.366,
89,0.945,-0.626,
90,0.909,-0.917,
91,1.709,1.176,
92,1.312,-0.551,
93,1.065,0.839,
94,1.203,-0.657,
95,0.387,0.202,
96,2.449,-0.958,
97,1.01,-0.467,
98,1.106,-0.146,
99,1.167,0.02,
100,1.624,-1.612,
101,0.536,-0.285,
102,1.414,-0.936,
103,0.422,0.443,
104,1.159,-0.341,
105,0.79,-0.466,
106,1.353,-0.736,
107,1.961,0.253,
108,0.459,-0.856,
109,0.802,-0.593,
110,0.584,-0.751,
111,0.481,0.596,
112,0.642,0.179,
113,1.577,-0.204,
114,0.838,-0.336,
115,0.217,-1.661,
116,1.444,-0.978,
117,1.337,-0.841,
118,1.279,-0.104,
119,1.303,0.178,
120,0.889,-0.719,
121,0.81,0.586,
122,0.483,0.417,
123,1.094,-0.498,
124,1.457,-0.532,
125,0.805,-0.188,
126,1.925,-0.319,
127,1.119,-0.384,
128,1.586,-0.245,
129,1.425,0.056,
130,1.649,-0.234,
131,1.161,0.721,
132,0.864,-0.157,
133,0.793,-0.534,
134,0.803,0.064,
135,0.298,-0.039,
136,1.565,-0.171,
137,0.543,-0.528,
138,1.036,-0.257,
139,1.447,-0.309,
140,0.702,0.762,
141,0.808,-0.893,
142,0.826,-0.866,
143,1.358,0.114,
144,0.54,1.24,
145,0.901,0.006,
146,1.716,0.136,
147,0.317,-0.453,
148,-0.236,-0.939,
149,0.335,-1.98,
150,1.507,-1.164,
151,1.64,0.698,
152,1.233,-0.106,
153,1.033,-0.559,
154,0.565,-0.472,
155,1.053,-0.918,
156,0.732,-1.295,
157,0.258,0.065,
158,1.128,0.388,
159,1.1,0.086,
160,1.365,0.05,
161,1.322,-0.532,
162,0.073,-0.966,
163,1.65,-1.062,
