1,0.892,-0.113,
2,0.41,-0.95,
3,0.499,-0.628,
4,0.624,-0.303,
5,-0.333,-0.088,
6,-1.348,0.256,
7,0.28,0.434,
8,0.288,-0.574,
9,-0.052,-0.827,
10,-0.252,0.653,
11,0.934,-0.31,
12,0.388,-1.67,
13,0.193,0.717,
14,-0.332,-0.46,
15,-0.28,-1.248,
16,0.871,-0.761,
17,-0.564,-0.278,
18,1.058,-0.512,
19,0.536,-0.657,
20,-0.193,-0.754,
21,1.133,-0.763,
22,-0.098,-1.446,
23,0.443,0.628,
24,0.085,-0.701,
25,-0.346,0.174,
26,-0.431,-0.003,
27,0.747,-1.071,
28,0.655,-1.54,
29,0.017,-0.23,
30,1.141,-0.638,
31,0.115,-0.102,
32,0.233,-0.924,
33,-0.376,-0.537,
34,-0.134,-0.96,
35,0.413,1.135,
36,0.66,-0.996,
37,0.264,-0.313,
38,1.544,-0.709,
39,0.797,-0.822,
40,0.373,-1.05,
41,0.206,0.204,
42,0.841,0.167,
43,0.401,-0.282,
44,0.435,0.386,
45,-0.981,0.445,
46,0.65,0.08,
47,-0.439,-0.831,
48,0.845,-0.61,
49,1.065,-0.728,
50,0.675,-0.893,
51,0.584,-1.288,
52,-0.216,-1.161,
53,1.172,-0.917,
54,0.69,-0.154,
55,-0.547,-1.293,
56,0.35,0.213,
57,0.272,-0.455,
58,0.384,0.587,
59,0.53,-0.688,
60,0.616,0.026,
61,-0.079,-0.283,
62,2.16,-0.649,
63,-0.005,-0.901,
64,-0.032,-1.221,
65,0.419,0.026,
66,0.422,0.213,
67,0.471,-1.042,
68,0.95,-0.742,
69,0.763,0.022,
70,0.321,-0.786,
71,0.999,-0.251,
72,0.624,-0.468,
73,-0.518,-0.423,
74,0.856,0.103,
75,-0.504,-1.263,
76,-0.238,-0.88,
77,0.095,-0.334,
78,0.461,-0.677,
79,-0.677,0.027,
80,0.071,-1.35,
81,-0.5,-0.415,
82,-0.296,-0.723,
83,0.239,-1.188,
84,0.531,0.49,
85,0.629,-0.224,
86,0.551,-0.746,
87,-0.302,-0.484,
88,0.953,-0.787,
89,1.505,-1.001,
90,0.878,-1.354,
91,-0.018,0.011,
92,0.306,-0.014,
93,-0.434,-1.373,
94,0.364,-0.175,
95,-0.209,-1.289,
96,0.315,-0.045,
97,1.169,-0.558,
98,-0.469,-0.377,
99,0.717,-0.604,
100,0.119,-0.492,
101,0.259,-0.112,
102,0.012,-0.767,
103,0.946,0.552,
104,0.429,-0.331,
105,-0.196,-1.138,
106,0.082,-0.547,
107,0.574,0.438,
108,0.94,-1.376,
109,0.292,-0.622,
110,0.903,-0.445,
111,-0.195,-0.02,
112,-0.665,-0.669,
113,0.621,-0.907,
114,-0.822,-0.613,
115,0.137,-1.628,
116,0.379,-0.71,
117,1.004,-0.313,
118,0.304,0.099,
119,-0.096,-0.345,
120,0.391,-1.37,
121,0.41,-0.88,
122,1.035,-0.465,
123,-0.566,-1.272,
124,0.313,-0.516,
125,0.192,-1.849,
126,0.621,-0.799,
127,-0.095,-1.505,
128,-0.395,0.113,
129,-0.048,-1.083,
130,0.776,-0.285,
131,0.603,0.06,
132,-0.236,-0.58,
133,0.222,-0.231,
134,0.076,-0.408,
135,0.484,-1.113,
136,1.097,-0.676,
137,0.258,-0.473,
138,-0.11,-0.321,
139,0.377,-0.714,
140,-0.282,-0.451,
141,0.396,-0.636,
142,0.699,-0.916,
143,0.861,-0.438,
144,0.372,-0.635,
145,0.207,-1.04,
146,0.324,0.584,
147,0.293,-0.709,
148,0.197,-0.773,
149,1.053,-1.347,
150,0.027,-0.816,
151,0.869,-0.316,
152,-0.202,-0.442,
153,0.998,-0.418,
154,-0.028,-1.47,
155,0.019,-0.855,
156,0.163,-0.328,
157,0.601,-1.282,
158,0.78,-1.19,
159,0.27,-0.822,
160,-0.279,-0.458,
161,-0.052,-1.508,
162,-0.308,-0.743,
163,0.746,-2.066,
