1,1.638,-0.059,
2,1.323,-0.289,
3,1.592,-0.389,
4,1.511,-0.617,
5,1.279,0.062,
6,-0.212,0.642,
7,2.153,0.486,
8,2.06,0.053,
9,1.404,-0.858,
10,0.774,0.137,
11,1.762,-0.161,
12,1.937,-0.552,
13,1.903,0.272,
14,0.886,0.175,
15,0.886,-0.361,
16,1.075,-0.681,
17,0.978,-0.098,
18,1.089,-0.332,
19,0.722,-0.077,
20,1.274,-0.827,
21,1.559,-1.073,
22,1.405,-0.479,
23,0.296,-0.701,
24,1.234,-0.482,
25,1.036,0.109,
26,1.931,-0.143,
27,1.948,-0.652,
28,1.843,-0.286,
29,1.724,0.147,
30,1.195,0.03,
31,1.446,0.239,
32,1.626,-0.638,
33,1.877,-0.93,
34,0.402,-0.466,
35,1.942,1.013,
36,0.509,-0.268,
37,1.431,-0.538,
38,1.117,0.113,
39,1.112,-0.184,
40,1.354,-0.431,
41,1.979,-0.121,
42,1.958,0.259,
43,1.489,-0.21,
44,1.56,0.031,
45,1.317,0.22,
46,1.064,-0.358,
47,0.841,-0.848,
48,2.017,0.075,
49,1.071,-1.182,
50,0.913,-1.085,
51,1.546,-0.217,
52,1.309,-0.185,
53,1.217,-0.105,
54,1.643,0.288,
55,1.153,-0.81,
56,1.296,0.03,
57,1.201,0.478,
58,1.166,0.025,
59,1.61,-1.085,
60,1.349,-0.067,
61,1.563,0.424,
62,2.297,-0.067,
63,1.5,0.185,
64,0.514,-1.306,
65,1.967,-0.418,
66,1.493,0.28,
67,1.524,-0.661,
68,1.39,-0.434,
69,1.448,0.134,
70,1.684,-0.771,
71,1.196,-0.63,
72,1.548,-0.202,
73,1.367,-0.348,
74,1.896,-0.322,
75,1.051,-0.339,
76,1.678,-0.919,
77,1.515,-0.223,
78,1.117,-0.21,
79,0.484,-0.434,
80,0.86,-1.169,
81,0.595,-0.556,
82,1.332,-0.457,
83,1.535,-0.548,
84,1.307,-0.397,
85,1.978,0.041,
86,0.918,-0.649,
87,1.427,-1.252,
88,1.421,-0.712,
89,2.277,-0.327,
90,0.851,-0.602,
91,1.921,0.529,
92,1.694,-0.666,
93,0.965,0.145,
94,1.267,-0.81,
95,1.293,-0.539,
96,2.069,-1.158,
97,1.534,-0.76,
98,0.76,-0.903,
99,1.632,-0.345,
100,1.266,-0.908,
101,1.057,-0.278,
102,1.069,-0.719,
103,1.216,0.43,
104,1.385,-0.614,
105,1.397,-0.621,
106,2.316,-0.207,
107,2.237,0.596,
108,1.233,-0.574,
109,1.381,-0.289,
110,1.788,-0.22,
111,1.174,-0.193,
112,0.563,-0.45,
113,1.294,-0.278,
114,1.467,-0.705,
115,0.834,-1.667,
116,1.723,-0.954,
117,1.874,-0.194,
118,1.383,-0.475,
119,1.462,-0.211,
120,1.283,-0.641,
121,1.352,0.034,
122,1.836,-0.11,
123,1.457,-1.045,
124,2.042,-0.744,
125,0.554,-0.794,
126,2.067,-0.617,
127,1.636,-0.635,
128,1.338,-0.203,
129,1.794,-0.06,
130,2.4,-0.522,
131,1.671,0.542,
132,1.114,-0.333,
133,1.203,-0.808,
134,0.734,-0.257,
135,0.932,-0.94,
136,1.589,-0.607,
137,0.709,-0.384,
138,1.216,-0.584,
139,1.04,-0.94,
140,1.666,-0.015,
141,1.312,-1.12,
142,1.163,-1.06,
143,1.038,0.017,
144,1.118,0.154,
145,1.205,-0.642,
146,2.3,0.056,
147,1.144,-0.528,
148,0.807,-0.692,
149,1.035,-2.883,
150,0.821,-0.345,
151,1.987,0.361,
152,1.298,-0.093,
153,1.443,-0.898,
154,0.805,-0.728,
155,0.842,-0.7,
156,1.087,-0.948,
157,0.834,-0.98,
158,1.753,-0.419,
159,1.603,-0.691,
160,1.217,0.276,
161,1.601,-0.674,
162,0.769,-0.507,
163,1.787,-1.351,
