1,1.864,-0.18,
2,0.816,0.548,
3,1.715,-0.814,
4,1.073,-0.865,
5,1.294,-0.137,
6,0.064,1.42,
7,2.36,0.486,
8,2.098,-0.117,
9,1.8,-0.724,
10,0.447,-0.157,
11,0.801,0.319,
12,1.938,0.119,
13,1.71,0.307,
14,1.269,0.82,
15,0.294,-0.284,
16,0.312,-0.752,
17,0.497,-0.015,
18,0.801,-0.166,
19,-0.042,-0.655,
20,0.617,-1.262,
21,0.979,-2.013,
22,1.114,-0.474,
23,-0.582,-0.779,
24,0.84,-0.337,
25,0.529,0.066,
26,1.848,-0.342,
27,2.245,-0.584,
28,1.993,-0.347,
29,2.074,0.723,
30,1.215,0.011,
31,1.006,0.305,
32,1.85,-0.767,
33,1.251,-1.951,
34,-0.37,0.092,
35,1.649,0.924,
36,0.265,-0.124,
37,0.726,-0.811,
38,0.482,-0.257,
39,0.054,0.125,
40,0.794,-0.288,
41,1.946,-0.426,
42,1.407,-0.18,
43,1.338,-0.127,
44,1.234,0.271,
45,0.959,0.448,
46,0.805,0.155,
47,0.178,-0.709,
48,1.256,0.454,
49,0.197,-1.306,
50,0.892,-1.239,
51,1.63,-0.394,
52,1.177,-0.215,
53,0.628,0.971,
54,2.415,0.315,
55,1.038,-0.743,
56,1.718,0.123,
57,0.697,1.821,
58,1.42,0.489,
59,1.602,-1.626,
60,1.142,0.657,
61,0.565,0.838,
62,3.26,-0.053,
63,1.439,0.345,
64,-0.252,-1.906,
65,1.643,-0.045,
66,0.833,0.214,
67,1.493,-0.767,
68,0.524,-0.411,
69,0.043,0.554,
70,1.841,-0.008,
71,0.798,-0.5,
72,1.038,-0.12,
73,1.05,-0.804,
74,1.892,-0.329,
75,0.719,0.331,
76,1.29,-1.239,
77,1.094,-0.1,
78,0.895,0.128,
79,0.232,-0.255,
80,-0.177,-1.167,
81,0.097,-0.63,
82,0.068,-0.384,
83,1.454,-0.516,
84,1.156,-0.444,
85,1.521,1.07,
86,0.158,-1.519,
87,1.32,-1.727,
88,1.101,-0.175,
89,2.477,-0.583,
90,0.402,-0.834,
91,2.117,1.535,
92,1.792,-0.539,
93,1.07,0.541,
94,1.42,-1.062,
95,0.83,0.592,
96,2.99,-1.54,
97,1.492,-0.357,
98,0.391,-0.389,
99,0.987,0.489,
100,2.086,-2.18,
101,0.971,-0.832,
102,0.655,-0.887,
103,0.411,0.883,
104,1.25,-0.646,
105,1.559,-0.518,
106,2.365,-0.663,
107,2.636,0.97,
108,0.727,-0.779,
109,0.789,-0.31,
110,0.949,-0.379,
111,1.218,0.47,
112,0.59,-0.016,
113,1.087,0.099,
114,1.362,-0.164,
115,0.192,-1.696,
116,1.658,-1.242,
117,1.976,-1.134,
118,1.473,-0.67,
119,1.616,0.134,
120,1.032,-0.524,
121,1.352,0.77,
122,0.661,0.487,
123,1.563,-0.427,
124,1.913,-0.683,
125,0.135,0.051,
126,2.397,-0.561,
127,1.541,-0.039,
128,1.314,-0.005,
129,1.731,0.48,
130,2.627,-0.304,
131,1.433,0.813,
132,1.057,-0.136,
133,1.03,-0.895,
134,0.497,-0.054,
135,0.194,-0.662,
136,1.298,-0.664,
137,0.43,-0.46,
138,1.337,-0.259,
139,0.988,-0.848,
140,1.446,0.419,
141,0.794,-1.106,
142,1.092,-1.169,
143,0.86,-0.242,
144,0.893,0.683,
145,0.879,-0.24,
146,2.011,0.017,
147,0.243,-0.337,
148,-0.185,-0.855,
149,0.324,-2.67,
150,1.349,-0.712,
151,1.481,1.115,
152,1.408,-0.058,
153,1.356,-1.152,
154,0.217,-0.476,
155,1.104,-0.816,
156,0.717,-1.476,
157,-0.161,-0.938,
158,1.56,-0.148,
159,1.398,-0.197,
160,1.144,1.005,
161,1.407,-0.408,
162,-0.121,-0.92,
163,0.815,-1.687,
