1,0.135,-1.296,
2,0.395,-0.575,
3,0.916,0.302,
4,0.444,0.382,
5,-0.352,-0.475,
6,-2.491,1.045,
7,-0.05,-1.749,
8,-1.113,-1.276,
9,0.32,-0.358,
10,-0.046,0.817,
11,1.049,-0.427,
12,0.2,-0.647,
13,-0.38,0.511,
14,-2.057,0.01,
15,-0.671,-3.079,
16,-0.059,-0.357,
17,-0.989,0.315,
18,0.62,0.099,
19,0.95,-0.448,
20,-0.77,-0.928,
21,0.803,0.643,
22,-0.692,-1.064,
23,0.086,0.852,
24,-0.375,0.546,
25,0.173,0.464,
26,-0.383,0.545,
27,0.502,-0.12,
28,1.28,-0.906,
29,-0.473,-0.117,
30,0.899,-0.95,
31,0.026,-0.391,
32,0.234,-0.788,
33,-1.217,-0.893,
34,-0.586,-0.4,
35,-0.11,0.97,
36,0.66,-0.058,
37,0.214,0.074,
38,0.795,0.045,
39,1.978,-0.655,
40,0.058,-0.874,
41,0.327,-0.074,
42,1.685,-0.549,
43,0.267,-0.398,
44,0.213,0.18,
45,-1.005,0.591,
46,0.704,0.044,
47,-0.553,-0.234,
48,0.126,-0.798,
49,0.317,0.197,
50,0.637,-0.476,
51,-0.39,-1.654,
52,-0.052,-0.284,
53,1.069,-0.654,
54,-0.235,0.434,
55,-0.272,-0.363,
56,1.269,1.076,
57,-0.061,0.325,
58,0.012,0.335,
59,0.3,0.846,
60,0.14,0.063,
61,-0.346,-0.222,
62,2.247,-1.128,
63,0.126,-0.105,
64,-0.843,-1.616,
65,0.554,0.257,
66,-0.196,0.174,
67,0.476,0.055,
68,0.987,-0.452,
69,1.348,-0.029,
70,0.203,0.492,
71,1.661,1.026,
72,0.348,-0.606,
73,-0.63,0.148,
74,-0.202,0.171,
75,-0.617,-1.833,
76,-1.144,-1.662,
77,0.367,-0.19,
78,-0.583,0.215,
79,-0.359,0.557,
80,-0.123,-0.767,
81,-0.412,-0.17,
82,-2.451,-0.174,
83,-1.173,-0.337,
84,0.426,0.752,
85,-0.007,-0.457,
86,0.403,-1.741,
87,-1.182,-0.013,
88,1.481,-3.102,
89,1.155,-2.492,
90,0.78,-0.804,
91,0.518,-0.741,
92,0.219,-0.261,
93,0.833,-1.008,
94,0.999,0.533,
95,-1.045,-1.466,
96,-0.32,1.45,
97,0.229,-0.56,
98,-0.28,2.153,
99,0.574,0.262,
100,0.893,0.49,
101,-0.149,-0.012,
102,0.422,0.078,
103,2.065,0.034,
104,-0.089,-0.312,
105,-0.303,-0.506,
106,-0.415,-0.636,
107,0.297,0.746,
108,1.602,-1.77,
109,0.176,-0.598,
110,0.351,-0.479,
111,1.072,0.647,
112,0.064,-0.55,
113,0.61,0.728,
114,-1.541,-0.507,
115,-0.678,0.987,
116,-0.166,-0.356,
117,0.555,1.28,
118,0.497,1.232,
119,-0.369,-0.47,
120,0.252,-1.177,
121,-0.867,-0.465,
122,1.261,0.425,
123,-0.875,-0.327,
124,0.198,0.176,
125,-0.087,-1.713,
126,0.678,-1.679,
127,-0.403,-1.28,
128,0.24,0.073,
129,0.104,-0.929,
130,1.687,-0.361,
131,-0.313,-0.325,
132,-0.234,0.019,
133,-0.299,0.567,
134,-0.47,-0.306,
135,0.395,-1.137,
136,0.873,0.151,
137,0.704,0.213,
138,-0.348,-0.385,
139,0.983,0.729,
140,-0.147,-0.362,
141,0.568,1.431,
142,0.925,0.924,
143,0.94,-0.15,
144,-0.379,-0.229,
145,0.016,-0.354,
146,-0.033,0.411,
147,0.327,-0.64,
148,0.672,-0.674,
149,0.677,0.786,
150,1.059,-0.691,
151,0.157,-0.562,
152,0.029,-0.673,
153,0.765,-1.015,
154,0.174,-0.467,
155,-0.061,-0.756,
156,-0.69,0.631,
157,1.137,-0.852,
158,0.072,-0.721,
159,0.259,0.044,
160,-0.191,-0.076,
161,0.07,-1.64,
162,-0.418,0.109,
163,1.493,-0.595,
