1,0.845,-0.313,
2,0.505,-0.868,
3,0.864,-0.454,
4,0.683,-0.067,
5,-0.46,-0.008,
6,-1.731,1,
7,-0.044,0.091,
8,-0.347,-0.964,
9,-0.058,-0.753,
10,-0.194,0.889,
11,1.201,-0.589,
12,0.244,-1.769,
13,-0.278,0.935,
14,-0.966,-0.592,
15,-0.416,-2.02,
16,0.834,-0.592,
17,-0.966,-0.248,
18,1.27,-0.374,
19,0.655,-0.785,
20,-0.545,-0.835,
21,1.39,-0.421,
22,-0.375,-1.591,
23,0.379,0.939,
24,-0.067,-0.359,
25,-0.422,0.334,
26,-0.78,0.152,
27,0.772,-0.943,
28,0.954,-1.826,
29,-0.179,-0.064,
30,1.31,-0.759,
31,0.04,-0.18,
32,0.152,-0.919,
33,-0.548,-0.416,
34,-0.184,-0.845,
35,0.319,1.334,
36,1.048,-0.99,
37,0.154,-0.133,
38,1.882,-0.7,
39,1.328,-0.778,
40,0.357,-1.135,
41,0.175,0.292,
42,1.162,0.196,
43,0.127,-0.19,
44,0.381,0.398,
45,-1.477,0.868,
46,0.568,0,
47,-0.524,-0.669,
48,0.764,-0.849,
49,1.174,-0.538,
50,1.023,-0.828,
51,0.408,-1.661,
52,-0.315,-1.069,
53,1.432,-0.802,
54,0.708,0.034,
55,-0.744,-1.013,
56,0.752,0.221,
57,0.231,-0.24,
58,0.376,0.825,
59,0.488,-0.423,
60,0.594,0.084,
61,-0.314,-0.286,
62,2.47,-0.952,
63,0.32,-0.798,
64,-0.141,-1.48,
65,0.731,0.442,
66,0.208,0.304,
67,0.691,-0.799,
68,1.282,-0.964,
69,1.1,0.057,
70,0.401,-0.544,
71,1.556,0.209,
72,0.561,-0.647,
73,-0.857,-0.43,
74,0.634,0.207,
75,-0.802,-1.63,
76,-0.676,-1.276,
77,0.14,-0.18,
78,0.445,-0.473,
79,-0.629,0.409,
80,-0.089,-1.49,
81,-0.665,-0.288,
82,-1.285,-0.791,
83,-0.14,-1.244,
84,0.778,1.328,
85,0.668,-0.304,
86,0.546,-1.307,
87,-0.688,-0.21,
88,1.379,-1.676,
89,1.908,-1.773,
90,0.928,-1.405,
91,-0.074,-0.004,
92,0.38,0.216,
93,-0.014,-2.003,
94,0.672,-0.136,
95,-0.562,-1.58,
96,0.115,0.559,
97,1.103,-0.546,
98,-0.272,0.56,
99,0.854,-0.255,
100,0.528,-0.237,
101,0.223,-0.088,
102,0.048,-0.51,
103,1.445,0.823,
104,0.325,-0.286,
105,-0.472,-0.86,
106,-0.064,-0.554,
107,0.584,0.729,
108,1.423,-1.789,
109,0.34,-0.644,
110,0.857,-0.404,
111,0.036,0.146,
112,-0.451,-0.633,
113,0.688,-0.789,
114,-1.175,-0.539,
115,-0.096,-1.006,
116,0.25,-0.557,
117,1.152,-0.018,
118,0.428,0.872,
119,-0.331,-0.537,
120,0.563,-1.496,
121,0.142,-0.95,
122,1.144,-0.575,
123,-0.755,-1.056,
124,0.253,-0.373,
125,0.27,-2.307,
126,0.617,-0.992,
127,-0.214,-1.731,
128,-0.396,0.319,
129,-0.172,-1.18,
130,1.279,-0.351,
131,0.503,-0.225,
132,-0.315,-0.376,
133,0.212,0.114,
134,-0.231,-0.604,
135,0.611,-1.454,
136,1.449,-0.421,
137,0.59,-0.322,
138,-0.14,-0.274,
139,0.632,-0.209,
140,-0.362,-0.284,
141,0.561,0.018,
142,1.035,-0.649,
143,1.145,-0.535,
144,0.382,-0.642,
145,0.322,-1.008,
146,0.174,0.789,
147,0.523,-0.757,
148,0.489,-0.905,
149,1.244,-0.565,
150,0.447,-0.742,
151,0.57,-0.394,
152,-0.239,-0.655,
153,1.236,-0.397,
154,0.09,-1.3,
155,0.037,-0.835,
156,0.251,0,
157,0.968,-1.369,
158,0.539,-1.256,
159,0.339,-0.657,
160,-0.241,-0.338,
161,-0.096,-1.74,
162,-0.527,-0.677,
163,0.913,-1.916,
