1,-0.034,-0.41,
2,0.224,-0.083,
3,1.561,0.373,
4,0.364,0.663,
5,-0.198,0.241,
6,-2.305,1.271,
7,0.585,-0.857,
8,-1.103,-0.018,
9,0.203,-0.437,
10,0.103,0.644,
11,0.882,-0.994,
12,0.032,-0.659,
13,-0.869,-0.171,
14,-1.048,-0.973,
15,-0.94,-2.03,
16,0.326,-0.127,
17,-1.125,0.061,
18,0.206,0.339,
19,0.049,0.405,
20,-0.787,-0.052,
21,0.273,0.672,
22,-0.891,-0.218,
23,-0.107,0.366,
24,-0.479,0.964,
25,0.484,-0.085,
26,-0.199,0.241,
27,0.361,0.664,
28,1.042,-0.52,
29,-0.574,0.397,
30,0.64,-0.018,
31,0.102,-0.15,
32,-0.05,-0.469,
33,0.072,0.131,
34,-0.208,0.129,
35,-0.114,0.452,
36,1.37,0.549,
37,-0.019,0.209,
38,0.797,-0.327,
39,1.201,-0.067,
40,-0.13,-0.485,
41,0.295,0.062,
42,0.86,-0.288,
43,-1.143,0.013,
44,0.201,-0.213,
45,-0.767,0.796,
46,0.238,0.229,
47,-0.303,0.159,
48,0.223,-1.209,
49,-0.077,0.058,
50,1.085,-0.106,
51,-1.022,-0.687,
52,0.092,0.497,
53,0.475,-0.024,
54,0.423,0.32,
55,-0.467,0.319,
56,0.969,-0.006,
57,0.062,0.02,
58,-0.119,0.64,
59,-0.515,-0.16,
60,-0.3,-0.043,
61,-0.21,-0.325,
62,2.022,-0.683,
63,0.487,0.316,
64,-0.049,-0.935,
65,1.498,0.642,
66,-0.361,0.185,
67,0.492,0.123,
68,1.393,-0.282,
69,1.042,0.308,
70,0.169,0.216,
71,1.554,0.222,
72,-0.008,-0.703,
73,-0.774,0.233,
74,-0.313,0.35,
75,-1.227,-0.82,
76,0.115,-0.633,
77,0.095,0.177,
78,-0.036,0.573,
79,-0.054,1.247,
80,-0.836,-0.734,
81,-0.017,0.195,
82,-0.981,-0.019,
83,-0.625,-0.477,
84,0.688,1.161,
85,0.051,-0.518,
86,-0.095,-1.423,
87,-1.112,0.259,
88,0.677,-1.745,
89,0.646,0.006,
90,0.002,-0.266,
91,0.013,0.221,
92,0.205,0.233,
93,0.711,-0.773,
94,0.978,0.106,
95,-0.406,-0.671,
96,-0.205,0.183,
97,-0.039,-0.409,
98,0.37,0.827,
99,0.436,0.696,
100,1.289,0.094,
101,-0.096,-0.12,
102,-0.782,0.721,
103,1.177,0.442,
104,-0.797,-0.053,
105,-0.696,0.273,
106,-0.735,-0.655,
107,0.328,1.081,
108,0.358,-1.298,
109,0.155,-0.553,
110,0.256,-0.396,
111,0.845,-0.223,
112,0.397,-0.451,
113,0.173,0.137,
114,-1.073,-0.139,
115,-0.354,0.701,
116,-0.154,-0.099,
117,0.515,0.944,
118,0.114,0.801,
119,-0.476,-0.764,
120,0.413,-0.753,
121,-0.711,-0.721,
122,0.484,-0.318,
123,-0.813,0.161,
124,0.028,0.333,
125,0.379,-1.9,
126,-0.163,-0.802,
127,0.013,-0.646,
128,0.074,0.729,
129,-0.263,-0.747,
130,1.628,-0.412,
131,-0.247,-0.735,
132,-0.376,0.363,
133,-0.183,0.282,
134,-1.109,-0.694,
135,0.737,-1.102,
136,0.394,0.51,
137,0.419,0.19,
138,-0.037,-0.178,
139,0.27,1.082,
140,-0.089,0.238,
141,0.27,1.408,
142,0.826,-0.017,
143,0.313,-0.501,
144,0.851,-0.757,
145,0.711,-0.415,
146,0.034,-0.017,
147,0.881,-0.187,
148,0.498,-0.399,
149,0.293,-0.057,
150,0.47,-0.527,
151,-0.64,-0.234,
152,-0.204,-0.654,
153,0.154,-0.243,
154,0.469,0.525,
155,0.133,-0.201,
156,-0.533,0.122,
157,-0.181,-1.112,
158,0.117,-0.399,
159,-0.125,0.11,
160,-0.062,0.25,
161,0.246,-0.609,
162,-0.434,0.139,
163,0.814,-1.036,
