1,0.831,-0.136,
2,0.329,-1.009,
3,0.295,-0.721,
4,0.571,-0.446,
5,-0.171,-0.229,
6,-1.213,-0.143,
7,0.468,0.361,
8,0.629,-0.423,
9,-0.039,-0.959,
10,-0.241,0.428,
11,0.764,-0.191,
12,0.481,-1.517,
13,0.543,0.252,
14,-0.076,-0.447,
15,-0.148,-0.81,
16,0.731,-0.908,
17,-0.309,-0.368,
18,0.772,-0.6,
19,0.454,-0.518,
20,0.04,-0.672,
21,0.82,-0.815,
22,0.03,-1.225,
23,0.461,0.052,
24,0.211,-0.852,
25,-0.166,-0.042,
26,-0.093,-0.119,
27,0.691,-0.99,
28,0.497,-1.206,
29,0.127,-0.327,
30,0.878,-0.408,
31,0.194,-0.022,
32,0.29,-0.897,
33,-0.13,-0.581,
34,-0.158,-0.978,
35,0.491,0.837,
36,0.415,-0.849,
37,0.313,-0.459,
38,1.151,-0.708,
39,0.495,-0.785,
40,0.329,-0.91,
41,0.305,0.067,
42,0.706,0.084,
43,0.485,-0.34,
44,0.512,0.262,
45,-0.486,0.114,
46,0.619,0.034,
47,-0.371,-0.904,
48,0.935,-0.528,
49,0.75,-0.854,
50,0.396,-0.922,
51,0.564,-0.989,
52,-0.057,-1.016,
53,0.942,-0.972,
54,0.583,-0.253,
55,-0.368,-1.377,
56,0.196,0.118,
57,0.271,-0.583,
58,0.306,0.371,
59,0.397,-0.863,
60,0.546,-0.135,
61,0.132,-0.332,
62,1.69,-0.483,
63,-0.075,-0.852,
64,-0.025,-1.105,
65,0.379,-0.314,
66,0.518,0.144,
67,0.242,-1.139,
68,0.688,-0.599,
69,0.56,0.003,
70,0.264,-0.855,
71,0.65,-0.492,
72,0.635,-0.422,
73,-0.282,-0.401,
74,0.902,-0.043,
75,-0.308,-1.044,
76,0.028,-0.638,
77,0.06,-0.482,
78,0.365,-0.722,
79,-0.673,-0.203,
80,0.109,-1.265,
81,-0.266,-0.488,
82,0.253,-0.602,
83,0.419,-1.02,
84,0.345,-0.097,
85,0.589,-0.239,
86,0.431,-0.354,
87,-0.002,-0.69,
88,0.706,-0.395,
89,1.078,-0.592,
90,0.695,-1.206,
91,0.058,-0.018,
92,0.237,-0.268,
93,-0.523,-0.812,
94,0.156,-0.199,
95,0.057,-1.072,
96,0.357,-0.453,
97,1.1,-0.536,
98,-0.551,-0.907,
99,0.556,-0.72,
100,-0.034,-0.59,
101,0.288,-0.135,
102,0.099,-0.838,
103,0.547,0.316,
104,0.361,-0.387,
105,-0.025,-1.165,
106,0.14,-0.488,
107,0.576,0.341,
108,0.536,-1.129,
109,0.27,-0.617,
110,0.862,-0.403,
111,-0.145,-0.122,
112,-0.715,-0.702,
113,0.497,-0.865,
114,-0.467,-0.68,
115,0.282,-1.865,
116,0.403,-0.811,
117,0.75,-0.354,
118,0.206,-0.368,
119,0.052,-0.339,
120,0.306,-1.186,
121,0.408,-0.795,
122,0.888,-0.431,
123,-0.391,-1.38,
124,0.399,-0.633,
125,0.124,-1.53,
126,0.611,-0.716,
127,0.106,-1.228,
128,-0.31,-0.026,
129,0.021,-0.953,
130,0.519,-0.302,
131,0.603,0.219,
132,-0.199,-0.659,
133,0.166,-0.461,
134,0.187,-0.319,
135,0.277,-1.014,
136,0.754,-0.767,
137,0.017,-0.49,
138,-0.073,-0.376,
139,0.118,-0.957,
140,-0.172,-0.519,
141,0.245,-1.022,
142,0.403,-1.014,
143,0.605,-0.354,
144,0.29,-0.589,
145,0.073,-1.023,
146,0.515,0.323,
147,0.231,-0.599,
148,-0.015,-0.6,
149,0.694,-1.884,
150,-0.354,-0.758,
151,0.96,-0.226,
152,-0.192,-0.269,
153,0.717,-0.494,
154,-0.038,-1.321,
155,0.011,-0.778,
156,0.012,-0.431,
157,0.251,-1.16,
158,0.865,-0.935,
159,0.19,-0.81,
160,-0.201,-0.479,
161,0.055,-1.173,
162,-0.092,-0.649,
163,0.709,-1.942,
