1,0.753,1.328,
2,-0.513,-0.673,
3,-2.489,-1.779,
4,0.21,0.453,
5,-1.349,-0.274,
6,-2.851,0.102,
7,-1.664,1.588,
8,-1.538,0.325,
9,-3.247,1.269,
10,-0.333,0.724,
11,-0.498,1.591,
12,1.722,-0.596,
13,0.141,0.006,
14,-1.324,1.035,
15,-3.35,-0.565,
16,1.19,0.83,
17,-0.836,0.357,
18,0.948,1.437,
19,0.006,0.626,
20,-0.369,1.045,
21,2.015,-1.288,
22,0.039,-0.838,
23,-1.485,-1.261,
24,-1.508,1.2,
25,-1.181,-0.469,
26,-0.238,0.361,
27,-1.641,0.508,
28,0.627,0.33,
29,-0.52,0.167,
30,-0.492,0.587,
31,1.25,-0.109,
32,0.294,-0.206,
33,-1.538,0.464,
34,0.785,0.79,
35,-0.279,0.522,
36,-2.243,0.781,
37,-0.165,0.139,
38,0.673,-0.333,
39,0.634,1.455,
40,-0.652,-0.413,
41,-1.609,-1.211,
42,0.336,-1.014,
43,0.135,0.312,
44,0.493,0.688,
45,-0.291,-0.127,
46,0.651,0.426,
47,-0.079,0.533,
48,-0.012,-0.381,
49,-0.993,-0.825,
50,1.111,0.012,
51,-0.811,-0.718,
52,0.121,0.308,
53,-0.44,0.657,
54,-1.002,-1.093,
55,0.691,0.182,
56,0.295,1.796,
57,1.137,1.667,
58,-0.764,0.424,
59,-1.647,1.407,
60,0.783,-0.044,
61,-1.278,1.937,
62,1.359,-1.295,
63,0.973,-1.282,
64,-0.01,0.017,
65,-0.276,-0.441,
66,0.597,-0.009,
67,-1.277,0.464,
68,0.501,0.614,
69,0.041,1.266,
70,1.092,-0.55,
71,-0.418,0.276,
72,-1.51,0.886,
73,-0.871,-0.713,
74,-0.786,-0.217,
75,-2.876,0.438,
76,0.694,-0.218,
77,0.083,-0.571,
78,1.162,1.176,
79,-0.173,-0.06,
80,-1.524,2.038,
81,0.134,-0.132,
82,-1.64,0.611,
83,0.39,0.262,
84,-0.11,0.244,
85,0.369,0.956,
86,-0.27,-0.633,
87,-0.449,-0.592,
88,-1.199,1.438,
89,0.226,0.045,
90,-1.233,0.063,
91,-0.011,1.289,
92,-0.741,0.544,
93,0.235,1.427,
94,-1.088,-0.318,
95,-1.498,-1.239,
96,0.457,-0.553,
97,-0.255,-0.203,
98,-0.097,0.118,
99,-0.127,-0.525,
100,0.231,0.923,
101,-0.393,0.079,
102,-2.147,0.348,
103,1.443,0.275,
104,-0.084,0.048,
105,-0.693,1.718,
106,0.322,0.133,
107,1.724,0.425,
108,0.196,0.135,
109,-1.364,-1.279,
110,-0.138,0.575,
111,0.515,-1.885,
112,-0.778,1.473,
113,-1.243,-0.752,
114,1.15,-0.181,
115,-0.778,-0.415,
116,0.231,1.387,
117,-1.48,-1.178,
118,-0.251,-0.151,
119,1.035,0.607,
120,-0.903,-0.101,
121,-0.046,-1.337,
122,-1.205,-0.852,
123,-1.937,1.35,
124,-0.957,-0.649,
125,-0.077,0.86,
126,-1.851,0.49,
127,-0.076,-0.89,
128,-0.044,0.104,
129,0.955,0.241,
130,1.197,-1.741,
131,-0.019,1.181,
132,-0.042,1.109,
133,-0.828,0.875,
134,-2.551,-1.441,
135,-0.21,-2.087,
136,0.277,-1.098,
137,0.019,0.295,
138,2.224,0.313,
139,-0.816,-0.266,
140,-0.464,-0.437,
141,-0.271,1.323,
142,1.75,-0.274,
143,0.426,1.684,
144,0.134,-0.172,
145,0.722,-1.065,
146,-1.231,0.725,
147,0.538,-0.492,
148,0.153,-0.517,
149,1.266,-1.762,
150,0.361,-0.276,
151,1.355,0.429,
152,0.517,-0.255,
153,-0.261,-0.295,
154,-0.743,2.246,
155,0.077,-0.461,
156,-2.035,-0.918,
157,-0.056,0.198,
158,0.721,-2.029,
159,0.379,-0.911,
160,-0.026,-0.061,
161,0.019,0.248,
162,-0.367,-0.325,
163,-0.017,-2.146,
