1,-0.004,0.928,
2,-0.074,0.148,
3,-0.681,0.679,
4,-0.168,0.753,
5,-0.071,0.947,
6,-1.581,0.421,
7,-0.288,1.164,
8,0.407,0.56,
9,-0.319,-0.078,
10,-0.711,1.171,
11,0.447,1.206,
12,0.217,0.004,
13,0.442,0.779,
14,-0.943,0.571,
15,-0.644,0.5,
16,-0.086,0.416,
17,-1.046,0.777,
18,-0.134,0.539,
19,-0.379,0.776,
20,-0.185,0.562,
21,-0.038,0.692,
22,-0.393,0.374,
23,-0.105,0.269,
24,-0.311,0.471,
25,-0.705,0.954,
26,-0.332,0.851,
27,0.012,0.267,
28,-0.043,0.567,
29,-0.283,0.578,
30,0.001,1.534,
31,-0.246,1.338,
32,-0.171,0.21,
33,-0.382,0.944,
34,-0.831,0.304,
35,-0.214,1.574,
36,-0.712,0.951,
37,0.052,0.427,
38,-0.363,0.324,
39,-0.316,0.746,
40,-0.437,0.363,
41,-0.113,0.648,
42,0.306,0.658,
43,-0.183,0.735,
44,0.135,1.288,
45,-0.385,0.61,
46,-0.274,0.772,
47,-0.858,0.156,
48,0.659,0.405,
49,-0.418,-0.038,
50,-0.657,-0.077,
51,-0.308,0.518,
52,-0.213,0.575,
53,0.225,0.001,
54,-0.088,0.864,
55,-0.499,-0.258,
56,-0.402,0.652,
57,-0.284,0.434,
58,-0.506,0.893,
59,-0.957,0.571,
60,-0.499,0.376,
61,-0.358,0.761,
62,0.213,0.584,
63,-0.264,0.72,
64,-0.835,-0.258,
65,-0.093,0.315,
66,0.246,0.956,
67,-0.678,0.139,
68,-0.64,0.683,
69,-0.169,1.194,
70,-0.287,0.652,
71,-0.457,0.775,
72,0.066,0.729,
73,-0.555,0.835,
74,-0.015,0.856,
75,-0.458,0.759,
76,-0.049,0.817,
77,-0.458,0.22,
78,-0.461,0.628,
79,-1.191,0.42,
80,-0.352,-0.221,
81,0.105,0.655,
82,-0.311,0.583,
83,0.12,0.544,
84,-0.329,0.554,
85,0.003,0.867,
86,-0.565,1.149,
87,-0.363,-0.046,
88,-0.096,0.331,
89,-0.014,0.326,
90,-0.229,0.525,
91,-0.197,0.71,
92,-0.64,0.329,
93,-0.663,1.092,
94,-0.509,1.01,
95,-0.219,0.577,
96,-0.072,0.221,
97,0.371,0.686,
98,-1.209,0.034,
99,-0.272,0.493,
100,-0.8,0.667,
101,-0.334,1.117,
102,-0.245,-0.03,
103,-0.327,0.591,
104,-0.397,0.436,
105,-0.219,0.512,
106,-0.354,0.977,
107,0.293,1.456,
108,-0.229,0.532,
109,-0.314,0.33,
110,0.282,0.883,
111,-0.212,0.714,
112,-1.239,0.335,
113,-0.386,0.504,
114,-0.455,0.267,
115,-0.162,-0.805,
116,-0.127,0.101,
117,-0.102,0.496,
118,-0.25,0.805,
119,0.013,0.683,
120,-0.161,0.275,
121,-0.443,0.567,
122,0.209,0.81,
123,-0.574,-0.459,
124,-0.017,0.278,
125,-0.47,0.224,
126,-0.067,0.552,
127,-0.067,0.202,
128,-0.348,0.778,
129,-0.27,0.419,
130,0.351,0.595,
131,-0.273,1.57,
132,-0.755,0.505,
133,-0.59,0.719,
134,-0.477,0.874,
135,-0.693,0.029,
136,-0.301,0.364,
137,-0.704,0.963,
138,-0.395,0.915,
139,-0.74,-0.143,
140,-0.465,0.607,
141,-0.414,-0.434,
142,-0.645,0.017,
143,-0.457,1.203,
144,-0.611,0.708,
145,-0.749,0.079,
146,0.207,1.053,
147,-0.411,0.637,
148,-0.886,0.55,
149,-0.189,-1.246,
150,-1.071,0.631,
151,0.751,0.785,
152,-0.532,1.013,
153,-0.153,0.279,
154,-0.824,0.562,
155,-0.633,0.515,
156,-0.837,0.662,
157,-0.528,0.351,
158,0.212,0.862,
159,-0.15,0.199,
160,-0.62,0.661,
161,-0.052,0.661,
162,-0.47,0.682,
163,0.389,-0.141,
