1,0.617,1.7,
2,-0.385,-0.872,
3,-2.523,-1.533,
4,0.023,0.963,
5,-1.699,-0.213,
6,-3.719,-0.011,
7,-2.216,2.457,
8,-1.736,0.155,
9,-2.533,1.479,
10,-0.799,0.732,
11,0.699,1.643,
12,1.48,-0.843,
13,-0.167,0.592,
14,-2.307,1.184,
15,-4.07,-1.18,
16,0.73,1.697,
17,-1.392,0.598,
18,1.101,1.621,
19,0.046,0.917,
20,-0.571,1.105,
21,2.405,-1.812,
22,0.262,-1.068,
23,-1.604,-0.832,
24,-1.855,0.884,
25,-1.483,-0.178,
26,-0.638,0.569,
27,-1.882,0.737,
28,1.537,0.573,
29,-0.483,0.315,
30,-0.521,1.823,
31,1.034,0.625,
32,0.033,-0.138,
33,-1.918,1.623,
34,0.818,0.985,
35,-0.715,1.494,
36,-2.683,1.297,
37,-0.4,0.175,
38,0.479,-0.163,
39,-0.084,3.571,
40,-1.26,-0.25,
41,-1.689,-1.109,
42,1.389,-1.404,
43,0.136,0.445,
44,0.362,2.023,
45,-0.895,0.014,
46,0.324,1.206,
47,-0.097,0.945,
48,0.249,-0.534,
49,-1.067,-1.56,
50,0.769,-0.288,
51,-1.035,0.55,
52,0.235,0.92,
53,-0.599,0.472,
54,-1.837,-1.381,
55,0.907,0.03,
56,0.015,2.055,
57,1.14,1.731,
58,-1.003,0.643,
59,-3.144,2.251,
60,0.27,-0.464,
61,-1.65,2.797,
62,0.827,-1.101,
63,0.448,-0.794,
64,-0.659,-0.607,
65,-0.465,-0.561,
66,0.423,0.344,
67,-1.71,0.326,
68,-0.93,1.266,
69,-0.228,1.358,
70,1.13,-0.101,
71,-0.316,0.435,
72,-1.91,1.696,
73,-1,-0.695,
74,-1.39,0.479,
75,-2.742,1.776,
76,0.212,0.309,
77,-0.161,-0.728,
78,1.83,1.567,
79,-0.31,-0.083,
80,-1.563,2.159,
81,0.469,-0.121,
82,-1.66,0.717,
83,0.83,0.401,
84,-1.13,0.441,
85,0.635,1.454,
86,-1.453,-0.321,
87,-1.002,-1.117,
88,-0.535,2.034,
89,-0.059,0.121,
90,-1.189,0.63,
91,-0.715,1.099,
92,-1.264,0.928,
93,1.006,2.129,
94,-1.133,-0.088,
95,-1.285,-0.873,
96,0.509,-1.054,
97,0.212,0.191,
98,-0.822,0.081,
99,-0.6,-0.301,
100,-0.359,1.869,
101,-0.202,0.783,
102,-1.902,0.354,
103,1.316,0.642,
104,-0.23,0.049,
105,-0.515,2.297,
106,0.213,1.172,
107,2.478,1.188,
108,0.432,0.786,
109,-1.623,-1.087,
110,-0.009,1.004,
111,-0.143,-1.998,
112,-1.258,1.738,
113,-1.911,-0.193,
114,0.912,-0.052,
115,-0.592,-0.954,
116,0.433,1.716,
117,-1.679,-0.616,
118,-0.503,0.946,
119,1.464,0.98,
120,-0.092,0.201,
121,-0.184,-0.888,
122,-1.782,-0.352,
123,-2.272,1.097,
124,-1.56,-0.853,
125,-0.414,1.431,
126,-1.853,1.193,
127,0.026,-1.352,
128,-0.028,0.245,
129,0.752,0.529,
130,1.493,-1.288,
131,-0.645,2.641,
132,-0.281,1.349,
133,-0.839,1.788,
134,-2.714,-1.44,
135,-1.166,-1.922,
136,0.446,-0.544,
137,-0.416,0.815,
138,1.877,0.733,
139,-0.907,-0.274,
140,-0.219,-1.291,
141,-0.41,0.752,
142,1.178,-0.168,
143,-0.238,2.689,
144,-0.505,0.765,
145,-0.108,-1.327,
146,-1.28,0.894,
147,0.249,-0.302,
148,-0.05,-0.517,
149,1.313,-2.587,
150,0.001,0.507,
151,2.071,0.436,
152,0.167,0.452,
153,-0.304,0.411,
154,-1.296,2.771,
155,-0.593,-0.388,
156,-2.345,-0.857,
157,0.485,0.65,
158,0.707,-1.326,
159,0.889,-0.928,
160,-0.259,-0.057,
161,0.012,1.074,
162,-1.227,0.608,
163,0.076,-1.929,
