1,-0.002,-0.202,
2,-0.206,0.267,
3,0.609,-0.072,
4,-0.014,0.057,
5,0.219,-0.24,
6,0.054,0.083,
7,0.117,-0.625,
8,0.163,-0.612,
9,0.622,-0.133,
10,-0.073,-0.033,
11,-0.533,-0.031,
12,0.338,0.365,
13,-0.121,-0.045,
14,0.469,-0.258,
15,-0.075,-0.046,
16,0.214,-0.237,
17,-0.503,0.326,
18,-0.243,0.312,
19,-0.261,-0.03,
20,-0.188,-0.035,
21,-0.272,-0.231,
22,0.061,-0.023,
23,-0.15,-0.321,
24,-0.315,0.253,
25,0.355,-0.068,
26,0.393,-0.11,
27,0.345,0.173,
28,0.273,-0.014,
29,-0.006,0.354,
30,0.73,0.28,
31,-0.109,-0.063,
32,0.373,-0.291,
33,-0.209,-0.578,
34,-0.111,0.095,
35,-0.083,0.195,
36,0.22,0.4,
37,-0.138,-0.157,
38,-0.095,-0.4,
39,0.206,-0.32,
40,-0.417,-0.175,
41,0.164,-0.217,
42,0.057,-0.464,
43,0.349,-0.16,
44,0.045,0.147,
45,0.072,0.026,
46,0.391,0.015,
47,-0.202,-0.122,
48,-0.099,0.086,
49,-0.417,0.286,
50,0.024,0.065,
51,-0.233,-0.195,
52,0.119,0.016,
53,-0.155,0.534,
54,0.661,-0.043,
55,-0.084,-0.194,
56,0.086,0.549,
57,-0.289,0.334,
58,0.351,0.436,
59,0.229,-0.112,
60,-0.169,0.269,
61,-0.276,-0.484,
62,0.318,-0.204,
63,-0.194,0.067,
64,0.056,-0.351,
65,-0.135,0.109,
66,-0.346,0.005,
67,-0.386,-0.201,
68,0.288,-0.1,
69,-0.019,0.158,
70,0.065,0.32,
71,-0.087,-0.146,
72,-0.1,0.056,
73,0.063,0.245,
74,0.445,0.096,
75,0.165,0.167,
76,-0.038,-0.089,
77,-0.276,0.104,
78,0.122,0.759,
79,-0.166,0.309,
80,-0.384,0.126,
81,-0.063,-0.012,
82,-0.262,0.184,
83,0.22,0.27,
84,0.311,-0.056,
85,-0.886,0.221,
86,0.04,-0.354,
87,0.085,-0.363,
88,0.189,-0.007,
89,0.349,-0.39,
90,0.047,0.008,
91,0.186,0.579,
92,0.001,0.1,
93,0.253,0.383,
94,0.196,0.195,
95,0.029,0.733,
96,0.516,-0.412,
97,0.253,0.025,
98,-0.242,-0.001,
99,-0.35,0.48,
100,0.951,-0.567,
101,-0.048,-0.629,
102,-0.03,0.249,
103,-0.08,-0.203,
104,0.145,-0.001,
105,0.175,-0.191,
106,-0.475,-1.116,
107,-0.17,-0.025,
108,-0.02,-0.053,
109,-0.432,-0.464,
110,0.012,-0.122,
111,0.187,-0.044,
112,0.016,-0.289,
113,-0.039,0.31,
114,0.04,0.387,
115,-0.242,0.223,
116,0.216,-0.244,
117,0.094,0.147,
118,0.123,-0.442,
119,0.323,0.152,
120,0.044,0.115,
121,-0.036,-0.366,
122,-0.189,0.432,
123,0.072,0.363,
124,-0.011,0.243,
125,0.044,0.396,
126,0.178,-0.229,
127,0.187,0.265,
128,-0.125,0.514,
129,0.414,0.185,
130,0.255,0.342,
131,0.188,0.213,
132,-0.056,0.039,
133,-0.112,-0.302,
134,-0.151,0.181,
135,-0.073,0.305,
136,-0.202,-0.097,
137,-0.011,-0.018,
138,0.204,0.166,
139,-0.242,-0.196,
140,-0.251,0.198,
141,-0.693,0.334,
142,0.135,-0.239,
143,0.376,-0.581,
144,0.775,-0.786,
145,-0.009,-0.11,
146,-0.218,0.141,
147,-0.451,0.186,
148,-0.151,0.159,
149,-0.057,-0.026,
150,-0.133,-0.419,
151,-0.03,0.346,
152,0.011,-0.002,
153,0.467,-0.112,
154,-0.181,0.056,
155,0.414,-0.217,
156,-0.284,0.417,
157,0.022,-0.028,
158,-0.111,0.5,
159,-0.213,0.16,
160,-0.275,0.69,
161,0.279,-0.194,
162,-0.253,0.169,
163,-0.246,-0.337,
