1,0.829,-0.601,
2,0.946,-0.75,
3,0.699,-0.671,
4,1.02,-0.084,
5,0.626,-0.249,
6,-0.647,-0.949,
7,1.821,-0.482,
8,1.251,-1.018,
9,1.107,-1.787,
10,0.023,-0.978,
11,1.404,-0.358,
12,0.527,-1.027,
13,1.326,-0.792,
14,0.556,-0.255,
15,0.123,-1.335,
16,0.97,-0.669,
17,0.743,-0.211,
18,0.862,-1.07,
19,1.274,-0.5,
20,0.982,-1.37,
21,1.031,-1.403,
22,0.033,-1.146,
23,0.974,-1.264,
24,0.559,-0.757,
25,0.799,0.005,
26,1.21,-0.392,
27,0.485,-1.026,
28,1.025,-0.549,
29,0.84,-0.214,
30,0.433,-0.845,
31,0.886,-1.164,
32,0.971,-0.503,
33,1.302,-1.031,
34,0.629,-1.158,
35,1.61,-0.161,
36,0.425,-0.404,
37,1.12,-0.483,
38,0.552,-0.746,
39,0.898,-0.613,
40,0.991,-0.815,
41,1.191,-0.92,
42,2.671,-0.794,
43,1.595,-0.583,
44,1,-0.448,
45,0.509,-0.445,
46,0.532,-1,
47,0.117,-1.101,
48,1.549,-0.388,
49,0.918,-0.86,
50,0.982,-0.792,
51,0.551,-0.671,
52,0.485,-0.833,
53,1.628,-1.978,
54,1.405,-0.387,
55,0.7,-1.69,
56,1.689,-1.509,
57,0.865,-1.357,
58,0.585,-0.618,
59,0.198,-1.495,
60,0.719,-0.755,
61,0.568,-0.676,
62,1.877,-0.346,
63,0.628,-0.787,
64,0.229,-1.271,
65,1.137,-1.033,
66,1.409,-0.031,
67,0.536,-1.06,
68,0.298,-0.694,
69,1.404,-0.383,
70,0.553,-0.974,
71,0.618,-1.344,
72,1.915,-0.726,
73,0.721,-1.172,
74,0.978,-0.741,
75,0.789,-1.168,
76,1.277,-0.732,
77,0.819,-1.11,
78,0.217,-1.851,
79,-0.05,-1.212,
80,1.012,-0.883,
81,0.364,0.069,
82,0.949,0.007,
83,0.585,-0.8,
84,1.087,-0.866,
85,1.211,-0.253,
86,0.96,-0.585,
87,0.532,-1.925,
88,1.084,-0.419,
89,0.735,-0.792,
90,1.738,-0.595,
91,0.839,0.016,
92,0.375,-1.195,
93,0.223,-0.173,
94,0.718,-0.332,
95,0.924,0.085,
96,1.137,-1.853,
97,1.389,-0.68,
98,0.403,-1.496,
99,0.605,-1.243,
100,1.304,-0.717,
101,0.787,-0.032,
102,1.222,-1.341,
103,1.031,-0.596,
104,1.075,-0.993,
105,0.391,-1.046,
106,0.253,-0.794,
107,1.826,-0.305,
108,0.565,-1.178,
109,0.931,-0.786,
110,1.06,-0.613,
111,0.402,-0.949,
112,0.059,-0.922,
113,1.404,-1.056,
114,0.92,-1.583,
115,0.733,-1.494,
116,0.944,-1.385,
117,1.099,-1.181,
118,1.426,-0.53,
119,0.691,-0.715,
120,0.496,-2.091,
121,1.084,0.184,
122,1.422,-0.878,
123,1.094,-1.494,
124,1.053,-1.267,
125,0.596,-1.142,
126,1.099,-0.663,
127,1.358,-0.743,
128,0.957,-0.482,
129,1.113,-0.889,
130,0.54,-0.481,
131,0.785,0.269,
132,0.578,-1.158,
133,0.647,-0.416,
134,0.904,-0.363,
135,0.598,-0.944,
136,0.906,-1.185,
137,0.442,-0.824,
138,0.652,-0.952,
139,0.688,-1.57,
140,0.62,-0.949,
141,0.324,-1.081,
142,0.552,-0.967,
143,1.493,-0.092,
144,0.82,-0.782,
145,-0.009,-1.114,
146,1.762,-0.03,
147,0.735,-0.812,
148,0.161,-2.046,
149,1.206,-1.545,
150,0.498,-1.042,
151,2.208,-0.676,
152,0.368,-0.435,
153,1.054,-0.729,
154,0.401,-0.66,
155,0.674,-1.253,
156,0.557,-0.425,
157,0.48,-1.222,
158,0.969,-0.995,
159,0.75,-1.509,
160,0.879,-1.009,
161,1.021,-0.945,
162,0.979,-0.806,
163,1.571,-1.273,
