1,1.96,-0.435,
2,0.052,1.001,
3,1.902,-0.955,
4,0.455,-0.758,
5,1.333,-0.188,
6,0.661,1.841,
7,2.701,0.229,
8,2.074,-0.295,
9,1.959,-0.344,
10,0.011,-0.258,
11,-1.008,0.59,
12,1.549,0.896,
13,1.227,0.232,
14,1.634,1.465,
15,-0.328,-0.582,
16,0.037,-0.527,
17,-0.048,0.256,
18,0.479,0.11,
19,-0.565,-1.313,
20,-0.092,-1.335,
21,0.055,-2.365,
22,0.768,-0.747,
23,-1.044,-0.926,
24,0.249,0.211,
25,0.035,0.21,
26,1.828,-0.307,
27,2.655,-0.326,
28,2.194,-0.427,
29,2.437,1.31,
30,1.172,0.011,
31,0.26,0.417,
32,1.988,-1.012,
33,0.114,-2.725,
34,-1.358,0.608,
35,1.188,0.925,
36,-0.082,0.22,
37,0.064,-1.091,
38,0.21,-1.185,
39,-0.789,0.653,
40,0.001,-0.174,
41,1.91,-0.696,
42,0.416,-0.675,
43,1.582,-0.342,
44,0.904,0.596,
45,0.706,0.631,
46,0.684,0.441,
47,-0.599,-0.511,
48,0.184,0.89,
49,-0.439,-1.268,
50,0.92,-1.343,
51,1.755,-0.348,
52,0.927,-0.205,
53,-0.051,2.287,
54,3.091,0.186,
55,0.987,-0.745,
56,2.162,0.027,
57,0.215,2.362,
58,1.83,1.22,
59,1.462,-1.786,
60,0.795,1.38,
61,-0.679,0.612,
62,3.28,0.051,
63,1.25,0.481,
64,-0.892,-2.618,
65,1.073,0.433,
66,0.217,0.118,
67,1.215,-0.809,
68,-0.51,-0.207,
69,-2.177,1.338,
70,1.842,1.054,
71,0.312,-0.164,
72,0.467,0.055,
73,0.46,-1.139,
74,1.602,-0.262,
75,0.638,1.543,
76,0.948,-1.073,
77,0.455,0.001,
78,0.666,0.676,
79,-0.06,-0.025,
80,-0.84,-1.028,
81,-0.015,-0.785,
82,-1.32,-0.168,
83,1.649,-0.628,
84,0.794,-0.394,
85,0.762,2.264,
86,-0.538,-1.828,
87,1.126,-2.314,
88,1.149,0.44,
89,2.247,-1.156,
90,0.179,-1.075,
91,1.944,2.186,
92,1.824,-0.418,
93,1.527,0.839,
94,1.572,-0.848,
95,0.274,1.616,
96,3.852,-1.753,
97,1.707,0.335,
98,-0.098,0.045,
99,0.143,1.541,
100,2.966,-3.523,
101,0.923,-1.602,
102,0.635,-1.051,
103,0.049,1.252,
104,1.156,-0.656,
105,1.905,-0.247,
106,2.182,-1.229,
107,2.219,1.48,
108,0.087,-0.875,
109,0.039,-0.294,
110,0.059,-0.648,
111,1.455,1.398,
112,0.469,0.058,
113,0.988,0.544,
114,1.071,0.507,
115,-0.578,-1.682,
116,1.78,-1.649,
117,1.86,-1.957,
118,1.587,-1.128,
119,1.827,0.55,
120,0.735,-0.135,
121,1.041,1.38,
122,-0.743,0.911,
123,1.665,0.347,
124,1.717,-0.539,
125,-0.066,0.998,
126,2.359,-0.716,
127,1.231,0.662,
128,1.352,0.216,
129,1.687,0.871,
130,2.708,-0.097,
131,1.19,1.478,
132,0.844,0.092,
133,0.633,-0.762,
134,0.392,0.255,
135,-0.849,-0.316,
136,1.069,-0.67,
137,-0.004,-0.594,
138,1.24,0.023,
139,0.887,-1.261,
140,1.035,0.978,
141,0.163,-1.036,
142,1.224,-1.012,
143,0.741,-0.603,
144,0.976,0.862,
145,0.21,0.24,
146,1.352,-0.11,
147,-0.789,-0.265,
148,-1.395,-1.118,
149,-0.059,-2.056,
150,1.607,-1.273,
151,0.967,1.692,
152,1.394,-0.109,
153,1.388,-1.369,
154,-0.462,-0.291,
155,1.168,-1.187,
156,-0.025,-1.708,
157,-1.797,-0.771,
158,1.135,0.231,
159,1.395,-0.015,
160,1.028,1.646,
161,0.793,-0.294,
162,-1.349,-1.528,
163,0.194,-1.599,
