1,1.942,-0.52,
2,0.061,1.059,
3,1.973,-0.951,
4,0.434,-0.748,
5,1.318,-0.111,
6,0.736,1.813,
7,2.757,0.108,
8,2.141,-0.28,
9,1.962,-0.303,
10,-0.048,-0.271,
11,-1.119,0.508,
12,1.586,0.872,
13,1.192,0.206,
14,1.644,1.54,
15,-0.302,-0.681,
16,0.073,-0.459,
17,-0.057,0.285,
18,0.464,0.131,
19,-0.585,-1.306,
20,-0.205,-1.42,
21,-0.004,-2.475,
22,0.772,-0.789,
23,-1.082,-0.951,
24,0.222,0.255,
25,-0.029,0.288,
26,1.888,-0.302,
27,2.757,-0.331,
28,2.294,-0.43,
29,2.52,1.353,
30,1.178,-0.001,
31,0.23,0.444,
32,2.01,-1.046,
33,0.093,-2.742,
34,-1.481,0.67,
35,1.161,0.902,
36,-0.136,0.251,
37,0.071,-1.125,
38,0.091,-1.252,
39,-0.9,0.639,
40,-0.034,-0.17,
41,1.994,-0.681,
42,0.395,-0.68,
43,1.623,-0.38,
44,0.9,0.634,
45,0.697,0.685,
46,0.706,0.419,
47,-0.557,-0.575,
48,0.124,0.953,
49,-0.384,-1.3,
50,0.928,-1.441,
51,1.748,-0.302,
52,0.931,-0.195,
53,-0.137,2.406,
54,3.14,0.103,
55,1.031,-0.751,
56,2.2,0,
57,0.234,2.411,
58,1.864,1.23,
59,1.558,-1.818,
60,0.817,1.434,
61,-0.805,0.65,
62,3.241,0.083,
63,1.237,0.517,
64,-0.905,-2.724,
65,1.086,0.485,
66,0.19,0.152,
67,1.267,-0.785,
68,-0.555,-0.232,
69,-2.249,1.449,
70,1.868,1.109,
71,0.328,-0.112,
72,0.414,0.051,
73,0.415,-1.15,
74,1.62,-0.269,
75,0.748,1.624,
76,0.958,-1.066,
77,0.45,0.02,
78,0.674,0.73,
79,-0.08,-0.026,
80,-0.93,-1.056,
81,-0.072,-0.935,
82,-1.467,-0.173,
83,1.755,-0.593,
84,0.824,-0.37,
85,0.773,2.43,
86,-0.573,-1.855,
87,1.159,-2.459,
88,1.261,0.443,
89,2.189,-1.186,
90,0.137,-1.114,
91,2.014,2.248,
92,1.909,-0.42,
93,1.585,0.83,
94,1.622,-0.906,
95,0.179,1.648,
96,3.902,-1.744,
97,1.759,0.389,
98,-0.08,0.085,
99,0.115,1.632,
100,3.022,-3.68,
101,0.944,-1.67,
102,0.756,-1.081,
103,0.131,1.301,
104,1.173,-0.663,
105,1.952,-0.169,
106,2.286,-1.238,
107,2.206,1.544,
108,0.063,-0.837,
109,0.004,-0.282,
110,-0.005,-0.667,
111,1.518,1.502,
112,0.456,0.109,
113,1.072,0.595,
114,1.106,0.529,
115,-0.704,-1.721,
116,1.861,-1.715,
117,1.892,-1.997,
118,1.602,-1.115,
119,1.888,0.587,
120,0.741,-0.081,
121,1.067,1.496,
122,-0.828,0.914,
123,1.727,0.378,
124,1.778,-0.557,
125,-0.047,1.058,
126,2.509,-0.724,
127,1.214,0.704,
128,1.39,0.188,
129,1.752,0.945,
130,2.804,-0.139,
131,1.172,1.539,
132,0.864,0.111,
133,0.619,-0.719,
134,0.374,0.266,
135,-0.921,-0.306,
136,1.046,-0.66,
137,-0.041,-0.622,
138,1.249,-0.005,
139,0.939,-1.345,
140,1.069,1.017,
141,0.173,-1.044,
142,1.303,-1.004,
143,0.694,-0.57,
144,1.043,0.954,
145,0.179,0.262,
146,1.31,-0.137,
147,-0.833,-0.289,
148,-1.495,-1.213,
149,-0.114,-2.042,
150,1.627,-1.293,
151,0.958,1.763,
152,1.444,-0.128,
153,1.399,-1.309,
154,-0.49,-0.303,
155,1.186,-1.253,
156,-0.052,-1.8,
157,-1.797,-0.691,
158,1.064,0.319,
159,1.465,-0.098,
160,1.053,1.674,
161,0.716,-0.332,
162,-1.426,-1.659,
163,0.221,-1.533,
