1,0.747,-0.022,
2,-0.599,0.823,
3,1.094,-0.526,
4,-0.4,-0.075,
5,0.84,-0.224,
6,-0.154,1.477,
7,1.25,-0.452,
8,0.778,-0.711,
9,1.355,-0.076,
10,-0.381,-0.128,
11,-2.247,0.061,
12,0.358,1.114,
13,0.225,-0.034,
14,0.863,0.831,
15,-0.675,0.09,
16,0.253,-0.139,
17,-0.774,0.39,
18,-0.113,0.378,
19,-0.936,-0.68,
20,-0.509,-0.207,
21,-0.792,-1.26,
22,-0.072,-0.43,
23,-0.69,-0.771,
24,-0.456,0.562,
25,0.036,0.2,
26,0.777,-0.096,
27,1.43,0.26,
28,1.232,-0.16,
29,1.009,1.013,
30,0.864,0.192,
31,-0.443,0.178,
32,1.271,-0.811,
33,-0.643,-2.384,
34,-0.921,0.582,
35,0.142,0.514,
36,0.04,0.582,
37,-0.573,-0.717,
38,0.068,-1.366,
39,-0.455,-0.109,
40,-0.881,-0.108,
41,0.657,-0.726,
42,-0.259,-0.802,
43,0.785,-0.286,
44,0.224,0.528,
45,0.274,0.238,
46,0.683,0.208,
47,-0.886,-0.109,
48,-0.589,0.566,
49,-0.725,0.09,
50,0.315,-0.36,
51,0.571,-0.276,
52,0.249,-0.074,
53,-0.646,1.443,
54,1.908,-0.201,
55,-0.004,-0.535,
56,1.215,0.082,
57,-0.352,1.255,
58,1.224,1.243,
59,0.63,-0.567,
60,-0.119,1.054,
61,-1.019,-0.655,
62,1.358,-0.334,
63,-0.016,0.175,
64,-0.245,-1.558,
65,-0.221,0.534,
66,-1.072,0.105,
67,-0.323,-0.61,
68,-0.005,0.022,
69,-1.589,0.732,
70,0.696,1.441,
71,-0.254,-0.127,
72,-0.202,0.094,
73,-0.375,-0.36,
74,0.66,0.008,
75,-0.151,0.917,
76,0.308,-0.262,
77,-0.585,0.023,
78,0.246,1.281,
79,-0.328,0.372,
80,-0.842,-0.163,
81,-0.28,-0.253,
82,-1.295,0.281,
83,0.612,0.111,
84,0.231,-0.11,
85,-0.989,1.543,
86,-0.379,-0.597,
87,0.34,-1.336,
88,0.432,0.076,
89,1.425,-1.174,
90,0.114,-0.503,
91,0.789,1.618,
92,0.557,-0.077,
93,0.958,0.541,
94,0.772,0.284,
95,-0.241,1.653,
96,1.948,-1.18,
97,1.194,0.746,
98,-0.539,0.119,
99,-0.759,1.635,
100,2.312,-2.076,
101,0.329,-1.726,
102,-0.261,-0.665,
103,-0.189,0.287,
104,0.497,-0.355,
105,0.863,-0.41,
106,0.041,-1.423,
107,0.108,0.824,
108,-0.32,-0.219,
109,-0.798,-0.454,
110,-0.213,-0.297,
111,0.928,0.892,
112,0.004,-0.331,
113,0.011,0.617,
114,0.174,0.895,
115,-0.652,-0.626,
116,0.856,-1.044,
117,0.198,0.06,
118,0.832,-1.212,
119,1.028,0.616,
120,0.12,0.317,
121,0.127,0.139,
122,-1.1,1.018,
123,0.663,1.091,
124,0.458,0.105,
125,-0.031,1.366,
126,0.866,-0.583,
127,0.46,0.921,
128,0.361,0.642,
129,0.695,0.487,
130,1.096,0.418,
131,0.769,1.003,
132,0.019,0.174,
133,0.046,-0.56,
134,0.198,0.515,
135,-0.67,0.573,
136,-0.33,-0.354,
137,-0.264,-0.274,
138,0.426,0.498,
139,-0.245,-0.914,
140,-0.377,1.104,
141,-0.914,-0.139,
142,0.498,-0.642,
143,0.636,-1.178,
144,0.75,-0.43,
145,-0.358,-0.199,
146,0.113,0.207,
147,-1.299,0.167,
148,-1.051,-0.277,
149,0.233,-0.517,
150,0.717,-1.331,
151,0.028,1.056,
152,0.323,0.054,
153,1.195,-0.767,
154,-0.622,0.137,
155,0.857,-0.771,
156,-0.343,-0.565,
157,-1.219,-0.574,
158,0.19,0.201,
159,0.262,0.17,
160,0.056,1.528,
161,0.315,-0.054,
162,-1.093,-0.434,
163,-0.765,-1.125,
