1,0.642,-0.187,
2,-0.571,0.679,
3,0.878,-0.795,
4,-0.205,-0.38,
5,0.802,-0.353,
6,-0.143,1.215,
7,1.051,-0.41,
8,0.74,-0.587,
9,1.294,-0.258,
10,-0.151,-0.22,
11,-1.979,0.049,
12,0.472,1.059,
13,0.349,-0.193,
14,0.893,0.682,
15,-0.548,-0.033,
16,0.203,-0.2,
17,-0.84,0.143,
18,-0.103,0.262,
19,-0.878,-0.735,
20,-0.382,-0.211,
21,-0.563,-1.107,
22,-0.021,-0.308,
23,-0.558,-0.736,
24,-0.263,0.242,
25,0.16,0.04,
26,0.478,-0.327,
27,1.167,0.148,
28,1.025,-0.129,
29,0.841,0.934,
30,0.87,0.218,
31,-0.341,0.125,
32,1.162,-0.698,
33,-0.633,-2.129,
34,-0.67,0.442,
35,0.224,0.41,
36,0.328,0.322,
37,-0.811,-0.692,
38,0.017,-1.148,
39,-0.325,-0.111,
40,-0.754,-0.093,
41,0.535,-0.697,
42,-0.152,-0.721,
43,0.698,-0.231,
44,0.197,0.427,
45,0.259,0.177,
46,0.645,0.185,
47,-0.77,-0.141,
48,-0.161,0.386,
49,-0.707,0.11,
50,0.189,-0.265,
51,0.461,-0.375,
52,0.257,-0.086,
53,-0.416,1.231,
54,1.738,-0.144,
55,-0.068,-0.491,
56,1.103,0.165,
57,-0.402,1.162,
58,1.079,1.111,
59,0.59,-0.576,
60,-0.04,0.888,
61,-0.861,-0.702,
62,1.2,-0.306,
63,-0.166,0.119,
64,-0.194,-1.277,
65,-0.14,0.376,
66,-0.858,0.052,
67,-0.366,-0.619,
68,0.241,-0.047,
69,-1.237,0.553,
70,0.663,1.233,
71,-0.22,-0.176,
72,-0.147,0.009,
73,-0.193,-0.3,
74,0.904,0.006,
75,-0.06,0.694,
76,0.32,-0.276,
77,-0.558,0.003,
78,0.259,1.087,
79,-0.261,0.36,
80,-0.706,-0.128,
81,-0.224,-0.187,
82,-0.987,0.234,
83,0.513,0.206,
84,0.249,-0.206,
85,-0.887,1.199,
86,-0.273,-0.538,
87,0.373,-1.072,
88,0.245,0.134,
89,1.01,-1.086,
90,-0.118,-0.409,
91,0.627,1.466,
92,0.448,-0.045,
93,0.821,0.53,
94,0.665,0.266,
95,-0.155,1.571,
96,1.695,-1.048,
97,1.03,0.556,
98,-0.517,0.067,
99,-0.688,1.446,
100,2.196,-1.737,
101,0.353,-1.472,
102,-0.127,-0.564,
103,-0.222,0.246,
104,0.404,-0.329,
105,0.664,-0.426,
106,-0.072,-1.33,
107,0.145,0.635,
108,-0.212,-0.264,
109,-0.706,-0.528,
110,-0.1,-0.246,
111,0.749,0.673,
112,0.072,-0.434,
113,0.029,0.509,
114,0.226,0.805,
115,-0.52,-0.517,
116,0.432,-0.839,
117,0.151,0.12,
118,0.696,-1.051,
119,0.879,0.476,
120,0.125,0.171,
121,0.135,0.017,
122,-0.873,0.941,
123,0.529,0.905,
124,0.367,0.104,
125,-0.011,1.223,
126,0.812,-0.503,
127,0.76,0.87,
128,0.113,0.889,
129,0.542,0.453,
130,0.922,0.467,
131,0.708,0.818,
132,0.035,0.137,
133,0.082,-0.595,
134,0.146,0.441,
135,-0.515,0.465,
136,-0.209,-0.354,
137,-0.113,-0.145,
138,0.588,0.69,
139,-0.354,-0.719,
140,-0.553,1.213,
141,-0.866,-0.088,
142,0.368,-0.625,
143,0.631,-1.015,
144,0.702,-0.423,
145,-0.233,-0.184,
146,0.186,0.241,
147,-0.999,0.385,
148,-0.917,-0.177,
149,0.117,-0.252,
150,0.656,-1.351,
151,-0.053,1.12,
152,0.249,0.148,
153,1.135,-0.642,
154,-0.487,0.216,
155,0.884,-0.424,
156,-0.194,-0.452,
157,-1.044,-0.413,
158,0.16,0.239,
159,0.182,0.256,
160,-0.098,1.712,
161,0.513,0.257,
162,-0.926,-0.222,
163,-0.403,-0.979,
