1,2.01,-0.287,
2,-0.021,0.699,
3,1.496,-1.362,
4,0.569,-1.111,
5,1.506,-0.672,
6,0.508,1.78,
7,2.423,0.616,
8,2.101,0.186,
9,1.924,-0.499,
10,0.197,-0.356,
11,-0.719,0.606,
12,1.533,0.871,
13,1.473,0.13,
14,1.501,1.605,
15,-0.408,-0.28,
16,-0.106,-0.715,
17,-0.186,-0.041,
18,0.518,-0.018,
19,-0.536,-1.292,
20,0.055,-1.078,
21,0.237,-2.092,
22,0.62,-0.504,
23,-0.878,-0.986,
24,0.438,-0.129,
25,0.299,-0.268,
26,1.277,-0.594,
27,2.275,-0.362,
28,1.908,-0.315,
29,2.147,1.205,
30,1.217,0.045,
31,0.31,0.308,
32,1.819,-0.925,
33,0.08,-2.503,
34,-1.025,0.521,
35,1.257,0.863,
36,0.401,-0.118,
37,-0.391,-1.065,
38,0.299,-1.008,
39,-0.562,0.554,
40,0.054,-0.128,
41,1.627,-0.743,
42,0.466,-0.663,
43,1.429,-0.222,
44,0.877,0.445,
45,0.753,0.45,
46,0.641,0.404,
47,-0.739,-0.457,
48,0.667,0.578,
49,-0.592,-1.059,
50,0.73,-1.13,
51,1.651,-0.593,
52,0.896,-0.272,
53,0.272,1.793,
54,2.831,0.14,
55,0.76,-0.751,
56,2.04,0.014,
57,0.161,2.228,
58,1.657,1.032,
59,1.27,-1.738,
60,0.791,1.145,
61,-0.424,0.321,
62,3.317,0.104,
63,1.185,0.293,
64,-0.535,-2.125,
65,0.998,0.218,
66,0.234,0.099,
67,0.965,-0.908,
68,-0.072,-0.13,
69,-1.676,1.064,
70,1.744,0.877,
71,0.302,-0.322,
72,0.544,-0.112,
73,0.422,-1.02,
74,1.772,-0.257,
75,0.27,1.135,
76,1.222,-1.147,
77,0.346,-0.093,
78,0.705,0.506,
79,-0.027,0.01,
80,-0.617,-0.914,
81,0.068,-0.516,
82,-0.889,-0.148,
83,1.306,-0.447,
84,0.81,-0.455,
85,0.704,1.79,
86,-0.389,-1.444,
87,1.117,-1.918,
88,0.257,0.627,
89,1.921,-1.062,
90,-0.043,-0.966,
91,1.689,1.98,
92,1.536,-0.375,
93,1.307,0.799,
94,1.379,-0.606,
95,0.385,1.475,
96,3.324,-1.636,
97,1.544,0.231,
98,-0.01,-0.048,
99,0.176,1.302,
100,2.764,-2.939,
101,0.843,-1.253,
102,0.348,-0.927,
103,-0.24,1.103,
104,1.044,-0.688,
105,1.594,-0.433,
106,1.645,-1.104,
107,2.045,1.293,
108,0.202,-0.837,
109,0.1,-0.388,
110,0.257,-0.518,
111,1.267,1.112,
112,0.492,-0.076,
113,0.836,0.364,
114,1.044,0.418,
115,-0.241,-1.532,
116,1.13,-1.343,
117,1.584,-1.556,
118,1.494,-1.02,
119,1.589,0.401,
120,0.681,-0.345,
121,0.953,1.043,
122,-0.49,0.923,
123,1.36,0.198,
124,1.478,-0.498,
125,-0.032,0.943,
126,2.038,-0.584,
127,1.594,0.664,
128,0.922,0.589,
129,1.335,0.72,
130,2.367,0.016,
131,1.283,1.14,
132,0.8,0.062,
133,0.734,-0.831,
134,0.416,0.27,
135,-0.599,-0.308,
136,0.91,-0.716,
137,0.192,-0.399,
138,1.397,0.398,
139,0.469,-0.734,
140,0.646,1.064,
141,0.104,-0.991,
142,0.977,-1.154,
143,0.832,-0.579,
144,0.738,0.729,
145,0.281,0.046,
146,1.365,-0.092,
147,-0.509,0.035,
148,-1.178,-0.74,
149,0.038,-1.753,
150,1.736,-1.871,
151,0.85,1.679,
152,1.198,0.072,
153,1.389,-1.367,
154,-0.226,-0.117,
155,1.241,-0.755,
156,-0.053,-1.739,
157,-1.744,-0.784,
158,1.216,-0.016,
159,1.08,0.348,
160,0.723,2.034,
161,1.112,0.212,
162,-0.935,-0.8,
163,0.433,-1.799,
