1,-0.272,-1.017,
2,-0.041,-1.261,
3,-0.518,-1.228,
4,-0.591,-0.648,
5,0.175,-0.518,
6,-1.225,-0.666,
7,-0.2,-0.469,
8,0.003,-1.001,
9,-0.503,-1.287,
10,-0.969,-0.112,
11,0.319,-0.616,
12,0.33,-0.62,
13,0.182,-0.127,
14,-0.824,-0.736,
15,-0.456,-0.949,
16,-0.292,-0.991,
17,-1.305,-1.57,
18,-0.095,-1.12,
19,-0.036,-0.62,
20,-0.028,-0.641,
21,-0.216,-1.294,
22,-0.277,-0.722,
23,-0.64,-1.263,
24,0.603,-1.024,
25,-0.529,-0.66,
26,-0.469,-0.229,
27,0.116,-0.867,
28,0.262,-0.672,
29,0.272,-0.556,
30,0.58,-0.256,
31,-0.239,-0.56,
32,0.026,-1.01,
33,-0.998,-1.271,
34,-0.786,-1.542,
35,0.016,-0.351,
36,-0.317,-0.417,
37,-0.076,-0.675,
38,-0.002,-0.81,
39,-0.658,-0.89,
40,-0.085,-1.554,
41,0.183,-0.267,
42,-0.128,0.055,
43,-0.228,0.205,
44,-0.41,-0.638,
45,-0.085,-1.002,
46,-0.496,-0.598,
47,-0.693,-1.083,
48,0.362,-0.465,
49,-0.278,-1.01,
50,-0.658,-1.19,
51,-0.159,-0.945,
52,-0.343,-0.734,
53,-0.188,-0.605,
54,-0.396,-0.369,
55,-0.907,-1.492,
56,-0.197,-0.626,
57,-0.147,-0.989,
58,-0.529,-0.438,
59,-0.53,-1.198,
60,-0.223,-0.882,
61,-0.464,-0.467,
62,-0.105,-0.718,
63,0.098,-0.708,
64,-0.908,-1.126,
65,0.293,-1.013,
66,0.16,-0.217,
67,-1.601,-0.483,
68,-0.281,-0.756,
69,-0.339,-0.165,
70,-0.106,-0.56,
71,-0.324,-0.978,
72,-0.065,-0.875,
73,-0.259,-0.892,
74,-0.036,-0.712,
75,0.441,-0.742,
76,-0.863,-0.759,
77,-0.119,-0.93,
78,-0.502,0.268,
79,-1.068,-0.653,
80,0.299,-1.479,
81,-0.223,-0.96,
82,-0.194,-0.236,
83,-0.117,-0.587,
84,-0.361,-0.761,
85,0.087,-0.852,
86,-0.264,0.327,
87,-0.317,-1.091,
88,0.302,-0.263,
89,-0.383,-0.849,
90,-0.308,-0.917,
91,-0.808,-0.309,
92,-0.439,-0.869,
93,-0.483,-0.202,
94,-0.451,0.292,
95,0.008,-0.951,
96,-0.389,-0.961,
97,-0.052,-0.697,
98,-1.049,-1.598,
99,-0.529,-0.782,
100,-0.627,-1.07,
101,-0.232,-0.333,
102,-0.318,-1.105,
103,-0.518,-0.793,
104,-0.862,-0.469,
105,-0.827,-1.208,
106,0.048,-0.326,
107,-0.126,0.233,
108,-0.671,-1.082,
109,-0.194,-1.172,
110,0.03,-0.683,
111,-0.334,0.066,
112,-0.946,-1.544,
113,-0.127,-0.874,
114,-0.326,-1.152,
115,-0.383,-2.171,
116,-0.017,-1.32,
117,0.316,-0.848,
118,-0.112,-0.898,
119,-0.041,-0.982,
120,-0.184,-0.886,
121,-0.289,-0.878,
122,0.157,-0.456,
123,-0.574,-1.596,
124,-0.067,-1.052,
125,-0.489,-1.206,
126,0.064,-0.65,
127,0.051,-1.506,
128,-0.199,-0.774,
129,-0.444,-0.776,
130,-0.355,-0.59,
131,-0.383,0.084,
132,-0.242,-0.12,
133,-0.761,-0.576,
134,-0.384,-0.853,
135,-0.946,-1.293,
136,-0.442,-0.846,
137,-0.274,-0.404,
138,-0.509,-0.616,
139,-1.021,-1.28,
140,-0.169,-1.121,
141,-0.987,-1.391,
142,-0.409,-1.4,
143,-0.461,-0.146,
144,-0.867,-0.8,
145,-0.717,-1.393,
146,0.405,0.098,
147,-0.22,-0.954,
148,-0.87,-0.412,
149,-0.487,-1.796,
150,-2.065,-1.729,
151,0.467,-0.385,
152,-1.343,-0.298,
153,-0.001,-1.009,
154,-0.707,-0.738,
155,-0.793,-1.086,
156,-0.25,-0.498,
157,-0.768,-0.907,
158,-0.181,-0.607,
159,-0.389,-0.74,
160,-0.87,-0.526,
161,-0.448,-0.624,
162,-0.147,-0.246,
163,0.726,-1.025,
