1,0.303,-0.163,
2,-0.41,0.494,
3,0.767,-0.313,
4,-0.175,-0.002,
5,0.533,-0.321,
6,-0.031,0.56,
7,0.42,-0.707,
8,0.371,-0.743,
9,1.002,-0.109,
10,-0.121,-0.086,
11,-1.211,-0.094,
12,0.327,0.788,
13,0.021,-0.077,
14,0.668,0.125,
15,-0.279,0.062,
16,0.21,-0.264,
17,-0.69,0.31,
18,-0.198,0.313,
19,-0.484,-0.344,
20,-0.325,-0.124,
21,-0.588,-0.647,
22,0.008,-0.14,
23,-0.356,-0.531,
24,-0.372,0.348,
25,0.271,-0.033,
26,0.491,-0.11,
27,0.761,0.222,
28,0.635,-0.094,
29,0.343,0.615,
30,0.782,0.257,
31,-0.292,0.032,
32,0.817,-0.517,
33,-0.458,-1.368,
34,-0.304,0.256,
35,-0.008,0.283,
36,0.181,0.475,
37,-0.383,-0.406,
38,-0.144,-0.748,
39,-0.01,-0.273,
40,-0.669,-0.139,
41,0.307,-0.5,
42,-0.013,-0.557,
43,0.433,-0.183,
44,0.095,0.314,
45,0.154,0.088,
46,0.578,0.105,
47,-0.455,-0.202,
48,-0.295,0.276,
49,-0.685,0.281,
50,0.105,-0.04,
51,0.019,-0.286,
52,0.157,-0.024,
53,-0.343,0.889,
54,1.204,-0.123,
55,-0.155,-0.355,
56,0.513,0.407,
57,-0.406,0.734,
58,0.746,0.837,
59,0.37,-0.297,
60,-0.188,0.571,
61,-0.487,-0.676,
62,0.67,-0.414,
63,-0.197,0.088,
64,-0.085,-0.83,
65,-0.224,0.286,
66,-0.704,0.042,
67,-0.476,-0.425,
68,0.322,-0.094,
69,-0.541,0.351,
70,0.334,0.869,
71,-0.179,-0.156,
72,-0.172,0.041,
73,-0.069,0.02,
74,0.555,0.063,
75,0.071,0.305,
76,-0.001,-0.15,
77,-0.482,0.048,
78,0.162,1.055,
79,-0.234,0.361,
80,-0.532,0.012,
81,-0.183,-0.098,
82,-0.675,0.241,
83,0.328,0.352,
84,0.259,-0.126,
85,-1.018,0.721,
86,-0.097,-0.384,
87,0.171,-0.672,
88,0.291,0.005,
89,0.798,-0.731,
90,0.084,-0.175,
91,0.346,1.002,
92,0.193,0.045,
93,0.512,0.418,
94,0.42,0.309,
95,-0.014,1.263,
96,0.997,-0.705,
97,0.694,0.379,
98,-0.481,0.007,
99,-0.625,1.05,
100,1.652,-1.125,
101,0.095,-1.174,
102,-0.132,-0.061,
103,-0.248,-0.03,
104,0.31,-0.166,
105,0.379,-0.326,
106,-0.365,-1.243,
107,-0.057,0.308,
108,-0.099,-0.114,
109,-0.665,-0.537,
110,-0.014,-0.119,
111,0.498,0.249,
112,0.031,-0.43,
113,-0.104,0.455,
114,0.057,0.649,
115,-0.304,-0.079,
116,0.446,-0.569,
117,0.036,0.288,
118,0.336,-0.791,
119,0.608,0.298,
120,0.066,0.202,
121,0.052,-0.254,
122,-0.55,0.756,
123,0.266,0.675,
124,0.123,0.213,
125,0.029,0.892,
126,0.479,-0.356,
127,0.326,0.582,
128,0.021,0.64,
129,0.464,0.294,
130,0.516,0.478,
131,0.445,0.484,
132,-0.064,0.095,
133,-0.035,-0.454,
134,0.024,0.339,
135,-0.258,0.43,
136,-0.352,-0.192,
137,-0.112,-0.085,
138,0.28,0.342,
139,-0.424,-0.417,
140,-0.4,0.641,
141,-0.888,0.178,
142,0.207,-0.389,
143,0.481,-0.828,
144,0.749,-0.725,
145,-0.135,-0.179,
146,-0.098,0.214,
147,-0.848,0.245,
148,-0.464,0.153,
149,0.035,-0.171,
150,0.1,-0.751,
151,-0.055,0.628,
152,0.09,0.056,
153,0.877,-0.304,
154,-0.388,0.138,
155,0.633,-0.386,
156,-0.299,0.127,
157,-0.255,-0.245,
158,-0.029,0.454,
159,-0.115,0.265,
160,-0.218,1.121,
161,0.347,-0.097,
162,-0.46,0.034,
163,-0.603,-0.643,
