1,1.607,-0.171,
2,1.357,-0.582,
3,1.38,-0.387,
4,1.586,-0.545,
5,1.424,-0.092,
6,-0.081,0.017,
7,1.751,0.334,
8,1.856,-0.082,
9,1.188,-0.943,
10,0.887,0.215,
11,1.922,-0.07,
12,1.787,-0.66,
13,1.932,-0.006,
14,0.948,-0.143,
15,1.084,-0.472,
16,1.279,-0.785,
17,0.95,-0.221,
18,1.199,-0.42,
19,1.118,-0.045,
20,1.409,-0.564,
21,1.443,-0.644,
22,1.292,-0.489,
23,0.859,-0.69,
24,1.359,-0.544,
25,1.189,-0.089,
26,1.729,-0.046,
27,1.779,-0.555,
28,1.642,-0.277,
29,1.535,-0.049,
30,1.241,0.145,
31,1.417,0.195,
32,1.482,-0.688,
33,1.696,-0.622,
34,0.631,-0.598,
35,1.835,0.716,
36,0.775,-0.343,
37,1.465,-0.464,
38,1.285,-0.067,
39,1.362,-0.284,
40,1.342,-0.429,
41,1.877,-0.087,
42,1.872,0.169,
43,1.539,-0.211,
44,1.639,-0.01,
45,1.47,0.011,
46,1.197,-0.416,
47,0.887,-0.827,
48,2.236,-0.167,
49,1.092,-0.974,
50,0.88,-0.891,
51,1.496,-0.32,
52,1.316,-0.229,
53,1.504,-0.445,
54,1.521,0.143,
55,1.114,-0.951,
56,1.21,-0.056,
57,1.291,-0.092,
58,1.147,-0.009,
59,1.325,-0.894,
60,1.326,-0.355,
61,1.777,-0.025,
62,1.842,-0.187,
63,1.405,-0.026,
64,0.793,-1.074,
65,1.814,-0.53,
66,1.61,0.22,
67,1.197,-0.706,
68,1.433,-0.341,
69,1.516,0.146,
70,1.532,-0.674,
71,1.245,-0.626,
72,1.665,-0.293,
73,1.322,-0.226,
74,1.844,-0.31,
75,1.186,-0.514,
76,1.467,-0.626,
77,1.375,-0.377,
78,1.156,-0.245,
79,0.527,-0.394,
80,1.207,-1.08,
81,1.313,-0.433,
82,1.647,-0.368,
83,1.549,-0.436,
84,1.319,-0.412,
85,1.786,-0.264,
86,1.117,-0.17,
87,1.423,-0.961,
88,1.543,-0.664,
89,1.871,-0.336,
90,1.149,-0.521,
91,1.575,0.129,
92,1.53,-0.669,
93,0.964,0.099,
94,1.186,-0.332,
95,1.425,-0.642,
96,1.7,-0.909,
97,1.726,-0.581,
98,0.773,-1.035,
99,1.582,-0.445,
100,1.143,-0.553,
101,1.226,-0.173,
102,1.259,-0.633,
103,1.183,0.209,
104,1.378,-0.532,
105,1.334,-0.632,
106,1.869,-0.108,
107,1.897,0.478,
108,1.275,-0.574,
109,1.395,-0.351,
110,1.926,-0.193,
111,1.214,-0.322,
112,0.512,-0.728,
113,1.303,-0.377,
114,1.368,-0.738,
115,1.268,-1.603,
116,1.57,-0.789,
117,1.783,-0.175,
118,1.317,-0.539,
119,1.39,-0.388,
120,1.354,-0.6,
121,1.253,-0.23,
122,1.932,-0.229,
123,1.206,-1.237,
124,1.867,-0.708,
125,0.861,-0.818,
126,1.76,-0.598,
127,1.717,-0.728,
128,1.236,-0.114,
129,1.572,-0.312,
130,2.031,-0.427,
131,1.741,0.524,
132,1.028,-0.391,
133,1.17,-0.651,
134,0.979,-0.193,
135,1.029,-0.901,
136,1.532,-0.525,
137,0.844,-0.274,
138,1.145,-0.526,
139,0.921,-0.908,
140,1.446,-0.154,
141,1.259,-1.038,
142,1.142,-0.93,
143,1.255,0.012,
144,1.106,-0.153,
145,1.152,-0.699,
146,2.16,0.012,
147,1.371,-0.412,
148,1.04,-0.352,
149,1.229,-2.661,
150,0.493,-0.239,
151,2.068,0.119,
152,1.12,0.01,
153,1.563,-0.741,
154,1.013,-0.638,
155,0.855,-0.55,
156,1.098,-0.464,
157,1.055,-0.803,
158,1.728,-0.213,
159,1.527,-0.616,
160,1.096,0.127,
161,1.572,-0.6,
162,1.059,-0.242,
163,2.015,-1.113,
