1,0.568,-0.529,
2,0.256,-0.948,
3,0.201,-0.638,
4,0.477,-0.456,
5,0.182,-0.451,
6,-0.814,-0.736,
7,0.335,-0.137,
8,0.688,-0.479,
9,0.05,-1.024,
10,-0.146,0.236,
11,0.689,-0.117,
12,0.536,-1.148,
13,0.85,-0.349,
14,0.039,-0.423,
15,0.188,-0.851,
16,0.423,-1.01,
17,-0.114,-0.392,
18,0.409,-0.6,
19,0.5,-0.411,
20,0.267,-0.675,
21,0.473,-0.648,
22,0.164,-0.927,
23,0.409,-0.582,
24,0.231,-0.701,
25,0.092,-0.174,
26,0.353,-0.143,
27,0.656,-0.647,
28,0.43,-0.771,
29,0.181,-0.518,
30,0.46,-0.076,
31,0.281,0.036,
32,0.354,-0.834,
33,-0.082,-0.734,
34,-0.29,-0.999,
35,0.458,0.432,
36,0.12,-0.487,
37,0.393,-0.562,
38,0.445,-0.563,
39,0.341,-0.806,
40,0.259,-0.719,
41,0.489,-0.147,
42,0.752,-0.162,
43,0.609,-0.411,
44,0.601,0.003,
45,0.081,-0.237,
46,0.572,-0.259,
47,-0.25,-0.999,
48,0.919,-0.517,
49,0.348,-0.88,
50,0.199,-0.941,
51,0.401,-0.745,
52,0.173,-0.699,
53,0.729,-1.037,
54,0.435,-0.278,
55,-0.15,-1.307,
56,0.125,-0.011,
57,0.17,-0.6,
58,0.159,0.087,
59,0.241,-0.826,
60,0.283,-0.408,
61,0.33,-0.395,
62,0.779,-0.48,
63,0.104,-0.617,
64,-0.177,-1.082,
65,0.449,-0.607,
66,0.594,0.028,
67,-0.021,-1.077,
68,0.387,-0.382,
69,0.555,-0.108,
70,0.202,-0.721,
71,0.377,-0.585,
72,0.629,-0.456,
73,0.122,-0.303,
74,0.63,-0.192,
75,0.335,-0.796,
76,0.075,-0.567,
77,0.091,-0.653,
78,0.064,-0.588,
79,-0.631,-0.347,
80,0.18,-1.066,
81,0.105,-0.618,
82,0.501,-0.471,
83,0.481,-0.594,
84,0.167,-0.711,
85,0.524,-0.345,
86,0.321,-0.016,
87,0.202,-0.876,
88,0.647,-0.36,
89,0.376,-0.569,
90,0.521,-0.951,
91,0.229,-0.206,
92,0.183,-0.643,
93,-0.334,-0.262,
94,0.001,-0.177,
95,0.087,-0.84,
96,0.272,-0.635,
97,0.858,-0.482,
98,-0.539,-1.135,
99,0.389,-0.66,
100,-0.003,-0.588,
101,0.149,-0.174,
102,0.564,-0.831,
103,0.331,-0.144,
104,0.22,-0.497,
105,0.187,-1.117,
106,0.143,-0.403,
107,0.544,0.189,
108,0.449,-0.856,
109,0.253,-0.615,
110,0.818,-0.442,
111,0.104,-0.215,
112,-0.664,-0.755,
113,0.413,-0.599,
114,-0.135,-0.774,
115,0.335,-1.768,
116,0.41,-0.895,
117,0.443,-0.316,
118,0.21,-0.624,
119,0.159,-0.471,
120,0.27,-0.94,
121,0.194,-0.6,
122,0.796,-0.287,
123,-0.199,-1.379,
124,0.504,-0.708,
125,0.005,-1.015,
126,0.657,-0.842,
127,0.331,-0.953,
128,-0.036,-0.208,
129,0.118,-0.823,
130,0.349,-0.368,
131,0.507,0.389,
132,-0.222,-0.615,
133,0.025,-0.596,
134,0.187,-0.277,
135,0.091,-0.835,
136,0.392,-0.759,
137,-0.218,-0.425,
138,-0.087,-0.488,
139,-0.064,-1.138,
140,0.074,-0.644,
141,0.061,-1.16,
142,0.047,-0.742,
143,0.378,-0.174,
144,-0.02,-0.438,
145,-0.034,-0.886,
146,0.721,-0.052,
147,0.213,-0.523,
148,-0.184,-0.426,
149,0.194,-1.923,
150,-0.651,-0.551,
151,0.958,-0.232,
152,-0.172,-0.198,
153,0.42,-0.692,
154,0.019,-0.947,
155,-0.057,-0.737,
156,-0.111,-0.329,
157,0.185,-0.605,
158,0.627,-0.259,
159,0.169,-0.692,
160,-0.052,-0.461,
161,0.227,-0.849,
162,0.101,-0.464,
163,0.918,-1.325,
