1,0.262,1.463,
2,-0.038,0.159,
3,-0.957,0.545,
4,-0.197,0.855,
5,-0.248,0.941,
6,-1.859,0.653,
7,-0.463,1.67,
8,0.208,0.465,
9,-0.425,-0.073,
10,-0.776,0.996,
11,0.518,1.402,
12,0.366,-0.321,
13,0.447,0.835,
14,-1.299,0.637,
15,-1.145,0.493,
16,0.095,0.747,
17,-1.651,0.783,
18,0.007,0.62,
19,-0.344,0.808,
20,-0.122,0.588,
21,0.212,0.533,
22,-0.341,0.286,
23,-0.224,0.038,
24,-0.512,0.372,
25,-1.101,0.913,
26,-0.4,0.766,
27,-0.29,0.183,
28,0.316,0.592,
29,-0.264,0.441,
30,0.089,1.773,
31,-0.225,1.381,
32,-0.168,0.17,
33,-0.619,1.083,
34,-0.724,0.409,
35,-0.338,1.696,
36,-0.913,1.084,
37,-0.023,0.353,
38,-0.244,0.186,
39,-0.32,1.29,
40,-0.667,0.275,
41,-0.181,0.451,
42,0.588,0.293,
43,-0.151,0.675,
44,0.082,1.674,
45,-0.555,0.532,
46,-0.182,0.945,
47,-0.819,0.205,
48,0.629,0.18,
49,-0.399,-0.202,
50,-0.553,-0.172,
51,-0.396,0.521,
52,-0.194,0.58,
53,0.138,-0.021,
54,-0.321,0.835,
55,-0.306,-0.294,
56,-0.386,0.612,
57,0.055,0.438,
58,-0.521,0.82,
59,-1.246,0.736,
60,-0.481,0.166,
61,-0.545,1.07,
62,0.475,0.533,
63,-0.359,0.679,
64,-0.789,-0.446,
65,-0.168,0.201,
66,0.471,0.977,
67,-0.937,0.087,
68,-0.832,0.704,
69,-0.267,1.178,
70,-0.1,0.572,
71,-0.546,1.015,
72,-0.188,0.996,
73,-0.609,0.745,
74,-0.082,0.811,
75,-0.848,1.384,
76,0.079,0.84,
77,-0.463,0.097,
78,-0.13,0.775,
79,-1.204,0.363,
80,-0.393,-0.009,
81,0.339,0.622,
82,-0.524,0.487,
83,0.237,0.443,
84,-0.509,0.544,
85,0.052,0.972,
86,-0.926,1.002,
87,-0.524,-0.347,
88,-0.098,0.372,
89,0.485,0.254,
90,-0.36,0.671,
91,-0.198,0.58,
92,-0.841,0.416,
93,-0.195,1.307,
94,-0.523,0.905,
95,-0.286,0.601,
96,0.163,-0.109,
97,0.444,0.647,
98,-1.403,0.213,
99,-0.412,0.307,
100,-0.893,0.758,
101,-0.123,1.148,
102,-0.501,-0.148,
103,-0.125,0.376,
104,-0.4,0.37,
105,-0.072,0.746,
106,-0.38,1.052,
107,0.531,1.57,
108,-0.149,0.728,
109,-0.459,0.221,
110,0.293,0.841,
111,-0.103,0.48,
112,-1.257,0.533,
113,-0.541,0.486,
114,-0.386,0.268,
115,-0.181,-0.851,
116,0.107,0.355,
117,-0.154,0.423,
118,-0.218,0.964,
119,0.254,0.807,
120,0.097,0.296,
121,-0.379,0.461,
122,0.275,0.734,
123,-0.678,-0.344,
124,-0.251,0.079,
125,-0.439,0.326,
126,-0.139,0.702,
127,-0.024,-0.076,
128,-0.293,0.719,
129,-0.13,0.471,
130,0.671,0.478,
131,-0.427,1.67,
132,-0.746,0.61,
133,-0.506,0.929,
134,-0.569,0.661,
135,-0.991,-0.28,
136,-0.287,0.155,
137,-0.72,1.007,
138,-0.243,0.949,
139,-0.624,-0.19,
140,-0.49,0.46,
141,-0.421,-0.537,
142,-0.581,-0.137,
143,-0.622,1.411,
144,-0.62,0.667,
145,-0.729,-0.199,
146,0.103,1.068,
147,-0.444,0.566,
148,-0.792,0.292,
149,0.13,-1.665,
150,-0.796,0.445,
151,1.012,0.657,
152,-0.467,0.952,
153,-0.191,0.29,
154,-0.973,0.869,
155,-0.713,0.405,
156,-1.107,0.317,
157,-0.559,0.105,
158,0.445,0.513,
159,0.015,-0.087,
160,-0.613,0.554,
161,0.03,0.779,
162,-0.528,0.68,
163,0.318,-0.527,
