1,1.925,-0.588,
2,0.072,1.105,
3,2.032,-0.961,
4,0.416,-0.757,
5,1.318,-0.073,
6,0.813,1.791,
7,2.811,-0.013,
8,2.231,-0.221,
9,1.885,-0.319,
10,-0.107,-0.285,
11,-1.205,0.47,
12,1.58,0.868,
13,1.147,0.173,
14,1.625,1.7,
15,-0.303,-0.758,
16,0.077,-0.408,
17,-0.078,0.312,
18,0.45,0.152,
19,-0.589,-1.364,
20,-0.263,-1.441,
21,-0.072,-2.531,
22,0.812,-0.883,
23,-1.107,-0.995,
24,0.193,0.298,
25,-0.063,0.358,
26,1.927,-0.326,
27,2.865,-0.339,
28,2.324,-0.489,
29,2.593,1.39,
30,1.189,-0.011,
31,0.192,0.47,
32,2.012,-1.084,
33,0.071,-2.784,
34,-1.541,0.694,
35,1.148,0.893,
36,-0.174,0.267,
37,0.058,-1.168,
38,0.01,-1.305,
39,-0.933,0.674,
40,-0.075,-0.16,
41,2.083,-0.667,
42,0.344,-0.723,
43,1.666,-0.415,
44,0.893,0.678,
45,0.691,0.741,
46,0.675,0.467,
47,-0.547,-0.596,
48,0.079,1.014,
49,-0.357,-1.341,
50,0.917,-1.567,
51,1.797,-0.22,
52,0.934,-0.188,
53,-0.202,2.506,
54,3.202,0.025,
55,1.086,-0.759,
56,2.242,0.002,
57,0.26,2.459,
58,1.903,1.242,
59,1.568,-1.847,
60,0.857,1.457,
61,-0.873,0.672,
62,3.223,0.116,
63,1.184,0.551,
64,-0.956,-2.844,
65,1.098,0.543,
66,0.102,0.211,
67,1.314,-0.772,
68,-0.655,-0.222,
69,-2.387,1.527,
70,1.901,1.17,
71,0.338,-0.053,
72,0.352,0.042,
73,0.423,-1.179,
74,1.631,-0.259,
75,0.83,1.698,
76,0.996,-1.066,
77,0.442,0.04,
78,0.669,0.783,
79,-0.105,-0.023,
80,-1.026,-1.09,
81,-0.163,-1.039,
82,-1.628,-0.176,
83,1.862,-0.579,
84,0.841,-0.339,
85,0.78,2.612,
86,-0.604,-1.876,
87,1.194,-2.602,
88,1.293,0.43,
89,2.132,-1.217,
90,0.11,-1.156,
91,2.042,2.342,
92,2.001,-0.42,
93,1.669,0.822,
94,1.68,-0.961,
95,0.122,1.701,
96,3.977,-1.75,
97,1.836,0.451,
98,-0.041,0.129,
99,0.081,1.733,
100,3.117,-3.813,
101,0.999,-1.715,
102,0.852,-1.124,
103,0.169,1.353,
104,1.165,-0.624,
105,2.092,-0.12,
106,2.378,-1.239,
107,2.186,1.618,
108,0.045,-0.798,
109,-0.038,-0.264,
110,-0.085,-0.698,
111,1.583,1.618,
112,0.441,0.168,
113,1.06,0.637,
114,1.154,0.538,
115,-0.801,-1.742,
116,1.923,-1.778,
117,1.938,-2.089,
118,1.673,-1.167,
119,1.954,0.627,
120,0.747,-0.021,
121,1.068,1.576,
122,-0.925,0.935,
123,1.769,0.387,
124,1.841,-0.578,
125,-0.086,1.062,
126,2.63,-0.722,
127,1.214,0.757,
128,1.406,0.157,
129,1.816,1.029,
130,2.834,-0.143,
131,1.16,1.656,
132,0.884,0.134,
133,0.623,-0.641,
134,0.355,0.28,
135,-0.991,-0.242,
136,1.111,-0.592,
137,-0.085,-0.651,
138,1.271,-0.009,
139,0.989,-1.404,
140,1.107,1.045,
141,0.176,-1.052,
142,1.353,-0.924,
143,0.665,-0.627,
144,1.079,0.978,
145,0.136,0.393,
146,1.25,-0.191,
147,-0.89,-0.308,
148,-1.574,-1.281,
149,-0.171,-2.024,
150,1.685,-1.373,
151,0.944,1.846,
152,1.495,-0.148,
153,1.387,-1.309,
154,-0.516,-0.31,
155,1.21,-1.324,
156,-0.081,-1.893,
157,-1.807,-0.625,
158,1,0.397,
159,1.523,-0.141,
160,1.07,1.721,
161,0.647,-0.344,
162,-1.494,-1.763,
163,0.245,-1.512,
