1,-1.321,-0.322,
2,-0.077,-0.079,
3,0.444,-0.059,
4,0.048,0.056,
5,-0.925,-0.789,
6,-0.098,-0.328,
7,0.533,-0.112,
8,0.132,-0.497,
9,0.22,-0.348,
10,-0.628,-0.198,
11,-0.15,0.19,
12,0.844,0.047,
13,0.067,-0.274,
14,0.187,-0.064,
15,0.033,-0.558,
16,0.186,-0.031,
17,-0.159,0.349,
18,-0.343,0.391,
19,-0.15,0.296,
20,-1.036,-0.28,
21,0.185,0.081,
22,-0.023,0.351,
23,0.057,-0.403,
24,-0.181,0.248,
25,0.179,0.42,
26,0.294,-0.201,
27,-0.173,0.307,
28,0.174,0.128,
29,-0.204,0.411,
30,0.423,0.424,
31,-0.15,-0.761,
32,0.58,0.142,
33,0.694,-0.218,
34,0.153,-0.153,
35,-0.084,-0.058,
36,0.096,0.275,
37,0.137,0.12,
38,0.098,0.144,
39,0.967,0.648,
40,-0.393,-0.5,
41,-0.026,-0.278,
42,-0.073,0.047,
43,0.503,-0.183,
44,-0.127,-0.096,
45,0.229,0.063,
46,-0.009,-0.109,
47,-0.159,-0.055,
48,0.389,-0.003,
49,-0.239,0.117,
50,0.041,-0.078,
51,-0.34,-0.132,
52,0.35,-0.313,
53,0.418,0.018,
54,0.688,0.906,
55,0.464,-0.266,
56,-0.137,0.338,
57,-0.584,0.306,
58,-0.294,-0.854,
59,0.199,-0.149,
60,-0.275,0.114,
61,-0.062,0.232,
62,0.622,-0.188,
63,-1.131,-0.734,
64,-0.185,-0.213,
65,0.249,-0.571,
66,0.465,-0.041,
67,-0.072,0.029,
68,0.018,0.107,
69,1.117,0.253,
70,-0.503,0.577,
71,0.189,0.079,
72,0.633,-0.161,
73,0.737,-0.212,
74,0.381,0.069,
75,0.154,0.344,
76,0.434,-0.234,
77,0.266,0.264,
78,0.265,0.042,
79,0.284,-0.232,
80,0.135,0.198,
81,0.722,-0.173,
82,0.084,0.118,
83,0.103,0.093,
84,0.365,-0.036,
85,-0.606,-0.257,
86,-0.453,-0.164,
87,-0.435,-0.33,
88,0.363,0.165,
89,0.378,0.059,
90,0.238,0.046,
91,0.231,0.141,
92,-0.244,0.151,
93,-0.088,0.454,
94,0.379,0.254,
95,-0.629,0.855,
96,0.416,-0.537,
97,0.165,-0.168,
98,0.091,-0.477,
99,0.04,-0.851,
100,1.335,0.824,
101,0.466,0.248,
102,-0.156,0.068,
103,-1.009,-0.61,
104,0.405,0.31,
105,-0.173,0.107,
106,-1.234,-0.833,
107,-0.118,0.006,
108,0.06,-0.173,
109,0.295,-0.436,
110,-0.115,-0.138,
111,-0.162,-0.567,
112,-0.509,0.094,
113,0.482,0.277,
114,0.768,0.809,
115,0.142,0.416,
116,0.587,0.433,
117,0.292,-0.603,
118,0.429,-0.012,
119,-0.005,-0.262,
120,0.223,-0.384,
121,0.03,-0.007,
122,0.355,0.236,
123,-0.109,0.418,
124,0.119,-0.865,
125,0.182,-0.168,
126,0.397,0.059,
127,0.285,0.36,
128,-0.008,0.383,
129,0.496,0.233,
130,0.552,-0.184,
131,-0.497,0.433,
132,0.717,-0.715,
133,0.184,-0.959,
134,-0.207,-0.176,
135,0.033,0.22,
136,0.28,0.336,
137,0.324,0.451,
138,0.623,0.09,
139,-0.048,-0.286,
140,-0.179,-0.219,
141,-0.518,0.666,
142,0.001,0.655,
143,-0.486,0.312,
144,1.13,-0.953,
145,0.068,-0.167,
146,-0.382,-0.208,
147,0.025,0.166,
148,-0.05,-0.313,
149,0.209,0.203,
150,-0.117,-0.248,
151,0.419,0.426,
152,0.426,-0.685,
153,0.374,-1.025,
154,-0.032,0.139,
155,-0.194,0.073,
156,-0.085,0.736,
157,0.109,-0.278,
158,-0.184,-0.206,
159,-0.668,-0.058,
160,-0.167,0.128,
161,0.014,-0.218,
162,-0.262,0.268,
163,0.348,-0.306,
