1,0.484,-0.782,
2,0.767,-0.11,
3,1.406,0.052,
4,0.599,0.433,
5,-0.728,0.32,
6,-2.857,1.272,
7,0.323,-1.206,
8,-0.903,-0.713,
9,-0.061,-1.047,
10,0.008,0.631,
11,1.105,-1.114,
12,0.04,-1.701,
13,-0.808,-0.03,
14,-2.25,0.031,
15,-1.023,-2.733,
16,0.57,0.252,
17,-1.519,-0.449,
18,0.622,-0.289,
19,0.675,-0.072,
20,-0.967,-0.42,
21,1.14,0.306,
22,-0.953,-1.196,
23,0.272,0.56,
24,-0.098,0.388,
25,-0.149,0.844,
26,-0.671,0.511,
27,0.308,-0.131,
28,1.619,-1.274,
29,-0.46,0.393,
30,1.008,-0.192,
31,0.075,-0.053,
32,0.049,-0.636,
33,-0.447,0.052,
34,-0.521,-0.188,
35,0.361,0.673,
36,1.424,-0.046,
37,-0.016,0.05,
38,1.86,-0.557,
39,1.979,-0.35,
40,0.035,-0.762,
41,0.37,0.215,
42,1.61,0.286,
43,-0.46,0.106,
44,0.341,0.072,
45,-1.441,1.413,
46,0.451,0.36,
47,-0.517,-0.014,
48,0.249,-1.309,
49,0.945,0.079,
50,1.073,-0.602,
51,-0.525,-1.635,
52,0.002,0.207,
53,1.723,-0.216,
54,0.638,0.369,
55,-0.76,-0.114,
56,1.415,-0.261,
57,0.227,-0.078,
58,-0.14,0.969,
59,-0.187,-0.035,
60,0.435,-0.268,
61,-0.674,-0.316,
62,2.529,-1.16,
63,0.38,-0.066,
64,-0.119,-1.591,
65,1.82,0.704,
66,-0.17,0.257,
67,0.622,-0.136,
68,1.753,-0.476,
69,1.273,0.194,
70,0.485,0.191,
71,2.249,0.151,
72,0.131,-1.072,
73,-1.199,-0.22,
74,0.13,0.151,
75,-1.367,-1.825,
76,-0.74,-1.727,
77,-0.186,-0.007,
78,0.402,0.317,
79,-0.235,1.199,
80,-0.718,-1.496,
81,-0.076,0.243,
82,-1.957,-0.472,
83,-0.669,-1.141,
84,0.927,2.206,
85,0.385,-0.644,
86,0.012,-1.978,
87,-0.809,0.259,
88,1.075,-2.871,
89,1.846,-2.494,
90,0.079,-0.805,
91,0.172,-0.075,
92,0.579,0.163,
93,1.034,-2,
94,1.288,0.14,
95,-0.67,-1.611,
96,-0.132,0.838,
97,0.576,-0.457,
98,0.636,1.496,
99,0.598,0.768,
100,1.257,0.198,
101,0.469,-0.065,
102,-0.197,0.178,
103,1.971,0.701,
104,-0.161,-0.122,
105,-0.852,0.087,
106,-0.47,-0.422,
107,0.57,1.233,
108,1.413,-2.227,
109,0.466,-0.534,
110,0.46,-0.127,
111,0.765,-0.23,
112,0.225,-0.72,
113,0.712,-0.285,
114,-1.377,-0.391,
115,-0.709,0.354,
116,-0.238,-0.275,
117,1.208,0.537,
118,0.567,1.374,
119,-0.606,-1.225,
120,0.779,-1.339,
121,-0.503,-0.8,
122,1.099,-0.927,
123,-1.036,-0.396,
124,0.18,-0.054,
125,0.345,-2.884,
126,0.248,-0.782,
127,-0.076,-1.31,
128,-0.007,0.487,
129,-0.685,-0.831,
130,2.307,-0.745,
131,0.3,-0.952,
132,-0.405,0.083,
133,-0.02,0.378,
134,-1.19,-1.136,
135,0.618,-2.213,
136,1.105,0.129,
137,1.114,0.54,
138,-0.172,-0.335,
139,0.962,0.579,
140,-0.384,0.414,
141,0.51,1.514,
142,1.466,-0.275,
143,1.051,-0.733,
144,0.5,-0.875,
145,0.274,-0.888,
146,0.45,0.752,
147,1.214,-0.317,
148,0.726,-1.232,
149,0.993,0.135,
150,0.94,-0.68,
151,-0.643,-0.068,
152,-0.421,-0.51,
153,0.594,-0.605,
154,0.614,0.411,
155,0.212,-0.153,
156,-0.78,0.228,
157,0.76,-1.48,
158,0.295,-1.281,
159,0.583,-0.457,
160,-0.072,0.006,
161,0.02,-1.436,
162,-0.903,-0.513,
163,1.175,-1.103,
