1,0.639,-0.474,
2,0.406,-0.806,
3,1.595,-0.024,
4,0.739,0.465,
5,-1.012,-0.13,
6,-3.14,2.177,
7,0.546,-0.864,
8,-0.81,-0.425,
9,0.031,-0.675,
10,0.029,1.082,
11,1.1,-1.092,
12,-0.036,-1.554,
13,-1.199,0.835,
14,-2.444,-0.291,
15,-1.363,-2.817,
16,0.354,-0.495,
17,-1.451,-0.165,
18,1.028,-0.007,
19,0.689,-0.315,
20,-1.134,-0.605,
21,1.098,0.322,
22,-1.036,-1.355,
23,0.142,0.906,
24,-0.347,0.588,
25,0.167,0.042,
26,-1.045,0.381,
27,0.642,-0.097,
28,1.536,-1.536,
29,-0.533,0.392,
30,1.182,-0.709,
31,-0.017,-0.268,
32,0.011,-0.79,
33,-0.464,-0.096,
34,-0.388,-0.272,
35,0.105,1.201,
36,1.786,-0.347,
37,-0.114,0.129,
38,1.931,-0.644,
39,2.115,-0.348,
40,0.092,-1.003,
41,0.267,0.212,
42,1.633,0.213,
43,-0.395,-0.056,
44,0.325,0.143,
45,-1.661,1.353,
46,0.451,0.321,
47,-0.658,0.012,
48,0.64,-1.47,
49,0.443,-0.236,
50,1.4,-0.518,
51,-0.343,-1.794,
52,-0.209,-0.169,
53,1.491,-0.364,
54,0.365,0.418,
55,-0.856,-0.166,
56,1.545,0.189,
57,0.239,0.065,
58,0.118,1.001,
59,-0.043,0.097,
60,0.263,0.006,
61,-0.258,-0.41,
62,3.112,-1.157,
63,0.975,-0.223,
64,-0.351,-1.774,
65,1.602,0.856,
66,-0.3,0.36,
67,0.834,-0.167,
68,1.827,-0.815,
69,1.344,0.159,
70,0.444,0.181,
71,2.372,0.669,
72,0.273,-1,
73,-1.315,-0.426,
74,-0.133,0.144,
75,-1.885,-1.929,
76,-0.351,-1.618,
77,0.169,0.032,
78,0.115,0.159,
79,-0.353,1.194,
80,-0.643,-1.502,
81,-0.488,0.136,
82,-2.459,-0.429,
83,-0.835,-1.044,
84,0.907,2.126,
85,0.535,-0.557,
86,0.108,-2.066,
87,-1.331,0.283,
88,0.786,-2.845,
89,2.346,-2.376,
90,0.546,-1.056,
91,0.014,-0.09,
92,0.423,0.355,
93,0.904,-1.987,
94,1.293,0.099,
95,-0.795,-1.811,
96,-0.256,1.23,
97,0.6,-0.513,
98,0.217,1.945,
99,0.821,0.588,
100,1.325,0.304,
101,0.126,-0.057,
102,-0.667,0.256,
103,1.713,1.052,
104,-0.246,-0.206,
105,-1.008,0.038,
106,-0.522,-0.496,
107,0.478,1.291,
108,1.452,-2.337,
109,0.382,-0.673,
110,0.389,-0.099,
111,0.905,0.255,
112,0.252,-0.534,
113,0.519,-0.288,
114,-1.614,-0.406,
115,-0.114,0.423,
116,-0.272,-0.257,
117,1.061,0.605,
118,0.469,1.63,
119,-0.714,-0.98,
120,0.756,-1.329,
121,-0.616,-0.844,
122,1.085,-0.647,
123,-1.048,-0.381,
124,0.212,0.02,
125,0.292,-2.867,
126,0.437,-1.035,
127,-0.136,-1.474,
128,-0.194,0.739,
129,-0.329,-1.054,
130,2.253,-0.603,
131,0.218,-0.857,
132,-0.427,0.182,
133,0.003,0.579,
134,-0.993,-0.91,
135,0.531,-2.213,
136,1.357,0.281,
137,0.929,0.151,
138,-0.1,-0.222,
139,0.662,1.362,
140,-0.348,0.128,
141,0.836,1.166,
142,1.507,-0.078,
143,1.113,-0.655,
144,0.47,-0.703,
145,0.202,-0.804,
146,0.11,0.593,
147,1.041,-0.596,
148,0.986,-0.679,
149,1.205,-0.329,
150,1.122,-1.068,
151,-0.294,-0.435,
152,-0.26,-0.894,
153,0.889,-0.589,
154,0.432,-0.258,
155,0.088,-0.54,
156,-0.606,-0.005,
157,0.391,-2.029,
158,0.324,-1.699,
159,0.154,0.118,
160,-0.12,0.076,
161,0.04,-1.329,
162,-0.564,0.009,
163,1.043,-1.512,
