1,-0.333,-0.816,
2,0.166,-0.136,
3,1.099,0.366,
4,0.268,0.478,
5,0.058,-0.106,
6,-2.027,0.703,
7,0.303,-1.337,
8,-1.23,-0.56,
9,0.309,-0.28,
10,0.005,0.498,
11,0.782,-0.535,
12,0.167,-0.364,
13,-0.438,-0.202,
14,-0.841,-0.742,
15,-0.608,-2.135,
16,-0.012,-0.183,
17,-0.822,0.297,
18,0.087,0.326,
19,0.144,0.177,
20,-0.631,-0.252,
21,0.167,0.795,
22,-0.706,-0.222,
23,-0.075,0.331,
24,-0.435,0.732,
25,0.467,-0.006,
26,0,0.231,
27,0.273,0.424,
28,0.774,-0.316,
29,-0.528,0.161,
30,0.663,-0.225,
31,0.101,-0.221,
32,0.046,-0.475,
33,-0.273,-0.313,
34,-0.219,0.046,
35,-0.163,0.447,
36,0.879,0.535,
37,0.08,0.147,
38,0.293,-0.136,
39,1.158,-0.204,
40,-0.125,-0.466,
41,0.245,-0.005,
42,0.84,-0.623,
43,-0.72,-0.219,
44,0.121,-0.08,
45,-0.53,0.457,
46,0.28,0.064,
47,-0.327,0.059,
48,0.038,-0.839,
49,-0.255,0.262,
50,0.691,-0.108,
51,-0.894,-0.598,
52,0.086,0.239,
53,0.174,-0.206,
54,0.026,0.307,
55,-0.215,0.101,
56,0.83,0.571,
57,-0.096,0.194,
58,-0.095,0.345,
59,-0.254,0.227,
60,-0.209,0.077,
61,-0.214,-0.252,
62,1.499,-0.603,
63,0.11,0.224,
64,-0.353,-0.848,
65,0.903,0.336,
66,-0.316,0.169,
67,0.325,0.138,
68,0.919,-0.268,
69,0.945,0.177,
70,0.06,0.249,
71,1.149,0.584,
72,0.045,-0.444,
73,-0.533,0.382,
74,-0.18,0.276,
75,-0.571,-0.754,
76,-0.287,-0.741,
77,0.143,0.09,
78,-0.403,0.452,
79,-0.12,0.815,
80,-0.561,-0.41,
81,-0.199,0.036,
82,-1.115,0.103,
83,-0.796,-0.13,
84,0.445,0.509,
85,-0.224,-0.398,
86,0.058,-1.192,
87,-0.935,0.098,
88,1.11,-1.705,
89,0.027,-0.046,
90,0.167,-0.23,
91,0.226,-0.107,
92,0.083,0.024,
93,0.574,-0.208,
94,0.793,0.285,
95,-0.481,-0.564,
96,-0.227,0.363,
97,-0.111,-0.431,
98,-0.078,0.97,
99,0.315,0.408,
100,0.928,0.266,
101,-0.14,-0.074,
102,-0.257,0.571,
103,1.166,0.041,
104,-0.585,-0.06,
105,-0.322,-0.074,
106,-0.621,-0.765,
107,0.157,0.7,
108,0.332,-1.066,
109,0.048,-0.494,
110,0.203,-0.497,
111,0.869,0.198,
112,0.229,-0.385,
113,0.158,0.608,
114,-0.977,-0.158,
115,-0.609,0.997,
116,-0.122,-0.121,
117,0.205,1.128,
118,0.065,0.598,
119,-0.285,-0.399,
120,0.2,-0.625,
121,-0.811,-0.586,
122,0.55,0.242,
123,-0.704,0.123,
124,0.022,0.354,
125,0.14,-1.315,
126,0.062,-1.165,
127,-0.126,-0.561,
128,0.117,0.439,
129,0.006,-0.597,
130,1.21,-0.159,
131,-0.552,-0.397,
132,-0.217,0.191,
133,-0.26,0.231,
134,-0.769,-0.359,
135,0.512,-0.536,
136,0.24,0.4,
137,0.345,0.166,
138,-0.098,-0.183,
139,0.406,0.828,
140,-0.087,0,
141,0.206,1.325,
142,0.502,0.457,
143,0.281,-0.264,
144,0.44,-0.498,
145,0.465,-0.177,
146,-0.074,0.031,
147,0.439,-0.205,
148,0.368,-0.268,
149,0.033,0.556,
150,0.357,-0.244,
151,-0.323,-0.255,
152,-0.057,-0.488,
153,0.268,-0.402,
154,0.277,0.227,
155,0.093,-0.314,
156,-0.548,0.379,
157,0.221,-0.527,
158,0.055,0.065,
159,-0.192,0.164,
160,-0.122,0.179,
161,0.212,-0.737,
162,-0.256,0.311,
163,0.992,-0.544,
