1,1.68,-0.133,
2,1.319,0.421,
3,1.445,-0.811,
4,1.239,-0.861,
5,1.198,0.061,
6,0.014,0.881,
7,1.923,0.554,
8,1.94,0.143,
9,1.45,-0.918,
10,0.613,-0.223,
11,1.522,-0.158,
12,1.907,-0.243,
13,1.938,-0.132,
14,0.949,0.438,
15,0.677,-0.286,
16,0.946,-0.364,
17,0.467,-0.308,
18,0.927,-0.421,
19,0.525,-0.112,
20,0.908,-0.898,
21,1.056,-1.441,
22,1.056,-0.316,
23,0.097,-0.95,
24,1.132,-0.717,
25,0.579,0.235,
26,1.637,-0.242,
27,1.96,-0.656,
28,1.807,-0.289,
29,1.69,0.304,
30,1.289,0.061,
31,1.067,0.263,
32,1.657,-0.708,
33,1.52,-1.305,
34,0.206,-0.092,
35,1.829,0.775,
36,0.601,-0.242,
37,0.899,-0.687,
38,0.685,0.02,
39,0.761,-0.202,
40,0.923,-0.228,
41,1.873,-0.355,
42,1.777,0.098,
43,1.163,0.029,
44,1.31,0.168,
45,1.157,0.279,
46,0.895,0.077,
47,0.435,-0.916,
48,1.692,0.121,
49,1.051,-0.969,
50,0.676,-1.094,
51,1.396,-0.458,
52,1.233,-0.255,
53,0.935,0.238,
54,1.886,0.077,
55,0.992,-0.899,
56,1.408,0.064,
57,0.801,1.222,
58,1.323,0.312,
59,1.205,-1.317,
60,1.285,0.147,
61,0.645,0.435,
62,2.573,-0.106,
63,1.201,0.116,
64,0.375,-1.458,
65,1.684,-0.251,
66,0.926,0.234,
67,1.246,-0.774,
68,1.052,-0.143,
69,0.761,0.4,
70,1.768,-0.242,
71,1.028,-0.596,
72,1.214,-0.233,
73,1.069,-0.553,
74,2.071,-0.347,
75,0.796,-0.268,
76,1.537,-1.039,
77,0.97,-0.267,
78,0.964,0.014,
79,0.346,-0.247,
80,0.403,-1.176,
81,0.145,-0.376,
82,0.698,-0.388,
83,1.242,-0.437,
84,1.322,-0.354,
85,1.501,0.545,
86,0.499,-0.91,
87,1.469,-1.306,
88,0.633,-0.227,
89,1.881,-0.396,
90,0.454,-0.725,
91,1.95,0.842,
92,1.663,-0.541,
93,0.867,0.396,
94,1.244,-0.639,
95,1.185,0.162,
96,2.371,-1.349,
97,1.583,-0.342,
98,0.484,-0.686,
99,1.086,0.13,
100,1.608,-1.391,
101,1.23,-0.566,
102,0.88,-0.799,
103,1.077,0.474,
104,1.131,-0.555,
105,1.384,-0.626,
106,1.965,-0.464,
107,2.44,0.799,
108,1.072,-0.542,
109,0.964,-0.275,
110,1.495,-0.118,
111,1.223,0.022,
112,0.485,-0.289,
113,0.9,-0.074,
114,1.431,-0.287,
115,0.107,-1.663,
116,1.43,-0.991,
117,1.737,-0.49,
118,1.371,-0.644,
119,1.519,-0.152,
120,1.159,-0.618,
121,1.361,0.279,
122,1.409,-0.021,
123,1.26,-0.755,
124,1.778,-0.718,
125,0.359,-0.217,
126,2.134,-0.453,
127,1.701,-0.275,
128,1.205,0,
129,1.424,0.27,
130,2.303,-0.324,
131,1.582,0.316,
132,1.04,-0.253,
133,1.121,-0.817,
134,0.683,-0.088,
135,0.687,-0.724,
136,1.03,-0.575,
137,0.708,-0.198,
138,1.297,-0.249,
139,1.06,-0.929,
140,1.163,0.387,
141,0.849,-0.953,
142,1.012,-1.13,
143,0.992,-0.131,
144,0.838,0.125,
145,1.002,-0.466,
146,2.046,0.159,
147,0.818,-0.085,
148,0.083,-0.999,
149,0.761,-2.327,
150,1.204,-0.814,
151,1.543,0.906,
152,1.202,0.182,
153,1.338,-0.99,
154,0.588,-0.322,
155,1.229,-0.415,
156,0.758,-1.104,
157,0.539,-0.653,
158,1.589,-0.281,
159,1.508,-0.716,
160,1.204,0.448,
161,1.509,-0.293,
162,0.571,-0.545,
163,1.528,-1.483,
