1,0.618,1.64,
2,-0.658,-0.972,
3,-2.783,-1.995,
4,0.151,0.77,
5,-1.769,-0.367,
6,-3.715,0.164,
7,-2.102,2.105,
8,-2.016,0.579,
9,-3.336,1.616,
10,-0.581,0.821,
11,0.068,1.627,
12,1.847,-0.735,
13,-0.097,0.348,
14,-2.224,1.255,
15,-4.351,-0.936,
16,1.052,1.479,
17,-1.072,0.477,
18,1.231,1.796,
19,0.096,0.886,
20,-0.812,1.238,
21,2.327,-1.989,
22,0.197,-1.147,
23,-1.931,-1.031,
24,-1.939,1.254,
25,-1.553,-0.503,
26,-0.482,0.508,
27,-1.94,0.751,
28,1.033,0.824,
29,-0.539,0.355,
30,-0.717,1.211,
31,1.409,0.179,
32,0.133,-0.226,
33,-1.992,1.291,
34,1.037,1.076,
35,-0.687,1.018,
36,-2.813,1.123,
37,-0.304,0.149,
38,0.754,-0.147,
39,0.374,2.886,
40,-1.051,-0.391,
41,-1.916,-1.308,
42,0.996,-1.521,
43,0.094,0.525,
44,0.482,1.407,
45,-0.656,-0.119,
46,0.511,0.864,
47,-0.042,1.071,
48,0.026,-0.595,
49,-1.16,-1.488,
50,1.123,-0.145,
51,-1.004,-0.079,
52,0.203,0.66,
53,-0.522,0.89,
54,-1.584,-1.647,
55,0.983,0.157,
56,0.321,2.306,
57,1.271,1.918,
58,-0.854,0.554,
59,-2.737,2.272,
60,0.456,-0.311,
61,-1.67,2.433,
62,1.337,-1.46,
63,0.962,-1.321,
64,-0.31,-0.304,
65,-0.427,-0.623,
66,0.503,0.055,
67,-1.624,0.452,
68,-0.125,1.126,
69,-0.15,1.44,
70,1.383,-0.436,
71,-0.258,0.348,
72,-1.994,1.399,
73,-1.111,-0.967,
74,-1.622,0.109,
75,-3.37,0.981,
76,0.602,-0.069,
77,0.022,-0.834,
78,1.842,1.594,
79,-0.196,-0.144,
80,-1.856,2.222,
81,0.272,-0.27,
82,-1.854,0.785,
83,0.674,0.349,
84,-0.737,0.384,
85,0.653,1.319,
86,-0.945,-0.637,
87,-0.863,-0.936,
88,-1.254,2.089,
89,0.037,0.092,
90,-1.336,0.331,
91,-0.401,1.393,
92,-1.094,0.857,
93,0.585,2.064,
94,-1.304,-0.318,
95,-1.633,-1.378,
96,0.498,-0.907,
97,-0.058,-0.021,
98,-0.093,-0.059,
99,-0.376,-0.531,
100,-0.005,1.69,
101,-0.432,0.396,
102,-2.479,0.342,
103,1.677,0.588,
104,-0.106,0.001,
105,-0.601,2.21,
106,0.409,0.785,
107,2.503,0.775,
108,0.375,0.469,
109,-1.7,-1.405,
110,-0.133,0.952,
111,0.24,-2.31,
112,-1.032,1.851,
113,-1.974,-0.677,
114,1.238,-0.184,
115,-0.826,-0.788,
116,0.285,1.789,
117,-1.842,-0.959,
118,-0.454,0.354,
119,1.523,0.687,
120,-0.586,0.105,
121,0.035,-1.205,
122,-2.095,-0.882,
123,-2.411,1.234,
124,-1.536,-0.895,
125,-0.373,1.151,
126,-2.499,0.991,
127,-0.047,-1.323,
128,0.019,0.074,
129,1.021,0.379,
130,1.56,-1.735,
131,-0.351,2.086,
132,-0.042,1.3,
133,-1.013,1.526,
134,-3.141,-1.639,
135,-0.6,-2.259,
136,0.481,-0.807,
137,-0.192,0.554,
138,2.433,0.5,
139,-0.963,-0.376,
140,-0.302,-1.191,
141,-0.303,1.266,
142,1.783,-0.082,
143,0.164,2.359,
144,-0.282,0.388,
145,0.143,-1.434,
146,-1.568,0.748,
147,0.504,-0.58,
148,0.168,-0.686,
149,1.669,-2.413,
150,0.429,0.114,
151,2.014,0.387,
152,0.433,0.059,
153,-0.251,0.172,
154,-1.071,2.726,
155,-0.353,-0.619,
156,-2.384,-1.236,
157,0.132,0.317,
158,0.82,-2.162,
159,0.801,-1.175,
160,-0.077,-0.17,
161,-0.095,0.844,
162,-0.848,0.147,
163,-0.311,-2.493,
