1,0.289,-0.184,
2,-0.411,0.479,
3,0.745,-0.348,
4,-0.153,-0.04,
5,0.533,-0.334,
6,-0.035,0.542,
7,0.408,-0.703,
8,0.367,-0.737,
9,1,-0.117,
10,-0.108,-0.085,
11,-1.195,-0.09,
12,0.334,0.785,
13,0.026,-0.081,
14,0.67,0.112,
15,-0.266,0.042,
16,0.209,-0.264,
17,-0.687,0.303,
18,-0.197,0.307,
19,-0.483,-0.342,
20,-0.318,-0.121,
21,-0.571,-0.637,
22,0.007,-0.135,
23,-0.349,-0.528,
24,-0.366,0.337,
25,0.283,-0.048,
26,0.461,-0.143,
27,0.751,0.218,
28,0.628,-0.088,
29,0.334,0.609,
30,0.783,0.259,
31,-0.284,0.029,
32,0.808,-0.51,
33,-0.452,-1.354,
34,-0.298,0.252,
35,-0.004,0.281,
36,0.211,0.439,
37,-0.417,-0.41,
38,-0.138,-0.737,
39,-0.003,-0.27,
40,-0.661,-0.137,
41,0.301,-0.498,
42,-0.008,-0.552,
43,0.433,-0.182,
44,0.093,0.308,
45,0.154,0.087,
46,0.572,0.105,
47,-0.453,-0.197,
48,-0.25,0.267,
49,-0.678,0.28,
50,0.101,-0.039,
51,0.017,-0.29,
52,0.156,-0.025,
53,-0.331,0.879,
54,1.191,-0.123,
55,-0.155,-0.353,
56,0.508,0.408,
57,-0.405,0.729,
58,0.736,0.823,
59,0.368,-0.298,
60,-0.183,0.56,
61,-0.48,-0.68,
62,0.655,-0.41,
63,-0.195,0.087,
64,-0.074,-0.812,
65,-0.217,0.276,
66,-0.689,0.04,
67,-0.475,-0.424,
68,0.329,-0.09,
69,-0.527,0.342,
70,0.334,0.856,
71,-0.177,-0.157,
72,-0.167,0.039,
73,-0.066,0.025,
74,0.559,0.062,
75,0.083,0.289,
76,-0.005,-0.151,
77,-0.476,0.047,
78,0.16,1.043,
79,-0.231,0.36,
80,-0.526,0.014,
81,-0.177,-0.092,
82,-0.659,0.237,
83,0.323,0.349,
84,0.261,-0.13,
85,-1.008,0.706,
86,-0.088,-0.381,
87,0.174,-0.662,
88,0.286,0.007,
89,0.76,-0.726,
90,0.071,-0.173,
91,0.344,0.994,
92,0.189,0.046,
93,0.508,0.418,
94,0.414,0.305,
95,-0.009,1.254,
96,0.987,-0.701,
97,0.681,0.366,
98,-0.475,0.006,
99,-0.618,1.037,
100,1.633,-1.108,
101,0.089,-1.154,
102,-0.113,-0.053,
103,-0.24,-0.031,
104,0.308,-0.165,
105,0.373,-0.325,
106,-0.368,-1.236,
107,-0.058,0.297,
108,-0.092,-0.118,
109,-0.658,-0.537,
110,-0.01,-0.118,
111,0.488,0.24,
112,0.035,-0.429,
113,-0.102,0.448,
114,0.058,0.64,
115,-0.301,-0.073,
116,0.401,-0.558,
117,0.04,0.282,
118,0.332,-0.782,
119,0.599,0.291,
120,0.066,0.193,
121,0.054,-0.258,
122,-0.54,0.748,
123,0.259,0.664,
124,0.12,0.211,
125,0.027,0.881,
126,0.471,-0.351,
127,0.367,0.582,
128,-0.002,0.669,
129,0.461,0.291,
130,0.513,0.476,
131,0.438,0.478,
132,-0.061,0.093,
133,-0.033,-0.453,
134,0.019,0.335,
135,-0.249,0.429,
136,-0.343,-0.196,
137,-0.106,-0.082,
138,0.298,0.369,
139,-0.434,-0.4,
140,-0.407,0.647,
141,-0.882,0.177,
142,0.204,-0.391,
143,0.482,-0.821,
144,0.746,-0.722,
145,-0.13,-0.181,
146,-0.096,0.212,
147,-0.835,0.247,
148,-0.46,0.151,
149,0.022,-0.152,
150,0.097,-0.756,
151,-0.054,0.624,
152,0.089,0.057,
153,0.866,-0.304,
154,-0.378,0.137,
155,0.63,-0.378,
156,-0.276,0.135,
157,-0.241,-0.229,
158,-0.034,0.455,
159,-0.115,0.267,
160,-0.235,1.155,
161,0.374,-0.061,
162,-0.455,0.049,
163,-0.565,-0.625,
