1,0.459,-0.63,
2,0.606,-0.485,
3,1.748,0.126,
4,0.661,0.535,
5,-1.132,0.174,
6,-3.262,2.31,
7,0.439,-1.103,
8,-0.939,-0.711,
9,0.038,-0.578,
10,0.016,1.179,
11,1.128,-1.227,
12,-0.04,-1.525,
13,-1.373,0.952,
14,-2.519,-0.586,
15,-1.474,-3.159,
16,0.553,-0.156,
17,-1.502,-0.116,
18,1.249,0.062,
19,0.723,-0.448,
20,-1.254,-0.552,
21,0.993,0.403,
22,-1.141,-1.311,
23,0.117,1.076,
24,-0.453,0.722,
25,-0.105,0.405,
26,-1.103,0.522,
27,0.75,-0.072,
28,1.525,-1.77,
29,-0.547,0.481,
30,1.285,-0.843,
31,-0.056,-0.316,
32,-0.032,-0.836,
33,-0.472,-0.063,
34,-0.315,-0.307,
35,0.037,1.372,
36,1.794,-0.364,
37,0.021,0.204,
38,2.083,-0.765,
39,2.279,-0.275,
40,0.19,-1.111,
41,0.247,0.28,
42,1.657,0.272,
43,-0.409,-0.058,
44,0.275,0.181,
45,-1.803,1.455,
46,0.412,0.369,
47,-0.72,0.085,
48,0.512,-1.44,
49,0.852,-0.217,
50,1.603,-0.6,
51,-0.214,-1.903,
52,-0.286,-0.225,
53,1.526,-0.374,
54,0.341,0.461,
55,-0.948,-0.179,
56,1.709,0.226,
57,0.235,0.167,
58,0.167,1.151,
59,-0.079,0.152,
60,0.24,0.065,
61,-0.663,-0.323,
62,3.173,-1.33,
63,1.069,-0.253,
64,-0.438,-1.887,
65,1.663,1.066,
66,-0.285,0.42,
67,0.99,-0.16,
68,1.98,-0.951,
69,1.413,0.1,
70,0.475,0.196,
71,2.496,0.844,
72,0.375,-1.063,
73,-1.441,-0.626,
74,-0.21,0.291,
75,-1.869,-2.079,
76,-0.532,-1.655,
77,0.23,0.097,
78,0.079,0.146,
79,-0.43,1.238,
80,-0.714,-1.625,
81,-0.662,0.135,
82,-2.757,-0.539,
83,-0.884,-1.036,
84,1.059,2.295,
85,0.66,-0.559,
86,0.074,-2.21,
87,-1.579,0.377,
88,1.046,-2.854,
89,2.199,-2.455,
90,0.703,-1.191,
91,-0.122,-0.056,
92,0.44,0.483,
93,1.038,-2.073,
94,1.277,0.022,
95,-0.858,-1.912,
96,-0.305,1.418,
97,0.613,-0.425,
98,0.085,2.114,
99,0.939,0.636,
100,1.448,0.319,
101,0.028,-0.077,
102,-0.496,0.181,
103,2.011,1.074,
104,-0.018,-0.211,
105,-1.161,0.077,
106,-0.551,-0.494,
107,0.418,1.394,
108,1.552,-2.513,
109,0.376,-0.654,
110,0.372,-0.033,
111,1.012,0.413,
112,0.32,-0.485,
113,0.459,-0.405,
114,-1.675,-0.323,
115,-0.623,0.485,
116,-0.068,-0.187,
117,1.05,0.588,
118,0.516,1.862,
119,-0.83,-1.058,
120,0.903,-1.346,
121,-0.681,-0.912,
122,1.044,-0.676,
123,-1.089,-0.374,
124,0.242,-0.046,
125,0.321,-2.949,
126,0.527,-1.109,
127,-0.333,-1.609,
128,-0.144,0.728,
129,-0.318,-1.083,
130,2.35,-0.575,
131,0.278,-0.941,
132,-0.508,0.243,
133,0.055,0.682,
134,-1.039,-0.977,
135,0.451,-2.366,
136,1.601,0.423,
137,0.982,0.107,
138,-0.196,-0.313,
139,0.95,1.095,
140,-0.367,0.094,
141,0.875,1.227,
142,1.638,-0.003,
143,1.21,-0.735,
144,0.511,-0.716,
145,0.185,-0.786,
146,0.043,0.62,
147,1.081,-0.735,
148,0.827,-1.013,
149,1.168,-0.122,
150,1.102,-0.905,
151,-0.238,-0.473,
152,-0.268,-1.062,
153,1.064,-0.567,
154,0.45,-0.388,
155,0.052,-0.664,
156,-0.317,0.134,
157,0.414,-1.909,
158,0.171,-1.695,
159,0.31,-0.215,
160,-0.071,-0.076,
161,-0.049,-1.556,
162,-0.729,-0.273,
163,1.231,-1.432,
