1,-0.137,-0.335,
2,0.101,-0.023,
3,1.21,0.271,
4,0.266,0.47,
5,0.223,0.164,
6,-1.174,0.627,
7,0.249,-0.546,
8,-0.608,-0.087,
9,0.235,-0.375,
10,0.099,0.378,
11,0.526,-0.646,
12,0.147,-0.397,
13,-0.486,-0.453,
14,-0.217,-1.112,
15,-0.345,-1.433,
16,0.282,-0.168,
17,-0.844,0.098,
18,-0.078,0.342,
19,-0.14,0.457,
20,-0.361,0.024,
21,0.191,0.525,
22,-0.41,-0.033,
23,-0.106,0.118,
24,-0.416,0.735,
25,0.519,-0.164,
26,0.076,0.018,
27,0.216,0.598,
28,0.664,-0.221,
29,-0.496,0.254,
30,0.545,0.34,
31,0.145,-0.096,
32,-0.037,-0.254,
33,0.194,0.137,
34,-0.117,0.093,
35,-0.113,0.225,
36,1.054,0.615,
37,-0.06,0.15,
38,0.358,-0.219,
39,0.728,-0.152,
40,-0.166,-0.302,
41,0.243,0.04,
42,0.607,-0.348,
43,-0.914,0,
44,0.164,-0.231,
45,-0.409,0.472,
46,0.158,0.027,
47,-0.116,0.014,
48,0.18,-0.932,
49,-0.216,0.084,
50,0.778,-0.006,
51,-1.04,-0.319,
52,0.156,0.451,
53,0.208,0.102,
54,0.376,0.186,
55,-0.257,0.249,
56,0.495,0.031,
57,-0.071,-0.026,
58,-0.135,0.414,
59,-0.378,-0.325,
60,-0.332,-0.094,
61,-0.079,-0.301,
62,1.127,-0.468,
63,0.225,0.324,
64,0.11,-0.492,
65,1.088,0.38,
66,-0.252,0.103,
67,0.173,0.095,
68,0.918,-0.158,
69,0.851,0.251,
70,0.043,0.035,
71,0.997,-0.088,
72,-0.072,-0.438,
73,-0.355,0.377,
74,-0.113,0.3,
75,-0.465,-0.477,
76,0.06,-0.229,
77,0.018,0.179,
78,0.038,0.562,
79,-0.029,0.947,
80,-0.706,-0.374,
81,0.085,0.11,
82,-0.35,0.033,
83,-0.271,-0.231,
84,0.604,0.592,
85,-0.21,-0.395,
86,-0.06,-0.905,
87,-0.555,0.037,
88,0.637,-1.06,
89,0.145,0.27,
90,-0.13,-0.023,
91,0.043,0.327,
92,0.09,0.163,
93,0.435,-0.332,
94,0.607,0.013,
95,-0.265,-0.211,
96,-0.077,-0.19,
97,-0.151,-0.384,
98,0.312,0.241,
99,0.241,0.474,
100,0.961,-0.063,
101,-0.168,-0.114,
102,-0.436,0.761,
103,0.781,0.195,
104,-0.762,0.02,
105,-0.378,0.235,
106,-0.671,-0.774,
107,0.214,0.628,
108,0.099,-0.742,
109,0.039,-0.475,
110,0.189,-0.339,
111,0.494,-0.336,
112,0.271,-0.332,
113,0.074,0.194,
114,-0.579,-0.047,
115,-0.3,0.545,
116,-0.141,-0.078,
117,0.463,0.576,
118,0.033,0.389,
119,-0.234,-0.479,
120,0.248,-0.466,
121,-0.541,-0.676,
122,0.241,-0.405,
123,-0.438,0.208,
124,-0.03,0.323,
125,0.329,-1.252,
126,-0.206,-0.53,
127,0.181,-0.348,
128,0.003,0.661,
129,-0.111,-0.496,
130,1.044,-0.223,
131,-0.314,-0.411,
132,-0.262,0.245,
133,-0.211,0.07,
134,-0.904,-0.501,
135,0.503,-0.628,
136,0.115,0.228,
137,0.221,0.121,
138,0.093,-0.055,
139,0.055,0.625,
140,-0.031,0.163,
141,-0.135,1.156,
142,0.414,-0.093,
143,0.172,-0.453,
144,0.916,-0.764,
145,0.594,-0.303,
146,-0.018,-0.085,
147,0.604,-0.008,
148,0.288,-0.193,
149,-0.132,-0.052,
150,0.068,-0.235,
151,-0.529,-0.098,
152,-0.171,-0.419,
153,-0.027,-0.057,
154,0.342,0.505,
155,0.169,-0.1,
156,-0.323,0.431,
157,-0.149,-0.452,
158,-0.048,0.301,
159,-0.22,0.14,
160,-0.123,0.338,
161,0.324,-0.328,
162,-0.331,0.189,
163,0.689,-0.541,
