1,-0.043,-0.426,
2,0.196,-0.138,
3,1.502,0.302,
4,0.401,0.598,
5,-0.16,0.172,
6,-2.268,1.187,
7,0.575,-0.874,
8,-1.105,-0.039,
9,0.203,-0.441,
10,0.1,0.626,
11,0.863,-0.955,
12,0.034,-0.662,
13,-0.814,-0.213,
14,-1.009,-0.935,
15,-0.895,-1.99,
16,0.3,-0.168,
17,-1.107,0.061,
18,0.176,0.324,
19,0.047,0.411,
20,-0.757,-0.052,
21,0.29,0.661,
22,-0.856,-0.23,
23,-0.099,0.342,
24,-0.466,0.932,
25,0.509,-0.114,
26,-0.222,0.166,
27,0.343,0.647,
28,1.032,-0.489,
29,-0.572,0.375,
30,0.637,0.003,
31,0.108,-0.146,
32,-0.044,-0.457,
33,0.073,0.114,
34,-0.217,0.13,
35,-0.108,0.432,
36,1.407,0.517,
37,-0.095,0.194,
38,0.778,-0.312,
39,1.176,-0.078,
40,-0.136,-0.47,
41,0.29,0.057,
42,0.868,-0.29,
43,-1.123,0.004,
44,0.2,-0.21,
45,-0.743,0.777,
46,0.236,0.219,
47,-0.294,0.149,
48,0.297,-1.235,
49,-0.145,0.051,
50,1.063,-0.104,
51,-1.037,-0.672,
52,0.097,0.487,
53,0.469,-0.02,
54,0.417,0.311,
55,-0.448,0.299,
56,0.938,0,
57,0.052,0.017,
58,-0.122,0.615,
59,-0.504,-0.168,
60,-0.291,-0.05,
61,-0.139,-0.343,
62,1.955,-0.652,
63,0.45,0.314,
64,-0.03,-0.902,
65,1.476,0.607,
66,-0.365,0.18,
67,0.465,0.115,
68,1.349,-0.259,
69,1.023,0.31,
70,0.164,0.205,
71,1.528,0.199,
72,-0.023,-0.686,
73,-0.751,0.254,
74,-0.291,0.334,
75,-1.159,-0.802,
76,0.101,-0.635,
77,0.081,0.169,
78,-0.032,0.567,
79,-0.05,1.223,
80,-0.82,-0.71,
81,0.001,0.195,
82,-0.942,-0.015,
83,-0.611,-0.477,
84,0.667,1.13,
85,0.028,-0.51,
86,-0.079,-1.388,
87,-1.054,0.241,
88,0.699,-1.728,
89,0.603,0.013,
90,-0.009,-0.248,
91,0.036,0.214,
92,0.202,0.216,
93,0.686,-0.755,
94,0.975,0.114,
95,-0.403,-0.65,
96,-0.189,0.152,
97,-0.037,-0.414,
98,0.37,0.796,
99,0.417,0.678,
100,1.254,0.093,
101,-0.085,-0.114,
102,-0.748,0.723,
103,1.147,0.441,
104,-0.835,-0.05,
105,-0.657,0.261,
106,-0.725,-0.66,
107,0.333,1.043,
108,0.35,-1.274,
109,0.15,-0.543,
110,0.254,-0.395,
111,0.816,-0.231,
112,0.376,-0.46,
113,0.169,0.155,
114,-1.061,-0.148,
115,-0.291,0.689,
116,-0.234,-0.103,
117,0.523,0.934,
118,0.118,0.758,
119,-0.452,-0.739,
120,0.392,-0.746,
121,-0.695,-0.71,
122,0.487,-0.316,
123,-0.794,0.156,
124,0.022,0.34,
125,0.374,-1.867,
126,-0.168,-0.788,
127,0.089,-0.623,
128,0.029,0.769,
129,-0.262,-0.737,
130,1.601,-0.407,
131,-0.258,-0.706,
132,-0.356,0.344,
133,-0.188,0.265,
134,-1.093,-0.681,
135,0.74,-1.069,
136,0.364,0.473,
137,0.41,0.189,
138,0.006,-0.122,
139,0.235,1.101,
140,-0.085,0.234,
141,0.256,1.399,
142,0.802,-0.03,
143,0.312,-0.498,
144,0.842,-0.761,
145,0.694,-0.415,
146,0.041,-0.01,
147,0.865,-0.165,
148,0.532,-0.337,
149,0.275,-0.026,
150,0.449,-0.498,
151,-0.639,-0.236,
152,-0.202,-0.629,
153,0.136,-0.244,
154,0.458,0.526,
155,0.137,-0.19,
156,-0.552,0.142,
157,-0.136,-1.071,
158,0.136,-0.354,
159,-0.148,0.168,
160,-0.094,0.321,
161,0.28,-0.525,
162,-0.4,0.204,
163,0.798,-0.987,
