1,0.005,0.939,
2,-0.088,0.133,
3,-0.678,0.653,
4,-0.162,0.732,
5,-0.064,0.921,
6,-1.588,0.453,
7,-0.282,1.145,
8,0.385,0.542,
9,-0.331,-0.08,
10,-0.706,1.161,
11,0.437,1.182,
12,0.213,0.003,
13,0.443,0.756,
14,-0.932,0.563,
15,-0.651,0.5,
16,-0.087,0.398,
17,-1.038,0.765,
18,-0.135,0.531,
19,-0.368,0.771,
20,-0.179,0.556,
21,-0.039,0.682,
22,-0.39,0.373,
23,-0.12,0.262,
24,-0.306,0.459,
25,-0.698,0.933,
26,-0.331,0.851,
27,0.005,0.278,
28,-0.035,0.583,
29,-0.275,0.579,
30,-0.006,1.515,
31,-0.247,1.334,
32,-0.168,0.212,
33,-0.388,0.925,
34,-0.827,0.307,
35,-0.202,1.557,
36,-0.698,0.935,
37,0.035,0.426,
38,-0.359,0.318,
39,-0.324,0.753,
40,-0.431,0.366,
41,-0.104,0.648,
42,0.308,0.657,
43,-0.169,0.717,
44,0.134,1.278,
45,-0.373,0.611,
46,-0.267,0.764,
47,-0.855,0.14,
48,0.667,0.406,
49,-0.428,-0.032,
50,-0.656,-0.076,
51,-0.298,0.512,
52,-0.214,0.569,
53,0.222,0.007,
54,-0.086,0.864,
55,-0.5,-0.257,
56,-0.404,0.65,
57,-0.272,0.441,
58,-0.496,0.895,
59,-0.948,0.548,
60,-0.485,0.377,
61,-0.335,0.755,
62,0.212,0.569,
63,-0.274,0.711,
64,-0.824,-0.251,
65,-0.092,0.313,
66,0.244,0.965,
67,-0.68,0.141,
68,-0.613,0.688,
69,-0.171,1.191,
70,-0.29,0.65,
71,-0.464,0.768,
72,0.064,0.724,
73,-0.555,0.824,
74,-0.01,0.849,
75,-0.485,0.75,
76,-0.079,0.811,
77,-0.458,0.223,
78,-0.447,0.63,
79,-1.186,0.425,
80,-0.355,-0.212,
81,0.12,0.652,
82,-0.302,0.575,
83,0.108,0.538,
84,-0.327,0.561,
85,-0.003,0.861,
86,-0.574,1.144,
87,-0.352,-0.04,
88,-0.065,0.323,
89,0.031,0.332,
90,-0.236,0.518,
91,-0.207,0.706,
92,-0.63,0.323,
93,-0.651,1.09,
94,-0.513,1.004,
95,-0.212,0.555,
96,-0.071,0.211,
97,0.363,0.681,
98,-1.191,0.028,
99,-0.273,0.49,
100,-0.791,0.659,
101,-0.322,1.107,
102,-0.243,-0.013,
103,-0.331,0.584,
104,-0.4,0.44,
105,-0.22,0.501,
106,-0.351,0.968,
107,0.298,1.458,
108,-0.228,0.521,
109,-0.317,0.335,
110,0.279,0.874,
111,-0.222,0.713,
112,-1.236,0.338,
113,-0.381,0.501,
114,-0.448,0.27,
115,-0.153,-0.796,
116,-0.14,0.109,
117,-0.104,0.496,
118,-0.243,0.783,
119,0.005,0.674,
120,-0.168,0.276,
121,-0.434,0.561,
122,0.202,0.794,
123,-0.582,-0.45,
124,-0.015,0.278,
125,-0.464,0.22,
126,-0.055,0.55,
127,-0.052,0.203,
128,-0.362,0.784,
129,-0.279,0.42,
130,0.329,0.588,
131,-0.255,1.56,
132,-0.751,0.501,
133,-0.581,0.709,
134,-0.482,0.871,
135,-0.689,0.024,
136,-0.304,0.36,
137,-0.694,0.958,
138,-0.39,0.911,
139,-0.742,-0.124,
140,-0.456,0.59,
141,-0.416,-0.42,
142,-0.637,0.016,
143,-0.451,1.191,
144,-0.607,0.694,
145,-0.737,0.084,
146,0.213,1.06,
147,-0.397,0.647,
148,-0.866,0.549,
149,-0.188,-1.251,
150,-1.093,0.632,
151,0.739,0.802,
152,-0.532,1.015,
153,-0.152,0.286,
154,-0.807,0.566,
155,-0.624,0.522,
156,-0.811,0.658,
157,-0.544,0.325,
158,0.213,0.837,
159,-0.156,0.211,
160,-0.62,0.678,
161,-0.057,0.661,
162,-0.458,0.674,
163,0.366,-0.161,
