1,1.696,-0.118,
2,-0.428,0.998,
3,1.723,-0.907,
4,-0.077,-0.512,
5,1.258,-0.277,
6,0.265,2.131,
7,2.661,0.309,
8,1.738,-0.304,
9,1.742,-0.201,
10,-0.278,-0.242,
11,-2.204,0.492,
12,1.019,1.197,
13,0.874,0.201,
14,1.327,1.784,
15,-0.798,-0.291,
16,0.025,-0.361,
17,-0.484,0.372,
18,0.226,0.289,
19,-0.818,-1.175,
20,-0.431,-0.834,
21,-0.504,-2.129,
22,0.288,-0.834,
23,-1.174,-0.983,
24,-0.169,0.515,
25,-0.125,0.24,
26,1.495,-0.209,
27,2.487,-0.025,
28,2.055,-0.365,
29,2.123,1.403,
30,1.067,0.061,
31,-0.259,0.386,
32,1.691,-1.086,
33,-0.437,-2.872,
34,-1.548,0.828,
35,0.816,0.958,
36,-0.127,0.45,
37,-0.455,-1.115,
38,0.274,-1.714,
39,-0.888,0.536,
40,-0.586,-0.105,
41,1.574,-0.734,
42,-0.135,-0.829,
43,1.47,-0.38,
44,0.616,0.699,
45,0.543,0.541,
46,0.53,0.463,
47,-1.129,-0.248,
48,-0.465,0.935,
49,-0.804,-0.79,
50,0.769,-1.082,
51,1.532,-0.331,
52,0.631,-0.185,
53,-0.576,2.31,
54,2.899,0.019,
55,0.775,-0.732,
56,2.117,-0.119,
57,-0.01,2.254,
58,1.852,1.542,
59,0.878,-1.43,
60,0.393,1.633,
61,-1.188,0.006,
62,2.684,0.499,
63,0.775,0.402,
64,-0.841,-2.607,
65,0.435,0.634,
66,-0.664,0.088,
67,0.584,-0.813,
68,-0.884,0.039,
69,-3.01,1.408,
70,1.512,1.61,
71,0.117,-0.147,
72,0.089,0.104,
73,-0.14,-1.13,
74,1.216,-0.164,
75,0.021,1.967,
76,0.887,-0.795,
77,-0.134,0.007,
78,0.529,1.04,
79,-0.252,0.19,
80,-1.061,-0.711,
81,-0.103,-0.599,
82,-1.766,0.079,
83,1.374,-0.603,
84,0.47,-0.244,
85,-0.051,2.501,
86,-0.804,-1.453,
87,0.853,-2.321,
88,0.731,0.486,
89,2.216,-1.338,
90,0.102,-1.055,
91,1.515,2.256,
92,1.414,-0.302,
93,1.543,0.852,
94,1.411,-0.324,
95,-0.072,1.939,
96,3.687,-1.719,
97,1.729,0.761,
98,-0.401,0.182,
99,-0.415,1.955,
100,2.986,-3.541,
101,0.862,-1.892,
102,0.07,-1.064,
103,-0.232,1.081,
104,0.888,-0.558,
105,1.773,-0.33,
106,1.4,-1.499,
107,1.358,1.612,
108,-0.368,-0.685,
109,-0.46,-0.288,
110,-0.303,-0.649,
111,1.489,1.637,
112,0.252,-0.06,
113,0.568,0.695,
114,0.68,0.913,
115,-0.787,-1.531,
116,1.54,-1.662,
117,1.242,-1.53,
118,1.56,-1.461,
119,1.686,0.792,
120,0.426,0.116,
121,0.576,1.14,
122,-1.304,0.815,
123,1.415,0.87,
124,1.248,-0.301,
125,-0.135,1.496,
126,1.777,-0.812,
127,0.928,1.032,
128,1.137,0.463,
129,1.33,0.831,
130,2.251,0.112,
131,1.129,1.534,
132,0.498,0.198,
133,0.333,-0.69,
134,0.372,0.495,
135,-1.254,0.03,
136,0.498,-0.594,
137,-0.232,-0.57,
138,0.957,0.352,
139,0.534,-1.535,
140,0.432,1.24,
141,-0.371,-0.827,
142,1.08,-0.894,
143,0.767,-1.072,
144,0.908,0.319,
145,-0.341,0.334,
146,0.793,-0.071,
147,-1.333,-0.077,
148,-1.746,-0.922,
149,0.141,-1.379,
150,1.723,-1.617,
151,0.519,1.785,
152,1.031,-0.048,
153,1.381,-1.493,
154,-0.745,-0.068,
155,1.14,-1.215,
156,-0.697,-1.661,
157,-2.824,-0.859,
158,0.902,0.175,
159,1.121,0.05,
160,0.765,1.904,
161,0.369,-0.105,
162,-1.757,-1.112,
163,-0.403,-1.58,
