1,0.952,-0.086,
2,0.38,-0.993,
3,0.487,-0.647,
4,0.63,-0.318,
5,-0.304,-0.122,
6,-1.385,0.253,
7,0.308,0.507,
8,0.266,-0.504,
9,-0.063,-0.891,
10,-0.244,0.616,
11,0.941,-0.314,
12,0.394,-1.669,
13,0.201,0.671,
14,-0.358,-0.463,
15,-0.232,-1.158,
16,0.843,-0.813,
17,-0.6,-0.325,
18,0.993,-0.523,
19,0.544,-0.604,
20,-0.178,-0.753,
21,1.135,-0.751,
22,-0.087,-1.426,
23,0.444,0.582,
24,0.127,-0.723,
25,-0.283,0.119,
26,-0.416,-0.018,
27,0.705,-1.053,
28,0.696,-1.476,
29,0.025,-0.222,
30,1.101,-0.598,
31,0.123,-0.09,
32,0.24,-0.913,
33,-0.397,-0.512,
34,-0.174,-0.937,
35,0.45,1.081,
36,0.666,-0.976,
37,0.229,-0.327,
38,1.507,-0.682,
39,0.803,-0.828,
40,0.336,-1.017,
41,0.227,0.175,
42,0.864,0.147,
43,0.39,-0.26,
44,0.454,0.358,
45,-0.947,0.437,
46,0.658,0.084,
47,-0.431,-0.851,
48,0.875,-0.626,
49,1.007,-0.739,
50,0.608,-0.871,
51,0.546,-1.267,
52,-0.187,-1.102,
53,1.197,-0.903,
54,0.706,-0.153,
55,-0.529,-1.249,
56,0.341,0.162,
57,0.279,-0.479,
58,0.354,0.555,
59,0.508,-0.685,
60,0.625,-0.007,
61,-0.011,-0.299,
62,2.159,-0.613,
63,0.005,-0.873,
64,-0.012,-1.223,
65,0.446,-0.012,
66,0.413,0.185,
67,0.435,-1.013,
68,0.948,-0.691,
69,0.765,0.027,
70,0.318,-0.751,
71,1.001,-0.308,
72,0.603,-0.486,
73,-0.493,-0.389,
74,0.873,0.052,
75,-0.52,-1.243,
76,-0.213,-0.871,
77,0.083,-0.353,
78,0.493,-0.642,
79,-0.656,0.032,
80,0.071,-1.331,
81,-0.42,-0.401,
82,-0.261,-0.697,
83,0.24,-1.177,
84,0.515,0.478,
85,0.6,-0.245,
86,0.513,-0.737,
87,-0.266,-0.492,
88,0.868,-0.805,
89,1.567,-0.968,
90,0.792,-1.307,
91,0.026,-0.006,
92,0.312,-0.049,
93,-0.397,-1.375,
94,0.373,-0.159,
95,-0.198,-1.279,
96,0.313,-0.067,
97,1.135,-0.564,
98,-0.377,-0.382,
99,0.686,-0.565,
100,0.129,-0.497,
101,0.311,-0.104,
102,-0.025,-0.735,
103,0.92,0.531,
104,0.35,-0.33,
105,-0.177,-1.113,
106,0.074,-0.536,
107,0.579,0.428,
108,0.956,-1.342,
109,0.299,-0.634,
110,0.903,-0.458,
111,-0.186,-0.09,
112,-0.641,-0.664,
113,0.629,-0.894,
114,-0.779,-0.62,
115,0.231,-1.624,
116,0.318,-0.709,
117,1.013,-0.309,
118,0.317,0.088,
119,-0.093,-0.371,
120,0.382,-1.344,
121,0.404,-0.857,
122,1.044,-0.47,
123,-0.554,-1.258,
124,0.324,-0.515,
125,0.17,-1.852,
126,0.587,-0.776,
127,-0.041,-1.472,
128,-0.387,0.118,
129,-0.059,-1.048,
130,0.801,-0.327,
131,0.623,0.033,
132,-0.224,-0.571,
133,0.197,-0.227,
134,0.05,-0.407,
135,0.496,-1.128,
136,1.043,-0.689,
137,0.28,-0.422,
138,-0.093,-0.308,
139,0.322,-0.655,
140,-0.292,-0.402,
141,0.391,-0.603,
142,0.689,-0.922,
143,0.85,-0.437,
144,0.356,-0.645,
145,0.215,-1.05,
146,0.351,0.574,
147,0.324,-0.648,
148,0.236,-0.729,
149,1.07,-1.404,
150,0.05,-0.832,
151,0.812,-0.272,
152,-0.206,-0.394,
153,0.935,-0.443,
154,-0.01,-1.371,
155,0.04,-0.786,
156,0.145,-0.351,
157,0.574,-1.341,
158,0.806,-1.18,
159,0.262,-0.761,
160,-0.284,-0.411,
161,-0.024,-1.457,
162,-0.296,-0.7,
163,0.698,-2.091,
