1,0.645,-0.339,
2,0.279,-0.974,
3,0.184,-0.754,
4,0.516,-0.527,
5,0.019,-0.365,
6,-1.01,-0.465,
7,0.448,0.037,
8,0.799,-0.41,
9,-0.003,-1.055,
10,-0.189,0.245,
11,0.662,-0.167,
12,0.539,-1.32,
13,0.836,-0.294,
14,0.066,-0.505,
15,0.02,-0.713,
16,0.517,-1.003,
17,-0.09,-0.439,
18,0.499,-0.653,
19,0.394,-0.423,
20,0.206,-0.597,
21,0.517,-0.746,
22,0.093,-0.993,
23,0.454,-0.615,
24,0.275,-0.851,
25,0.016,-0.237,
26,0.244,-0.205,
27,0.668,-0.791,
28,0.391,-0.907,
29,0.183,-0.413,
30,0.584,-0.133,
31,0.269,0.047,
32,0.329,-0.858,
33,0.121,-0.607,
34,-0.195,-0.971,
35,0.518,0.52,
36,0.233,-0.626,
37,0.364,-0.581,
38,0.732,-0.712,
39,0.305,-0.718,
40,0.288,-0.762,
41,0.43,-0.076,
42,0.68,-0.008,
43,0.476,-0.386,
44,0.592,0.081,
45,0,-0.173,
46,0.463,-0.223,
47,-0.305,-0.938,
48,1.007,-0.525,
49,0.388,-0.94,
50,0.228,-0.963,
51,0.461,-0.764,
52,0.11,-0.82,
53,0.717,-1.011,
54,0.504,-0.313,
55,-0.21,-1.4,
56,0.14,-0.088,
57,0.233,-0.65,
58,0.22,0.175,
59,0.193,-1.006,
60,0.39,-0.34,
61,0.286,-0.397,
62,1.036,-0.483,
63,0.023,-0.736,
64,-0.077,-1.062,
65,0.466,-0.584,
66,0.564,0.103,
67,0.03,-1.189,
68,0.471,-0.524,
69,0.465,-0.017,
70,0.222,-0.865,
71,0.417,-0.593,
72,0.639,-0.431,
73,-0.088,-0.395,
74,0.805,-0.166,
75,0.033,-0.834,
76,0.146,-0.5,
77,0.043,-0.62,
78,0.194,-0.696,
79,-0.658,-0.355,
80,0.089,-1.224,
81,-0.031,-0.555,
82,0.545,-0.506,
83,0.513,-0.8,
84,0.225,-0.507,
85,0.581,-0.291,
86,0.286,-0.048,
87,0.238,-0.867,
88,0.65,-0.283,
89,0.634,-0.563,
90,0.531,-1.041,
91,0.11,-0.058,
92,0.177,-0.522,
93,-0.454,-0.372,
94,-0.017,-0.238,
95,0.235,-0.896,
96,0.314,-0.744,
97,0.984,-0.489,
98,-0.6,-1.243,
99,0.409,-0.747,
100,-0.045,-0.618,
101,0.237,-0.172,
102,0.307,-0.814,
103,0.238,0.101,
104,0.274,-0.459,
105,0.08,-1.081,
106,0.175,-0.416,
107,0.595,0.342,
108,0.252,-0.962,
109,0.258,-0.606,
110,0.815,-0.335,
111,0.018,-0.182,
112,-0.725,-0.745,
113,0.356,-0.761,
114,-0.14,-0.748,
115,0.339,-1.924,
116,0.432,-0.892,
117,0.558,-0.467,
118,0.143,-0.653,
119,0.154,-0.417,
120,0.278,-0.991,
121,0.274,-0.712,
122,0.725,-0.456,
123,-0.219,-1.444,
124,0.495,-0.745,
125,0.092,-1.268,
126,0.619,-0.714,
127,0.321,-0.959,
128,-0.174,-0.141,
129,0.074,-0.85,
130,0.372,-0.343,
131,0.548,0.337,
132,-0.197,-0.676,
133,0.104,-0.655,
134,0.215,-0.298,
135,0.06,-1.016,
136,0.466,-0.772,
137,-0.216,-0.494,
138,-0.042,-0.448,
139,-0.102,-1.113,
140,-0.007,-0.603,
141,0.088,-1.312,
142,0.123,-1.016,
143,0.387,-0.283,
144,0.173,-0.523,
145,-0.055,-0.981,
146,0.714,0.026,
147,0.227,-0.523,
148,-0.196,-0.444,
149,0.262,-2.16,
150,-0.72,-0.595,
151,1.004,-0.188,
152,-0.193,-0.174,
153,0.49,-0.579,
154,-0.009,-1.089,
155,-0.024,-0.73,
156,-0.103,-0.345,
157,0.033,-0.865,
158,0.779,-0.481,
159,0.126,-0.748,
160,-0.046,-0.485,
161,0.181,-0.818,
162,0.097,-0.516,
163,0.804,-1.575,
