1,0.756,-0.02,
2,-0.602,0.859,
3,1.115,-0.529,
4,-0.423,-0.07,
5,0.84,-0.199,
6,-0.151,1.5,
7,1.276,-0.46,
8,0.815,-0.707,
9,1.337,-0.073,
10,-0.419,-0.13,
11,-2.299,0.037,
12,0.337,1.112,
13,0.214,-0.033,
14,0.853,0.885,
15,-0.683,0.092,
16,0.264,-0.115,
17,-0.782,0.402,
18,-0.117,0.395,
19,-0.961,-0.696,
20,-0.536,-0.223,
21,-0.835,-1.302,
22,-0.08,-0.462,
23,-0.709,-0.791,
24,-0.477,0.593,
25,0.008,0.237,
26,0.778,-0.118,
27,1.474,0.276,
28,1.253,-0.177,
29,1.043,1.026,
30,0.867,0.189,
31,-0.468,0.191,
32,1.28,-0.835,
33,-0.649,-2.439,
34,-0.974,0.605,
35,0.135,0.527,
36,0.026,0.594,
37,-0.585,-0.735,
38,0.068,-1.405,
39,-0.5,-0.119,
40,-0.909,-0.104,
41,0.683,-0.732,
42,-0.284,-0.829,
43,0.809,-0.3,
44,0.228,0.55,
45,0.278,0.254,
46,0.701,0.211,
47,-0.887,-0.115,
48,-0.621,0.587,
49,-0.703,0.087,
50,0.321,-0.393,
51,0.584,-0.258,
52,0.248,-0.074,
53,-0.686,1.472,
54,1.937,-0.223,
55,0.016,-0.548,
56,1.24,0.06,
57,-0.338,1.275,
58,1.246,1.258,
59,0.65,-0.575,
60,-0.115,1.077,
61,-1.065,-0.658,
62,1.371,-0.333,
63,-0.024,0.181,
64,-0.259,-1.603,
65,-0.237,0.564,
66,-1.129,0.125,
67,-0.326,-0.611,
68,-0.037,0.009,
69,-1.624,0.76,
70,0.704,1.481,
71,-0.26,-0.112,
72,-0.216,0.111,
73,-0.401,-0.369,
74,0.652,0.003,
75,-0.158,0.944,
76,0.328,-0.26,
77,-0.604,0.025,
78,0.238,1.32,
79,-0.343,0.377,
80,-0.881,-0.17,
81,-0.317,-0.296,
82,-1.362,0.291,
83,0.648,0.124,
84,0.236,-0.088,
85,-0.996,1.595,
86,-0.393,-0.596,
87,0.347,-1.395,
88,0.446,0.063,
89,1.446,-1.195,
90,0.121,-0.522,
91,0.807,1.659,
92,0.583,-0.082,
93,0.985,0.536,
94,0.793,0.29,
95,-0.288,1.676,
96,1.969,-1.176,
97,1.223,0.789,
98,-0.526,0.164,
99,-0.778,1.678,
100,2.341,-2.137,
101,0.347,-1.748,
102,-0.264,-0.682,
103,-0.164,0.294,
104,0.5,-0.356,
105,0.891,-0.405,
106,0.055,-1.437,
107,0.088,0.863,
108,-0.34,-0.207,
109,-0.821,-0.444,
110,-0.24,-0.309,
111,0.96,0.935,
112,-0.014,-0.306,
113,0.022,0.646,
114,0.183,0.909,
115,-0.697,-0.642,
116,0.882,-1.071,
117,0.181,0.061,
118,0.842,-1.24,
119,1.059,0.644,
120,0.119,0.345,
121,0.103,0.161,
122,-1.137,1.037,
123,0.679,1.116,
124,0.483,0.113,
125,-0.028,1.399,
126,0.898,-0.573,
127,0.454,0.949,
128,0.367,0.629,
129,0.711,0.508,
130,1.124,0.407,
131,0.778,1.041,
132,0.019,0.182,
133,0.038,-0.542,
134,0.205,0.533,
135,-0.696,0.614,
136,-0.338,-0.348,
137,-0.281,-0.279,
138,0.428,0.505,
139,-0.223,-0.948,
140,-0.373,1.116,
141,-0.92,-0.146,
142,0.521,-0.634,
143,0.643,-1.198,
144,0.755,-0.412,
145,-0.386,-0.188,
146,0.094,0.19,
147,-1.344,0.157,
148,-1.085,-0.311,
149,0.231,-0.527,
150,0.732,-1.368,
151,0.026,1.08,
152,0.333,0.05,
153,1.205,-0.765,
154,-0.636,0.14,
155,0.869,-0.809,
156,-0.367,-0.595,
157,-1.247,-0.582,
158,0.182,0.199,
159,0.283,0.145,
160,0.064,1.547,
161,0.289,-0.054,
162,-1.128,-0.479,
163,-0.783,-1.137,
