1,-0.598,-1.082,
2,-0.544,-0.509,
3,0.37,-1.58,
4,-1.264,0.517,
5,0.185,-0.406,
6,-0.21,0.412,
7,0.524,-0.434,
8,-0.295,-1.188,
9,2.272,0.437,
10,0.083,-0.231,
11,-0.036,-1.215,
12,0.69,0.314,
13,-0.019,0.64,
14,-0.716,-0.018,
15,-1.016,0.281,
16,0.897,-0.049,
17,-0.657,-1.938,
18,0.69,-0.173,
19,-0.078,0.453,
20,0.054,0.16,
21,-0.058,-0.695,
22,0.153,0.055,
23,-0.106,-1.738,
24,0.581,-1.19,
25,0.12,-0.833,
26,-2.484,-1.55,
27,-1.58,-0.956,
28,1.463,-0.427,
29,0.904,0.979,
30,1.483,-0.139,
31,-0.479,-1.247,
32,0.483,-0.655,
33,-1.621,-1.149,
34,0.275,-2.45,
35,-0.232,-0.498,
36,0.699,0.16,
37,1.463,0.55,
38,1.229,-0.645,
39,-0.142,-0.389,
40,1.317,-1.043,
41,0.667,1.159,
42,-0.117,1.381,
43,0.296,1.719,
44,-0.501,-1.426,
45,-0.362,-0.499,
46,-0.987,0.106,
47,0.058,0.914,
48,-0.78,-0.705,
49,0.675,-1.164,
50,1.032,0.216,
51,-0.521,-1.601,
52,-1.07,0.685,
53,-1.036,1.453,
54,-1.463,-0.055,
55,-1.17,-0.181,
56,-0.704,-0.118,
57,0.377,-0.323,
58,-1.815,-0.078,
59,-0.081,-1.216,
60,0.129,-0.414,
61,-1.486,0.007,
62,0.378,-0.673,
63,1.829,1.335,
64,-0.302,0.618,
65,0.704,0.027,
66,1.205,0.225,
67,0.15,0.873,
68,0.121,-0.571,
69,-0.13,-0.118,
70,1.604,-0.73,
71,1.133,-0.824,
72,0.102,-1.792,
73,1.934,-0.481,
74,1.567,-0.522,
75,0.861,0.666,
76,-0.053,-1.968,
77,0.433,1.686,
78,0.477,1.099,
79,1.039,0.789,
80,0.971,0.559,
81,-0.974,-0.901,
82,-0.124,0.922,
83,0.157,0.081,
84,-0.093,0.039,
85,1.084,-0.3,
86,1.436,0.034,
87,-0.137,-0.475,
88,0.296,0.59,
89,-1.825,-0.07,
90,-0.752,0.557,
91,-0.763,-0.092,
92,-0.352,-0.092,
93,1.264,1.519,
94,-0.856,2.283,
95,1.781,-0.421,
96,-0.337,-1.224,
97,-0.961,-0.245,
98,-0.317,-2.218,
99,0.639,-0.394,
100,0.348,-1.649,
101,-0.191,-0.417,
102,-0.675,-1.254,
103,-0.003,-1.484,
104,0.558,-0.874,
105,-1.473,0.32,
106,1.075,-0.451,
107,-0.496,0.108,
108,0.707,-1.066,
109,0.639,-2.202,
110,-1.479,-2.977,
111,0.365,0.283,
112,1.781,-0.651,
113,0.446,-0.506,
114,-0.104,-0.461,
115,-0.259,-0.864,
116,0.066,-0.839,
117,2.197,-0.013,
118,0.429,-0.172,
119,0.527,-0.732,
120,-0.228,0.027,
121,0.137,-0.069,
122,0.313,0.088,
123,0.161,-1.133,
124,-1.271,-1.2,
125,0.341,0.063,
126,0.384,-0.387,
127,0.604,-1.115,
128,-0.302,-0.033,
129,-0.099,-0.239,
130,-0.573,-0.125,
131,0.749,-0.536,
132,0.46,1.178,
133,0.031,-1.211,
134,-0.301,0.363,
135,-1.602,-0.912,
136,0.053,-0.642,
137,1.438,0.06,
138,-0.449,-0.165,
139,-0.677,0.128,
140,-1.034,-0.955,
141,-0.531,-0.681,
142,1.044,-0.945,
143,-0.268,0.128,
144,-0.025,-1.061,
145,-1.071,0.342,
146,-0.109,0.238,
147,-0.108,-0.376,
148,-2.094,-0.415,
149,-0.02,-0.979,
150,0.07,-2.812,
151,-0.248,-0.005,
152,-0.213,-1.048,
153,0.369,-0.146,
154,-1.781,0.447,
155,-0.84,-1.194,
156,1.131,0.304,
157,0.315,-0.473,
158,0.036,-0.66,
159,0.382,0.611,
160,-1.158,-0.452,
161,-0.701,-0.119,
162,1.225,0.672,
163,0.472,-0.843,
