1,0.224,-0.215,
2,1.001,-0.2,
3,0.769,-0.563,
4,0.84,0.306,
5,-0.689,-0.274,
6,-1.477,-0.092,
7,2.643,0.773,
8,1.378,-0.616,
9,0.825,-2.061,
10,-1.169,-1.194,
11,0.857,0.531,
12,1.243,-0.497,
13,1.215,-0.923,
14,0.226,0.535,
15,-0.637,-0.529,
16,1.023,0.116,
17,0.832,0.04,
18,0.786,-0.592,
19,0.876,-0.736,
20,-0.839,-1.413,
21,0.311,-1.296,
22,-0.437,0.195,
23,0.804,-0.934,
24,0.463,-0.539,
25,0.556,1.034,
26,1.007,-0.393,
27,0.888,-0.21,
28,0.4,-0.593,
29,0.003,0.52,
30,-0.12,-0.589,
31,0.533,-2.017,
32,1.477,0.273,
33,1.367,-0.968,
34,0.415,-0.947,
35,0.815,-0.521,
36,0.248,-0.13,
37,1.009,-0.236,
38,-0.087,0.249,
39,1.711,0.282,
40,0.399,-0.855,
41,0.966,-0.997,
42,2.34,0.042,
43,1.485,0.094,
44,0.151,-0.027,
45,0.405,-0.016,
46,1.005,-1.099,
47,-0.119,-0.71,
48,1.614,-0.055,
49,1.138,-0.655,
50,0.581,-0.667,
51,0.827,-1.289,
52,0.436,-0.951,
53,1.27,-1.857,
54,0.55,1.577,
55,1.184,-1.645,
56,1.37,-0.885,
57,-0.514,-0.406,
58,-0.102,-0.88,
59,-0.005,-0.355,
60,0.558,-0.117,
61,-0.083,-0.272,
62,2.024,-0.647,
63,-0.142,-1.715,
64,0.476,-0.848,
65,1.39,-1.474,
66,1.81,-0.41,
67,0.518,-0.62,
68,-0.148,-0.171,
69,1.91,0.481,
70,-0.027,0.461,
71,0.406,0.282,
72,2.529,-1.115,
73,1.712,-1.612,
74,0.906,-0.575,
75,-0.274,-0.835,
76,2.271,-0.878,
77,1.122,-0.306,
78,0.564,-1.231,
79,0.985,-1.161,
80,0.978,-1.315,
81,0.179,-1.126,
82,0.806,-0.551,
83,-0.117,-0.76,
84,0.523,-0.309,
85,0.487,-0.827,
86,-0.512,-0.535,
87,-1.159,-2.297,
88,0.793,0.267,
89,1.676,-0.221,
90,1.865,-0.218,
91,0.838,-0.009,
92,0.779,-1.308,
93,-0.528,0.339,
94,1.06,0.009,
95,0.027,0.807,
96,1.057,-1.874,
97,1.484,-0.209,
98,-0.066,-2.365,
99,0.221,-1.75,
100,2.951,1.007,
101,1.421,0.475,
102,-0.016,-1.103,
103,0.071,-0.721,
104,1.878,-0.596,
105,-0.051,-0.641,
106,-1.534,-0.639,
107,1.191,-0.036,
108,0.65,-1.116,
109,1.242,-0.705,
110,0.002,-0.535,
111,0.133,-1.566,
112,-0.338,-0.71,
113,0.484,-0.249,
114,1.785,-0.22,
115,0.376,-0.722,
116,1.224,-0.539,
117,0.954,-1.512,
118,1.519,-0.075,
119,0.18,-1.236,
120,0.218,-1.951,
121,1.398,0.238,
122,1.919,-1.033,
123,0.26,-0.795,
124,0.523,-2.409,
125,0.389,-1.061,
126,1.9,0.309,
127,1.387,0.168,
128,0.782,-0.302,
129,1.736,-0.577,
130,0.648,-0.306,
131,0.817,0.7,
132,1.622,-1.783,
133,0.939,-1.048,
134,0.625,-0.462,
135,0.759,-0.267,
136,0.933,0.037,
137,0.41,-0.406,
138,0.944,-0.782,
139,0.722,-1.937,
140,0.2,-0.694,
141,0.195,-1.051,
142,0.984,0.35,
143,0.334,0.523,
144,0.945,-0.49,
145,-1.142,-0.962,
146,0.216,-0.995,
147,0.6,-0.484,
148,-0.032,-2.564,
149,1.611,-1.4,
150,0.453,-0.941,
151,2.244,-0.43,
152,0.666,-1.289,
153,1.205,-2.359,
154,0.479,-0.707,
155,0.309,-0.921,
156,0.214,-0.357,
157,-0.108,-2.177,
158,1.074,-1.842,
159,0.417,-1.749,
160,0.801,-0.991,
161,0.599,-0.737,
162,0.462,-0.833,
163,0.663,-1.93,
