1,-0.168,-0.12,
2,0.885,-0.061,
3,0.809,-0.398,
4,0.682,0.414,
5,-1.073,-0.321,
6,-1.585,0.002,
7,2.622,0.98,
8,1.254,-0.627,
9,0.779,-1.833,
10,-1.332,-1.214,
11,0.624,0.656,
12,1.331,-0.267,
13,1.009,-0.807,
14,0.165,0.776,
15,-0.724,-0.523,
16,0.975,0.345,
17,0.813,0.216,
18,0.605,-0.367,
19,0.67,-0.579,
20,-1.335,-1.377,
21,0.231,-1.131,
22,-0.373,0.493,
23,0.666,-0.883,
24,0.31,-0.298,
25,0.43,1.262,
26,0.898,-0.318,
27,0.632,-0.061,
28,0.319,-0.479,
29,-0.133,0.729,
30,-0.187,-0.397,
31,0.308,-2.119,
32,1.566,0.477,
33,1.503,-0.9,
34,0.415,-0.866,
35,0.608,-0.579,
36,0.142,0.041,
37,0.985,-0.113,
38,-0.153,0.526,
39,1.838,0.673,
40,0.137,-0.885,
41,0.716,-0.974,
42,1.888,0.227,
43,1.306,0.14,
44,-0.124,0.051,
45,0.375,0.086,
46,0.845,-1.018,
47,-0.258,-0.537,
48,1.447,0.136,
49,1.073,-0.517,
50,0.488,-0.515,
51,0.638,-1.182,
52,0.527,-0.881,
53,1.26,-1.656,
54,0.566,1.977,
55,1.195,-1.497,
56,1.157,-0.669,
57,-0.833,-0.12,
58,-0.262,-0.994,
59,-0.054,-0.139,
60,0.39,-0.007,
61,-0.279,-0.093,
62,1.902,-0.623,
63,-0.246,-1.823,
64,0.314,-0.792,
65,1.341,-1.53,
66,1.818,-0.42,
67,0.475,-0.485,
68,-0.245,0.027,
69,1.999,0.587,
70,-0.11,0.68,
71,0.39,0.442,
72,2.512,-1.085,
73,1.809,-1.589,
74,0.723,-0.512,
75,-0.456,-0.626,
76,2.379,-0.851,
77,1.145,-0.054,
78,0.568,-1.177,
79,1.109,-1.139,
80,1.02,-1.104,
81,0.32,-1.187,
82,0.713,-0.519,
83,-0.23,-0.604,
84,0.483,-0.219,
85,0.269,-0.835,
86,-0.816,-0.442,
87,-1.424,-2.178,
88,0.705,0.367,
89,1.786,-0.071,
90,1.948,-0.139,
91,0.719,-0.01,
92,0.664,-1.203,
93,-0.64,0.504,
94,1.094,0.132,
95,-0.259,1.108,
96,1.054,-1.849,
97,1.38,-0.153,
98,-0.074,-2.36,
99,0.121,-1.904,
100,3.322,1.429,
101,1.397,0.652,
102,-0.149,-0.958,
103,-0.202,-0.792,
104,1.95,-0.393,
105,-0.159,-0.487,
106,-1.861,-0.641,
107,0.933,0.038,
108,0.478,-0.925,
109,1.219,-0.663,
110,-0.238,-0.495,
111,-0.057,-1.673,
112,-0.455,-0.609,
113,0.547,-0.087,
114,1.986,0.202,
115,0.314,-0.428,
116,1.275,-0.404,
117,0.853,-1.595,
118,1.551,0.04,
119,0.072,-1.292,
120,0.124,-1.849,
121,1.408,0.225,
122,1.816,-0.849,
123,0.091,-0.458,
124,0.357,-2.564,
125,0.391,-0.909,
126,1.881,0.539,
127,1.185,0.418,
128,0.753,-0.233,
129,1.686,-0.396,
130,0.695,-0.344,
131,0.553,0.82,
132,1.813,-1.906,
133,0.927,-1.278,
134,0.528,-0.524,
135,0.619,-0.043,
136,0.947,0.354,
137,0.377,-0.24,
138,0.928,-0.704,
139,0.681,-1.908,
140,0.102,-0.756,
141,0.041,-0.745,
142,0.821,0.803,
143,-0.038,0.621,
144,1.011,-0.576,
145,-1.126,-0.865,
146,-0.054,-1.019,
147,0.455,-0.439,
148,-0.091,-2.418,
149,1.566,-1.116,
150,0.507,-0.796,
151,2.221,-0.38,
152,0.609,-1.335,
153,1.201,-2.547,
154,0.406,-0.549,
155,0.035,-0.787,
156,0.164,-0.157,
157,-0.191,-2.131,
158,0.853,-2.036,
159,0.264,-1.724,
160,0.646,-1.006,
161,0.399,-0.729,
162,0.254,-0.741,
163,0.51,-1.876,
