1,-0.196,-0.228,
2,0.036,0.02,
3,0.898,0.207,
4,0.155,0.308,
5,0.142,0.06,
6,-0.365,0.307,
7,0.121,-0.314,
8,-0.174,-0.133,
9,0.256,-0.305,
10,0.061,0.175,
11,0.187,-0.337,
12,0.257,-0.231,
13,-0.295,-0.395,
14,0.127,-0.93,
15,-0.073,-0.822,
16,0.229,-0.186,
17,-0.583,0.165,
18,-0.224,0.337,
19,-0.206,0.425,
20,-0.173,0.039,
21,0.137,0.333,
22,-0.092,0.049,
23,-0.084,-0.049,
24,-0.354,0.487,
25,0.488,-0.144,
26,0.272,-0.087,
27,0.12,0.433,
28,0.363,-0.058,
29,-0.415,0.186,
30,0.554,0.486,
31,0.154,-0.08,
32,-0.029,-0.111,
33,0.171,0.094,
34,-0.05,0.035,
35,-0.104,0.138,
36,0.687,0.566,
37,-0.01,0.102,
38,0.118,-0.161,
39,0.474,-0.228,
40,-0.17,-0.21,
41,0.173,0.047,
42,0.399,-0.343,
43,-0.442,-0.047,
44,0.115,-0.18,
45,-0.178,0.228,
46,0.123,-0.055,
47,-0.03,-0.04,
48,0.095,-0.571,
49,-0.207,0.117,
50,0.456,0.049,
51,-0.836,-0.142,
52,0.159,0.311,
53,0.049,0.18,
54,0.281,0.093,
55,-0.108,0.14,
56,0.154,0.201,
57,-0.146,-0.021,
58,-0.099,0.251,
59,-0.175,-0.298,
60,-0.285,-0.064,
61,-0.068,-0.238,
62,0.619,-0.251,
63,0.076,0.245,
64,0.169,-0.197,
65,0.637,0.175,
66,-0.138,0.046,
67,-0.048,0.046,
68,0.538,-0.079,
69,0.653,0.149,
70,-0.057,-0.129,
71,0.546,-0.205,
72,-0.079,-0.202,
73,-0.068,0.379,
74,0.096,0.23,
75,-0.089,-0.149,
76,0.103,-0.062,
77,-0.031,0.182,
78,0.087,0.502,
79,-0.053,0.645,
80,-0.558,-0.102,
81,0.085,0.064,
82,-0.045,0.069,
83,-0.037,-0.076,
84,0.494,0.259,
85,-0.408,-0.266,
86,-0.035,-0.582,
87,-0.159,-0.134,
88,0.37,-0.511,
89,0.038,0.17,
90,-0.159,0.087,
91,0.097,0.337,
92,-0.017,0.144,
93,0.219,0.01,
94,0.278,-0.06,
95,-0.162,0.043,
96,0.058,-0.328,
97,-0.192,-0.366,
98,0.184,-0.025,
99,0.107,0.235,
100,0.63,-0.145,
101,-0.208,-0.097,
102,-0.219,0.655,
103,0.453,-0.028,
104,-0.504,0.086,
105,-0.149,0.133,
106,-0.592,-0.89,
107,0.074,0.237,
108,0.019,-0.347,
109,-0.059,-0.413,
110,0.114,-0.242,
111,0.221,-0.307,
112,0.153,-0.187,
113,0.038,0.184,
114,-0.186,0.044,
115,-0.281,0.391,
116,-0.044,-0.052,
117,0.412,0.147,
118,0.02,0.133,
119,-0.062,-0.21,
120,0.137,-0.225,
121,-0.342,-0.547,
122,0.14,-0.354,
123,-0.155,0.216,
124,-0.055,0.273,
125,0.197,-0.72,
126,-0.105,-0.332,
127,0.189,-0.154,
128,-0.066,0.534,
129,0.091,-0.218,
130,0.551,-0.058,
131,-0.244,-0.222,
132,-0.159,0.131,
133,-0.204,-0.082,
134,-0.676,-0.296,
135,0.266,-0.286,
136,-0.008,0.022,
137,0.098,0.044,
138,0.162,-0.001,
139,-0.008,0.262,
140,-0.036,0.073,
141,-0.392,0.794,
142,0.181,-0.132,
143,0.151,-0.426,
144,0.911,-0.763,
145,0.376,-0.208,
146,-0.098,-0.079,
147,0.309,0.08,
148,0.138,-0.102,
149,-0.226,-0.082,
150,-0.096,-0.169,
151,-0.328,0.054,
152,-0.122,-0.235,
153,-0.089,-0.007,
154,0.196,0.332,
155,0.193,-0.07,
156,-0.239,0.548,
157,-0.157,-0.119,
158,-0.118,0.485,
159,-0.257,0.107,
160,-0.146,0.313,
161,0.311,-0.228,
162,-0.262,0.193,
163,0.532,-0.318,
