1,-0.035,-0.116,
2,0.01,0.026,
3,-0.232,-0.473,
4,0.133,0.068,
5,-0.352,-0.218,
6,-0.301,-0.36,
7,-0.153,-0.008,
8,-0.03,-0.248,
9,-0.568,0.208,
10,-0.082,0.221,
11,-0.43,0.251,
12,0.74,-0.139,
13,-0.044,-0.151,
14,0.081,-0.183,
15,-0.333,-0.269,
16,0.502,-0.249,
17,-0.409,0.331,
18,-0.015,0.555,
19,-0.224,0.286,
20,-0.067,0.285,
21,0.646,0.104,
22,0.057,-0.246,
23,-0.261,-0.266,
24,-0.51,0.482,
25,0.249,-0.141,
26,0.109,-0.026,
27,-0.391,0.173,
28,0.059,-0.111,
29,-0.318,0.038,
30,0.379,0.227,
31,0.447,-0.201,
32,0.103,-0.096,
33,-0.036,-0.014,
34,0.218,0.065,
35,-0.012,0.149,
36,-0.394,0.345,
37,0.011,0.097,
38,-0.034,-0.334,
39,0.436,-0.249,
40,-0.154,-0.269,
41,-0.398,-0.286,
42,-0.124,-0.245,
43,0.311,-0.227,
44,0.226,-0.002,
45,0.013,-0.05,
46,0.246,-0.016,
47,0.03,-0.28,
48,0.106,0.01,
49,-0.258,0.166,
50,0.283,0.092,
51,-0.543,-0.305,
52,0.103,0.05,
53,-0.05,0.247,
54,-0.022,-0.186,
55,0.126,0.099,
56,-0.123,0.641,
57,-0.048,0.679,
58,-0.263,0.175,
59,0.152,0.034,
60,0.264,0.173,
61,-0.129,0.544,
62,0.362,-0.347,
63,0.212,-0.304,
64,0.028,0.147,
65,-0.036,-0.09,
66,0.079,0.075,
67,-0.395,0.215,
68,0.322,-0.124,
69,0.481,0.402,
70,-0.009,-0.191,
71,-0.255,0.142,
72,-0.38,0.166,
73,-0.048,0.062,
74,0.435,-0.115,
75,-0.399,0.3,
76,0.156,-0.115,
77,-0.017,0.088,
78,0.137,0.399,
79,-0.09,0.154,
80,-0.636,0.894,
81,-0.093,0.033,
82,-0.253,0.188,
83,0.194,0.219,
84,0.437,0.082,
85,-0.412,0.148,
86,0.177,-0.473,
87,0.077,-0.215,
88,-0.068,0.157,
89,0.008,0.032,
90,-0.306,-0.002,
91,0.122,0.543,
92,-0.213,0.183,
93,0.012,0.437,
94,-0.282,-0.093,
95,-0.415,-0.27,
96,0.283,-0.053,
97,-0.28,-0.366,
98,-0.117,-0.096,
99,0.082,-0.013,
100,0.296,-0.006,
101,-0.389,-0.029,
102,-0.206,0.53,
103,0.41,-0.227,
104,-0.108,0.15,
105,-0.322,0.309,
106,-0.227,-0.833,
107,0.054,-0.147,
108,0.19,-0.151,
109,-0.445,-0.63,
110,-0.026,-0.075,
111,0.089,-0.46,
112,-0.197,0.235,
113,0.019,-0.12,
114,0.409,0.04,
115,-0.298,0.251,
116,-0.104,0.333,
117,-0.259,-0.477,
118,0.02,-0.231,
119,0.203,0.297,
120,-0.421,-0.127,
121,-0.231,-0.66,
122,-0.026,-0.264,
123,-0.583,0.732,
124,-0.148,0.151,
125,0.04,0.046,
126,-0.021,-0.088,
127,0.015,-0.101,
128,-0.185,0.349,
129,0.444,0.139,
130,0.164,-0.446,
131,0.095,0.163,
132,-0.036,0.302,
133,-0.404,-0.032,
134,-0.822,-0.481,
135,0.048,-0.129,
136,-0.007,-0.177,
137,0.154,0.057,
138,0.859,0.176,
139,-0.273,0.07,
140,-0.291,0.076,
141,-0.379,0.759,
142,0.591,-0.164,
143,0.351,0.127,
144,0.754,-0.704,
145,0.452,-0.122,
146,-0.474,0.261,
147,0.16,0.004,
148,0.078,-0.087,
149,-0.067,-0.186,
150,-0.277,-0.175,
151,0.114,0.423,
152,0.178,-0.141,
153,-0.116,-0.221,
154,-0.191,0.557,
155,0.381,-0.059,
156,-0.411,0.312,
157,0.023,0.253,
158,0.082,-0.039,
159,-0.224,0.016,
160,-0.151,0.256,
161,0.226,-0.225,
162,-0.207,-0.115,
163,0.393,-0.319,
