1,1.685,-0.2,
2,-0.423,1.183,
3,1.931,-0.945,
4,-0.2,-0.504,
5,1.26,-0.131,
6,0.408,2.194,
7,2.905,0.126,
8,1.988,-0.248,
9,1.511,-0.158,
10,-0.561,-0.286,
11,-2.564,0.329,
12,0.936,1.058,
13,0.724,0.145,
14,1.283,2.18,
15,-0.857,-0.402,
16,0.054,-0.189,
17,-0.545,0.448,
18,0.18,0.4,
19,-0.895,-1.172,
20,-0.727,-0.947,
21,-0.811,-2.382,
22,0.304,-1.028,
23,-1.337,-1.11,
24,-0.296,0.756,
25,-0.31,0.474,
26,1.577,-0.342,
27,2.884,0.045,
28,2.353,-0.446,
29,2.41,1.512,
30,1.106,0.029,
31,-0.458,0.494,
32,1.649,-1.274,
33,-0.441,-3.039,
34,-2.041,1.074,
35,0.742,0.978,
36,-0.272,0.542,
37,-0.536,-1.276,
38,0.187,-1.975,
39,-1.206,0.547,
40,-0.788,-0.068,
41,1.853,-0.651,
42,-0.294,-0.981,
43,1.668,-0.502,
44,0.61,0.873,
45,0.536,0.724,
46,0.508,0.555,
47,-1.155,-0.316,
48,-0.721,1.152,
49,-0.738,-0.893,
50,0.78,-1.508,
51,1.656,-0.132,
52,0.631,-0.176,
53,-0.902,2.596,
54,3.115,-0.22,
55,1.02,-0.799,
56,2.244,-0.244,
57,0.136,2.443,
58,1.974,1.542,
59,0.925,-1.491,
60,0.511,1.787,
61,-1.48,-0.002,
62,2.66,0.637,
63,0.709,0.499,
64,-0.88,-2.99,
65,0.4,0.87,
66,-1.037,0.295,
67,0.589,-0.721,
68,-1.371,0.116,
69,-3.521,1.786,
70,1.63,1.794,
71,0.156,0.054,
72,-0.043,0.251,
73,-0.396,-1.156,
74,1.26,-0.253,
75,0.162,2.28,
76,0.936,-0.798,
77,-0.231,0.053,
78,0.519,1.283,
79,-0.366,0.215,
80,-1.418,-0.811,
81,-0.294,-0.894,
82,-2.399,0.116,
83,1.677,-0.664,
84,0.562,-0.054,
85,-0.004,3.066,
86,-0.983,-1.519,
87,0.948,-2.885,
88,1.004,0.393,
89,2.174,-1.47,
90,0.088,-1.234,
91,1.784,2.488,
92,1.718,-0.318,
93,1.814,0.826,
94,1.623,-0.421,
95,-0.247,2.07,
96,3.985,-1.793,
97,1.91,1.072,
98,-0.237,0.509,
99,-0.536,2.297,
100,3.086,-4.074,
101,1.012,-2.004,
102,0.256,-1.198,
103,-0.096,1.244,
104,0.874,-0.472,
105,2.153,-0.165,
106,1.667,-1.582,
107,1.276,1.959,
108,-0.571,-0.515,
109,-0.628,-0.189,
110,-0.576,-0.747,
111,1.733,2.029,
112,0.121,0.22,
113,0.659,0.887,
114,0.824,0.984,
115,-1.118,-1.655,
116,1.779,-1.909,
117,1.353,-1.861,
118,1.755,-1.633,
119,1.945,0.993,
120,0.42,0.339,
121,0.477,1.48,
122,-1.646,0.854,
123,1.569,0.964,
124,1.459,-0.268,
125,-0.145,1.646,
126,2.05,-0.774,
127,0.898,1.26,
128,1.221,0.352,
129,1.529,1.1,
130,2.537,-0.059,
131,1.112,1.848,
132,0.548,0.284,
133,0.285,-0.483,
134,0.356,0.6,
135,-1.549,0.254,
136,0.458,-0.516,
137,-0.363,-0.623,
138,1.009,0.358,
139,0.71,-1.786,
140,0.556,1.295,
141,-0.328,-0.867,
142,1.355,-0.787,
143,0.721,-1.212,
144,1.038,0.474,
145,-0.57,0.551,
146,0.53,-0.305,
147,-1.601,-0.155,
148,-2.054,-1.17,
149,0.055,-1.382,
150,1.848,-1.758,
151,0.477,2.09,
152,1.19,-0.1,
153,1.292,-1.549,
154,-0.814,-0.07,
155,1.24,-1.512,
156,-0.874,-1.896,
157,-3.012,-0.789,
158,0.782,0.286,
159,1.327,-0.134,
160,0.848,2.072,
161,0.077,-0.146,
162,-2.05,-1.456,
163,-0.425,-1.556,
