1,0.309,-0.156,
2,-0.408,0.524,
3,0.781,-0.311,
4,-0.191,0.009,
5,0.525,-0.286,
6,-0.027,0.577,
7,0.429,-0.727,
8,0.362,-0.772,
9,1.009,-0.097,
10,-0.143,-0.083,
11,-1.239,-0.098,
12,0.311,0.798,
13,0.015,-0.078,
14,0.67,0.121,
15,-0.287,0.06,
16,0.236,-0.229,
17,-0.695,0.323,
18,-0.201,0.323,
19,-0.49,-0.346,
20,-0.339,-0.103,
21,-0.618,-0.648,
22,0.007,-0.15,
23,-0.362,-0.544,
24,-0.386,0.371,
25,0.246,0.003,
26,0.501,-0.103,
27,0.785,0.232,
28,0.651,-0.103,
29,0.362,0.629,
30,0.783,0.255,
31,-0.308,0.039,
32,0.831,-0.53,
33,-0.472,-1.391,
34,-0.321,0.265,
35,-0.016,0.288,
36,0.169,0.487,
37,-0.387,-0.416,
38,-0.132,-0.771,
39,-0.007,-0.267,
40,-0.687,-0.139,
41,0.315,-0.509,
42,-0.024,-0.565,
43,0.44,-0.189,
44,0.097,0.326,
45,0.157,0.094,
46,0.575,0.118,
47,-0.471,-0.198,
48,-0.32,0.289,
49,-0.653,0.285,
50,0.113,-0.047,
51,0.042,-0.271,
52,0.157,-0.023,
53,-0.374,0.912,
54,1.225,-0.131,
55,-0.157,-0.362,
56,0.524,0.4,
57,-0.403,0.739,
58,0.762,0.855,
59,0.357,-0.288,
60,-0.19,0.582,
61,-0.538,-0.675,
62,0.669,-0.424,
63,-0.201,0.091,
64,-0.093,-0.862,
65,-0.237,0.304,
66,-0.734,0.047,
67,-0.477,-0.425,
68,0.292,-0.067,
69,-0.587,0.369,
70,0.336,0.896,
71,-0.18,-0.151,
72,-0.176,0.055,
73,-0.085,0.018,
74,0.543,0.064,
75,0.077,0.325,
76,-0.02,-0.148,
77,-0.494,0.048,
78,0.165,1.085,
79,-0.242,0.364,
80,-0.542,0.01,
81,-0.181,-0.089,
82,-0.708,0.248,
83,0.327,0.331,
84,0.255,-0.112,
85,-1.036,0.758,
86,-0.115,-0.389,
87,0.171,-0.698,
88,0.319,-0.001,
89,0.836,-0.743,
90,0.091,-0.184,
91,0.353,1.023,
92,0.203,0.042,
93,0.524,0.421,
94,0.43,0.317,
95,-0.005,1.276,
96,1.028,-0.732,
97,0.713,0.404,
98,-0.488,0.01,
99,-0.641,1.078,
100,1.682,-1.157,
101,0.105,-1.211,
102,-0.134,-0.072,
103,-0.209,-0.028,
104,0.316,-0.17,
105,0.411,-0.335,
106,-0.358,-1.255,
107,-0.065,0.332,
108,-0.104,-0.111,
109,-0.678,-0.529,
110,-0.025,-0.122,
111,0.518,0.27,
112,0.022,-0.427,
113,-0.127,0.462,
114,0.053,0.668,
115,-0.351,-0.09,
116,0.465,-0.587,
117,0.04,0.281,
118,0.361,-0.821,
119,0.623,0.311,
120,0.064,0.218,
121,0.055,-0.241,
122,-0.573,0.77,
123,0.279,0.7,
124,0.13,0.214,
125,0.012,0.904,
126,0.476,-0.368,
127,0.319,0.599,
128,0.03,0.642,
129,0.471,0.3,
130,0.525,0.482,
131,0.457,0.497,
132,-0.068,0.099,
133,-0.041,-0.455,
134,0.032,0.348,
135,-0.278,0.438,
136,-0.368,-0.187,
137,-0.125,-0.093,
138,0.275,0.343,
139,-0.407,-0.46,
140,-0.4,0.65,
141,-0.901,0.18,
142,0.214,-0.385,
143,0.484,-0.863,
144,0.749,-0.748,
145,-0.147,-0.177,
146,-0.106,0.227,
147,-0.871,0.237,
148,-0.497,0.116,
149,0.049,-0.191,
150,0.102,-0.736,
151,-0.055,0.632,
152,0.093,0.051,
153,0.883,-0.321,
154,-0.401,0.137,
155,0.639,-0.409,
156,-0.311,0.122,
157,-0.263,-0.248,
158,-0.033,0.464,
159,-0.094,0.228,
160,-0.213,1.128,
161,0.335,-0.103,
162,-0.484,-0.008,
163,-0.647,-0.643,
