1,0.881,-0.439,
2,-0.449,0.967,
3,1.123,-0.47,
4,-0.343,-0.092,
5,0.819,-0.097,
6,-0.087,1.512,
7,1.513,-0.234,
8,1.021,-0.455,
9,1.498,-0.091,
10,-0.08,-0.262,
11,-2.176,0.108,
12,0.645,1.133,
13,0.589,-0.184,
14,1.195,1.007,
15,-0.629,-0.399,
16,0.381,0.012,
17,-0.623,0.295,
18,-0.016,0.129,
19,-0.994,-0.933,
20,-0.412,-0.32,
21,-0.583,-1.453,
22,-0.053,-0.408,
23,-0.642,-0.992,
24,-0.276,0.315,
25,-0.085,0.326,
26,0.984,0.055,
27,1.464,0.055,
28,1.371,-0.158,
29,1.225,1.174,
30,0.974,0.23,
31,-0.344,0.173,
32,1.38,-0.79,
33,-0.677,-2.487,
34,-0.871,0.627,
35,0.495,0.475,
36,0.011,0.627,
37,-0.291,-0.645,
38,0.048,-1.345,
39,-0.45,0.048,
40,-0.755,-0.01,
41,0.777,-0.794,
42,-0.131,-0.746,
43,0.822,-0.2,
44,0.277,0.53,
45,0.324,0.296,
46,0.629,0.355,
47,-0.982,-0.208,
48,-0.589,0.477,
49,-0.35,-0.11,
50,0.227,-0.491,
51,0.772,-0.486,
52,0.394,-0.149,
53,-0.491,1.475,
54,2.112,-0.223,
55,0.074,-0.698,
56,1.516,-0.005,
57,-0.386,1.567,
58,1.283,1.227,
59,0.516,-0.865,
60,0.092,1.066,
61,-1.373,-0.439,
62,1.436,0.052,
63,0.323,0.146,
64,-0.252,-1.619,
65,0.011,0.426,
66,-0.981,0.071,
67,-0.232,-0.735,
68,0.039,0.083,
69,-1.921,0.819,
70,1.009,1.46,
71,-0.14,-0.21,
72,-0.152,-0.016,
73,-0.282,-0.591,
74,0.813,-0.049,
75,0.095,1.075,
76,0.497,-0.426,
77,-0.547,-0.08,
78,0.387,1.099,
79,-0.231,0.365,
80,-0.809,-0.318,
81,-0.21,-0.208,
82,-1.217,0.204,
83,0.643,0.021,
84,0.331,-0.237,
85,-0.718,1.532,
86,-0.492,-0.698,
87,0.648,-1.353,
88,0.308,0.342,
89,0.813,-1.258,
90,0.064,-0.64,
91,0.901,1.756,
92,0.736,-0.103,
93,1.002,0.639,
94,0.813,0.281,
95,-0.153,1.775,
96,2.29,-1.325,
97,1.336,0.734,
98,-0.538,0.07,
99,-0.732,1.633,
100,2.445,-2.243,
101,0.332,-1.459,
102,0.191,-0.955,
103,0.125,0.421,
104,0.452,-0.416,
105,0.948,-0.511,
106,0.22,-1.388,
107,0.503,0.972,
108,-0.226,-0.336,
109,-0.693,-0.362,
110,-0.075,-0.255,
111,1.036,0.966,
112,0.096,-0.332,
113,0.031,0.569,
114,0.373,0.876,
115,-0.932,-0.952,
116,0.978,-1.062,
117,0.353,-0.217,
118,0.999,-1.293,
119,1.141,0.509,
120,0.232,0.114,
121,0.285,0.289,
122,-0.973,0.855,
123,0.683,0.889,
124,0.521,-0.063,
125,-0.082,1.485,
126,1.13,-0.557,
127,0.47,0.671,
128,0.769,0.388,
129,0.561,0.566,
130,1.281,0.42,
131,0.953,0.945,
132,0.162,0.106,
133,0.208,-0.674,
134,0.271,0.444,
135,-0.716,0.367,
136,-0.165,-0.486,
137,-0.066,-0.193,
138,0.477,0.366,
139,0.19,-1.125,
140,-0.495,1.431,
141,-0.807,-0.31,
142,0.497,-0.857,
143,0.723,-1.114,
144,0.66,-0.308,
145,-0.306,-0.119,
146,0.461,0.341,
147,-1.083,0.197,
148,-1.328,-0.816,
149,0.103,-0.282,
150,1.057,-1.661,
151,0.193,1.2,
152,0.436,0.229,
153,1.25,-0.954,
154,-0.496,0.263,
155,0.937,-0.668,
156,-0.13,-0.812,
157,-1.779,-0.268,
158,0.286,0.284,
159,0.628,-0.016,
160,0.453,1.12,
161,0.457,-0.105,
162,-1.43,-0.651,
163,0.067,-1.005,
