1,-0.173,-0.62,
2,0.35,0.157,
3,1.359,0.41,
4,0.292,0.637,
5,-0.097,0.317,
6,-2.202,0.824,
7,0.465,-1.096,
8,-1.187,-0.278,
9,0.238,-0.417,
10,0.084,0.523,
11,0.837,-0.942,
12,0.064,-0.661,
13,-0.65,-0.342,
14,-0.903,-0.827,
15,-0.738,-2.017,
16,0.299,0.136,
17,-0.985,0.112,
18,0.074,0.248,
19,0.047,0.478,
20,-0.693,-0.002,
21,0.318,0.637,
22,-0.797,-0.193,
23,-0.055,0.257,
24,-0.441,0.86,
25,0.314,0.22,
26,-0.028,0.292,
27,0.253,0.575,
28,1.049,-0.415,
29,-0.536,0.379,
30,0.625,0.101,
31,0.129,-0.101,
32,-0.013,-0.412,
33,0.069,0.168,
34,-0.257,0.155,
35,-0.069,0.357,
36,1.113,0.65,
37,0.078,0.165,
38,0.762,-0.298,
39,1.138,-0.083,
40,-0.137,-0.408,
41,0.291,0.066,
42,0.846,-0.277,
43,-1.081,0.042,
44,0.183,-0.182,
45,-0.664,0.76,
46,0.227,0.227,
47,-0.247,0.133,
48,0.013,-1.066,
49,0.086,0.235,
50,0.948,-0.135,
51,-1.114,-0.628,
52,0.124,0.49,
53,0.481,0.002,
54,0.445,0.29,
55,-0.387,0.26,
56,0.891,-0.046,
57,0.035,-0.02,
58,-0.172,0.571,
59,-0.529,-0.211,
60,-0.23,-0.076,
61,-0.44,-0.294,
62,1.677,-0.662,
63,0.324,0.305,
64,0.059,-0.832,
65,1.414,0.526,
66,-0.316,0.159,
67,0.385,0.11,
68,1.299,-0.174,
69,0.991,0.308,
70,0.154,0.188,
71,1.451,0.1,
72,-0.049,-0.656,
73,-0.712,0.293,
74,-0.251,0.297,
75,-0.876,-0.759,
76,-0.124,-0.711,
77,-0.011,0.158,
78,0.055,0.597,
79,-0.052,1.122,
80,-0.814,-0.685,
81,0.095,0.227,
82,-0.815,-0.035,
83,-0.546,-0.508,
84,0.651,1.101,
85,-0.055,-0.502,
86,-0.116,-1.337,
87,-0.887,0.217,
88,0.916,-1.682,
89,0.321,-0.036,
90,0.03,-0.208,
91,0.09,0.229,
92,0.23,0.151,
93,0.7,-0.734,
94,0.933,0.148,
95,-0.362,-0.592,
96,-0.142,0.041,
97,-0.038,-0.4,
98,0.432,0.692,
99,0.348,0.657,
100,1.203,0.058,
101,-0.081,-0.111,
102,-0.494,0.651,
103,1.269,0.272,
104,-0.65,-0.025,
105,-0.593,0.274,
106,-0.693,-0.67,
107,0.337,0.978,
108,0.336,-1.24,
109,0.161,-0.49,
110,0.262,-0.384,
111,0.75,-0.33,
112,0.327,-0.468,
113,0.214,0.143,
114,-1.016,-0.134,
115,-0.661,0.751,
116,-0.075,-0.118,
117,0.559,0.89,
118,0.154,0.677,
119,-0.39,-0.737,
120,0.385,-0.713,
121,-0.649,-0.702,
122,0.49,-0.354,
123,-0.759,0.138,
124,0.017,0.304,
125,0.377,-1.858,
126,-0.212,-0.695,
127,-0.084,-0.592,
128,0.13,0.536,
129,-0.262,-0.645,
130,1.606,-0.442,
131,-0.232,-0.72,
132,-0.32,0.26,
133,-0.188,0.202,
134,-1.059,-0.667,
135,0.724,-1.075,
136,0.297,0.392,
137,0.445,0.254,
138,-0.11,-0.243,
139,0.426,0.719,
140,-0.082,0.172,
141,0.169,1.427,
142,0.789,-0.113,
143,0.313,-0.532,
144,0.851,-0.82,
145,0.684,-0.451,
146,0.119,0.053,
147,0.741,-0.174,
148,0.327,-0.579,
149,0.156,0.264,
150,0.341,-0.28,
151,-0.576,-0.195,
152,-0.218,-0.509,
153,0.048,-0.237,
154,0.44,0.559,
155,0.119,-0.197,
156,-0.56,0.279,
157,0.059,-0.789,
158,0.118,-0.148,
159,-0.01,-0.125,
160,-0.05,0.148,
161,0.199,-0.735,
162,-0.492,-0.039,
163,0.88,-0.755,
