1,0.68,1.878,
2,-0.122,-0.212,
3,-1.788,-0.367,
4,-0.134,0.962,
5,-0.96,0.475,
6,-2.806,0.364,
7,-1.491,2.648,
8,-0.925,0.101,
9,-1.183,0.668,
10,-0.859,0.737,
11,0.639,1.668,
12,0.885,-0.851,
13,0.145,0.749,
14,-2.009,0.85,
15,-2.63,-0.365,
16,0.428,1.408,
17,-1.724,0.714,
18,0.526,1.005,
19,-0.134,0.882,
20,-0.155,0.741,
21,1.302,-0.553,
22,-0.118,-0.284,
23,-0.821,-0.464,
24,-1.155,0.426,
25,-1.516,0.466,
26,-0.556,0.64,
27,-1.221,0.288,
28,1.224,0.649,
29,-0.311,0.229,
30,-0.072,1.99,
31,0.174,1.2,
32,-0.057,0.042,
33,-1.368,1.27,
34,-0.084,0.711,
35,-0.521,1.725,
36,-1.725,1.25,
37,-0.265,0.237,
38,0.117,-0.1,
39,-0.329,2.896,
40,-1.087,0.025,
41,-0.765,-0.316,
42,1.201,-0.692,
43,0.079,0.405,
44,0.161,2.174,
45,-0.801,0.293,
46,0.09,1.198,
47,-0.532,0.405,
48,0.494,-0.226,
49,-0.646,-0.863,
50,0.031,-0.29,
51,-0.674,0.561,
52,-0.056,0.67,
53,-0.259,0.079,
54,-1.157,0.103,
55,0.289,-0.186,
56,-0.28,0.925,
57,0.82,0.995,
58,-0.689,0.71,
59,-2.225,1.291,
60,-0.138,-0.235,
61,-1.105,2.237,
62,0.635,-0.161,
63,-0.204,0.13,
64,-0.706,-0.655,
65,-0.331,-0.161,
66,0.6,0.798,
67,-1.523,0.146,
68,-1.03,0.959,
69,-0.352,1.22,
70,0.457,0.3,
71,-0.542,0.932,
72,-1.078,1.54,
73,-0.8,0.134,
74,-0.517,0.598,
75,-1.668,2.401,
76,-0.041,0.689,
77,-0.376,-0.27,
78,1,1.2,
79,-0.925,0.175,
80,-0.874,1.169,
81,0.649,0.324,
82,-1.105,0.428,
83,0.559,0.335,
84,-0.955,0.494,
85,0.327,1.281,
86,-1.529,0.402,
87,-0.8,-0.921,
88,0.18,1.13,
89,0.646,0.034,
90,-0.754,0.767,
91,-0.479,0.614,
92,-1.15,0.634,
93,0.961,1.841,
94,-0.813,0.441,
95,-0.705,0.031,
96,0.495,-0.803,
97,0.413,0.448,
98,-1.424,0.354,
99,-0.62,-0.053,
100,-0.781,1.194,
101,0.012,1.058,
102,-1.123,0.092,
103,0.547,0.337,
104,-0.357,0.21,
105,-0.191,1.526,
106,-0.21,1.173,
107,1.538,1.647,
108,0.164,0.919,
109,-1.05,-0.334,
110,0.203,0.775,
111,-0.003,-0.667,
112,-1.301,1.105,
113,-1.095,0.295,
114,0.142,0.16,
115,-0.309,-0.934,
116,0.446,1.122,
117,-0.81,-0.016,
118,-0.276,1.086,
119,0.86,0.999,
120,0.25,0.25,
121,-0.267,-0.136,
122,-0.349,0.278,
123,-1.42,0.388,
124,-0.884,-0.433,
125,-0.387,0.968,
126,-0.702,0.996,
127,0.043,-0.771,
128,-0.175,0.522,
129,0.264,0.551,
130,1.226,-0.283,
131,-0.685,2.198,
132,-0.59,0.987,
133,-0.501,1.407,
134,-1.404,-0.335,
135,-1.482,-1.093,
136,-0.013,-0.308,
137,-0.62,0.981,
138,0.635,0.902,
139,-0.634,-0.181,
140,-0.29,-0.499,
141,-0.441,-0.15,
142,0.092,-0.337,
143,-0.707,2.191,
144,-0.602,0.656,
145,-0.373,-0.886,
146,-0.448,1.065,
147,-0.201,0.222,
148,-0.441,-0.177,
149,0.645,-2.333,
150,-0.504,0.461,
151,1.565,0.521,
152,-0.167,0.689,
153,-0.284,0.368,
154,-1.207,1.879,
155,-0.721,0.069,
156,-1.692,-0.283,
157,0.094,0.368,
158,0.641,-0.283,
159,0.476,-0.604,
160,-0.494,0.271,
161,0.108,0.958,
162,-0.839,0.654,
163,0.326,-1.121,
