1,0.871,-0.413,
2,0.419,-0.936,
3,1.339,-0.434,
4,0.827,0.088,
5,-0.587,-0.295,
6,-2.726,1.778,
7,0.23,-0.556,
8,-0.717,-0.702,
9,-0.047,-0.894,
10,-0.042,0.927,
11,1.231,-0.902,
12,0.053,-1.674,
13,-0.847,0.66,
14,-2.2,-0.083,
15,-0.924,-2.49,
16,0.531,-0.575,
17,-1.434,-0.362,
18,1.018,-0.158,
19,0.725,-0.426,
20,-0.913,-0.69,
21,1.324,0.203,
22,-0.799,-1.553,
23,0.237,0.86,
24,-0.132,0.192,
25,0.039,0.187,
26,-1.163,0.06,
27,0.593,-0.394,
28,1.463,-1.543,
29,-0.437,0.247,
30,1.193,-0.66,
31,0.015,-0.236,
32,0.07,-0.827,
33,-0.504,-0.181,
34,-0.426,-0.412,
35,0.249,1.114,
36,1.841,-0.668,
37,-0.359,-0.016,
38,1.94,-0.578,
39,1.925,-0.507,
40,0.107,-1.004,
41,0.248,0.196,
42,1.577,0.138,
43,-0.279,-0.064,
44,0.369,0.183,
45,-1.572,1.199,
46,0.449,0.151,
47,-0.602,-0.205,
48,0.976,-1.479,
49,0.422,-0.25,
50,1.184,-0.614,
51,-0.196,-1.775,
52,-0.199,-0.379,
53,1.604,-0.484,
54,0.47,0.312,
55,-0.791,-0.4,
56,1.335,0.173,
57,0.219,-0.035,
58,0.157,0.903,
59,0.097,-0.016,
60,0.435,-0.037,
61,-0.021,-0.382,
62,2.821,-1.162,
63,0.682,-0.378,
64,-0.235,-1.672,
65,1.358,0.635,
66,-0.192,0.314,
67,0.705,-0.319,
68,1.58,-0.812,
69,1.286,0.163,
70,0.437,0.011,
71,2.203,0.484,
72,0.31,-0.923,
73,-1.196,-0.275,
74,0.242,0.055,
75,-1.571,-1.838,
76,-0.538,-1.695,
77,0.121,-0.074,
78,0.269,0.022,
79,-0.399,0.984,
80,-0.461,-1.489,
81,-0.442,0.041,
82,-2.18,-0.544,
83,-0.683,-1.146,
84,0.85,1.958,
85,0.543,-0.507,
86,0.237,-1.888,
87,-1.028,0.115,
88,1.004,-2.821,
89,2.348,-2.508,
90,0.443,-1.08,
91,0.096,-0.123,
92,0.413,0.252,
93,0.673,-2.097,
94,1.128,0.082,
95,-0.734,-1.733,
96,-0.135,1.012,
97,0.739,-0.578,
98,0.214,1.626,
99,0.793,0.385,
100,1.089,0.19,
101,0.349,-0.042,
102,-0.381,0.021,
103,1.693,0.995,
104,-0.11,-0.214,
105,-0.749,-0.245,
106,-0.381,-0.467,
107,0.564,1.143,
108,1.514,-2.186,
109,0.379,-0.655,
110,0.524,-0.161,
111,0.655,0.141,
112,0.04,-0.63,
113,0.64,-0.338,
114,-1.491,-0.502,
115,0.042,0.005,
116,-0.445,-0.227,
117,1.171,0.483,
118,0.536,1.416,
119,-0.6,-0.865,
120,0.654,-1.381,
121,-0.418,-0.864,
122,1.179,-0.646,
123,-0.95,-0.569,
124,0.242,-0.072,
125,0.281,-2.739,
126,0.417,-1.054,
127,0.182,-1.478,
128,-0.383,0.816,
129,-0.38,-1.072,
130,2.032,-0.595,
131,0.273,-0.692,
132,-0.356,0.028,
133,0.022,0.485,
134,-0.806,-0.818,
135,0.573,-2.044,
136,1.329,-0.002,
137,0.921,0.13,
138,0.076,-0.042,
139,0.593,0.942,
140,-0.41,0.154,
141,0.735,1.009,
142,1.353,-0.245,
143,1.176,-0.639,
144,0.36,-0.709,
145,0.263,-0.905,
146,0.174,0.712,
147,1.019,-0.438,
148,1.062,-0.599,
149,1.276,-0.356,
150,1.065,-1.055,
151,-0.207,-0.305,
152,-0.292,-0.737,
153,0.909,-0.587,
154,0.369,-0.394,
155,0.149,-0.413,
156,-0.554,-0.009,
157,0.801,-1.828,
158,0.457,-1.472,
159,0.223,0.095,
160,-0.236,0.291,
161,0.114,-1.118,
162,-0.52,0.003,
163,0.942,-1.618,
