1,0.679,1.69,
2,-0.574,-0.952,
3,-2.701,-1.863,
4,0.143,0.702,
5,-1.655,-0.316,
6,-3.68,0.246,
7,-1.99,2.092,
8,-1.93,0.517,
9,-3.128,1.527,
10,-0.548,0.776,
11,0.124,1.687,
12,1.752,-0.807,
13,0.026,0.31,
14,-2.099,1.193,
15,-4.223,-0.785,
16,1.06,1.406,
17,-1.067,0.461,
18,1.167,1.554,
19,0.084,0.917,
20,-0.717,1.13,
21,2.216,-1.797,
22,0.125,-0.916,
23,-1.851,-1.061,
24,-1.773,1.136,
25,-1.468,-0.527,
26,-0.442,0.503,
27,-1.918,0.669,
28,0.987,0.814,
29,-0.448,0.448,
30,-0.591,1.121,
31,1.22,0.248,
32,0.256,-0.185,
33,-1.873,1.128,
34,0.82,1.021,
35,-0.513,0.963,
36,-2.636,1.053,
37,-0.308,0.157,
38,0.801,-0.217,
39,0.327,2.718,
40,-0.968,-0.36,
41,-1.754,-1.252,
42,0.928,-1.37,
43,0.118,0.469,
44,0.443,1.324,
45,-0.577,-0.079,
46,0.481,0.795,
47,-0.146,0.952,
48,0.062,-0.539,
49,-1.16,-1.38,
50,1.118,-0.127,
51,-1.009,-0.142,
52,0.128,0.533,
53,-0.442,0.801,
54,-1.395,-1.399,
55,0.85,0.131,
56,0.242,2.101,
57,1.341,1.796,
58,-0.783,0.545,
59,-2.61,1.967,
60,0.56,-0.249,
61,-1.568,2.34,
62,1.385,-1.431,
63,0.818,-1.157,
64,-0.21,-0.227,
65,-0.388,-0.534,
66,0.552,0.107,
67,-1.576,0.42,
68,-0.142,1.15,
69,-0.26,1.368,
70,1.222,-0.379,
71,-0.304,0.323,
72,-1.795,1.3,
73,-1.085,-0.779,
74,-1.378,0.062,
75,-3.336,0.914,
76,0.544,-0.033,
77,-0.009,-0.691,
78,1.721,1.515,
79,-0.298,-0.082,
80,-1.716,2.037,
81,0.404,-0.116,
82,-1.725,0.731,
83,0.521,0.23,
84,-0.638,0.398,
85,0.571,1.286,
86,-0.897,-0.545,
87,-0.758,-0.838,
88,-1.022,1.984,
89,0.174,0.144,
90,-1.257,0.314,
91,-0.287,1.245,
92,-1.037,0.701,
93,0.617,1.926,
94,-1.257,-0.244,
95,-1.325,-1.239,
96,0.512,-0.968,
97,-0.066,-0.02,
98,-0.213,0.041,
99,-0.399,-0.567,
100,-0.083,1.477,
101,-0.381,0.382,
102,-2.473,0.364,
103,1.521,0.557,
104,-0.123,0.04,
105,-0.61,2.101,
106,0.33,0.676,
107,2.389,0.779,
108,0.26,0.422,
109,-1.581,-1.244,
110,-0.116,0.871,
111,0.256,-2.14,
112,-1.03,1.762,
113,-1.728,-0.578,
114,1.107,-0.139,
115,-0.751,-0.748,
116,0.385,1.65,
117,-1.74,-1,
118,-0.403,0.305,
119,1.367,0.719,
120,-0.632,0.071,
121,0.076,-1.11,
122,-1.909,-0.801,
123,-2.224,1.282,
124,-1.325,-0.864,
125,-0.296,1.157,
126,-2.419,0.881,
127,-0.015,-1.225,
128,-0.029,0.125,
129,0.925,0.375,
130,1.53,-1.639,
131,-0.355,1.915,
132,-0.105,1.244,
133,-0.792,1.35,
134,-2.845,-1.53,
135,-0.598,-2.111,
136,0.397,-0.898,
137,-0.179,0.534,
138,2.241,0.491,
139,-0.938,-0.283,
140,-0.293,-1.063,
141,-0.299,1.086,
142,1.585,-0.233,
143,0.12,2.267,
144,-0.219,0.305,
145,0.139,-1.352,
146,-1.351,0.823,
147,0.454,-0.458,
148,0.175,-0.589,
149,1.614,-2.384,
150,0.316,0.14,
151,1.826,0.434,
152,0.417,0.002,
153,-0.276,0.045,
154,-0.959,2.66,
155,-0.259,-0.528,
156,-2.257,-1.111,
157,0.118,0.198,
158,0.828,-2.141,
159,0.704,-1.046,
160,-0.107,-0.085,
161,-0.054,0.73,
162,-0.789,0.105,
163,-0.399,-2.489,
