1,0.591,0.813,
2,-0.316,-0.397,
3,-1.935,-1.506,
4,0.218,0.301,
5,-1.049,-0.243,
6,-1.992,-0.145,
7,-1.167,1.073,
8,-1.008,0.114,
9,-2.729,0.977,
10,-0.227,0.615,
11,-0.651,1.215,
12,1.503,-0.439,
13,0.142,-0.112,
14,-0.71,0.659,
15,-2.29,-0.473,
16,1.094,0.388,
17,-0.703,0.332,
18,0.672,1.209,
19,-0.072,0.463,
20,-0.196,0.85,
21,1.81,-0.774,
22,0.013,-0.713,
23,-1.068,-1.047,
24,-1.226,1.066,
25,-0.736,-0.359,
26,-0.137,0.248,
27,-1.308,0.394,
28,0.447,-0.067,
29,-0.489,0.039,
30,-0.298,0.366,
31,1.096,-0.218,
32,0.255,-0.185,
33,-0.987,0.198,
34,0.646,0.533,
35,-0.147,0.323,
36,-1.759,0.605,
37,-0.096,0.132,
38,0.399,-0.401,
39,0.647,0.7,
40,-0.454,-0.389,
41,-1.315,-0.998,
42,0.023,-0.689,
43,0.196,0.102,
44,0.465,0.379,
45,-0.141,-0.121,
46,0.725,0.222,
47,0.01,0.124,
48,0.016,-0.223,
49,-0.749,-0.425,
50,0.928,0.07,
51,-0.692,-0.78,
52,0.116,0.197,
53,-0.39,0.462,
54,-0.691,-0.827,
55,0.52,0.195,
56,0.186,1.405,
57,0.763,1.492,
58,-0.67,0.353,
59,-0.913,0.888,
60,0.798,0.065,
61,-0.906,1.662,
62,1.054,-1.08,
63,0.855,-1.111,
64,0.01,0.122,
65,-0.191,-0.336,
66,0.46,0.017,
67,-1.02,0.435,
68,0.582,0.21,
69,0.279,1.085,
70,0.785,-0.483,
71,-0.466,0.281,
72,-1.211,0.632,
73,-0.61,-0.511,
74,-0.229,-0.32,
75,-2.116,0.374,
76,0.555,-0.239,
77,0.085,-0.378,
78,0.733,0.863,
79,-0.119,-0.009,
80,-1.262,1.895,
81,-0.031,-0.107,
82,-1.284,0.478,
83,0.343,0.316,
84,0.159,0.165,
85,0.16,0.706,
86,0.008,-0.609,
87,-0.238,-0.44,
88,-0.924,0.964,
89,0.155,0.031,
90,-1.022,-0.024,
91,0.067,1.15,
92,-0.54,0.425,
93,0.145,0.99,
94,-0.88,-0.289,
95,-1.302,-1.027,
96,0.391,-0.274,
97,-0.311,-0.283,
98,-0.204,0.053,
99,-0.004,-0.355,
100,0.335,0.584,
101,-0.432,-0.007,
102,-1.486,0.453,
103,1.205,0.1,
104,-0.084,0.073,
105,-0.707,1.32,
106,0.218,-0.204,
107,1.118,0.21,
108,0.219,-0.053,
109,-1.1,-1.153,
110,-0.111,0.331,
111,0.48,-1.473,
112,-0.602,1.111,
113,-0.748,-0.652,
114,1.009,-0.149,
115,-0.649,-0.177,
116,0.082,1.105,
117,-1.148,-1.095,
118,-0.168,-0.275,
119,0.722,0.549,
120,-0.869,-0.168,
121,-0.249,-1.244,
122,-0.702,-0.697,
123,-1.639,1.353,
124,-0.683,-0.4,
125,0.035,0.621,
126,-1.039,0.273,
127,-0.071,-0.627,
128,-0.084,0.163,
129,0.826,0.186,
130,0.846,-1.515,
131,0.097,0.842,
132,-0.047,0.937,
133,-0.777,0.552,
134,-2.047,-1.316,
135,-0.08,-1.63,
136,0.174,-0.852,
137,0.104,0.188,
138,1.95,0.251,
139,-0.688,-0.163,
140,-0.493,-0.123,
141,-0.285,1.281,
142,1.555,-0.261,
143,0.493,1.23,
144,0.372,-0.386,
145,0.883,-0.755,
146,-1.038,0.611,
147,0.495,-0.389,
148,0.104,-0.38,
149,0.777,-1.231,
150,0.139,-0.316,
151,0.931,0.455,
152,0.468,-0.288,
153,-0.229,-0.362,
154,-0.585,1.82,
155,0.263,-0.334,
156,-1.538,-0.504,
157,-0.06,0.258,
158,0.547,-1.463,
159,0.15,-0.625,
160,-0.037,0.023,
161,0.098,0.001,
162,-0.27,-0.421,
163,0.204,-1.537,
