1,1.386,0.011,
2,-0.626,0.803,
3,1.352,-0.924,
4,-0.151,-0.498,
5,1.29,-0.625,
6,-0.075,2.08,
7,2.217,0.327,
8,1.521,-0.099,
9,1.742,-0.276,
10,-0.172,-0.223,
11,-2.242,0.383,
12,0.837,1.313,
13,0.752,0.113,
14,1.164,1.735,
15,-0.928,0.005,
16,-0.119,-0.612,
17,-0.616,0.278,
18,0.135,0.243,
19,-1.03,-1.12,
20,-0.385,-0.577,
21,-0.423,-1.832,
22,0.052,-0.685,
23,-0.968,-0.893,
24,-0.211,0.398,
25,0.117,-0.105,
26,1.064,-0.268,
27,1.976,0.062,
28,1.68,-0.239,
29,1.66,1.313,
30,1.011,0.128,
31,-0.293,0.268,
32,1.547,-0.941,
33,-0.569,-2.771,
34,-1.203,0.704,
35,0.64,0.792,
36,0.103,0.364,
37,-0.666,-0.968,
38,0.215,-1.548,
39,-0.74,0.277,
40,-0.663,-0.079,
41,1.105,-0.812,
42,-0.182,-0.835,
43,1.185,-0.303,
44,0.46,0.579,
45,0.457,0.366,
46,0.59,0.343,
47,-1.117,-0.159,
48,-0.352,0.705,
49,-1.163,-0.437,
50,0.554,-0.724,
51,1.173,-0.476,
52,0.48,-0.178,
53,-0.429,1.841,
54,2.504,-0.065,
55,0.386,-0.673,
56,1.908,-0.101,
57,-0.213,1.898,
58,1.584,1.409,
59,0.718,-1.161,
60,0.179,1.424,
61,-0.776,-0.349,
62,2.324,0.401,
63,0.527,0.265,
64,-0.53,-2.052,
65,0.199,0.497,
66,-0.791,0.071,
67,0.147,-0.84,
68,-0.287,-0.02,
69,-2.406,1.039,
70,1.261,1.569,
71,-0.047,-0.209,
72,-0.009,-0.02,
73,-0.197,-0.917,
74,1.063,-0.111,
75,-0.308,1.555,
76,0.939,-0.611,
77,-0.324,-0.032,
78,0.445,0.985,
79,-0.251,0.269,
80,-0.926,-0.479,
81,-0.17,-0.422,
82,-1.41,0.145,
83,0.968,-0.207,
84,0.345,-0.33,
85,-0.368,1.956,
86,-0.594,-1.013,
87,0.674,-1.809,
88,0.171,0.425,
89,1.811,-1.27,
90,0.024,-0.842,
91,1.172,2.047,
92,0.997,-0.209,
93,1.268,0.743,
94,1.111,-0.028,
95,-0.191,1.852,
96,2.949,-1.51,
97,1.501,0.674,
98,-0.457,0.14,
99,-0.527,1.782,
100,2.716,-2.825,
101,0.594,-1.705,
102,-0.224,-1.055,
103,-0.649,0.771,
104,0.73,-0.556,
105,1.27,-0.458,
106,0.729,-1.421,
107,0.867,1.234,
108,-0.31,-0.575,
109,-0.547,-0.386,
110,-0.198,-0.482,
111,1.192,1.317,
112,0.213,-0.235,
113,0.361,0.584,
114,0.471,0.868,
115,-0.341,-1.265,
116,1.069,-1.36,
117,0.735,-0.766,
118,1.29,-1.316,
119,1.36,0.7,
120,0.3,0.075,
121,0.392,0.669,
122,-1.145,0.855,
123,1.048,0.871,
124,0.864,-0.151,
125,-0.096,1.517,
126,1.452,-0.704,
127,0.913,0.985,
128,0.768,0.644,
129,0.973,0.631,
130,1.744,0.317,
131,1.061,1.271,
132,0.319,0.169,
133,0.298,-0.734,
134,0.318,0.499,
135,-0.952,0.241,
136,0.224,-0.599,
137,-0.163,-0.414,
138,0.818,0.569,
139,0.05,-1.039,
140,-0.042,1.346,
141,-0.582,-0.667,
142,0.744,-0.926,
143,0.781,-1.088,
144,0.762,0.059,
145,-0.325,0.085,
146,0.685,0.034,
147,-1.305,0.108,
148,-1.315,-0.379,
149,0.225,-0.948,
150,1.526,-1.891,
151,0.318,1.523,
152,0.712,0.063,
153,1.336,-1.232,
154,-0.643,0.065,
155,1.047,-0.914,
156,-0.58,-1.467,
157,-2.646,-0.854,
158,0.728,0.011,
159,0.622,0.463,
160,0.46,1.904,
161,0.6,0.114,
162,-1.486,-0.379,
163,-0.384,-1.586,
