1,1.889,-0.569,
2,0.615,1.05,
3,1.501,-1.139,
4,0.667,-0.953,
5,1.195,-0.047,
6,0.483,1.382,
7,2.128,0.389,
8,1.998,0.102,
9,1.704,-0.699,
10,0.247,-0.603,
11,0.188,0.348,
12,1.703,0.483,
13,1.786,-0.341,
14,1.508,1.116,
15,0.059,-0.578,
16,0.455,-0.206,
17,-0.219,-0.306,
18,0.561,-0.351,
19,-0.207,-0.938,
20,0.247,-1.092,
21,0.354,-2.008,
22,0.723,-0.354,
23,-0.488,-1.276,
24,0.732,-0.61,
25,0.041,0.283,
26,1.468,-0.267,
27,2.106,-0.589,
28,1.888,-0.315,
29,2.011,0.953,
30,1.299,0.118,
31,0.379,0.362,
32,1.842,-0.842,
33,0.538,-2.17,
34,-0.61,0.399,
35,1.538,0.604,
36,0.382,0.037,
37,0.219,-0.923,
38,0.221,-0.635,
39,-0.204,0.258,
40,0.197,-0.028,
41,1.743,-0.727,
42,0.962,-0.406,
43,1.18,-0.06,
44,0.934,0.46,
45,0.821,0.475,
46,0.71,0.448,
47,-0.407,-0.748,
48,0.788,0.42,
49,0.382,-0.962,
50,0.454,-1.149,
51,1.522,-0.631,
52,1.056,-0.276,
53,0.378,1.315,
54,2.602,0.014,
55,0.773,-0.939,
56,1.824,0.053,
57,0.238,2.216,
58,1.643,0.973,
59,1.097,-1.706,
60,1.073,0.762,
61,-0.7,0.501,
62,3.09,0.023,
63,0.937,0.194,
64,-0.257,-1.931,
65,1.205,0.138,
66,0.262,0.165,
67,0.892,-0.928,
68,0.163,-0.063,
69,-0.916,0.865,
70,1.89,0.688,
71,0.527,-0.426,
72,0.605,-0.161,
73,0.603,-0.898,
74,2.076,-0.312,
75,0.674,0.579,
76,1.159,-1.188,
77,0.192,-0.208,
78,0.794,0.417,
79,0.107,0,
80,-0.399,-1.051,
81,0.105,-0.408,
82,-0.508,-0.238,
83,1.23,-0.427,
84,1.046,-0.404,
85,0.738,1.514,
86,-0.206,-1.366,
87,1.427,-1.65,
88,0.402,0.445,
89,1.424,-0.856,
90,-0.069,-0.906,
91,1.856,1.719,
92,1.673,-0.387,
93,1.115,0.722,
94,1.287,-0.489,
95,0.697,1.214,
96,3.068,-1.587,
97,1.699,0.281,
98,0.07,-0.23,
99,0.193,1.066,
100,2.436,-2.542,
101,1.221,-1.213,
102,0.828,-0.951,
103,0.578,0.841,
104,0.895,-0.616,
105,1.513,-0.563,
106,1.696,-0.963,
107,2.383,1.203,
108,0.514,-0.714,
109,0.238,-0.253,
110,0.656,-0.299,
111,1.338,0.754,
112,0.37,-0.145,
113,0.707,0.278,
114,1.324,0.371,
115,-0.696,-1.624,
116,1.328,-1.245,
117,1.663,-1.338,
118,1.453,-0.976,
119,1.682,0.114,
120,0.89,-0.407,
121,1.169,0.872,
122,0.063,0.681,
123,1.205,-0.112,
124,1.488,-0.622,
125,0.035,0.735,
126,2.164,-0.46,
127,1.508,0.337,
128,1.163,0.2,
129,1.115,0.799,
130,2.34,-0.063,
131,1.406,0.813,
132,0.876,-0.086,
133,0.922,-0.948,
134,0.543,0.146,
135,-0.191,-0.427,
136,0.799,-0.656,
137,0.484,-0.096,
138,1.295,0.08,
139,0.995,-1.077,
140,0.553,1.127,
141,0.119,-0.821,
142,0.931,-1.228,
143,0.888,-0.481,
144,0.656,0.531,
145,0.526,-0.119,
146,1.633,0.248,
147,-0.061,0.303,
148,-1.133,-1.287,
149,-0.014,-1.676,
150,1.591,-1.559,
151,0.902,1.65,
152,1.12,0.378,
153,1.38,-1.283,
154,0.025,0.115,
155,1.514,-0.351,
156,0.407,-1.486,
157,-0.759,-0.417,
158,1.221,0.127,
159,1.423,-0.387,
160,1.115,0.997,
161,1.196,-0.014,
162,-0.651,-1.156,
163,1.032,-1.528,
