1,1.365,-1.247,
2,-0.324,0.909,
3,1.187,-0.537,
4,0.166,-0.285,
5,1.205,-0.406,
6,0.838,0.94,
7,1.882,-0.154,
8,1.43,-0.325,
9,1.632,-0.446,
10,0.131,0.064,
11,-1.623,0.962,
12,1.22,0.569,
13,1.171,-0.117,
14,1.878,0.946,
15,-0.177,-1.316,
16,-0.02,-0.74,
17,0.246,0.395,
18,0.652,0.186,
19,-1.06,-1.328,
20,0.027,-0.556,
21,1.128,-1.669,
22,0.606,-0.234,
23,-0.201,-0.511,
24,0.089,0.213,
25,-0.033,-0.294,
26,1.474,0.122,
27,1.909,0.082,
28,0.829,-0.259,
29,1.862,1.028,
30,1.162,0.044,
31,0.45,0.102,
32,1.573,-0.753,
33,-0.5,-1.938,
34,-1.377,0.227,
35,0.84,0.888,
36,0.09,0.439,
37,0.278,-0.477,
38,0.762,-1.427,
39,-1.24,-0.077,
40,0.199,-0.212,
41,1.048,-0.733,
42,-0.469,-1.426,
43,1.982,-0.125,
44,0.774,0.216,
45,0.452,0.005,
46,0.52,0.013,
47,-1.034,-0.287,
48,-0.235,0.293,
49,-0.156,-0.81,
50,1.034,-0.799,
51,1.376,-0.591,
52,0.823,-0.366,
53,0.892,0.832,
54,2.511,0.085,
55,0.385,-0.601,
56,2.249,-0.205,
57,0.469,1.378,
58,1.092,0.518,
59,1.47,-1.32,
60,0.426,1.139,
61,-1.111,0.528,
62,2.205,0.256,
63,1.14,0.096,
64,-0.093,-1.339,
65,0.634,0.083,
66,0.85,-0.235,
67,1.011,-0.523,
68,0.495,-0.068,
69,-1.447,0.497,
70,0.938,0.595,
71,-0.102,-0.268,
72,0.676,-0.028,
73,0.307,-0.9,
74,0.752,-0.127,
75,1.051,1.243,
76,0.513,-0.843,
77,0.557,-0.152,
78,0.45,-0.382,
79,-0.043,0.077,
80,-0.842,-0.411,
81,-0.029,-0.405,
82,-0.642,-0.064,
83,1.253,-0.374,
84,0.867,-0.231,
85,0.667,1.396,
86,0.033,-1.157,
87,0.761,-1.77,
88,0.397,1.203,
89,0.283,-1.208,
90,0.532,-1.038,
91,1.259,1.802,
92,0.968,-0.368,
93,1.385,1.059,
94,1.09,-0.411,
95,-0.27,0.974,
96,2.814,-1.024,
97,0.788,-0.125,
98,0.846,0.302,
99,0.427,0.782,
100,2.196,-2.316,
101,0.131,-0.788,
102,1.304,-0.95,
103,-0.064,0.633,
104,0.859,-0.296,
105,0.72,-0.375,
106,0.797,-1.181,
107,0.986,0.413,
108,-0.336,-0.969,
109,0.125,-0.744,
110,-0.36,-1.116,
111,0.357,1.339,
112,0.581,0.213,
113,1.577,0.018,
114,0.422,0.113,
115,-0.322,-1.461,
116,1.205,-1.097,
117,0.896,-1.236,
118,1.308,-0.342,
119,1.16,0.6,
120,0.466,-0.506,
121,0.204,0.863,
122,-0.973,1.083,
123,0.957,0.249,
124,1.023,-0.32,
125,0.619,0.497,
126,1.389,-0.471,
127,0.683,0.088,
128,1.493,-0.055,
129,1.157,0.231,
130,1.389,-0.046,
131,0.913,1.46,
132,0.587,0.03,
133,0.444,-0.514,
134,0.54,0.282,
135,-0.697,0.316,
136,1.494,-0.177,
137,0.212,-0.608,
138,0.828,0.106,
139,1.276,-0.496,
140,-0.09,1.556,
141,0.187,-0.623,
142,0.703,-0.877,
143,1.275,-0.241,
144,0.538,1.462,
145,0.232,0.315,
146,1.2,0.238,
147,-0.496,-0.306,
148,-1.273,-1.02,
149,-0.102,-0.874,
150,1.749,-1.955,
151,1.044,1.129,
152,1.027,-0.115,
153,0.97,-0.738,
154,0.069,-0.277,
155,0.905,-1.054,
156,-0.033,-1.508,
157,-1.723,0.328,
158,0.613,0.769,
159,0.882,0.519,
160,1.172,0.499,
161,0.894,-0.331,
162,-1.274,-1.361,
163,1.238,-0.738,
