1,0.026,-0.16,
2,-0.205,0.309,
3,0.624,-0.104,
4,-0.028,0.056,
5,0.228,-0.236,
6,0.06,0.112,
7,0.126,-0.631,
8,0.166,-0.629,
9,0.658,-0.115,
10,-0.082,-0.045,
11,-0.52,-0.07,
12,0.312,0.428,
13,-0.132,-0.051,
14,0.46,-0.237,
15,-0.095,0.009,
16,0.22,-0.218,
17,-0.556,0.318,
18,-0.26,0.313,
19,-0.221,-0.007,
20,-0.217,-0.043,
21,-0.366,-0.249,
22,0.037,-0.017,
23,-0.174,-0.356,
24,-0.331,0.267,
25,0.334,-0.048,
26,0.379,-0.118,
27,0.373,0.183,
28,0.318,-0.022,
29,-0.007,0.366,
30,0.73,0.284,
31,-0.166,-0.048,
32,0.416,-0.319,
33,-0.237,-0.626,
34,-0.085,0.126,
35,-0.096,0.182,
36,0.221,0.404,
37,-0.184,-0.191,
38,-0.138,-0.395,
39,0.234,-0.318,
40,-0.476,-0.168,
41,0.167,-0.251,
42,0.083,-0.436,
43,0.307,-0.15,
44,0.038,0.176,
45,0.078,0.036,
46,0.4,0.048,
47,-0.213,-0.148,
48,-0.118,0.111,
49,-0.448,0.307,
50,0.008,0.072,
51,-0.251,-0.204,
52,0.111,0.02,
53,-0.201,0.582,
54,0.698,-0.069,
55,-0.11,-0.215,
56,0.085,0.555,
57,-0.328,0.382,
58,0.398,0.5,
59,0.18,-0.119,
60,-0.184,0.281,
61,-0.283,-0.521,
62,0.343,-0.213,
63,-0.24,0.067,
64,0.048,-0.396,
65,-0.171,0.142,
66,-0.421,0.02,
67,-0.442,-0.231,
68,0.267,-0.073,
69,-0.084,0.203,
70,0.086,0.398,
71,-0.083,-0.149,
72,-0.131,0.058,
73,0.036,0.237,
74,0.459,0.096,
75,0.127,0.186,
76,-0.054,-0.095,
77,-0.337,0.099,
78,0.118,0.83,
79,-0.181,0.324,
80,-0.384,0.109,
81,-0.074,-0.004,
82,-0.32,0.201,
83,0.195,0.3,
84,0.306,-0.054,
85,-0.953,0.269,
86,0.01,-0.346,
87,0.083,-0.369,
88,0.198,-0.023,
89,0.437,-0.387,
90,0.048,0.011,
91,0.195,0.593,
92,0.012,0.104,
93,0.25,0.377,
94,0.209,0.236,
95,0.057,0.806,
96,0.538,-0.452,
97,0.314,0.092,
98,-0.303,-0.014,
99,-0.411,0.549,
100,1.016,-0.607,
101,-0.021,-0.713,
102,-0.072,0.253,
103,-0.099,-0.194,
104,0.162,-0.021,
105,0.199,-0.207,
106,-0.493,-1.133,
107,-0.145,0.027,
108,-0.006,-0.031,
109,-0.488,-0.467,
110,0.03,-0.084,
111,0.239,-0.046,
112,0,-0.33,
113,-0.104,0.342,
114,0.038,0.438,
115,-0.264,0.22,
116,0.23,-0.273,
117,0.093,0.158,
118,0.123,-0.494,
119,0.354,0.147,
120,0.041,0.149,
121,-0.015,-0.368,
122,-0.193,0.424,
123,0.073,0.387,
124,-0.022,0.253,
125,0.022,0.463,
126,0.191,-0.229,
127,0.201,0.323,
128,-0.153,0.553,
129,0.401,0.203,
130,0.271,0.367,
131,0.207,0.192,
132,-0.074,0.046,
133,-0.111,-0.322,
134,-0.133,0.204,
135,-0.077,0.308,
136,-0.29,-0.107,
137,-0.031,-0.007,
138,0.202,0.185,
139,-0.279,-0.233,
140,-0.267,0.215,
141,-0.757,0.339,
142,0.131,-0.249,
143,0.36,-0.609,
144,0.778,-0.857,
145,-0.032,-0.118,
146,-0.244,0.156,
147,-0.513,0.211,
148,-0.178,0.179,
149,-0.047,-0.064,
150,-0.145,-0.383,
151,-0.061,0.364,
152,-0.004,0.009,
153,0.492,-0.131,
154,-0.217,0.081,
155,0.445,-0.218,
156,-0.334,0.42,
157,0.006,-0.064,
158,-0.105,0.503,
159,-0.213,0.138,
160,-0.31,0.761,
161,0.275,-0.18,
162,-0.246,0.199,
163,-0.348,-0.369,
