1,0.554,-0.546,
2,0.532,-0.597,
3,1.673,0.078,
4,0.677,0.517,
5,-1.078,0.07,
6,-3.207,2.271,
7,0.496,-0.962,
8,-0.883,-0.542,
9,0.022,-0.656,
10,0.027,1.132,
11,1.11,-1.161,
12,-0.025,-1.543,
13,-1.298,0.912,
14,-2.527,-0.472,
15,-1.428,-2.99,
16,0.473,-0.288,
17,-1.49,-0.168,
18,1.141,0.03,
19,0.702,-0.382,
20,-1.206,-0.62,
21,1.049,0.331,
22,-1.084,-1.325,
23,0.128,0.99,
24,-0.38,0.627,
25,0.005,0.268,
26,-1.048,0.482,
27,0.688,-0.095,
28,1.53,-1.653,
29,-0.532,0.444,
30,1.227,-0.774,
31,-0.036,-0.288,
32,-0.008,-0.814,
33,-0.482,-0.063,
34,-0.348,-0.292,
35,0.092,1.289,
36,1.754,-0.34,
37,-0.008,0.172,
38,1.997,-0.711,
39,2.199,-0.337,
40,0.12,-1.059,
41,0.259,0.246,
42,1.639,0.243,
43,-0.407,-0.04,
44,0.318,0.164,
45,-1.75,1.404,
46,0.452,0.324,
47,-0.691,0.025,
48,0.537,-1.429,
49,0.701,-0.215,
50,1.496,-0.525,
51,-0.289,-1.853,
52,-0.247,-0.201,
53,1.511,-0.373,
54,0.361,0.439,
55,-0.918,-0.138,
56,1.622,0.215,
57,0.245,0.098,
58,0.141,1.077,
59,-0.031,0.124,
60,0.266,0.037,
61,-0.523,-0.349,
62,3.167,-1.252,
63,1.04,-0.244,
64,-0.413,-1.864,
65,1.629,0.956,
66,-0.297,0.39,
67,0.916,-0.159,
68,1.925,-0.922,
69,1.392,0.131,
70,0.455,0.189,
71,2.428,0.767,
72,0.324,-1.028,
73,-1.376,-0.527,
74,-0.147,0.202,
75,-1.915,-2.005,
76,-0.428,-1.637,
77,0.204,0.064,
78,0.112,0.148,
79,-0.386,1.216,
80,-0.676,-1.572,
81,-0.583,0.127,
82,-2.615,-0.457,
83,-0.855,-1.032,
84,0.98,2.205,
85,0.595,-0.564,
86,0.076,-2.147,
87,-1.459,0.326,
88,0.888,-2.846,
89,2.297,-2.41,
90,0.595,-1.124,
91,-0.057,-0.072,
92,0.427,0.422,
93,0.971,-2.027,
94,1.292,0.061,
95,-0.818,-1.886,
96,-0.298,1.362,
97,0.606,-0.476,
98,0.169,2.058,
99,0.881,0.609,
100,1.386,0.317,
101,0.102,-0.068,
102,-0.592,0.216,
103,1.901,1.06,
104,-0.131,-0.206,
105,-1.107,0.066,
106,-0.534,-0.495,
107,0.44,1.348,
108,1.492,-2.415,
109,0.395,-0.702,
110,0.382,-0.068,
111,0.956,0.331,
112,0.3,-0.48,
113,0.511,-0.35,
114,-1.619,-0.372,
115,-0.441,0.457,
116,-0.135,-0.229,
117,1.043,0.6,
118,0.453,1.776,
119,-0.768,-1.015,
120,0.829,-1.335,
121,-0.643,-0.887,
122,1.062,-0.664,
123,-1.072,-0.382,
124,0.222,-0.012,
125,0.291,-2.94,
126,0.489,-1.07,
127,-0.267,-1.544,
128,-0.148,0.704,
129,-0.321,-1.072,
130,2.296,-0.585,
131,0.251,-0.91,
132,-0.472,0.207,
133,0.03,0.623,
134,-1.013,-0.937,
135,0.471,-2.306,
136,1.481,0.351,
137,0.961,0.139,
138,-0.172,-0.293,
139,0.834,1.17,
140,-0.38,0.135,
141,0.873,1.193,
142,1.569,-0.042,
143,1.152,-0.664,
144,0.491,-0.68,
145,0.192,-0.794,
146,0.074,0.603,
147,1.071,-0.649,
148,0.871,-0.897,
149,1.193,-0.233,
150,1.119,-0.997,
151,-0.285,-0.445,
152,-0.267,-0.958,
153,0.982,-0.57,
154,0.445,-0.316,
155,0.082,-0.578,
156,-0.45,0.039,
157,0.376,-1.991,
158,0.245,-1.714,
159,0.258,-0.102,
160,-0.086,-0.034,
161,-0.016,-1.487,
162,-0.669,-0.179,
163,1.14,-1.502,
