1,1.701,-0.122,
2,1.207,0.111,
3,1.837,-0.452,
4,1.388,-0.695,
5,1.198,0.145,
6,-0.13,1.041,
7,2.475,0.356,
8,2.303,0.074,
9,1.618,-0.772,
10,0.593,0.022,
11,1.456,-0.174,
12,2.066,-0.332,
13,1.777,0.446,
14,0.985,0.596,
15,0.68,-0.404,
16,0.787,-0.603,
17,0.906,0.018,
18,0.951,-0.228,
19,0.274,-0.256,
20,0.997,-1.194,
21,1.521,-1.656,
22,1.496,-0.525,
23,-0.28,-0.744,
24,1.058,-0.353,
25,0.813,0.27,
26,2.104,-0.281,
27,2.234,-0.702,
28,2.091,-0.356,
29,1.993,0.411,
30,1.175,-0.021,
31,1.396,0.311,
32,1.794,-0.66,
33,1.942,-1.395,
34,0.032,-0.249,
35,1.896,1.081,
36,0.229,-0.165,
37,1.304,-0.68,
38,0.799,0.181,
39,0.655,-0.056,
40,1.221,-0.404,
41,2.123,-0.204,
42,1.946,0.223,
43,1.415,-0.193,
44,1.442,0.153,
45,1.138,0.473,
46,0.928,-0.165,
47,0.784,-0.781,
48,1.694,0.381,
49,0.883,-1.395,
50,0.932,-1.354,
51,1.619,-0.131,
52,1.294,-0.139,
53,0.842,0.411,
54,1.968,0.328,
55,1.208,-0.714,
56,1.473,0.114,
57,1.089,1.182,
58,1.255,0.129,
59,1.859,-1.382,
60,1.359,0.29,
61,1.181,0.815,
62,2.826,0.06,
63,1.525,0.397,
64,0.132,-1.701,
65,2.055,-0.211,
66,1.213,0.375,
67,1.712,-0.645,
68,1.083,-0.508,
69,1.09,0.261,
70,1.86,-0.602,
71,1.123,-0.544,
72,1.31,-0.134,
73,1.371,-0.526,
74,1.955,-0.333,
75,1.026,-0.073,
76,1.735,-1.207,
77,1.534,-0.073,
78,1.023,-0.075,
79,0.385,-0.434,
80,0.277,-1.281,
81,-0.048,-0.756,
82,0.724,-0.515,
83,1.607,-0.6,
84,1.308,-0.392,
85,2.08,0.565,
86,0.636,-1.237,
87,1.431,-1.649,
88,1.403,-0.678,
89,2.459,-0.403,
90,0.576,-0.739,
91,2.281,1.114,
92,1.949,-0.643,
93,1.032,0.218,
94,1.405,-1.274,
95,1.086,-0.162,
96,2.593,-1.43,
97,1.48,-0.754,
98,0.691,-0.63,
99,1.524,-0.03,
100,1.598,-1.537,
101,0.947,-0.521,
102,0.985,-0.846,
103,1.109,0.728,
104,1.401,-0.681,
105,1.574,-0.538,
106,2.787,-0.327,
107,2.609,0.809,
108,1.121,-0.594,
109,1.231,-0.223,
110,1.469,-0.279,
111,1.205,0.068,
112,0.591,-0.142,
113,1.276,-0.087,
114,1.565,-0.576,
115,0.364,-1.745,
116,1.919,-1.2,
117,2.12,-0.638,
118,1.476,-0.497,
119,1.625,-0.006,
120,1.207,-0.577,
121,1.449,0.436,
122,1.479,0.135,
123,1.711,-0.797,
124,2.213,-0.759,
125,0.258,-0.58,
126,2.474,-0.613,
127,1.553,-0.423,
128,1.432,-0.262,
129,2.031,0.304,
130,2.801,-0.545,
131,1.543,0.706,
132,1.185,-0.242,
133,1.237,-0.913,
134,0.503,-0.268,
135,0.685,-0.862,
136,1.612,-0.651,
137,0.525,-0.479,
138,1.301,-0.598,
139,1.15,-0.987,
140,1.883,0.072,
141,1.268,-1.201,
142,1.198,-1.145,
143,0.821,-0.035,
144,1.126,0.529,
145,1.183,-0.449,
146,2.315,0.024,
147,0.75,-0.605,
148,0.4,-0.99,
149,0.677,-3.031,
150,1.112,-0.462,
151,1.836,0.716,
152,1.498,-0.187,
153,1.335,-1.047,
154,0.507,-0.768,
155,0.91,-0.907,
156,1.033,-1.438,
157,0.561,-0.971,
158,1.615,-0.289,
159,1.674,-0.676,
160,1.293,0.546,
161,1.542,-0.718,
162,0.339,-0.875,
163,1.486,-1.57,
