1,-0.275,-0.733,
2,-0.094,-0.936,
3,-0.322,-1.076,
4,-0.564,-0.398,
5,-0.033,-0.005,
6,-1.067,-0.284,
7,-0.096,-0.212,
8,0.036,-1.061,
9,-0.542,-0.694,
10,-1.07,0.009,
11,0.205,-0.58,
12,0.269,-0.939,
13,0.27,-0.13,
14,-0.729,-0.38,
15,-0.792,-0.564,
16,-0.268,-0.556,
17,-0.932,-1.188,
18,-0.246,-0.985,
19,0.35,-0.65,
20,-0.101,-0.647,
21,-0.132,-1.006,
22,-0.327,-0.622,
23,-0.593,-0.997,
24,0.429,-1.161,
25,-0.436,-0.529,
26,-0.164,-0.436,
27,0.094,-0.724,
28,0.34,-0.713,
29,0.066,-0.448,
30,0.987,-0.33,
31,-0.246,-0.448,
32,0.331,-0.966,
33,-0.865,-1.222,
34,-0.655,-1.248,
35,-0.058,-0.448,
36,-0.385,-0.332,
37,-0.021,-0.326,
38,0.064,-0.878,
39,-0.651,-0.718,
40,-0.15,-1.437,
41,0.26,-0.447,
42,0.037,0.062,
43,-0.133,-0.187,
44,-0.363,-0.411,
45,-0.179,-0.659,
46,-0.59,-0.551,
47,-0.668,-1.058,
48,0.246,-0.282,
49,-0.16,-0.951,
50,-0.698,-1.106,
51,-0.219,-0.818,
52,-0.326,-0.728,
53,-0.078,-0.467,
54,-0.422,-0.355,
55,-0.874,-1.473,
56,-0.256,-0.454,
57,-0.579,-0.793,
58,-0.38,-0.395,
59,-0.337,-1.073,
60,-0.191,-0.704,
61,-0.531,-0.437,
62,0.372,-0.614,
63,-0.043,-0.602,
64,-0.95,-1.231,
65,0.246,-0.834,
66,0.249,-0.271,
67,-1.331,-0.579,
68,-0.208,-0.693,
69,-0.158,-0.299,
70,-0.067,-0.544,
71,-0.246,-0.88,
72,0.037,-0.533,
73,-0.298,-0.488,
74,0.14,-0.472,
75,0.277,-0.701,
76,-0.407,-0.539,
77,-0.282,-0.524,
78,-0.429,0.355,
79,-0.896,-0.662,
80,0.348,-1.153,
81,-0.744,-0.668,
82,-0.215,-0.313,
83,-0.037,-0.532,
84,-0.331,-0.801,
85,0.076,-0.827,
86,-0.206,0.027,
87,-0.26,-1.02,
88,0.133,-0.358,
89,-0.14,-1.164,
90,-0.077,-0.798,
91,-0.933,-0.573,
92,-0.578,-0.623,
93,-0.368,-0.144,
94,-0.561,0.379,
95,-0.01,-0.834,
96,-0.274,-0.791,
97,-0.344,-0.674,
98,-0.971,-1.352,
99,-0.303,-1.007,
100,-0.283,-1.391,
101,-0.131,-0.38,
102,-0.534,-0.962,
103,-0.158,-0.94,
104,-0.829,-0.525,
105,-1.055,-1.187,
106,-0.037,-0.358,
107,-0.032,0.144,
108,-0.621,-0.681,
109,-0.103,-1.07,
110,0.153,-0.517,
111,-0.406,0.053,
112,-1.022,-1.065,
113,-0.071,-0.816,
114,-0.214,-0.93,
115,-0.644,-2.172,
116,0.176,-1.159,
117,0.078,-0.658,
118,0.07,-0.719,
119,0.258,-0.959,
120,-0.056,-0.621,
121,-0.373,-0.675,
122,0.16,-0.445,
123,-0.614,-1.347,
124,-0.26,-1.023,
125,-0.527,-0.997,
126,0.14,-0.481,
127,0.2,-1.401,
128,0.068,-0.578,
129,-0.348,-0.646,
130,-0.384,-0.319,
131,-0.172,0.259,
132,-0.38,0.02,
133,-0.688,-0.538,
134,0.018,-0.644,
135,-0.976,-1.151,
136,-0.316,-0.672,
137,0.124,-0.237,
138,-0.54,-0.671,
139,-0.652,-1.441,
140,-0.358,-1.051,
141,-0.797,-1.002,
142,-0.084,-1.243,
143,-0.325,-0.093,
144,-0.587,-0.748,
145,-0.534,-1.076,
146,0.449,0.076,
147,-0.248,-0.749,
148,-0.686,-0.347,
149,-0.46,-2.059,
150,-1.652,-1.794,
151,0.239,-0.274,
152,-1.496,-0.289,
153,0.002,-0.831,
154,-0.412,-0.562,
155,-0.759,-0.956,
156,-0.326,-0.47,
157,-0.721,-0.904,
158,0.025,-0.568,
159,-0.454,-0.876,
160,-0.927,-0.512,
161,-0.16,-0.51,
162,-0.372,-0.544,
163,0.509,-1.274,
