1,0.955,-0.333,
2,0.418,-1.014,
3,1.133,-0.362,
4,0.759,0.107,
5,-0.527,-0.195,
6,-2.363,1.675,
7,0.018,-0.159,
8,-0.678,-0.889,
9,-0.044,-0.803,
10,-0.1,0.959,
11,1.302,-0.772,
12,0.128,-1.754,
13,-0.63,0.851,
14,-1.679,-0.41,
15,-0.638,-2.286,
16,0.558,-0.699,
17,-1.245,-0.274,
18,1.145,-0.275,
19,0.721,-0.639,
20,-0.766,-0.817,
21,1.429,-0.047,
22,-0.61,-1.621,
23,0.311,0.887,
24,-0.12,-0.04,
25,-0.132,0.109,
26,-0.964,0.204,
27,0.682,-0.671,
28,1.263,-1.716,
29,-0.33,0.101,
30,1.26,-0.7,
31,0.018,-0.204,
32,0.108,-0.862,
33,-0.528,-0.293,
34,-0.334,-0.623,
35,0.289,1.271,
36,1.406,-0.815,
37,-0.049,-0.049,
38,1.953,-0.622,
39,1.708,-0.659,
40,0.221,-1.062,
41,0.226,0.242,
42,1.43,0.142,
43,-0.12,-0.118,
44,0.389,0.289,
45,-1.617,1.114,
46,0.489,0.026,
47,-0.58,-0.455,
48,0.799,-1.141,
49,0.779,-0.408,
50,1.11,-0.701,
51,0.094,-1.78,
52,-0.258,-0.693,
53,1.573,-0.645,
54,0.576,0.197,
55,-0.786,-0.669,
56,1.103,0.211,
57,0.228,-0.133,
58,0.253,0.878,
59,0.293,-0.189,
60,0.511,0.017,
61,-0.175,-0.394,
62,2.769,-1.08,
63,0.622,-0.577,
64,-0.208,-1.632,
65,1.095,0.568,
66,-0.016,0.31,
67,0.705,-0.523,
68,1.452,-0.942,
69,1.25,0.121,
70,0.437,-0.238,
71,1.961,0.397,
72,0.418,-0.817,
73,-1.067,-0.318,
74,0.379,0.125,
75,-1.301,-1.794,
76,-0.661,-1.515,
77,0.132,-0.126,
78,0.365,-0.202,
79,-0.502,0.732,
80,-0.272,-1.506,
81,-0.555,-0.117,
82,-1.894,-0.663,
83,-0.476,-1.203,
84,0.837,1.765,
85,0.584,-0.421,
86,0.396,-1.669,
87,-0.863,-0.032,
88,1.229,-2.465,
89,2.348,-2.258,
90,0.723,-1.247,
91,0.025,-0.081,
92,0.418,0.242,
93,0.39,-2.154,
94,0.942,-0.023,
95,-0.706,-1.712,
96,-0.048,0.874,
97,0.916,-0.566,
98,0.023,1.246,
99,0.815,0.12,
100,0.854,0.007,
101,0.253,-0.056,
102,-0.225,-0.178,
103,1.557,0.967,
104,-0.003,-0.257,
105,-0.621,-0.526,
106,-0.238,-0.516,
107,0.605,0.979,
108,1.557,-2.041,
109,0.375,-0.662,
110,0.694,-0.295,
111,0.366,0.153,
112,-0.179,-0.624,
113,0.68,-0.545,
114,-1.361,-0.517,
115,0.082,-0.383,
116,-0.08,-0.446,
117,1.19,0.287,
118,0.501,1.269,
119,-0.479,-0.742,
120,0.627,-1.464,
121,-0.178,-0.91,
122,1.194,-0.623,
123,-0.861,-0.8,
124,0.245,-0.216,
125,0.266,-2.595,
126,0.509,-1.069,
127,-0.097,-1.644,
128,-0.355,0.511,
129,-0.278,-1.151,
130,1.718,-0.498,
131,0.374,-0.495,
132,-0.334,-0.16,
133,0.101,0.354,
134,-0.555,-0.74,
135,0.621,-1.787,
136,1.427,-0.201,
137,0.814,-0.079,
138,-0.081,-0.201,
139,0.575,0.554,
140,-0.372,-0.077,
141,0.66,0.578,
142,1.22,-0.416,
143,1.218,-0.59,
144,0.341,-0.666,
145,0.324,-0.964,
146,0.167,0.8,
147,0.76,-0.643,
148,0.825,-0.718,
149,1.328,-0.481,
150,0.827,-0.908,
151,0.18,-0.387,
152,-0.258,-0.704,
153,1.082,-0.497,
154,0.235,-0.824,
155,0.079,-0.659,
156,-0.108,0.04,
157,0.924,-1.746,
158,0.52,-1.392,
159,0.252,-0.19,
160,-0.209,-0.079,
161,-0.019,-1.555,
162,-0.53,-0.305,
163,0.875,-1.843,
