1,0.743,-0.499,
2,0.584,-0.759,
3,1.23,-0.251,
4,0.711,0.173,
5,-0.628,0.041,
6,-2.36,1.691,
7,-0.097,-0.421,
8,-0.777,-1.222,
9,-0.04,-0.692,
10,-0.116,1.063,
11,1.335,-0.853,
12,0.115,-1.766,
13,-0.703,0.899,
14,-1.692,-0.652,
15,-0.723,-2.641,
16,0.72,-0.421,
17,-1.262,-0.216,
18,1.369,-0.222,
19,0.735,-0.806,
20,-0.864,-0.823,
21,1.387,-0.017,
22,-0.699,-1.577,
23,0.296,1.058,
24,-0.218,0.035,
25,-0.387,0.417,
26,-1.018,0.306,
27,0.785,-0.696,
28,1.217,-1.953,
29,-0.357,0.134,
30,1.376,-0.82,
31,-0.015,-0.244,
32,0.074,-0.901,
33,-0.511,-0.301,
34,-0.24,-0.677,
35,0.222,1.44,
36,1.398,-0.854,
37,0.072,0.019,
38,2.1,-0.72,
39,1.811,-0.636,
40,0.314,-1.169,
41,0.185,0.324,
42,1.434,0.202,
43,-0.138,-0.132,
44,0.338,0.35,
45,-1.771,1.196,
46,0.462,0.006,
47,-0.623,-0.414,
48,0.681,-1.099,
49,1.115,-0.375,
50,1.319,-0.757,
51,0.197,-1.901,
52,-0.346,-0.817,
53,1.578,-0.668,
54,0.556,0.225,
55,-0.88,-0.706,
56,1.214,0.294,
57,0.208,-0.038,
58,0.316,1.014,
59,0.327,-0.163,
60,0.506,0.09,
61,-0.523,-0.322,
62,2.75,-1.213,
63,0.649,-0.631,
64,-0.29,-1.721,
65,1.108,0.752,
66,-0.008,0.383,
67,0.852,-0.544,
68,1.56,-1.128,
69,1.322,0.086,
70,0.459,-0.267,
71,2.059,0.584,
72,0.492,-0.835,
73,-1.177,-0.471,
74,0.34,0.266,
75,-1.219,-1.921,
76,-0.84,-1.593,
77,0.184,-0.058,
78,0.316,-0.251,
79,-0.572,0.755,
80,-0.309,-1.609,
81,-0.766,-0.142,
82,-2.154,-0.758,
83,-0.51,-1.212,
84,0.958,1.913,
85,0.69,-0.403,
86,0.435,-1.784,
87,-1.053,0.036,
88,1.583,-2.449,
89,2.138,-2.349,
90,0.898,-1.385,
91,-0.113,-0.036,
92,0.422,0.373,
93,0.439,-2.244,
94,0.946,-0.086,
95,-0.784,-1.807,
96,-0.092,1.056,
97,0.965,-0.504,
98,-0.139,1.406,
99,0.926,0.11,
100,0.933,0.04,
101,0.16,-0.075,
102,-0.009,-0.26,
103,1.803,1.007,
104,0.2,-0.256,
105,-0.745,-0.523,
106,-0.243,-0.531,
107,0.564,1.052,
108,1.627,-2.198,
109,0.374,-0.66,
110,0.693,-0.242,
111,0.412,0.334,
112,-0.169,-0.595,
113,0.647,-0.617,
114,-1.439,-0.469,
115,-0.364,-0.342,
116,0.121,-0.401,
117,1.177,0.28,
118,0.499,1.48,
119,-0.552,-0.76,
120,0.733,-1.513,
121,-0.207,-0.987,
122,1.165,-0.65,
123,-0.909,-0.817,
124,0.233,-0.243,
125,0.315,-2.68,
126,0.606,-1.15,
127,-0.284,-1.778,
128,-0.335,0.5,
129,-0.265,-1.211,
130,1.761,-0.426,
131,0.371,-0.508,
132,-0.399,-0.144,
133,0.164,0.419,
134,-0.555,-0.785,
135,0.574,-1.868,
136,1.663,-0.108,
137,0.843,-0.153,
138,-0.165,-0.272,
139,0.825,0.3,
140,-0.394,-0.13,
141,0.702,0.605,
142,1.311,-0.361,
143,1.306,-0.623,
144,0.381,-0.643,
145,0.321,-0.941,
146,0.087,0.848,
147,0.762,-0.779,
148,0.684,-0.986,
149,1.258,-0.204,
150,0.769,-0.726,
151,0.255,-0.456,
152,-0.265,-0.847,
153,1.282,-0.438,
154,0.23,-1.013,
155,0.046,-0.79,
156,0.145,0.198,
157,1.012,-1.542,
158,0.357,-1.355,
159,0.367,-0.474,
160,-0.18,-0.226,
161,-0.103,-1.776,
162,-0.657,-0.539,
163,1.083,-1.721,
