1,0.027,-0.157,
2,-0.205,0.302,
3,0.623,-0.104,
4,-0.026,0.055,
5,0.229,-0.241,
6,0.056,0.115,
7,0.127,-0.624,
8,0.167,-0.624,
9,0.657,-0.117,
10,-0.079,-0.045,
11,-0.518,-0.072,
12,0.314,0.426,
13,-0.131,-0.05,
14,0.458,-0.235,
15,-0.096,0.011,
16,0.216,-0.224,
17,-0.554,0.317,
18,-0.259,0.312,
19,-0.222,-0.01,
20,-0.214,-0.041,
21,-0.36,-0.244,
22,0.04,-0.02,
23,-0.174,-0.355,
24,-0.329,0.265,
25,0.339,-0.053,
26,0.379,-0.119,
27,0.37,0.182,
28,0.312,-0.024,
29,-0.007,0.367,
30,0.729,0.284,
31,-0.163,-0.049,
32,0.413,-0.317,
33,-0.236,-0.62,
34,-0.08,0.121,
35,-0.095,0.183,
36,0.222,0.403,
37,-0.183,-0.19,
38,-0.138,-0.394,
39,0.237,-0.315,
40,-0.473,-0.169,
41,0.167,-0.249,
42,0.084,-0.436,
43,0.307,-0.15,
44,0.038,0.175,
45,0.078,0.035,
46,0.397,0.049,
47,-0.209,-0.149,
48,-0.115,0.11,
49,-0.452,0.305,
50,0.008,0.073,
51,-0.248,-0.204,
52,0.111,0.02,
53,-0.199,0.58,
54,0.696,-0.066,
55,-0.109,-0.214,
56,0.083,0.557,
57,-0.328,0.379,
58,0.396,0.499,
59,0.177,-0.118,
60,-0.184,0.28,
61,-0.275,-0.52,
62,0.348,-0.212,
63,-0.238,0.067,
64,0.042,-0.394,
65,-0.169,0.14,
66,-0.417,0.018,
67,-0.44,-0.23,
68,0.268,-0.074,
69,-0.08,0.201,
70,0.086,0.394,
71,-0.081,-0.149,
72,-0.129,0.057,
73,0.044,0.236,
74,0.46,0.096,
75,0.123,0.183,
76,-0.049,-0.095,
77,-0.334,0.099,
78,0.121,0.826,
79,-0.179,0.323,
80,-0.382,0.11,
81,-0.072,-0.003,
82,-0.315,0.2,
83,0.194,0.297,
84,0.306,-0.055,
85,-0.949,0.264,
86,0.008,-0.348,
87,0.083,-0.366,
88,0.192,-0.022,
89,0.436,-0.387,
90,0.047,0.012,
91,0.19,0.592,
92,0.011,0.104,
93,0.247,0.377,
94,0.208,0.234,
95,0.058,0.802,
96,0.537,-0.451,
97,0.311,0.088,
98,-0.302,-0.014,
99,-0.408,0.545,
100,1.016,-0.602,
101,-0.021,-0.71,
102,-0.076,0.254,
103,-0.104,-0.194,
104,0.161,-0.02,
105,0.199,-0.208,
106,-0.492,-1.132,
107,-0.143,0.025,
108,-0.005,-0.033,
109,-0.484,-0.467,
110,0.031,-0.085,
111,0.235,-0.048,
112,0.001,-0.33,
113,-0.105,0.339,
114,0.037,0.438,
115,-0.256,0.222,
116,0.229,-0.271,
117,0.092,0.158,
118,0.124,-0.493,
119,0.351,0.146,
120,0.041,0.146,
121,-0.014,-0.368,
122,-0.188,0.422,
123,0.073,0.385,
124,-0.022,0.252,
125,0.02,0.458,
126,0.194,-0.229,
127,0.202,0.321,
128,-0.152,0.553,
129,0.401,0.202,
130,0.267,0.369,
131,0.208,0.19,
132,-0.074,0.045,
133,-0.111,-0.323,
134,-0.134,0.202,
135,-0.078,0.303,
136,-0.281,-0.105,
137,-0.029,-0.006,
138,0.202,0.184,
139,-0.281,-0.228,
140,-0.265,0.212,
141,-0.755,0.339,
142,0.129,-0.245,
143,0.36,-0.609,
144,0.777,-0.858,
145,-0.029,-0.112,
146,-0.242,0.156,
147,-0.509,0.211,
148,-0.172,0.183,
149,-0.045,-0.064,
150,-0.144,-0.387,
151,-0.06,0.363,
152,-0.004,0.01,
153,0.491,-0.127,
154,-0.217,0.08,
155,0.444,-0.216,
156,-0.333,0.417,
157,0.005,-0.067,
158,-0.102,0.497,
159,-0.216,0.144,
160,-0.309,0.759,
161,0.277,-0.179,
162,-0.245,0.204,
163,-0.342,-0.373,
