1,-1.262,-0.088,
2,0.271,0.054,
3,0.612,-0.066,
4,0.178,0.348,
5,-1.489,-0.632,
6,-1.112,-0.011,
7,1.561,0.818,
8,0.576,-0.52,
9,0.477,-0.766,
10,-1.262,-0.615,
11,-0.066,0.572,
12,1.321,0.246,
13,0.301,-0.447,
14,0.068,0.755,
15,-0.386,-0.462,
16,0.527,0.446,
17,0.287,0.516,
18,-0.079,0.328,
19,0.037,0.04,
20,-1.777,-0.812,
21,0.165,-0.285,
22,0.026,0.753,
23,0.183,-0.705,
24,-0.088,0.283,
25,0.1,1.151,
26,0.452,-0.174,
27,-0.132,0.36,
28,0.238,0.007,
29,-0.197,0.808,
30,-0.079,0.325,
31,-0.187,-1.539,
32,1.236,0.502,
33,1.324,-0.463,
34,0.305,-0.396,
35,0,-0.416,
36,-0.023,0.347,
37,0.535,0.155,
38,-0.096,0.731,
39,1.575,1.421,
40,-0.498,-0.747,
41,0.008,-0.635,
42,0.265,0.354,
43,0.814,-0.042,
44,-0.399,0.109,
45,0.37,0.178,
46,0.17,-0.463,
47,-0.361,-0.097,
48,0.769,0.255,
49,0.344,-0.065,
50,0.223,-0.094,
51,-0.13,-0.454,
52,0.605,-0.459,
53,0.927,-0.556,
54,0.715,1.871,
55,0.854,-0.733,
56,0.217,-0.032,
57,-1.036,0.437,
58,-0.435,-1.163,
59,-0.015,-0.022,
60,-0.208,0.208,
61,-0.396,0.321,
62,1.256,-0.401,
63,-0.857,-1.424,
64,-0.181,-0.48,
65,0.752,-1.18,
66,1.107,-0.199,
67,0.175,-0.143,
68,-0.205,0.28,
69,1.74,0.482,
70,-0.373,0.82,
71,0.317,0.362,
72,1.56,-0.651,
73,1.446,-0.886,
74,0.342,-0.167,
75,-0.474,0.059,
76,1.597,-0.513,
77,0.763,0.397,
78,0.556,-0.498,
79,0.838,-0.72,
80,0.673,-0.072,
81,0.822,-0.85,
82,0.29,-0.055,
83,-0.12,-0.058,
84,0.4,-0.082,
85,-0.298,-0.502,
86,-0.939,-0.13,
87,-1.213,-1.118,
88,0.354,0.382,
89,1.348,0.179,
90,1.28,0.044,
91,0.346,0.08,
92,-0.026,-0.389,
93,-0.417,0.65,
94,0.769,0.357,
95,-0.755,1.62,
96,0.77,-1.178,
97,0.686,-0.112,
98,0.16,-1.297,
99,-0.021,-1.663,
100,2.677,1.699,
101,0.902,0.815,
102,-0.43,-0.237,
103,-0.957,-0.858,
104,1.337,0.26,
105,-0.251,-0.011,
106,-1.894,-0.718,
107,0.106,0.164,
108,0.018,-0.307,
109,0.753,-0.495,
110,-0.44,-0.263,
111,-0.349,-1.334,
112,-0.658,-0.135,
113,0.71,0.299,
114,1.719,1.117,
115,0.258,0.467,
116,1.082,0.105,
117,0.439,-1.278,
118,1.06,0.097,
119,-0.118,-0.923,
120,0.149,-0.935,
121,0.583,0.208,
122,0.871,0.067,
123,-0.224,0.426,
124,0.157,-1.993,
125,0.336,-0.355,
126,1.12,0.626,
127,0.513,0.668,
128,0.345,0.16,
129,1.03,0.18,
130,0.804,-0.438,
131,-0.235,0.767,
132,1.595,-1.466,
133,0.559,-1.393,
134,0.044,-0.473,
135,0.168,0.349,
136,0.637,0.732,
137,0.426,0.495,
138,0.805,-0.212,
139,0.249,-1.101,
140,-0.138,-0.66,
141,-0.419,0.323,
142,0.148,1.257,
143,-0.76,0.637,
144,1.273,-0.922,
145,-0.351,-0.414,
146,-0.506,-0.631,
147,0.107,-0.094,
148,-0.196,-1.264,
149,0.865,-0.251,
150,0.155,-0.25,
151,1.36,0.141,
152,0.52,-1.064,
153,0.779,-2.158,
154,0.161,-0.009,
155,-0.451,-0.205,
156,-0.038,0.496,
157,-0.147,-1.287,
158,0.133,-1.509,
159,-0.423,-0.886,
160,0.06,-0.447,
161,-0.067,-0.458,
162,-0.267,-0.11,
163,0.208,-1.1,
