1,1.119,0.065,
2,-0.661,0.895,
3,1.32,-0.689,
4,-0.389,-0.218,
5,1.055,-0.3,
6,-0.164,2.018,
7,1.906,-0.064,
8,1.14,-0.535,
9,1.571,-0.149,
10,-0.424,-0.171,
11,-2.537,0.222,
12,0.542,1.248,
13,0.463,0.053,
14,1.032,1.346,
15,-0.892,0.039,
16,0.144,-0.238,
17,-0.725,0.385,
18,0.001,0.357,
19,-1.128,-0.941,
20,-0.503,-0.352,
21,-0.689,-1.621,
22,-0.033,-0.689,
23,-0.901,-0.877,
24,-0.393,0.573,
25,-0.024,0.201,
26,1.018,-0.12,
27,1.833,0.191,
28,1.544,-0.25,
29,1.463,1.254,
30,0.931,0.146,
31,-0.44,0.254,
32,1.47,-0.936,
33,-0.645,-2.773,
34,-1.193,0.689,
35,0.381,0.709,
36,-0.024,0.559,
37,-0.621,-0.888,
38,0.194,-1.635,
39,-0.675,0.119,
40,-0.848,-0.098,
41,0.947,-0.791,
42,-0.316,-0.888,
43,1.052,-0.327,
44,0.347,0.608,
45,0.369,0.337,
46,0.636,0.317,
47,-1.074,-0.106,
48,-0.629,0.716,
49,-0.852,-0.187,
50,0.486,-0.585,
51,0.994,-0.315,
52,0.363,-0.122,
53,-0.684,1.783,
54,2.336,-0.136,
55,0.223,-0.623,
56,1.688,-0.082,
57,-0.274,1.634,
58,1.504,1.44,
59,0.686,-0.86,
60,0.016,1.349,
61,-1.137,-0.507,
62,1.926,0.032,
63,0.244,0.248,
64,-0.5,-1.997,
65,-0.047,0.594,
66,-1.057,0.084,
67,-0.074,-0.728,
68,-0.302,0.059,
69,-2.321,0.991,
70,1.001,1.632,
71,-0.186,-0.153,
72,-0.129,0.087,
73,-0.334,-0.715,
74,0.841,-0.052,
75,-0.27,1.42,
76,0.628,-0.425,
77,-0.494,0.008,
78,0.369,1.199,
79,-0.319,0.331,
80,-0.962,-0.333,
81,-0.242,-0.35,
82,-1.521,0.236,
83,0.842,-0.167,
84,0.254,-0.176,
85,-0.722,1.934,
86,-0.6,-0.882,
87,0.507,-1.715,
88,0.41,0.227,
89,1.809,-1.337,
90,0.097,-0.728,
91,1.04,1.961,
92,0.831,-0.166,
93,1.197,0.675,
94,1.009,0.131,
95,-0.297,1.817,
96,2.684,-1.458,
97,1.443,0.796,
98,-0.544,0.164,
99,-0.662,1.804,
100,2.658,-2.649,
101,0.545,-1.891,
102,-0.3,-1.046,
103,-0.301,0.576,
104,0.624,-0.465,
105,1.197,-0.454,
106,0.463,-1.49,
107,0.472,1.141,
108,-0.392,-0.41,
109,-0.717,-0.378,
110,-0.288,-0.443,
111,1.133,1.265,
112,0.055,-0.218,
113,0.162,0.645,
114,0.305,0.984,
115,-0.694,-1.039,
116,1.099,-1.314,
117,0.461,-0.379,
118,1.178,-1.394,
119,1.273,0.757,
120,0.204,0.258,
121,0.249,0.495,
122,-1.238,0.943,
123,0.955,1.124,
124,0.721,-0.022,
125,-0.112,1.517,
126,1.247,-0.729,
127,0.627,1.026,
128,0.663,0.628,
129,0.887,0.601,
130,1.484,0.369,
131,0.972,1.255,
132,0.157,0.197,
133,0.144,-0.659,
134,0.281,0.55,
135,-0.942,0.434,
136,-0.045,-0.458,
137,-0.277,-0.396,
138,0.6,0.542,
139,-0.037,-1.185,
140,-0.204,1.292,
141,-0.765,-0.43,
142,0.668,-0.774,
143,0.734,-1.267,
144,0.77,-0.192,
145,-0.407,-0.004,
146,0.403,0.163,
147,-1.411,0.106,
148,-1.345,-0.519,
149,0.314,-0.811,
150,1.215,-1.629,
151,0.167,1.363,
152,0.55,0.042,
153,1.311,-1.071,
154,-0.731,0.093,
155,0.974,-0.951,
156,-0.479,-1.109,
157,-2.17,-0.787,
158,0.469,0.054,
159,0.543,0.204,
160,0.321,1.734,
161,0.372,-0.019,
162,-1.508,-0.561,
163,-0.69,-1.449,
