1,1.923,-0.64,
2,0.046,1.096,
3,2.094,-0.978,
4,0.396,-0.771,
5,1.336,-0.109,
6,0.872,1.769,
7,2.861,-0.104,
8,2.33,-0.196,
9,1.825,-0.348,
10,-0.163,-0.306,
11,-1.272,0.399,
12,1.58,0.857,
13,1.098,0.139,
14,1.65,1.839,
15,-0.289,-0.817,
16,0.029,-0.42,
17,-0.093,0.322,
18,0.433,0.173,
19,-0.626,-1.403,
20,-0.323,-1.522,
21,-0.143,-2.603,
22,0.862,-0.956,
23,-1.134,-1.042,
24,0.162,0.341,
25,-0.065,0.369,
26,1.937,-0.399,
27,2.969,-0.332,
28,2.365,-0.559,
29,2.678,1.426,
30,1.198,-0.019,
31,0.148,0.499,
32,2.008,-1.127,
33,0.048,-2.826,
34,-1.649,0.718,
35,1.139,0.896,
36,-0.214,0.283,
37,0.035,-1.212,
38,-0.03,-1.368,
39,-1.018,0.687,
40,-0.123,-0.148,
41,2.176,-0.656,
42,0.299,-0.769,
43,1.719,-0.452,
44,0.883,0.728,
45,0.679,0.801,
46,0.677,0.526,
47,-0.496,-0.63,
48,0.026,1.074,
49,-0.401,-1.392,
50,0.911,-1.691,
51,1.818,-0.145,
52,0.935,-0.182,
53,-0.268,2.591,
54,3.271,-0.05,
55,1.151,-0.771,
56,2.281,-0.007,
57,0.292,2.517,
58,1.943,1.255,
59,1.6,-1.893,
60,0.905,1.49,
61,-0.872,0.672,
62,3.229,0.147,
63,1.123,0.584,
64,-1.021,-2.935,
65,1.108,0.604,
66,0.012,0.281,
67,1.341,-0.754,
68,-0.775,-0.182,
69,-2.554,1.62,
70,1.932,1.24,
71,0.35,0.015,
72,0.285,0.036,
73,0.441,-1.179,
74,1.65,-0.26,
75,0.896,1.767,
76,1.043,-1.06,
77,0.426,0.059,
78,0.656,0.844,
79,-0.128,-0.019,
80,-1.134,-1.125,
81,-0.217,-1.119,
82,-1.804,-0.179,
83,1.946,-0.598,
84,0.866,-0.306,
85,0.824,2.748,
86,-0.632,-1.903,
87,1.237,-2.761,
88,1.319,0.422,
89,2.104,-1.248,
90,0.078,-1.201,
91,2.077,2.416,
92,2.102,-0.417,
93,1.733,0.802,
94,1.741,-1.017,
95,0.096,1.741,
96,4.057,-1.796,
97,1.914,0.519,
98,-0.011,0.248,
99,0.047,1.835,
100,3.193,-3.981,
101,1.054,-1.743,
102,0.919,-1.156,
103,0.13,1.413,
104,1.155,-0.588,
105,2.201,-0.067,
106,2.469,-1.241,
107,2.167,1.694,
108,0.026,-0.771,
109,-0.078,-0.235,
110,-0.171,-0.731,
111,1.643,1.727,
112,0.419,0.242,
113,1.09,0.706,
114,1.195,0.568,
115,-0.821,-1.753,
116,1.984,-1.841,
117,1.951,-2.223,
118,1.694,-1.212,
119,2.025,0.671,
120,0.752,0.04,
121,1.021,1.668,
122,-0.988,0.969,
123,1.813,0.394,
124,1.924,-0.574,
125,-0.099,1.101,
126,2.735,-0.681,
127,1.216,0.815,
128,1.426,0.134,
129,1.876,1.124,
130,2.905,-0.144,
131,1.137,1.76,
132,0.907,0.159,
133,0.62,-0.57,
134,0.337,0.3,
135,-1.063,-0.18,
136,1.149,-0.535,
137,-0.12,-0.666,
138,1.297,-0.009,
139,0.993,-1.409,
140,1.146,1.063,
141,0.188,-1.041,
142,1.392,-0.859,
143,0.659,-0.645,
144,1.11,1.041,
145,0.117,0.494,
146,1.185,-0.258,
147,-0.956,-0.325,
148,-1.603,-1.298,
149,-0.222,-2.016,
150,1.716,-1.443,
151,0.93,1.936,
152,1.546,-0.161,
153,1.352,-1.287,
154,-0.56,-0.309,
155,1.235,-1.396,
156,-0.116,-1.97,
157,-1.83,-0.581,
158,0.947,0.473,
159,1.552,-0.128,
160,1.087,1.773,
161,0.583,-0.347,
162,-1.557,-1.81,
163,0.266,-1.511,
