1,0.027,-0.157,
2,-0.206,0.299,
3,0.622,-0.104,
4,-0.024,0.053,
5,0.229,-0.244,
6,0.054,0.115,
7,0.128,-0.62,
8,0.169,-0.621,
9,0.657,-0.118,
10,-0.079,-0.045,
11,-0.518,-0.072,
12,0.315,0.426,
13,-0.131,-0.049,
14,0.457,-0.234,
15,-0.096,0.011,
16,0.214,-0.226,
17,-0.553,0.316,
18,-0.259,0.311,
19,-0.222,-0.01,
20,-0.213,-0.044,
21,-0.357,-0.244,
22,0.04,-0.02,
23,-0.174,-0.354,
24,-0.328,0.264,
25,0.341,-0.055,
26,0.378,-0.12,
27,0.369,0.181,
28,0.311,-0.024,
29,-0.007,0.366,
30,0.729,0.284,
31,-0.162,-0.05,
32,0.412,-0.316,
33,-0.235,-0.618,
34,-0.08,0.12,
35,-0.094,0.183,
36,0.223,0.401,
37,-0.183,-0.19,
38,-0.141,-0.393,
39,0.237,-0.315,
40,-0.472,-0.169,
41,0.167,-0.248,
42,0.085,-0.435,
43,0.308,-0.15,
44,0.038,0.174,
45,0.078,0.035,
46,0.397,0.048,
47,-0.207,-0.15,
48,-0.113,0.109,
49,-0.454,0.304,
50,0.008,0.074,
51,-0.249,-0.204,
52,0.111,0.02,
53,-0.197,0.579,
54,0.694,-0.064,
55,-0.108,-0.213,
56,0.083,0.557,
57,-0.327,0.379,
58,0.395,0.497,
59,0.18,-0.12,
60,-0.183,0.279,
61,-0.271,-0.52,
62,0.35,-0.211,
63,-0.237,0.068,
64,0.042,-0.393,
65,-0.167,0.138,
66,-0.414,0.018,
67,-0.44,-0.23,
68,0.27,-0.078,
69,-0.076,0.199,
70,0.086,0.392,
71,-0.081,-0.15,
72,-0.129,0.056,
73,0.045,0.236,
74,0.461,0.096,
75,0.122,0.182,
76,-0.046,-0.095,
77,-0.333,0.099,
78,0.122,0.824,
79,-0.179,0.323,
80,-0.381,0.109,
81,-0.072,-0.005,
82,-0.312,0.199,
83,0.196,0.298,
84,0.306,-0.057,
85,-0.947,0.262,
86,0.009,-0.348,
87,0.083,-0.364,
88,0.189,-0.021,
89,0.435,-0.386,
90,0.047,0.012,
91,0.19,0.591,
92,0.011,0.104,
93,0.247,0.377,
94,0.208,0.233,
95,0.055,0.801,
96,0.534,-0.448,
97,0.311,0.086,
98,-0.302,-0.014,
99,-0.406,0.542,
100,1.013,-0.601,
101,-0.021,-0.707,
102,-0.077,0.254,
103,-0.107,-0.194,
104,0.161,-0.02,
105,0.197,-0.207,
106,-0.491,-1.131,
107,-0.143,0.023,
108,-0.005,-0.034,
109,-0.483,-0.467,
110,0.032,-0.085,
111,0.234,-0.049,
112,0.002,-0.33,
113,-0.102,0.338,
114,0.037,0.436,
115,-0.253,0.222,
116,0.227,-0.27,
117,0.091,0.16,
118,0.123,-0.49,
119,0.351,0.146,
120,0.041,0.145,
121,-0.015,-0.369,
122,-0.187,0.421,
123,0.073,0.383,
124,-0.022,0.252,
125,0.021,0.457,
126,0.196,-0.228,
127,0.203,0.319,
128,-0.153,0.553,
129,0.401,0.201,
130,0.267,0.368,
131,0.208,0.189,
132,-0.073,0.045,
133,-0.11,-0.323,
134,-0.135,0.201,
135,-0.077,0.301,
136,-0.279,-0.105,
137,-0.029,-0.006,
138,0.203,0.185,
139,-0.282,-0.225,
140,-0.264,0.211,
141,-0.754,0.339,
142,0.129,-0.246,
143,0.36,-0.607,
144,0.778,-0.855,
145,-0.028,-0.112,
146,-0.241,0.155,
147,-0.507,0.211,
148,-0.169,0.185,
149,-0.045,-0.063,
150,-0.143,-0.389,
151,-0.059,0.363,
152,-0.004,0.009,
153,0.492,-0.125,
154,-0.216,0.08,
155,0.443,-0.215,
156,-0.331,0.416,
157,0.004,-0.069,
158,-0.101,0.494,
159,-0.217,0.147,
160,-0.31,0.759,
161,0.278,-0.179,
162,-0.243,0.206,
163,-0.337,-0.375,
