1,0.612,-0.596,
2,0.618,-0.628,
3,1.53,-0.052,
4,0.701,0.376,
5,-0.866,0.102,
6,-2.92,2.126,
7,0.131,-0.837,
8,-0.906,-1.086,
9,-0.006,-0.633,
10,-0.044,1.156,
11,1.271,-1.066,
12,0.02,-1.677,
13,-1.072,0.91,
14,-2.246,-0.63,
15,-1.117,-3.008,
16,0.624,-0.275,
17,-1.418,-0.171,
18,1.358,-0.073,
19,0.758,-0.67,
20,-1.097,-0.71,
21,1.202,0.263,
22,-0.941,-1.484,
23,0.206,1.102,
24,-0.35,0.407,
25,-0.259,0.435,
26,-1.126,0.435,
27,0.778,-0.39,
28,1.413,-1.92,
29,-0.479,0.326,
30,1.364,-0.851,
31,-0.048,-0.292,
32,0.011,-0.874,
33,-0.475,-0.177,
34,-0.286,-0.491,
35,0.125,1.452,
36,1.649,-0.627,
37,0.034,0.128,
38,2.171,-0.754,
39,2.134,-0.454,
40,0.256,-1.162,
41,0.212,0.316,
42,1.599,0.23,
43,-0.308,-0.091,
44,0.298,0.274,
45,-1.845,1.383,
46,0.41,0.148,
47,-0.693,-0.146,
48,0.595,-1.302,
49,0.996,-0.273,
50,1.513,-0.682,
51,-0.005,-1.972,
52,-0.335,-0.522,
53,1.611,-0.517,
54,0.421,0.369,
55,-0.946,-0.425,
56,1.542,0.3,
57,0.213,0.101,
58,0.244,1.121,
59,0.129,0.032,
60,0.384,0.081,
61,-0.646,-0.35,
62,2.987,-1.37,
63,0.903,-0.445,
64,-0.395,-1.861,
65,1.438,0.955,
66,-0.173,0.42,
67,0.95,-0.328,
68,1.8,-1.115,
69,1.413,0.091,
70,0.484,-0.012,
71,2.38,0.787,
72,0.431,-0.978,
73,-1.376,-0.557,
74,0.045,0.285,
75,-1.581,-2.077,
76,-0.682,-1.721,
77,0.213,0.033,
78,0.185,-0.044,
79,-0.513,1.021,
80,-0.532,-1.658,
81,-0.759,0.006,
82,-2.642,-0.662,
83,-0.743,-1.136,
84,1.06,2.175,
85,0.688,-0.49,
86,0.261,-2.082,
87,-1.356,0.233,
88,1.418,-2.813,
89,2.203,-2.524,
90,0.817,-1.312,
91,-0.127,-0.055,
92,0.442,0.458,
93,0.805,-2.212,
94,1.15,-0.03,
95,-0.867,-1.923,
96,-0.23,1.342,
97,0.791,-0.449,
98,-0.024,1.927,
99,0.955,0.41,
100,1.242,0.231,
101,0.091,-0.071,
102,-0.213,-0.037,
103,1.974,1.075,
104,0.095,-0.233,
105,-0.984,-0.203,
106,-0.409,-0.508,
107,0.484,1.25,
108,1.646,-2.445,
109,0.386,-0.663,
110,0.503,-0.066,
111,0.778,0.427,
112,0.098,-0.539,
113,0.548,-0.485,
114,-1.596,-0.398,
115,-0.544,0.161,
116,0.019,-0.264,
117,1.134,0.472,
118,0.527,1.787,
119,-0.722,-0.938,
120,0.861,-1.438,
121,-0.491,-0.975,
122,1.124,-0.683,
123,-1.018,-0.586,
124,0.233,-0.133,
125,0.331,-2.9,
126,0.576,-1.178,
127,-0.324,-1.724,
128,-0.246,0.635,
129,-0.308,-1.167,
130,2.132,-0.504,
131,0.298,-0.749,
132,-0.465,0.069,
133,0.112,0.602,
134,-0.828,-0.91,
135,0.481,-2.218,
136,1.709,0.181,
137,0.972,-0.005,
138,-0.186,-0.295,
139,0.931,0.745,
140,-0.393,-0.005,
141,0.812,1.015,
142,1.518,-0.144,
143,1.32,-0.693,
144,0.423,-0.675,
145,0.243,-0.867,
146,0.053,0.766,
147,0.951,-0.773,
148,0.791,-1.023,
149,1.232,-0.114,
150,0.995,-0.807,
151,-0.018,-0.486,
152,-0.273,-0.985,
153,1.209,-0.507,
154,0.353,-0.702,
155,0.049,-0.734,
156,-0.066,0.201,
157,0.778,-1.748,
158,0.238,-1.508,
159,0.358,-0.326,
160,-0.121,-0.149,
161,-0.085,-1.693,
162,-0.718,-0.4,
163,1.196,-1.539,
