1,1.009,-0.422,
2,1.177,-0.578,
3,0.56,-0.831,
4,1.142,0.039,
5,0.392,-0.2,
6,-1.065,-0.397,
7,2.101,0.227,
8,1.535,-0.565,
9,0.951,-2.038,
10,-0.571,-0.839,
11,1.29,0.034,
12,1.153,-0.983,
13,1.494,-1.008,
14,0.373,-0.035,
15,-0.165,-0.581,
16,1.064,-0.505,
17,0.783,-0.244,
18,1.078,-0.951,
19,1.19,-0.878,
20,0.383,-1.334,
21,0.544,-1.435,
22,-0.247,-0.579,
23,0.989,-1.041,
24,0.754,-0.919,
25,0.781,0.173,
26,1.252,-0.497,
27,1.331,-0.517,
28,0.689,-0.73,
29,0.426,-0.135,
30,0.169,-0.813,
31,1.013,-1.197,
32,1.091,-0.367,
33,1.028,-1.041,
34,0.383,-1.046,
35,1.208,-0.337,
36,0.456,-0.491,
37,1.061,-0.507,
38,0.192,-0.437,
39,1.247,-0.572,
40,0.927,-0.749,
41,1.428,-0.745,
42,2.566,-0.387,
43,1.541,-0.122,
44,0.863,-0.229,
45,0.619,-0.322,
46,1.124,-1.124,
47,0.217,-1.088,
48,1.793,-0.505,
49,1.168,-0.941,
50,0.77,-0.97,
51,1.079,-1.242,
52,0.333,-0.946,
53,1.279,-2.053,
54,0.694,0.299,
55,0.953,-1.861,
56,1.447,-1.09,
57,0.311,-1.009,
58,0.407,-0.608,
59,0.252,-0.907,
60,0.862,-0.494,
61,0.409,-0.701,
62,2.186,-0.651,
63,0.383,-1.124,
64,0.69,-0.972,
65,1.312,-1.255,
66,1.539,-0.307,
67,0.574,-0.993,
68,0.301,-0.602,
69,1.51,0.045,
70,0.372,-0.409,
71,0.514,-0.341,
72,2.048,-1.063,
73,1.266,-1.27,
74,1.149,-0.739,
75,0.161,-1.267,
76,1.792,-0.781,
77,0.957,-0.815,
78,0.616,-1.163,
79,0.6,-1.129,
80,0.825,-1.568,
81,0.186,-0.93,
82,1.078,-0.568,
83,0.491,-0.97,
84,0.641,-0.576,
85,0.96,-0.778,
86,0.307,-0.64,
87,-0.223,-2.226,
88,0.856,-0.15,
89,1.399,-0.58,
90,1.695,-0.472,
91,1.074,-0.034,
92,0.918,-1.367,
93,-0.08,-0.102,
94,0.814,-0.31,
95,0.771,-0.051,
96,1.01,-1.701,
97,1.571,-0.475,
98,0.127,-2.005,
99,0.51,-1.298,
100,1.626,-0.157,
101,1.177,0.03,
102,0.377,-1.247,
103,0.854,-0.544,
104,1.476,-0.933,
105,0.353,-0.97,
106,-0.361,-0.667,
107,1.662,0.051,
108,0.908,-1.33,
109,1.097,-0.774,
110,0.694,-0.542,
111,0.56,-1.174,
112,0.038,-1.002,
113,0.585,-0.614,
114,1.208,-1.024,
115,0.543,-1.383,
116,1.07,-1.006,
117,1.146,-1.183,
118,1.322,-0.504,
119,0.52,-1.048,
120,0.483,-1.762,
121,1.163,-0.176,
122,1.737,-1.148,
123,0.496,-1.476,
124,0.929,-1.773,
125,0.463,-1.32,
126,1.713,-0.34,
127,1.532,-0.632,
128,0.872,-0.465,
129,1.516,-0.877,
130,0.714,-0.336,
131,1.304,0.36,
132,1.063,-1.355,
133,0.831,-0.417,
134,0.765,-0.351,
135,1.006,-0.798,
136,0.819,-0.692,
137,0.46,-0.764,
138,0.835,-0.954,
139,0.749,-1.836,
140,0.609,-0.759,
141,0.539,-1.552,
142,1.168,-0.763,
143,1.094,0.035,
144,0.838,-0.481,
145,-0.467,-1.093,
146,0.945,-0.768,
147,0.864,-0.708,
148,0.176,-2.132,
149,1.527,-2.022,
150,0.261,-1.112,
151,2.185,-0.634,
152,0.758,-0.959,
153,1.179,-1.741,
154,0.646,-0.956,
155,0.872,-1.325,
156,0.304,-0.745,
157,0.181,-2.016,
158,1.448,-1.252,
159,0.836,-1.605,
160,1.066,-0.945,
161,1.047,-0.835,
162,0.928,-0.969,
163,1.067,-1.87,
