1,1.571,-0.234,
2,1.414,-0.451,
3,1.332,-0.438,
4,1.549,-0.554,
5,1.4,-0.054,
6,0.016,-0.072,
7,1.627,0.28,
8,1.811,-0.041,
9,1.164,-0.944,
10,0.877,0.167,
11,1.938,-0.113,
12,1.767,-0.628,
13,1.938,-0.114,
14,0.938,-0.139,
15,1.114,-0.516,
16,1.365,-0.654,
17,0.869,-0.265,
18,1.192,-0.452,
19,1.16,-0.008,
20,1.364,-0.539,
21,1.337,-0.645,
22,1.217,-0.461,
23,0.913,-0.741,
24,1.356,-0.589,
25,1.1,-0.026,
26,1.671,-0.029,
27,1.77,-0.544,
28,1.618,-0.28,
29,1.492,-0.066,
30,1.265,0.156,
31,1.351,0.195,
32,1.467,-0.705,
33,1.637,-0.622,
34,0.657,-0.552,
35,1.799,0.63,
36,0.814,-0.333,
37,1.411,-0.472,
38,1.219,-0.079,
39,1.365,-0.319,
40,1.268,-0.392,
41,1.853,-0.121,
42,1.861,0.159,
43,1.476,-0.161,
44,1.606,0.007,
45,1.468,-0.005,
46,1.188,-0.347,
47,0.853,-0.848,
48,2.198,-0.189,
49,1.214,-0.891,
50,0.832,-0.873,
51,1.444,-0.371,
52,1.308,-0.245,
53,1.487,-0.443,
54,1.524,0.067,
55,1.086,-0.987,
56,1.203,-0.06,
57,1.232,-0.05,
58,1.172,0.028,
59,1.205,-0.902,
60,1.312,-0.369,
61,1.555,-0.089,
62,1.762,-0.221,
63,1.358,-0.065,
64,0.826,-1.07,
65,1.755,-0.516,
66,1.519,0.213,
67,1.108,-0.727,
68,1.403,-0.261,
69,1.435,0.201,
70,1.529,-0.574,
71,1.237,-0.618,
72,1.627,-0.309,
73,1.27,-0.238,
74,1.859,-0.314,
75,1.216,-0.55,
76,1.457,-0.592,
77,1.267,-0.406,
78,1.135,-0.202,
79,0.51,-0.357,
80,1.189,-1.081,
81,1.279,-0.387,
82,1.585,-0.349,
83,1.491,-0.393,
84,1.337,-0.397,
85,1.688,-0.217,
86,1.079,-0.138,
87,1.433,-0.931,
88,1.356,-0.551,
89,1.644,-0.349,
90,1.125,-0.536,
91,1.542,0.107,
92,1.511,-0.649,
93,0.942,0.129,
94,1.169,-0.241,
95,1.437,-0.539,
96,1.692,-0.913,
97,1.758,-0.486,
98,0.723,-1.027,
99,1.49,-0.388,
100,1.183,-0.573,
101,1.264,-0.203,
102,1.325,-0.645,
103,1.265,0.165,
104,1.34,-0.512,
105,1.324,-0.629,
106,1.759,-0.132,
107,1.894,0.502,
108,1.278,-0.548,
109,1.332,-0.35,
110,1.922,-0.15,
111,1.234,-0.315,
112,0.485,-0.736,
113,1.221,-0.352,
114,1.348,-0.676,
115,1.093,-1.601,
116,1.523,-0.78,
117,1.73,-0.166,
118,1.3,-0.577,
119,1.394,-0.406,
120,1.347,-0.591,
121,1.252,-0.232,
122,1.913,-0.266,
123,1.139,-1.219,
124,1.805,-0.702,
125,0.867,-0.724,
126,1.748,-0.562,
127,1.722,-0.691,
128,1.217,-0.09,
129,1.486,-0.289,
130,1.968,-0.379,
131,1.739,0.452,
132,1.005,-0.385,
133,1.157,-0.63,
134,1.004,-0.158,
135,1.024,-0.859,
136,1.401,-0.5,
137,0.861,-0.226,
138,1.136,-0.482,
139,0.951,-0.943,
140,1.361,-0.156,
141,1.183,-1.002,
142,1.113,-0.92,
143,1.267,-0.006,
144,1.062,-0.224,
145,1.116,-0.678,
146,2.095,0.023,
147,1.353,-0.331,
148,0.907,-0.451,
149,1.228,-2.464,
150,0.536,-0.355,
151,2.011,0.164,
152,1.084,0.068,
153,1.557,-0.726,
154,1.01,-0.564,
155,0.924,-0.491,
156,1.026,-0.435,
157,1.081,-0.652,
158,1.664,-0.136,
159,1.543,-0.706,
160,1.103,0.075,
161,1.545,-0.548,
162,1.073,-0.244,
163,2.086,-1.071,
