1,1.899,-0.652,
2,0.31,1.134,
3,1.494,-1.067,
4,0.378,-0.815,
5,1.168,-0.072,
6,0.63,1.482,
7,2.198,0.366,
8,1.93,0.09,
9,1.721,-0.51,
10,0.114,-0.659,
11,-0.543,0.407,
12,1.5,0.772,
13,1.626,-0.377,
14,1.625,1.352,
15,-0.233,-0.664,
16,0.384,-0.117,
17,-0.427,-0.203,
18,0.401,-0.29,
19,-0.413,-1.176,
20,0.018,-0.996,
21,0.027,-2.011,
22,0.535,-0.396,
23,-0.64,-1.364,
24,0.497,-0.438,
25,-0.13,0.323,
26,1.425,-0.172,
27,2.095,-0.506,
28,1.888,-0.3,
29,2.043,1.175,
30,1.268,0.152,
31,0.08,0.379,
32,1.843,-0.891,
33,0.066,-2.402,
34,-0.894,0.571,
35,1.394,0.591,
36,0.237,0.225,
37,0.035,-0.936,
38,0.17,-0.961,
39,-0.392,0.466,
40,-0.124,0.034,
41,1.619,-0.834,
42,0.583,-0.559,
43,1.196,-0.112,
44,0.771,0.564,
45,0.704,0.51,
46,0.643,0.519,
47,-0.76,-0.624,
48,0.311,0.507,
49,0.135,-0.875,
50,0.361,-1.106,
51,1.519,-0.661,
52,0.933,-0.273,
53,0.141,1.677,
54,2.74,-0.038,
55,0.674,-0.952,
56,1.937,0.01,
57,0.013,2.322,
58,1.718,1.227,
59,0.961,-1.7,
60,0.928,0.992,
61,-1.114,0.316,
62,2.964,0.114,
63,0.807,0.202,
64,-0.399,-2.055,
65,0.93,0.275,
66,-0.038,0.13,
67,0.651,-0.965,
68,-0.078,0.031,
69,-1.693,1.101,
70,1.849,1.08,
71,0.339,-0.335,
72,0.35,-0.129,
73,0.332,-0.987,
74,1.893,-0.27,
75,0.556,1.016,
76,1.034,-1.1,
77,-0.133,-0.193,
78,0.728,0.611,
79,0.011,0.114,
80,-0.578,-0.942,
81,0.063,-0.388,
82,-0.922,-0.132,
83,1.19,-0.422,
84,0.873,-0.394,
85,0.356,1.818,
86,-0.451,-1.328,
87,1.367,-1.749,
88,0.343,0.662,
89,1.263,-1.07,
90,-0.148,-0.948,
91,1.668,1.894,
92,1.581,-0.322,
93,1.217,0.796,
94,1.259,-0.293,
95,0.482,1.561,
96,3.211,-1.629,
97,1.759,0.542,
98,-0.128,-0.109,
99,-0.172,1.411,
100,2.686,-2.86,
101,1.083,-1.376,
102,0.757,-0.955,
103,0.431,0.91,
104,0.778,-0.63,
105,1.555,-0.512,
106,1.457,-1.165,
107,2.082,1.374,
108,0.274,-0.703,
109,-0.07,-0.24,
110,0.379,-0.348,
111,1.399,1.01,
112,0.297,-0.192,
113,0.581,0.408,
114,1.203,0.626,
115,-0.934,-1.564,
116,1.336,-1.312,
117,1.481,-1.453,
118,1.465,-1.156,
119,1.691,0.231,
120,0.74,-0.288,
121,0.989,0.96,
122,-0.409,0.821,
123,1.135,0.172,
124,1.3,-0.544,
125,-0.057,1.107,
126,1.997,-0.502,
127,1.284,0.511,
128,1.192,0.232,
129,0.951,0.907,
130,2.259,0.052,
131,1.352,0.978,
132,0.751,-0.021,
133,0.782,-0.94,
134,0.506,0.249,
135,-0.556,-0.307,
136,0.644,-0.685,
137,0.371,-0.071,
138,1.168,0.155,
139,0.924,-1.218,
140,0.26,1.377,
141,-0.194,-0.748,
142,0.898,-1.214,
143,0.84,-0.629,
144,0.641,0.485,
145,0.247,-0.002,
146,1.378,0.246,
147,-0.425,0.373,
148,-1.531,-1.334,
149,-0.123,-1.319,
150,1.643,-1.814,
151,0.68,1.798,
152,1.015,0.434,
153,1.416,-1.383,
154,-0.186,0.267,
155,1.511,-0.408,
156,0.115,-1.478,
157,-1.502,-0.353,
158,1.053,0.23,
159,1.374,-0.301,
160,1.059,1.112,
161,0.977,-0.006,
162,-1.108,-1.26,
163,0.854,-1.448,
