1,1.762,-0.456,
2,0.834,0.634,
3,1.937,-0.705,
4,1.081,-0.788,
5,1.227,0.069,
6,0.257,1.324,
7,2.558,0.045,
8,2.293,-0.123,
9,1.842,-0.623,
10,0.351,-0.136,
11,0.684,0.152,
12,2.017,0.123,
13,1.585,0.349,
14,1.318,0.955,
15,0.412,-0.639,
16,0.418,-0.568,
17,0.571,0.116,
18,0.774,-0.112,
19,-0.159,-0.772,
20,0.506,-1.47,
21,1.024,-2.254,
22,1.296,-0.648,
23,-0.686,-0.828,
24,0.771,-0.194,
25,0.456,0.288,
26,2.088,-0.326,
27,2.499,-0.633,
28,2.167,-0.444,
29,2.263,0.795,
30,1.197,-0.025,
31,1.044,0.369,
32,1.954,-0.798,
33,1.353,-2.02,
34,-0.502,0.091,
35,1.639,0.959,
36,0.067,-0.037,
37,0.868,-0.869,
38,0.294,-0.26,
39,-0.1,0.168,
40,0.799,-0.311,
41,2.154,-0.407,
42,1.471,-0.127,
43,1.411,-0.214,
44,1.241,0.344,
45,0.936,0.609,
46,0.826,0.14,
47,0.361,-0.773,
48,1.154,0.635,
49,0.403,-1.458,
50,0.939,-1.47,
51,1.685,-0.224,
52,1.21,-0.157,
53,0.44,1.244,
54,2.544,0.266,
55,1.151,-0.71,
56,1.786,0.142,
57,0.788,1.903,
58,1.479,0.487,
59,1.869,-1.722,
60,1.21,0.738,
61,0.356,1.015,
62,3.165,0.053,
63,1.444,0.485,
64,-0.427,-2.184,
65,1.79,0.067,
66,0.848,0.292,
67,1.693,-0.714,
68,0.388,-0.516,
69,-0.009,0.639,
70,1.906,0.064,
71,0.841,-0.404,
72,0.981,-0.052,
73,1.166,-0.828,
74,1.906,-0.32,
75,1.1,0.47,
76,1.355,-1.268,
77,1.206,-0.014,
78,0.868,0.204,
79,0.213,-0.299,
80,-0.379,-1.266,
81,-0.094,-0.925,
82,-0.175,-0.439,
83,1.72,-0.531,
84,1.194,-0.414,
85,1.677,1.367,
86,0.144,-1.766,
87,1.375,-2.011,
88,1.437,-0.278,
89,2.303,-0.647,
90,0.332,-0.902,
91,2.281,1.783,
92,2.038,-0.562,
93,1.21,0.509,
94,1.539,-1.341,
95,0.703,0.621,
96,3.223,-1.58,
97,1.549,-0.366,
98,0.423,-0.324,
99,1.03,0.61,
100,2.277,-2.464,
101,0.961,-0.985,
102,1.065,-0.982,
103,0.704,1.017,
104,1.342,-0.675,
105,1.734,-0.376,
106,2.803,-0.647,
107,2.736,1.059,
108,0.766,-0.76,
109,0.795,-0.245,
110,0.845,-0.441,
111,1.312,0.62,
112,0.585,0.09,
113,1.225,0.191,
114,1.465,-0.182,
115,-0.113,-1.768,
116,1.933,-1.419,
117,2.16,-1.292,
118,1.527,-0.665,
119,1.765,0.209,
120,1.065,-0.421,
121,1.462,0.979,
122,0.528,0.531,
123,1.782,-0.378,
124,2.145,-0.738,
125,0.077,0.025,
126,2.755,-0.604,
127,1.471,-0.01,
128,1.443,-0.126,
129,1.996,0.646,
130,2.864,-0.363,
131,1.356,1.071,
132,1.125,-0.104,
133,1.073,-0.901,
134,0.409,-0.097,
135,0.117,-0.641,
136,1.493,-0.606,
137,0.314,-0.558,
138,1.344,-0.406,
139,1.142,-1.05,
140,1.652,0.465,
141,0.893,-1.172,
142,1.213,-1.085,
143,0.742,-0.215,
144,1.047,0.894,
145,0.907,-0.086,
146,2.043,0.017,
147,0.151,-0.501,
148,-0.346,-1.15,
149,0.161,-2.725,
150,1.367,-0.682,
151,1.522,1.177,
152,1.565,-0.176,
153,1.352,-1.114,
154,0.122,-0.606,
155,1.082,-1.041,
156,0.802,-1.709,
157,-0.047,-0.733,
158,1.353,0.085,
159,1.614,-0.439,
160,1.239,0.992,
161,1.31,-0.587,
162,-0.324,-1.279,
163,1.002,-1.512,
