1,1.511,-0.597,
2,-0.186,1.166,
3,1.378,-0.751,
4,-0.086,-0.399,
5,1.01,-0.077,
6,0.285,1.598,
7,2.122,0.221,
8,1.583,-0.077,
9,1.696,-0.216,
10,-0.024,-0.524,
11,-1.661,0.303,
12,1.058,1.133,
13,1.155,-0.298,
14,1.524,1.469,
15,-0.601,-0.633,
16,0.366,0.019,
17,-0.581,0.086,
18,0.146,-0.113,
19,-0.756,-1.222,
20,-0.297,-0.659,
21,-0.386,-1.887,
22,0.163,-0.475,
23,-0.749,-1.33,
24,0.033,0.013,
25,-0.247,0.388,
26,1.299,0.014,
27,1.907,-0.246,
28,1.77,-0.236,
29,1.768,1.309,
30,1.144,0.208,
31,-0.29,0.325,
32,1.63,-0.913,
33,-0.489,-2.544,
34,-1.065,0.739,
35,1.011,0.552,
36,0.025,0.526,
37,-0.172,-0.834,
38,0.134,-1.367,
39,-0.533,0.389,
40,-0.59,0.071,
41,1.282,-0.857,
42,0.111,-0.664,
43,1.08,-0.175,
44,0.494,0.644,
45,0.497,0.473,
46,0.537,0.511,
47,-1.101,-0.366,
48,-0.395,0.565,
49,-0.172,-0.547,
50,0.253,-0.882,
51,1.26,-0.623,
52,0.667,-0.233,
53,-0.331,1.789,
54,2.573,-0.161,
55,0.455,-0.907,
56,1.888,-0.065,
57,-0.231,2.186,
58,1.644,1.425,
59,0.563,-1.388,
60,0.537,1.226,
61,-1.536,-0.086,
62,2.189,0.487,
63,0.615,0.189,
64,-0.409,-2.036,
65,0.408,0.436,
66,-0.742,0.098,
67,0.132,-0.939,
68,-0.295,0.148,
69,-2.416,1.124,
70,1.556,1.548,
71,0.149,-0.267,
72,-0.016,-0.069,
73,-0.126,-0.963,
74,1.323,-0.163,
75,0.248,1.435,
76,0.829,-0.789,
77,-0.503,-0.158,
78,0.578,0.93,
79,-0.147,0.288,
80,-0.817,-0.661,
81,-0.06,-0.309,
82,-1.323,0.072,
83,0.986,-0.319,
84,0.555,-0.322,
85,-0.296,1.97,
86,-0.659,-1.072,
87,1.112,-1.741,
88,0.295,0.666,
89,1.041,-1.236,
90,-0.068,-0.912,
91,1.262,2.022,
92,1.239,-0.211,
93,1.232,0.792,
94,1.103,0.071,
95,0.108,1.866,
96,3.055,-1.573,
97,1.703,0.838,
98,-0.412,0.032,
99,-0.632,1.738,
100,2.77,-2.886,
101,0.722,-1.52,
102,0.493,-0.953,
103,0.255,0.791,
104,0.578,-0.574,
105,1.398,-0.511,
106,0.87,-1.394,
107,1.321,1.415,
108,-0.115,-0.558,
109,-0.5,-0.219,
110,0.033,-0.35,
111,1.385,1.199,
112,0.151,-0.247,
113,0.268,0.562,
114,0.842,0.913,
115,-1.128,-1.402,
116,1.272,-1.307,
117,0.963,-1.095,
118,1.362,-1.39,
119,1.536,0.428,
120,0.465,-0.049,
121,0.599,0.769,
122,-0.932,0.773,
123,0.944,0.622,
124,0.893,-0.337,
125,-0.134,1.547,
126,1.543,-0.579,
127,0.8,0.663,
128,1.158,0.266,
129,0.691,0.855,
130,1.892,0.254,
131,1.218,1.09,
132,0.451,0.064,
133,0.486,-0.853,
134,0.427,0.402,
135,-0.906,-0.005,
136,0.227,-0.652,
137,0.127,-0.123,
138,0.801,0.256,
139,0.692,-1.455,
140,-0.218,1.631,
141,-0.612,-0.627,
142,0.758,-1.097,
143,0.804,-0.971,
144,0.665,0.046,
145,-0.208,0.083,
146,0.95,0.36,
147,-0.942,0.29,
148,-1.761,-1.225,
149,-0.024,-0.719,
150,1.56,-1.831,
151,0.402,1.678,
152,0.739,0.4,
153,1.371,-1.372,
154,-0.447,0.378,
155,1.286,-0.621,
156,-0.31,-1.362,
157,-2.368,-0.293,
158,0.722,0.339,
159,1.164,-0.246,
160,0.874,1.16,
161,0.574,-0.075,
162,-1.551,-1.022,
163,0.452,-1.189,
