1,-0.285,-0.346,
2,0.6,-0.414,
3,0.949,-0.29,
4,0.634,0.197,
5,-0.591,-0.393,
6,-1.015,-0.759,
7,2.229,0.027,
8,0.859,-1.274,
9,1.253,-1.634,
10,-0.447,-1.432,
11,0.898,-0.028,
12,0.27,-0.351,
13,0.862,-0.605,
14,0.464,0.527,
15,-0.309,-1.573,
16,0.825,-0.042,
17,0.761,0.169,
18,0.28,-0.607,
19,1.014,-0.082,
20,-0.216,-1.499,
21,1.022,-1.044,
22,0.048,-0.589,
23,0.773,-1.221,
24,0.091,-0.281,
25,0.608,0.798,
26,0.818,-0.297,
27,-0.707,-0.963,
28,1.055,-0.081,
29,0.543,0.42,
30,0.137,-0.646,
31,0.405,-1.82,
32,1.282,0.241,
33,2.006,-0.849,
34,0.779,-0.916,
35,1.398,-0.238,
36,0.221,0.05,
37,0.964,-0.12,
38,0.5,-0.092,
39,1.239,0.732,
40,0.482,-0.921,
41,0.529,-1.15,
42,2.305,-0.581,
43,1.505,-0.495,
44,0.334,-0.252,
45,0.102,0.008,
46,-0.201,-0.761,
47,-0.395,-0.579,
48,1.235,0.225,
49,0.705,-0.434,
50,1.082,-0.202,
51,-0.165,-0.216,
52,0.496,-0.768,
53,1.828,-1.517,
54,1.787,0.959,
55,0.675,-1.313,
56,1.491,-1.446,
57,0.133,-0.755,
58,0.202,-0.942,
59,0.066,-1.266,
60,0.074,-0.424,
61,0.087,-0.138,
62,1.819,-0.128,
63,-0.273,-1.149,
64,-0.563,-1.257,
65,1.076,-1.178,
66,1.49,0.11,
67,0.461,-0.764,
68,-0.305,-0.154,
69,1.981,-0.156,
70,0.062,-0.444,
71,0.531,-1.175,
72,2.197,-0.451,
73,0.951,-1.407,
74,0.631,-0.578,
75,0.427,-0.526,
76,1.676,-0.772,
77,0.939,-0.747,
78,0.115,-2.213,
79,0.216,-1.492,
80,1.371,0.072,
81,0.715,0.37,
82,0.595,0.413,
83,-0.137,-0.509,
84,1.118,-0.698,
85,0.696,-0.056,
86,0.339,-0.319,
87,-0.122,-1.718,
88,1.037,-0.018,
89,0.904,-0.417,
90,1.997,-0.286,
91,0.516,0.188,
92,-0.339,-0.891,
93,-0.161,0.335,
94,0.825,-0.057,
95,-0.018,1.467,
96,1.276,-2.153,
97,1.126,-0.524,
98,0.578,-1.467,
99,0.254,-1.727,
100,2.693,0.4,
101,0.703,0.573,
102,1.064,-1.06,
103,0.148,-0.844,
104,1.254,-0.564,
105,0.025,-0.626,
106,-0.748,-0.915,
107,1.308,-0.476,
108,-0.061,-0.846,
109,0.842,-0.653,
110,0.388,-0.578,
111,-0.341,-1.3,
112,-0.278,-0.397,
113,1.919,-0.571,
114,1.412,-0.771,
115,0.645,-0.582,
116,0.97,-0.979,
117,0.871,-1.572,
118,1.75,-0.092,
119,0.381,-0.763,
120,0.531,-2.273,
121,1.196,0.888,
122,1.34,-0.31,
123,1.21,-0.539,
124,0.861,-1.761,
125,0.518,-0.726,
126,0.726,-0.091,
127,1.054,0.161,
128,0.788,-0.216,
129,0.987,-0.398,
130,0.658,-0.632,
131,-0.135,0.758,
132,1.005,-1.505,
133,0.591,-0.865,
134,0.643,-0.432,
135,0.025,-0.303,
136,0.938,-0.52,
137,0.378,-0.262,
138,0.701,-0.701,
139,0.572,-1.458,
140,0.155,-0.974,
141,-0.21,-0.022,
142,-0.065,0.301,
143,0.665,0.588,
144,1.175,-1.12,
145,-0.398,-1.047,
146,1.291,0.098,
147,0.338,-0.52,
148,-0.164,-2.442,
149,1.112,-0.418,
150,0.95,-0.742,
151,2.322,-0.465,
152,0.182,-0.807,
153,0.984,-0.927,
154,0.027,-0.222,
155,0.075,-0.845,
156,0.525,0.276,
157,0.214,-1.019,
158,0.136,-1.746,
159,0.131,-1.646,
160,0.466,-1.014,
161,0.483,-0.756,
162,0.481,-0.45,
163,1.227,-1.071,
