1,0.644,1.664,
2,-0.606,-0.927,
3,-2.732,-1.925,
4,0.147,0.735,
5,-1.71,-0.324,
6,-3.687,0.197,
7,-2.052,2.095,
8,-1.976,0.545,
9,-3.233,1.576,
10,-0.564,0.799,
11,0.09,1.69,
12,1.79,-0.761,
13,-0.041,0.31,
14,-2.168,1.239,
15,-4.293,-0.873,
16,1.067,1.451,
17,-1.06,0.47,
18,1.217,1.691,
19,0.097,0.904,
20,-0.769,1.204,
21,2.305,-1.887,
22,0.188,-1.038,
23,-1.939,-1.044,
24,-1.853,1.196,
25,-1.531,-0.491,
26,-0.463,0.505,
27,-1.922,0.72,
28,0.998,0.845,
29,-0.5,0.387,
30,-0.65,1.165,
31,1.31,0.213,
32,0.199,-0.203,
33,-1.929,1.204,
34,0.939,1.063,
35,-0.597,0.991,
36,-2.722,1.089,
37,-0.306,0.152,
38,0.793,-0.17,
39,0.359,2.805,
40,-1.013,-0.381,
41,-1.842,-1.293,
42,0.965,-1.44,
43,0.102,0.496,
44,0.462,1.365,
45,-0.618,-0.098,
46,0.475,0.838,
47,-0.126,1.007,
48,0.045,-0.568,
49,-1.128,-1.423,
50,1.123,-0.137,
51,-1.003,-0.11,
52,0.168,0.6,
53,-0.482,0.842,
54,-1.496,-1.525,
55,0.914,0.146,
56,0.284,2.201,
57,1.31,1.864,
58,-0.816,0.549,
59,-2.684,2.129,
60,0.499,-0.279,
61,-1.627,2.39,
62,1.352,-1.442,
63,0.89,-1.236,
64,-0.248,-0.282,
65,-0.407,-0.577,
66,0.533,0.08,
67,-1.596,0.437,
68,-0.139,1.135,
69,-0.201,1.41,
70,1.3,-0.408,
71,-0.283,0.328,
72,-1.89,1.347,
73,-1.11,-0.89,
74,-1.488,0.099,
75,-3.349,0.951,
76,0.572,-0.027,
77,0.005,-0.759,
78,1.779,1.554,
79,-0.249,-0.112,
80,-1.792,2.129,
81,0.336,-0.19,
82,-1.791,0.759,
83,0.592,0.295,
84,-0.68,0.395,
85,0.611,1.304,
86,-0.911,-0.589,
87,-0.811,-0.887,
88,-1.137,2.038,
89,0.088,0.121,
90,-1.292,0.322,
91,-0.327,1.331,
92,-1.065,0.778,
93,0.601,1.992,
94,-1.28,-0.278,
95,-1.483,-1.318,
96,0.504,-0.93,
97,-0.062,-0.018,
98,-0.154,-0.009,
99,-0.384,-0.549,
100,-0.053,1.6,
101,-0.409,0.388,
102,-2.464,0.35,
103,1.629,0.57,
104,-0.116,0.023,
105,-0.6,2.158,
106,0.366,0.729,
107,2.45,0.77,
108,0.322,0.453,
109,-1.669,-1.323,
110,-0.125,0.916,
111,0.25,-2.223,
112,-1.03,1.804,
113,-1.863,-0.636,
114,1.178,-0.161,
115,-0.825,-0.775,
116,0.35,1.717,
117,-1.775,-0.976,
118,-0.417,0.324,
119,1.466,0.704,
120,-0.631,0.095,
121,0.094,-1.157,
122,-2.038,-0.834,
123,-2.315,1.264,
124,-1.428,-0.878,
125,-0.346,1.143,
126,-2.473,0.906,
127,-0.032,-1.273,
128,-0.005,0.099,
129,0.976,0.38,
130,1.547,-1.698,
131,-0.358,2.002,
132,-0.07,1.266,
133,-0.876,1.435,
134,-3.007,-1.588,
135,-0.598,-2.18,
136,0.428,-0.86,
137,-0.187,0.544,
138,2.335,0.494,
139,-0.927,-0.356,
140,-0.303,-1.124,
141,-0.303,1.173,
142,1.692,-0.163,
143,0.133,2.306,
144,-0.243,0.332,
145,0.133,-1.394,
146,-1.456,0.783,
147,0.477,-0.516,
148,0.152,-0.662,
149,1.642,-2.391,
150,0.364,0.136,
151,1.917,0.411,
152,0.429,0.023,
153,-0.24,0.088,
154,-1.025,2.678,
155,-0.298,-0.573,
156,-2.312,-1.179,
157,0.131,0.272,
158,0.815,-2.142,
159,0.763,-1.142,
160,-0.092,-0.13,
161,-0.073,0.782,
162,-0.822,0.109,
163,-0.338,-2.491,
