1,0.014,-0.182,
2,-0.192,0.295,
3,0.62,-0.087,
4,-0.023,0.059,
5,0.213,-0.222,
6,0.048,0.099,
7,0.122,-0.616,
8,0.171,-0.611,
9,0.647,-0.114,
10,-0.069,-0.047,
11,-0.517,-0.064,
12,0.325,0.41,
13,-0.127,-0.049,
14,0.463,-0.246,
15,-0.083,-0.02,
16,0.23,-0.209,
17,-0.539,0.318,
18,-0.258,0.306,
19,-0.227,-0.014,
20,-0.206,-0.043,
21,-0.341,-0.241,
22,0.039,-0.021,
23,-0.171,-0.353,
24,-0.323,0.257,
25,0.338,-0.041,
26,0.386,-0.111,
27,0.358,0.173,
28,0.309,-0.019,
29,-0.01,0.362,
30,0.731,0.285,
31,-0.15,-0.054,
32,0.398,-0.309,
33,-0.221,-0.606,
34,-0.082,0.119,
35,-0.085,0.182,
36,0.219,0.406,
37,-0.16,-0.178,
38,-0.132,-0.39,
39,0.236,-0.312,
40,-0.46,-0.166,
41,0.168,-0.238,
42,0.084,-0.436,
43,0.313,-0.152,
44,0.038,0.168,
45,0.077,0.037,
46,0.395,0.044,
47,-0.206,-0.144,
48,-0.112,0.101,
49,-0.413,0.296,
50,0.003,0.069,
51,-0.246,-0.205,
52,0.114,0.02,
53,-0.19,0.569,
54,0.68,-0.06,
55,-0.098,-0.212,
56,0.078,0.557,
57,-0.318,0.37,
58,0.384,0.482,
59,0.186,-0.121,
60,-0.177,0.273,
61,-0.294,-0.503,
62,0.331,-0.206,
63,-0.218,0.067,
64,0.048,-0.383,
65,-0.156,0.13,
66,-0.399,0.016,
67,-0.431,-0.224,
68,0.268,-0.08,
69,-0.062,0.192,
70,0.087,0.374,
71,-0.079,-0.149,
72,-0.125,0.054,
73,0.047,0.238,
74,0.458,0.095,
75,0.143,0.169,
76,-0.037,-0.093,
77,-0.323,0.098,
78,0.124,0.813,
79,-0.174,0.321,
80,-0.379,0.111,
81,-0.068,-0.003,
82,-0.301,0.195,
83,0.198,0.29,
84,0.307,-0.058,
85,-0.932,0.249,
86,0.014,-0.349,
87,0.091,-0.36,
88,0.189,-0.019,
89,0.383,-0.386,
90,0.045,0.013,
91,0.191,0.586,
92,0.011,0.105,
93,0.246,0.377,
94,0.203,0.227,
95,0.053,0.782,
96,0.53,-0.442,
97,0.299,0.073,
98,-0.29,-0.014,
99,-0.392,0.522,
100,0.995,-0.593,
101,-0.031,-0.676,
102,-0.052,0.253,
103,-0.067,-0.197,
104,0.153,-0.017,
105,0.196,-0.203,
106,-0.486,-1.127,
107,-0.145,0.014,
108,-0.005,-0.037,
109,-0.47,-0.457,
110,0.032,-0.088,
111,0.226,-0.052,
112,0.002,-0.319,
113,-0.094,0.333,
114,0.044,0.426,
115,-0.273,0.222,
116,0.228,-0.261,
117,0.095,0.154,
118,0.122,-0.482,
119,0.345,0.142,
120,0.043,0.137,
121,-0.016,-0.369,
122,-0.182,0.419,
123,0.07,0.375,
124,-0.021,0.247,
125,0.022,0.445,
126,0.192,-0.227,
127,0.193,0.299,
128,-0.14,0.535,
129,0.397,0.202,
130,0.269,0.362,
131,0.205,0.189,
132,-0.068,0.042,
133,-0.109,-0.319,
134,-0.14,0.194,
135,-0.074,0.298,
136,-0.267,-0.109,
137,-0.021,-0.004,
138,0.199,0.172,
139,-0.255,-0.231,
140,-0.259,0.202,
141,-0.74,0.333,
142,0.13,-0.25,
143,0.361,-0.602,
144,0.777,-0.844,
145,-0.025,-0.115,
146,-0.235,0.152,
147,-0.489,0.206,
148,-0.173,0.15,
149,-0.056,-0.037,
150,-0.142,-0.403,
151,-0.052,0.358,
152,-0.001,0.012,
153,0.486,-0.128,
154,-0.205,0.08,
155,0.435,-0.211,
156,-0.302,0.423,
157,0.014,-0.049,
158,-0.104,0.492,
159,-0.201,0.128,
160,-0.294,0.724,
161,0.276,-0.187,
162,-0.257,0.175,
163,-0.279,-0.355,
