1,-0.132,-0.33,
2,0.106,-0.01,
3,1.236,0.305,
4,0.248,0.504,
5,0.22,0.184,
6,-1.186,0.659,
7,0.254,-0.538,
8,-0.608,-0.074,
9,0.237,-0.373,
10,0.101,0.384,
11,0.534,-0.661,
12,0.146,-0.394,
13,-0.502,-0.446,
14,-0.225,-1.128,
15,-0.36,-1.449,
16,0.288,-0.16,
17,-0.85,0.098,
18,-0.069,0.348,
19,-0.141,0.457,
20,-0.369,0.025,
21,0.186,0.529,
22,-0.42,-0.027,
23,-0.109,0.126,
24,-0.421,0.749,
25,0.515,-0.162,
26,0.093,0.054,
27,0.223,0.607,
28,0.668,-0.23,
29,-0.498,0.26,
30,0.543,0.337,
31,0.143,-0.097,
32,-0.039,-0.257,
33,0.196,0.144,
34,-0.114,0.093,
35,-0.116,0.229,
36,1.035,0.639,
37,-0.022,0.156,
38,0.363,-0.223,
39,0.733,-0.149,
40,-0.164,-0.305,
41,0.246,0.041,
42,0.606,-0.348,
43,-0.926,0.004,
44,0.165,-0.234,
45,-0.416,0.478,
46,0.159,0.029,
47,-0.118,0.016,
48,0.139,-0.922,
49,-0.2,0.088,
50,0.789,-0.006,
51,-1.041,-0.323,
52,0.156,0.458,
53,0.211,0.101,
54,0.381,0.189,
55,-0.262,0.258,
56,0.505,0.026,
57,-0.068,-0.026,
58,-0.135,0.422,
59,-0.383,-0.325,
60,-0.337,-0.093,
61,-0.095,-0.294,
62,1.151,-0.48,
63,0.237,0.327,
64,0.105,-0.502,
65,1.099,0.391,
66,-0.252,0.104,
67,0.181,0.099,
68,0.934,-0.165,
69,0.859,0.251,
70,0.045,0.039,
71,1.007,-0.085,
72,-0.068,-0.445,
73,-0.361,0.374,
74,-0.124,0.306,
75,-0.489,-0.482,
76,0.066,-0.224,
77,0.023,0.181,
78,0.037,0.566,
79,-0.03,0.957,
80,-0.712,-0.382,
81,0.082,0.11,
82,-0.359,0.031,
83,-0.274,-0.231,
84,0.612,0.601,
85,-0.201,-0.398,
86,-0.066,-0.917,
87,-0.574,0.042,
88,0.629,-1.071,
89,0.16,0.268,
90,-0.127,-0.027,
91,0.034,0.331,
92,0.092,0.167,
93,0.444,-0.339,
94,0.609,0.011,
95,-0.267,-0.216,
96,-0.082,-0.183,
97,-0.152,-0.382,
98,0.315,0.247,
99,0.248,0.482,
100,0.975,-0.065,
101,-0.174,-0.116,
102,-0.448,0.764,
103,0.784,0.193,
104,-0.754,0.019,
105,-0.391,0.241,
106,-0.675,-0.771,
107,0.214,0.642,
108,0.1,-0.75,
109,0.041,-0.478,
110,0.19,-0.341,
111,0.504,-0.337,
112,0.279,-0.33,
113,0.075,0.189,
114,-0.583,-0.045,
115,-0.313,0.549,
116,-0.102,-0.077,
117,0.462,0.582,
118,0.031,0.402,
119,-0.242,-0.489,
120,0.255,-0.469,
121,-0.546,-0.68,
122,0.239,-0.408,
123,-0.445,0.211,
124,-0.028,0.321,
125,0.333,-1.264,
126,-0.208,-0.534,
127,0.146,-0.356,
128,0.026,0.638,
129,-0.114,-0.502,
130,1.055,-0.226,
131,-0.311,-0.42,
132,-0.27,0.252,
133,-0.21,0.076,
134,-0.911,-0.506,
135,0.504,-0.639,
136,0.123,0.24,
137,0.223,0.123,
138,0.073,-0.084,
139,0.062,0.626,
140,-0.03,0.164,
141,-0.132,1.164,
142,0.421,-0.089,
143,0.17,-0.454,
144,0.921,-0.762,
145,0.603,-0.303,
146,-0.019,-0.09,
147,0.609,-0.017,
148,0.278,-0.208,
149,-0.127,-0.066,
150,0.075,-0.249,
151,-0.532,-0.1,
152,-0.172,-0.428,
153,-0.024,-0.055,
154,0.347,0.508,
155,0.166,-0.104,
156,-0.317,0.428,
157,-0.166,-0.466,
158,-0.058,0.288,
159,-0.216,0.126,
160,-0.106,0.303,
161,0.308,-0.367,
162,-0.34,0.17,
163,0.699,-0.559,
