1,0.625,1.783,
2,-0.142,-0.24,
3,-1.842,-0.379,
4,-0.146,1.039,
5,-1.012,0.448,
6,-2.784,0.201,
7,-1.614,2.666,
8,-0.93,0.149,
9,-1.219,0.721,
10,-0.902,0.738,
11,0.665,1.667,
12,0.926,-0.862,
13,0.049,0.804,
14,-2.104,0.907,
15,-2.646,-0.508,
16,0.381,1.469,
17,-1.766,0.733,
18,0.563,1.109,
19,-0.168,0.82,
20,-0.177,0.806,
21,1.381,-0.607,
22,-0.047,-0.448,
23,-0.8,-0.467,
24,-1.249,0.453,
25,-1.544,0.481,
26,-0.586,0.631,
27,-1.262,0.29,
28,1.298,0.558,
29,-0.354,0.16,
30,-0.08,2.143,
31,0.248,1.166,
32,-0.114,0.022,
33,-1.447,1.398,
34,0.052,0.682,
35,-0.617,1.82,
36,-1.836,1.319,
37,-0.247,0.231,
38,0.066,-0.118,
39,-0.313,3.036,
40,-1.159,-0.003,
41,-0.857,-0.37,
42,1.25,-0.742,
43,0.066,0.43,
44,0.175,2.293,
45,-0.893,0.265,
46,0.083,1.286,
47,-0.457,0.445,
48,0.483,-0.26,
49,-0.67,-0.939,
50,0.031,-0.322,
51,-0.728,0.663,
52,-0.011,0.751,
53,-0.304,0.072,
54,-1.302,0.004,
55,0.37,-0.185,
56,-0.26,0.964,
57,0.795,1.05,
58,-0.773,0.705,
59,-2.317,1.466,
60,-0.191,-0.302,
61,-1.151,2.344,
62,0.534,-0.132,
63,-0.178,0.098,
64,-0.836,-0.736,
65,-0.362,-0.205,
66,0.581,0.779,
67,-1.564,0.147,
68,-1.127,0.936,
69,-0.29,1.241,
70,0.533,0.296,
71,-0.525,0.987,
72,-1.187,1.635,
73,-0.752,0.069,
74,-0.603,0.636,
75,-1.571,2.497,
76,0.04,0.694,
77,-0.378,-0.347,
78,1.067,1.236,
79,-0.868,0.125,
80,-0.93,1.299,
81,0.581,0.264,
82,-1.19,0.448,
83,0.688,0.397,
84,-1.049,0.475,
85,0.374,1.324,
86,-1.603,0.359,
87,-0.879,-1.021,
88,0.065,1.199,
89,0.457,-0.012,
90,-0.79,0.816,
91,-0.587,0.655,
92,-1.218,0.729,
93,1.002,1.934,
94,-0.796,0.408,
95,-0.866,0.041,
96,0.516,-0.786,
97,0.455,0.452,
98,-1.46,0.333,
99,-0.626,-0.029,
100,-0.738,1.322,
101,0.008,1.103,
102,-1.05,0.05,
103,0.575,0.358,
104,-0.363,0.183,
105,-0.176,1.62,
106,-0.199,1.255,
107,1.6,1.681,
108,0.228,0.994,
109,-1.113,-0.418,
110,0.212,0.806,
111,0.004,-0.748,
112,-1.326,1.142,
113,-1.226,0.292,
114,0.187,0.143,
115,-0.293,-0.956,
116,0.445,1.19,
117,-0.887,0.011,
118,-0.299,1.196,
119,0.973,1.047,
120,0.336,0.257,
121,-0.305,-0.164,
122,-0.394,0.285,
123,-1.499,0.373,
124,-1.002,-0.459,
125,-0.436,1.008,
126,-0.706,1.081,
127,0.012,-0.834,
128,-0.132,0.502,
129,0.311,0.568,
130,1.256,-0.273,
131,-0.7,2.287,
132,-0.585,1.036,
133,-0.575,1.528,
134,-1.519,-0.409,
135,-1.567,-1.147,
136,0.067,-0.227,
137,-0.647,1.014,
138,0.71,0.934,
139,-0.67,-0.204,
140,-0.298,-0.554,
141,-0.483,-0.073,
142,0.112,-0.254,
143,-0.735,2.286,
144,-0.654,0.708,
145,-0.368,-0.909,
146,-0.545,1.039,
147,-0.206,0.172,
148,-0.446,-0.186,
149,0.633,-2.3,
150,-0.419,0.44,
151,1.684,0.472,
152,-0.167,0.733,
153,-0.29,0.442,
154,-1.307,1.954,
155,-0.776,0.032,
156,-1.834,-0.351,
157,0.176,0.525,
158,0.612,-0.181,
159,0.521,-0.636,
160,-0.491,0.205,
161,0.114,1.03,
162,-0.886,0.745,
163,0.461,-1.037,
