1,0.61,1.718,
2,-0.496,-0.905,
3,-2.629,-1.771,
4,0.091,0.842,
5,-1.737,-0.286,
6,-3.792,0.126,
7,-2.128,2.275,
8,-1.879,0.37,
9,-2.929,1.56,
10,-0.674,0.773,
11,0.465,1.681,
12,1.642,-0.796,
13,-0.09,0.451,
14,-2.224,1.232,
15,-4.286,-1.036,
16,0.931,1.591,
17,-1.202,0.534,
18,1.2,1.657,
19,0.091,0.953,
20,-0.726,1.169,
21,2.409,-1.906,
22,0.272,-1.043,
23,-1.868,-0.934,
24,-1.866,1.054,
25,-1.495,-0.373,
26,-0.559,0.543,
27,-1.923,0.779,
28,1.256,0.737,
29,-0.463,0.428,
30,-0.596,1.469,
31,1.177,0.426,
32,0.152,-0.171,
33,-1.901,1.436,
34,0.879,1.06,
35,-0.637,1.229,
36,-2.744,1.192,
37,-0.363,0.163,
38,0.698,-0.157,
39,0.133,3.246,
40,-1.138,-0.323,
41,-1.793,-1.238,
42,1.194,-1.449,
43,0.118,0.475,
44,0.411,1.684,
45,-0.751,-0.044,
46,0.385,1.018,
47,-0.143,1.017,
48,0.141,-0.563,
49,-1.102,-1.534,
50,0.996,-0.21,
51,-1.025,0.218,
52,0.193,0.748,
53,-0.542,0.671,
54,-1.66,-1.538,
55,0.917,0.097,
56,0.153,2.181,
57,1.257,1.818,
58,-0.882,0.6,
59,-3.018,2.219,
60,0.425,-0.37,
61,-1.693,2.619,
62,1.136,-1.341,
63,0.684,-1.033,
64,-0.421,-0.438,
65,-0.438,-0.574,
66,0.475,0.199,
67,-1.659,0.385,
68,-0.553,1.228,
69,-0.246,1.39,
70,1.222,-0.259,
71,-0.29,0.334,
72,-1.908,1.516,
73,-1.093,-0.815,
74,-1.482,0.3,
75,-3.19,1.286,
76,0.38,0.142,
77,-0.074,-0.739,
78,1.848,1.572,
79,-0.287,-0.096,
80,-1.703,2.14,
81,0.419,-0.148,
82,-1.713,0.763,
83,0.684,0.331,
84,-0.907,0.444,
85,0.625,1.382,
86,-1.193,-0.47,
87,-0.912,-0.992,
88,-0.866,2.062,
89,0.01,0.161,
90,-1.244,0.469,
91,-0.498,1.224,
92,-1.163,0.849,
93,0.83,2.054,
94,-1.245,-0.187,
95,-1.333,-1.137,
96,0.503,-1.026,
97,0.064,0.086,
98,-0.472,0.015,
99,-0.496,-0.433,
100,-0.23,1.805,
101,-0.335,0.577,
102,-2.244,0.401,
103,1.524,0.636,
104,-0.163,0.037,
105,-0.578,2.276,
106,0.299,0.95,
107,2.516,0.939,
108,0.383,0.609,
109,-1.679,-1.208,
110,-0.079,0.983,
111,0.034,-2.152,
112,-1.141,1.79,
113,-1.914,-0.431,
114,1.059,-0.108,
115,-0.747,-0.884,
116,0.408,1.731,
117,-1.725,-0.845,
118,-0.463,0.617,
119,1.482,0.848,
120,-0.403,0.162,
121,-0.025,-1.026,
122,-2.068,-0.603,
123,-2.32,1.233,
124,-1.507,-0.881,
125,-0.366,1.296,
126,-2.289,1.037,
127,0.005,-1.337,
128,-0.018,0.164,
129,0.872,0.455,
130,1.574,-1.55,
131,-0.539,2.352,
132,-0.169,1.318,
133,-0.821,1.608,
134,-2.892,-1.561,
135,-0.863,-2.071,
136,0.435,-0.701,
137,-0.297,0.675,
138,2.14,0.605,
139,-0.914,-0.333,
140,-0.25,-1.262,
141,-0.345,0.959,
142,1.465,-0.189,
143,-0.031,2.505,
144,-0.361,0.561,
145,-0.048,-1.39,
146,-1.384,0.832,
147,0.374,-0.413,
148,0.07,-0.629,
149,1.55,-2.535,
150,0.185,0.366,
151,2,0.432,
152,0.301,0.237,
153,-0.26,0.223,
154,-1.147,2.759,
155,-0.426,-0.497,
156,-2.311,-1.047,
157,0.291,0.42,
158,0.771,-1.825,
159,0.866,-1.052,
160,-0.169,-0.095,
161,-0.041,0.938,
162,-1.082,0.342,
163,-0.229,-2.304,
