1,0.015,-0.912,
2,0.643,0.122,
3,1.505,0.385,
4,0.439,0.685,
5,-0.802,0.4,
6,-2.917,1.232,
7,0.649,-1.501,
8,-1.401,-0.386,
9,0.131,-0.663,
10,0.08,0.672,
11,0.988,-1.229,
12,-0.02,-1.252,
13,-0.909,-0.068,
14,-1.967,-0.273,
15,-1.228,-2.755,
16,0.42,0.343,
17,-1.309,-0.091,
18,0.375,-0.016,
19,0.437,0.28,
20,-1.085,-0.166,
21,0.665,0.477,
22,-1.12,-0.686,
23,0.102,0.452,
24,-0.362,0.823,
25,0.078,0.651,
26,-0.377,0.554,
27,0.286,0.33,
28,1.533,-0.88,
29,-0.541,0.494,
30,0.833,-0.172,
31,0.094,-0.085,
32,0.006,-0.542,
33,-0.259,0.14,
34,-0.448,0.064,
35,0.108,0.575,
36,1.317,0.407,
37,0.112,0.153,
38,1.483,-0.437,
39,1.795,-0.128,
40,-0.053,-0.61,
41,0.366,0.149,
42,1.342,0.128,
43,-0.777,0.109,
44,0.249,-0.05,
45,-1.157,1.253,
46,0.402,0.495,
47,-0.454,0.199,
48,0.026,-1.27,
49,0.571,0.25,
50,1.117,-0.391,
51,-0.922,-1.28,
52,0.055,0.455,
53,1.194,-0.099,
54,0.534,0.409,
55,-0.639,0.176,
56,1.36,-0.261,
57,0.189,-0.025,
58,-0.199,0.846,
59,-0.485,0.027,
60,0.084,-0.162,
61,-0.663,-0.258,
62,2.504,-0.957,
63,0.444,0.171,
64,-0.097,-1.365,
65,1.835,0.736,
66,-0.3,0.232,
67,0.612,0.058,
68,1.766,-0.236,
69,1.201,0.3,
70,0.362,0.336,
71,2.075,0.196,
72,0.007,-0.984,
73,-1.127,-0.047,
74,-0.238,0.258,
75,-1.428,-1.43,
76,-0.456,-1.442,
77,-0.117,0.102,
78,0.209,0.542,
79,-0.107,1.333,
80,-0.889,-1.221,
81,0.052,0.336,
82,-1.624,-0.235,
83,-0.789,-0.932,
84,0.766,2.041,
85,0.214,-0.639,
86,-0.133,-1.915,
87,-1.074,0.384,
88,0.884,-2.538,
89,1.167,-1.377,
90,0.153,-0.562,
91,0.146,0.019,
92,0.473,0.172,
93,1.05,-1.533,
94,1.325,0.251,
95,-0.596,-1.282,
96,-0.184,0.599,
97,0.257,-0.423,
98,0.681,1.389,
99,0.506,0.872,
100,1.403,0.225,
101,0.149,-0.088,
102,-0.472,0.436,
103,1.781,0.521,
104,-0.352,-0.079,
105,-0.896,0.273,
106,-0.643,-0.508,
107,0.502,1.336,
108,0.956,-1.978,
109,0.364,-0.519,
110,0.358,-0.288,
111,0.905,-0.299,
112,0.359,-0.667,
113,0.535,-0.102,
114,-1.479,-0.271,
115,-0.761,0.679,
116,-0.131,-0.189,
117,0.932,0.844,
118,0.401,1.181,
119,-0.604,-1.145,
120,0.637,-1.133,
121,-0.639,-0.68,
122,0.9,-0.701,
123,-1.083,-0.079,
124,0.099,0.162,
125,0.367,-2.644,
126,0.057,-0.771,
127,-0.255,-1.023,
128,0.159,0.471,
129,-0.512,-0.775,
130,2.245,-0.709,
131,0.128,-1.113,
132,-0.402,0.235,
133,-0.115,0.375,
134,-1.26,-0.985,
135,0.835,-1.833,
136,0.751,0.436,
137,0.876,0.475,
138,-0.246,-0.383,
139,0.835,0.906,
140,-0.245,0.279,
141,0.437,1.664,
142,1.371,-0.151,
143,0.709,-0.682,
144,0.697,-0.884,
145,0.509,-0.672,
146,0.341,0.412,
147,1.022,-0.341,
148,0.558,-1.045,
149,0.706,0.35,
150,0.821,-0.551,
151,-0.635,-0.174,
152,-0.328,-0.576,
153,0.312,-0.531,
154,0.583,0.579,
155,0.122,-0.25,
156,-0.892,0.259,
157,0.406,-1.351,
158,0.136,-1.038,
159,0.341,-0.337,
160,-0.016,-0.001,
161,0.061,-1.234,
162,-0.757,-0.302,
163,1.146,-1.01,
