1,-0.083,-1.331,
2,0.356,-0.471,
3,1.01,0.373,
4,0.411,0.451,
5,-0.526,-0.43,
6,-2.629,1.101,
7,0.174,-1.936,
8,-1.293,-1.063,
9,0.336,-0.308,
10,-0.031,0.794,
11,0.948,-0.488,
12,0.168,-0.572,
13,-0.452,0.367,
14,-2.001,-0.077,
15,-0.88,-3.141,
16,-0.128,-0.283,
17,-0.987,0.356,
18,0.527,0.182,
19,0.82,-0.311,
20,-0.876,-0.789,
21,0.596,0.695,
22,-0.834,-0.87,
23,0.034,0.783,
24,-0.425,0.672,
25,0.269,0.377,
26,-0.34,0.536,
27,0.457,0.048,
28,1.237,-0.781,
29,-0.52,-0.012,
30,0.875,-0.928,
31,0.028,-0.388,
32,0.189,-0.743,
33,-1.108,-0.828,
34,-0.522,-0.254,
35,-0.153,0.896,
36,0.763,0.12,
37,0.192,0.117,
38,0.703,0.014,
39,1.955,-0.506,
40,0.008,-0.814,
41,0.309,-0.062,
42,1.612,-0.531,
43,0.086,-0.396,
44,0.169,0.144,
45,-0.946,0.609,
46,0.65,0.162,
47,-0.571,-0.076,
48,0.067,-0.849,
49,0.146,0.253,
50,0.685,-0.39,
51,-0.53,-1.502,
52,-0.035,-0.141,
53,0.841,-0.582,
54,-0.289,0.462,
55,-0.272,-0.221,
56,1.293,1.035,
57,-0.059,0.367,
58,-0.019,0.357,
59,0.15,0.889,
60,0.061,0.1,
61,-0.33,-0.17,
62,2.253,-1.016,
63,0.121,-0.008,
64,-0.854,-1.538,
65,0.678,0.314,
66,-0.291,0.201,
67,0.497,0.122,
68,1.059,-0.387,
69,1.285,0.028,
70,0.18,0.54,
71,1.612,1.068,
72,0.279,-0.602,
73,-0.702,0.155,
74,-0.261,0.214,
75,-0.771,-1.689,
76,-0.99,-1.591,
77,0.341,-0.115,
78,-0.657,0.287,
79,-0.3,0.672,
80,-0.259,-0.713,
81,-0.424,-0.089,
82,-2.388,-0.061,
83,-1.256,-0.284,
84,0.385,0.813,
85,-0.049,-0.451,
86,0.3,-1.762,
87,-1.27,0.079,
88,1.344,-2.958,
89,0.912,-2.058,
90,0.673,-0.705,
91,0.477,-0.685,
92,0.19,-0.193,
93,0.868,-0.792,
94,1.064,0.564,
95,-0.983,-1.379,
96,-0.351,1.388,
97,0.127,-0.535,
98,-0.271,2.15,
99,0.536,0.348,
100,0.955,0.549,
101,-0.15,-0.019,
102,0.21,0.221,
103,1.946,0.038,
104,-0.197,-0.259,
105,-0.38,-0.382,
106,-0.492,-0.66,
107,0.242,0.823,
108,1.337,-1.748,
109,0.153,-0.58,
110,0.286,-0.511,
111,1.135,0.681,
112,0.145,-0.53,
113,0.523,0.816,
114,-1.584,-0.438,
115,-0.724,1.137,
116,-0.186,-0.281,
117,0.458,1.367,
118,0.397,1.178,
119,-0.404,-0.474,
120,0.246,-1.091,
121,-0.943,-0.435,
122,1.162,0.467,
123,-0.932,-0.186,
124,0.156,0.27,
125,-0.057,-1.731,
126,0.612,-1.633,
127,-0.41,-1.137,
128,0.243,0.16,
129,0.079,-0.884,
130,1.716,-0.324,
131,-0.408,-0.44,
132,-0.23,0.093,
133,-0.304,0.55,
134,-0.582,-0.326,
135,0.439,-1.054,
136,0.75,0.315,
137,0.664,0.24,
138,-0.322,-0.36,
139,0.94,0.947,
140,-0.159,-0.268,
141,0.566,1.553,
142,0.932,0.959,
143,0.799,-0.165,
144,-0.234,-0.25,
145,0.045,-0.263,
146,-0.061,0.325,
147,0.376,-0.572,
148,0.638,-0.599,
149,0.553,0.864,
150,1.013,-0.643,
151,0.011,-0.533,
152,0.032,-0.675,
153,0.694,-0.966,
154,0.214,-0.292,
155,-0.034,-0.68,
156,-0.818,0.626,
157,0.89,-0.871,
158,0.004,-0.736,
159,0.143,0.116,
160,-0.163,-0.025,
161,0.083,-1.482,
162,-0.368,0.227,
163,1.478,-0.538,
