1,1.908,-0.288,
2,-0.208,1.02,
3,1.842,-0.954,
4,0.17,-0.648,
5,1.318,-0.244,
6,0.559,1.998,
7,2.753,0.301,
8,1.938,-0.281,
9,1.85,-0.255,
10,-0.147,-0.26,
11,-1.705,0.562,
12,1.289,1.1,
13,1.054,0.221,
14,1.52,1.696,
15,-0.613,-0.463,
16,0.007,-0.445,
17,-0.289,0.326,
18,0.346,0.211,
19,-0.647,-1.279,
20,-0.302,-1.092,
21,-0.285,-2.27,
22,0.518,-0.817,
23,-1.16,-0.966,
24,0.021,0.392,
25,-0.081,0.228,
26,1.681,-0.262,
27,2.63,-0.171,
28,2.159,-0.406,
29,2.345,1.404,
30,1.125,0.032,
31,-0.039,0.415,
32,1.874,-1.074,
33,-0.247,-2.839,
34,-1.54,0.76,
35,1.005,0.966,
36,-0.125,0.347,
37,-0.23,-1.134,
38,0.245,-1.518,
39,-0.861,0.671,
40,-0.328,-0.133,
41,1.772,-0.73,
42,0.082,-0.782,
43,1.567,-0.373,
44,0.756,0.672,
45,0.624,0.605,
46,0.592,0.478,
47,-0.922,-0.384,
48,-0.197,0.949,
49,-0.667,-1.06,
50,0.859,-1.248,
51,1.682,-0.324,
52,0.777,-0.2,
53,-0.354,2.391,
54,3.055,0.11,
55,0.923,-0.747,
56,2.195,-0.052,
57,0.08,2.381,
58,1.889,1.437,
59,1.176,-1.636,
60,0.597,1.561,
61,-1,0.311,
62,3.027,0.279,
63,1.03,0.455,
64,-0.917,-2.685,
65,0.741,0.563,
66,-0.242,0.095,
67,0.922,-0.807,
68,-0.766,-0.056,
69,-2.826,1.468,
70,1.711,1.399,
71,0.211,-0.143,
72,0.253,0.084,
73,0.127,-1.174,
74,1.414,-0.216,
75,0.322,1.872,
76,0.91,-0.956,
77,0.139,0.008,
78,0.598,0.885,
79,-0.17,0.09,
80,-0.981,-0.882,
81,-0.044,-0.704,
82,-1.634,-0.038,
83,1.548,-0.648,
84,0.618,-0.324,
85,0.343,2.49,
86,-0.733,-1.679,
87,0.997,-2.383,
88,0.934,0.564,
89,2.272,-1.298,
90,0.142,-1.099,
91,1.728,2.263,
92,1.648,-0.36,
93,1.583,0.875,
94,1.523,-0.588,
95,0.097,1.846,
96,3.874,-1.765,
97,1.755,0.593,
98,-0.284,0.119,
99,-0.181,1.828,
100,3.043,-3.663,
101,0.909,-1.778,
102,0.35,-1.02,
103,-0.116,1.231,
104,1.025,-0.603,
105,1.9,-0.272,
106,1.822,-1.401,
107,1.809,1.629,
108,-0.195,-0.789,
109,-0.248,-0.294,
110,-0.17,-0.677,
111,1.52,1.579,
112,0.369,-0.005,
113,0.79,0.648,
114,0.878,0.749,
115,-0.713,-1.608,
116,1.686,-1.696,
117,1.585,-1.87,
118,1.603,-1.334,
119,1.792,0.693,
120,0.57,0.001,
121,0.803,1.329,
122,-1.103,0.863,
123,1.566,0.64,
124,1.495,-0.427,
125,-0.111,1.302,
126,2.059,-0.775,
127,1.081,0.892,
128,1.27,0.348,
129,1.524,0.882,
130,2.521,-0.002,
131,1.156,1.544,
132,0.677,0.159,
133,0.456,-0.694,
134,0.385,0.393,
135,-1.151,-0.169,
136,0.798,-0.636,
137,-0.139,-0.597,
138,1.115,0.196,
139,0.731,-1.43,
140,0.739,1.134,
141,-0.122,-0.936,
142,1.192,-0.939,
143,0.735,-0.819,
144,0.952,0.624,
145,-0.112,0.345,
146,1.022,-0.147,
147,-1.109,-0.172,
148,-1.676,-1.035,
149,0.021,-1.716,
150,1.742,-1.509,
151,0.731,1.803,
152,1.235,-0.083,
153,1.412,-1.485,
154,-0.645,-0.174,
155,1.17,-1.232,
156,-0.459,-1.715,
157,-2.492,-0.817,
158,1.027,0.219,
159,1.287,0.032,
160,0.91,1.829,
161,0.515,-0.193,
162,-1.616,-1.388,
163,-0.126,-1.602,
