1,1.974,-0.29,
2,0.407,0.803,
3,1.761,-0.955,
4,0.779,-0.873,
5,1.346,-0.254,
6,0.35,1.701,
7,2.503,0.456,
8,2.118,-0.12,
9,1.944,-0.568,
10,0.264,-0.244,
11,-0.04,0.584,
12,1.781,0.54,
13,1.526,0.283,
14,1.488,1.229,
15,-0.07,-0.354,
16,0.05,-0.748,
17,0.198,0.069,
18,0.644,-0.051,
19,-0.369,-1.089,
20,0.27,-1.338,
21,0.542,-2.23,
22,0.919,-0.563,
23,-0.86,-0.819,
24,0.577,-0.13,
25,0.305,0.045,
26,1.78,-0.362,
27,2.391,-0.466,
28,2.04,-0.374,
29,2.257,1.061,
30,1.208,0.02,
31,0.639,0.347,
32,1.93,-0.872,
33,0.66,-2.403,
34,-0.838,0.345,
35,1.43,0.892,
36,0.138,0.011,
37,0.35,-0.946,
38,0.293,-0.695,
39,-0.442,0.404,
40,0.41,-0.22,
41,1.881,-0.59,
42,0.877,-0.484,
43,1.452,-0.233,
44,1.061,0.414,
45,0.812,0.516,
46,0.728,0.315,
47,-0.274,-0.599,
48,0.762,0.64,
49,-0.256,-1.302,
50,0.886,-1.252,
51,1.716,-0.454,
52,1.057,-0.226,
53,0.369,1.6,
54,2.805,0.293,
55,0.96,-0.744,
56,1.956,0.094,
57,0.429,2.166,
58,1.613,0.853,
59,1.549,-1.783,
60,0.957,1.027,
61,-0.021,0.767,
62,3.471,-0.059,
63,1.389,0.391,
64,-0.616,-2.201,
65,1.35,0.166,
66,0.53,0.162,
67,1.327,-0.831,
68,0.035,-0.378,
69,-0.982,0.882,
70,1.857,0.512,
71,0.519,-0.364,
72,0.745,-0.08,
73,0.788,-1.003,
74,1.784,-0.304,
75,0.609,0.88,
76,1.151,-1.194,
77,0.758,-0.063,
78,0.812,0.357,
79,0.09,-0.134,
80,-0.52,-1.085,
81,0.071,-0.679,
82,-0.594,-0.281,
83,1.499,-0.511,
84,0.979,-0.467,
85,1.131,1.606,
86,-0.213,-1.668,
87,1.217,-1.95,
88,0.962,0.203,
89,2.363,-0.855,
90,0.274,-0.942,
91,1.998,1.882,
92,1.773,-0.469,
93,1.265,0.709,
94,1.473,-0.946,
95,0.544,1.153,
96,3.374,-1.64,
97,1.568,-0.029,
98,0.168,-0.152,
99,0.553,0.996,
100,2.555,-2.826,
101,0.917,-1.176,
102,0.549,-0.965,
103,0.064,1.074,
104,1.195,-0.672,
105,1.688,-0.416,
106,2.199,-0.938,
107,2.489,1.186,
108,0.398,-0.877,
109,0.41,-0.334,
110,0.489,-0.51,
111,1.289,0.926,
112,0.554,0.036,
113,1.031,0.291,
114,1.22,0.159,
115,-0.101,-1.676,
116,1.647,-1.405,
117,1.909,-1.568,
118,1.526,-0.863,
119,1.692,0.316,
120,0.886,-0.368,
121,1.192,1.091,
122,-0.057,0.824,
123,1.567,-0.071,
124,1.771,-0.607,
125,0.013,0.553,
126,2.382,-0.604,
127,1.423,0.309,
128,1.293,0.125,
129,1.652,0.677,
130,2.63,-0.158,
131,1.347,1.107,
132,0.954,-0.028,
133,0.868,-0.879,
134,0.445,0.099,
135,-0.319,-0.502,
136,1.192,-0.694,
137,0.25,-0.496,
138,1.316,-0.082,
139,0.906,-0.931,
140,1.199,0.714,
141,0.449,-1.081,
142,1.097,-1.149,
143,0.819,-0.431,
144,0.859,0.853,
145,0.578,-0.026,
146,1.722,-0.059,
147,-0.284,-0.245,
148,-0.762,-0.898,
149,0.073,-2.384,
150,1.538,-1.117,
151,1.203,1.426,
152,1.388,-0.048,
153,1.399,-1.269,
154,-0.106,-0.34,
155,1.153,-0.921,
156,0.38,-1.629,
157,-0.983,-0.907,
158,1.408,0.017,
159,1.325,0.045,
160,1.063,1.363,
161,1.19,-0.299,
162,-0.755,-1.191,
163,0.468,-1.756,
