1,0.645,1.82,
2,-0.121,-0.201,
3,-1.808,-0.368,
4,-0.14,1.001,
5,-0.986,0.473,
6,-2.79,0.279,
7,-1.56,2.652,
8,-0.922,0.136,
9,-1.201,0.697,
10,-0.881,0.739,
11,0.652,1.679,
12,0.899,-0.848,
13,0.092,0.77,
14,-2.062,0.895,
15,-2.638,-0.454,
16,0.412,1.445,
17,-1.739,0.725,
18,0.552,1.066,
19,-0.154,0.836,
20,-0.169,0.794,
21,1.358,-0.573,
22,-0.062,-0.394,
23,-0.837,-0.463,
24,-1.2,0.441,
25,-1.541,0.492,
26,-0.572,0.635,
27,-1.235,0.295,
28,1.238,0.605,
29,-0.334,0.188,
30,-0.074,2.065,
31,0.209,1.183,
32,-0.084,0.033,
33,-1.404,1.335,
34,0.002,0.689,
35,-0.568,1.772,
36,-1.78,1.287,
37,-0.255,0.233,
38,0.091,-0.105,
39,-0.308,2.971,
40,-1.126,0.007,
41,-0.814,-0.348,
42,1.227,-0.716,
43,0.069,0.418,
44,0.168,2.233,
45,-0.848,0.28,
46,0.065,1.25,
47,-0.501,0.419,
48,0.488,-0.244,
49,-0.638,-0.897,
50,0.032,-0.306,
51,-0.692,0.615,
52,-0.032,0.713,
53,-0.281,0.074,
54,-1.235,0.051,
55,0.327,-0.183,
56,-0.267,0.945,
57,0.813,1.025,
58,-0.74,0.708,
59,-2.279,1.391,
60,-0.17,-0.268,
61,-1.138,2.288,
62,0.574,-0.142,
63,-0.189,0.116,
64,-0.788,-0.709,
65,-0.346,-0.182,
66,0.593,0.785,
67,-1.542,0.147,
68,-1.08,0.933,
69,-0.303,1.234,
70,0.494,0.297,
71,-0.533,0.955,
72,-1.13,1.586,
73,-0.76,0.087,
74,-0.557,0.626,
75,-1.616,2.455,
76,0.012,0.706,
77,-0.378,-0.307,
78,1.033,1.217,
79,-0.897,0.15,
80,-0.907,1.233,
81,0.606,0.289,
82,-1.15,0.439,
83,0.626,0.383,
84,-0.996,0.488,
85,0.35,1.304,
86,-1.562,0.382,
87,-0.842,-0.97,
88,0.111,1.168,
89,0.541,0.013,
90,-0.768,0.792,
91,-0.543,0.645,
92,-1.184,0.682,
93,0.982,1.885,
94,-0.807,0.427,
95,-0.799,0.035,
96,0.503,-0.778,
97,0.433,0.454,
98,-1.441,0.345,
99,-0.62,-0.042,
100,-0.744,1.282,
101,0.007,1.079,
102,-1.075,0.067,
103,0.583,0.347,
104,-0.36,0.198,
105,-0.172,1.571,
106,-0.207,1.214,
107,1.571,1.66,
108,0.2,0.962,
109,-1.098,-0.376,
110,0.208,0.795,
111,0.002,-0.706,
112,-1.311,1.122,
113,-1.176,0.285,
114,0.166,0.151,
115,-0.321,-0.946,
116,0.454,1.153,
117,-0.843,0.006,
118,-0.273,1.133,
119,0.925,1.023,
120,0.283,0.258,
121,-0.269,-0.149,
122,-0.39,0.289,
123,-1.458,0.382,
124,-0.942,-0.444,
125,-0.429,0.979,
126,-0.708,1.029,
127,0.026,-0.802,
128,-0.153,0.512,
129,0.29,0.561,
130,1.236,-0.269,
131,-0.698,2.24,
132,-0.587,1.01,
133,-0.527,1.467,
134,-1.467,-0.373,
135,-1.524,-1.118,
136,0.041,-0.259,
137,-0.635,0.997,
138,0.67,0.916,
139,-0.64,-0.213,
140,-0.299,-0.521,
141,-0.464,-0.112,
142,0.102,-0.277,
143,-0.726,2.226,
144,-0.624,0.664,
145,-0.375,-0.877,
146,-0.496,1.05,
147,-0.205,0.199,
148,-0.454,-0.198,
149,0.638,-2.308,
150,-0.46,0.45,
151,1.623,0.496,
152,-0.165,0.708,
153,-0.268,0.402,
154,-1.263,1.907,
155,-0.746,0.051,
156,-1.766,-0.33,
157,0.138,0.453,
158,0.622,-0.228,
159,0.507,-0.639,
160,-0.492,0.235,
161,0.111,0.991,
162,-0.868,0.686,
163,0.407,-1.081,
