1,1.607,-0.194,
2,1.364,-0.608,
3,1.438,-0.314,
4,1.606,-0.498,
5,1.401,-0.026,
6,-0.101,0.007,
7,1.839,0.283,
8,1.939,-0.036,
9,1.211,-0.903,
10,0.888,0.245,
11,1.922,-0.071,
12,1.796,-0.66,
13,1.926,0.088,
14,0.951,-0.097,
15,1.096,-0.526,
16,1.327,-0.743,
17,1.003,-0.181,
18,1.199,-0.404,
19,1.096,-0.07,
20,1.433,-0.581,
21,1.512,-0.641,
22,1.358,-0.51,
23,0.82,-0.692,
24,1.351,-0.495,
25,1.203,-0.027,
26,1.802,-0.036,
27,1.811,-0.562,
28,1.686,-0.281,
29,1.571,-0.035,
30,1.225,0.141,
31,1.448,0.209,
32,1.502,-0.676,
33,1.751,-0.619,
34,0.622,-0.633,
35,1.87,0.795,
36,0.716,-0.318,
37,1.549,-0.459,
38,1.333,-0.037,
39,1.38,-0.257,
40,1.378,-0.45,
41,1.902,-0.078,
42,1.906,0.199,
43,1.577,-0.252,
44,1.658,-0.012,
45,1.478,0.04,
46,1.204,-0.468,
47,0.908,-0.832,
48,2.236,-0.132,
49,1.178,-1.023,
50,0.897,-0.916,
51,1.533,-0.271,
52,1.325,-0.208,
53,1.495,-0.447,
54,1.515,0.174,
55,1.129,-0.935,
56,1.211,-0.057,
57,1.328,-0.109,
58,1.147,-0.021,
59,1.408,-0.887,
60,1.332,-0.353,
61,1.773,0.024,
62,1.884,-0.148,
63,1.446,0.01,
64,0.787,-1.088,
65,1.864,-0.523,
66,1.645,0.251,
67,1.234,-0.698,
68,1.455,-0.387,
69,1.574,0.117,
70,1.558,-0.737,
71,1.264,-0.626,
72,1.671,-0.284,
73,1.356,-0.205,
74,1.831,-0.308,
75,1.237,-0.524,
76,1.556,-0.658,
77,1.431,-0.353,
78,1.172,-0.254,
79,0.533,-0.42,
80,1.215,-1.09,
81,1.334,-0.472,
82,1.681,-0.382,
83,1.593,-0.462,
84,1.311,-0.419,
85,1.849,-0.288,
86,1.152,-0.178,
87,1.418,-0.984,
88,1.603,-0.718,
89,1.868,-0.341,
90,1.166,-0.518,
91,1.606,0.157,
92,1.566,-0.683,
93,0.984,0.053,
94,1.188,-0.386,
95,1.429,-0.709,
96,1.696,-0.917,
97,1.729,-0.625,
98,0.806,-1.041,
99,1.629,-0.471,
100,1.131,-0.539,
101,1.177,-0.175,
102,1.306,-0.64,
103,1.298,0.226,
104,1.421,-0.569,
105,1.355,-0.641,
106,1.972,-0.084,
107,1.899,0.487,
108,1.292,-0.57,
109,1.429,-0.335,
110,1.945,-0.206,
111,1.222,-0.336,
112,0.512,-0.736,
113,1.345,-0.388,
114,1.39,-0.777,
115,1.221,-1.617,
116,1.655,-0.823,
117,1.84,-0.18,
118,1.336,-0.529,
119,1.41,-0.381,
120,1.363,-0.587,
121,1.256,-0.237,
122,1.959,-0.199,
123,1.26,-1.248,
124,1.919,-0.711,
125,0.842,-0.873,
126,1.773,-0.628,
127,1.683,-0.756,
128,1.268,-0.164,
129,1.646,-0.314,
130,2.097,-0.46,
131,1.75,0.587,
132,1.041,-0.396,
133,1.201,-0.681,
134,0.961,-0.222,
135,1.04,-0.925,
136,1.609,-0.548,
137,0.821,-0.293,
138,1.131,-0.591,
139,0.971,-0.961,
140,1.491,-0.11,
141,1.308,-1.076,
142,1.163,-0.948,
143,1.232,0.018,
144,1.148,-0.122,
145,1.175,-0.72,
146,2.199,0.001,
147,1.366,-0.477,
148,1.051,-0.428,
149,1.241,-2.769,
150,0.483,-0.266,
151,2.105,0.071,
152,1.144,-0.033,
153,1.575,-0.771,
154,1.004,-0.696,
155,0.813,-0.607,
156,1.145,-0.54,
157,1.082,-0.819,
158,1.712,-0.204,
159,1.595,-0.691,
160,1.126,0.085,
161,1.581,-0.675,
162,0.995,-0.343,
163,2.101,-1.136,
