1,1.881,-0.455,
2,-0.209,1.14,
3,2.033,-0.983,
4,0.085,-0.655,
5,1.319,-0.139,
6,0.746,1.972,
7,2.923,0.021,
8,2.179,-0.205,
9,1.677,-0.231,
10,-0.351,-0.303,
11,-2.002,0.38,
12,1.283,1.012,
13,0.929,0.126,
14,1.519,2.065,
15,-0.605,-0.663,
16,0.021,-0.306,
17,-0.345,0.399,
18,0.303,0.289,
19,-0.686,-1.326,
20,-0.552,-1.242,
21,-0.541,-2.502,
22,0.576,-1.01,
23,-1.266,-1.07,
24,-0.081,0.547,
25,-0.214,0.416,
26,1.775,-0.358,
27,2.961,-0.154,
28,2.357,-0.517,
29,2.578,1.493,
30,1.153,0.001,
31,-0.18,0.501,
32,1.852,-1.21,
33,-0.283,-2.967,
34,-1.881,0.914,
35,0.943,0.944,
36,-0.252,0.416,
37,-0.282,-1.265,
38,0.06,-1.745,
39,-1.101,0.69,
40,-0.476,-0.104,
41,2.053,-0.667,
42,-0.064,-0.891,
43,1.722,-0.483,
44,0.743,0.813,
45,0.608,0.766,
46,0.587,0.552,
47,-0.853,-0.481,
48,-0.384,1.133,
49,-0.6,-1.166,
50,0.852,-1.615,
51,1.747,-0.126,
52,0.78,-0.184,
53,-0.601,2.667,
54,3.241,-0.115,
55,1.11,-0.788,
56,2.31,-0.116,
57,0.175,2.541,
58,2.002,1.463,
59,1.275,-1.714,
60,0.711,1.667,
61,-1.246,0.355,
62,2.975,0.377,
63,0.926,0.548,
64,-1.017,-2.999,
65,0.741,0.748,
66,-0.497,0.266,
67,1.036,-0.741,
68,-1.107,-0.033,
69,-3.246,1.78,
70,1.787,1.59,
71,0.249,0.035,
72,0.105,0.133,
73,0.012,-1.197,
74,1.443,-0.221,
75,0.528,2.128,
76,0.978,-0.932,
77,0.082,0.057,
78,0.58,1.076,
79,-0.249,0.104,
80,-1.275,-0.974,
81,-0.238,-1.03,
82,-2.144,-0.03,
83,1.851,-0.635,
84,0.694,-0.194,
85,0.374,3.001,
86,-0.853,-1.747,
87,1.114,-2.875,
88,1.14,0.536,
89,2.176,-1.405,
90,0.058,-1.238,
91,1.89,2.46,
92,1.914,-0.365,
93,1.801,0.854,
94,1.7,-0.712,
95,-0.088,1.953,
96,4.089,-1.801,
97,1.953,0.818,
98,-0.172,0.333,
99,-0.288,2.131,
100,3.203,-4.134,
101,1.071,-1.907,
102,0.596,-1.132,
103,-0.007,1.385,
104,1.005,-0.511,
105,2.202,-0.099,
106,2.081,-1.445,
107,1.749,1.885,
108,-0.33,-0.647,
109,-0.383,-0.229,
110,-0.407,-0.767,
111,1.738,1.931,
112,0.295,0.192,
113,0.892,0.823,
114,0.998,0.817,
115,-0.993,-1.692,
116,1.89,-1.896,
117,1.662,-2.133,
118,1.722,-1.442,
119,2.001,0.836,
120,0.574,0.179,
121,0.755,1.619,
122,-1.379,0.898,
123,1.699,0.692,
124,1.692,-0.453,
125,-0.112,1.422,
126,2.383,-0.739,
127,1.061,1.067,
128,1.343,0.261,
129,1.702,1.123,
130,2.721,-0.096,
131,1.112,1.82,
132,0.729,0.23,
133,0.425,-0.505,
134,0.351,0.461,
135,-1.38,0.009,
136,0.818,-0.5,
137,-0.263,-0.673,
138,1.167,0.182,
139,0.862,-1.62,
140,0.836,1.22,
141,-0.1,-0.929,
142,1.398,-0.794,
143,0.671,-0.878,
144,1.079,0.792,
145,-0.257,0.579,
146,0.827,-0.316,
147,-1.304,-0.232,
148,-1.923,-1.24,
149,-0.105,-1.681,
150,1.851,-1.667,
151,0.694,2.057,
152,1.377,-0.131,
153,1.367,-1.45,
154,-0.727,-0.184,
155,1.246,-1.461,
156,-0.586,-1.958,
157,-2.584,-0.657,
158,0.859,0.415,
159,1.46,-0.113,
160,0.973,1.968,
161,0.279,-0.234,
162,-1.854,-1.685,
163,-0.092,-1.52,
