1,1.944,-0.142,
2,-0.186,0.941,
3,1.698,-0.994,
4,0.221,-0.705,
5,1.358,-0.413,
6,0.441,2.024,
7,2.671,0.533,
8,1.97,-0.021,
9,1.894,-0.324,
10,-0.032,-0.277,
11,-1.539,0.625,
12,1.318,1.105,
13,1.151,0.238,
14,1.433,1.836,
15,-0.699,-0.23,
16,-0.112,-0.645,
17,-0.299,0.218,
18,0.368,0.152,
19,-0.658,-1.318,
20,-0.189,-1.059,
21,-0.149,-2.171,
22,0.467,-0.713,
23,-1.124,-0.9,
24,0.109,0.241,
25,0.039,0.047,
26,1.539,-0.295,
27,2.419,-0.186,
28,2.011,-0.349,
29,2.215,1.384,
30,1.128,0.055,
31,0.03,0.363,
32,1.838,-1.003,
33,-0.237,-2.766,
34,-1.338,0.681,
35,1.051,0.936,
36,0.001,0.272,
37,-0.254,-1.068,
38,0.242,-1.387,
39,-0.758,0.628,
40,-0.257,-0.13,
41,1.627,-0.741,
42,0.129,-0.776,
43,1.477,-0.325,
44,0.75,0.592,
45,0.624,0.515,
46,0.589,0.417,
47,-0.934,-0.371,
48,-0.051,0.822,
49,-0.845,-0.996,
50,0.795,-1.109,
51,1.623,-0.459,
52,0.767,-0.22,
53,-0.153,2.143,
54,2.939,0.16,
55,0.806,-0.736,
56,2.135,-0.027,
57,0.05,2.285,
58,1.789,1.356,
59,1.154,-1.625,
60,0.557,1.498,
61,-0.715,0.24,
62,3.134,0.256,
63,1.043,0.383,
64,-0.817,-2.44,
65,0.728,0.452,
66,-0.207,0.093,
67,0.809,-0.874,
68,-0.458,-0.154,
69,-2.475,1.295,
70,1.679,1.293,
71,0.214,-0.223,
72,0.275,-0.032,
73,0.196,-1.171,
74,1.453,-0.22,
75,0.1,1.685,
76,1.085,-0.969,
77,0.138,-0.029,
78,0.662,0.767,
79,-0.132,0.091,
80,-0.862,-0.833,
81,-0.026,-0.625,
82,-1.37,-0.043,
83,1.389,-0.485,
84,0.617,-0.407,
85,0.34,2.189,
86,-0.665,-1.502,
87,0.968,-2.141,
88,0.534,0.605,
89,2.294,-1.225,
90,0.162,-1.025,
91,1.592,2.16,
92,1.504,-0.346,
93,1.442,0.834,
94,1.423,-0.507,
95,0.101,1.793,
96,3.574,-1.679,
97,1.683,0.491,
98,-0.239,0.064,
99,-0.139,1.673,
100,2.944,-3.352,
101,0.809,-1.591,
102,0.114,-0.948,
103,-0.369,1.145,
104,0.998,-0.645,
105,1.716,-0.368,
106,1.602,-1.321,
107,1.765,1.511,
108,-0.132,-0.804,
109,-0.2,-0.357,
110,-0.05,-0.609,
111,1.414,1.403,
112,0.404,-0.087,
113,0.75,0.545,
114,0.865,0.661,
115,-0.418,-1.541,
116,1.511,-1.552,
117,1.452,-1.622,
118,1.54,-1.235,
119,1.671,0.609,
120,0.562,-0.101,
121,0.766,1.163,
122,-0.913,0.895,
123,1.423,0.528,
124,1.378,-0.402,
125,-0.101,1.271,
126,1.956,-0.711,
127,1.132,0.811,
128,1.166,0.379,
129,1.382,0.78,
130,2.373,0.071,
131,1.227,1.348,
132,0.658,0.124,
133,0.511,-0.743,
134,0.397,0.366,
135,-1.014,-0.22,
136,0.775,-0.688,
137,-0.04,-0.518,
138,1.115,0.246,
139,0.617,-1.203,
140,0.642,1.097,
141,-0.145,-0.939,
142,1.061,-1.014,
143,0.758,-0.766,
144,0.857,0.585,
145,-0.038,0.229,
146,1.104,-0.191,
147,-1.033,-0.07,
148,-1.454,-0.77,
149,0.068,-1.693,
150,1.789,-1.739,
151,0.716,1.734,
152,1.145,-0.012,
153,1.461,-1.428,
154,-0.551,-0.116,
155,1.164,-1.039,
156,-0.462,-1.74,
157,-2.491,-0.943,
158,1.152,0.077,
159,1.118,0.258,
160,0.847,1.796,
161,0.676,-0.111,
162,-1.456,-1.109,
163,-0.123,-1.773,
