1,1.777,-0.404,
2,0.824,0.616,
3,1.891,-0.713,
4,1.078,-0.787,
5,1.233,0.043,
6,0.209,1.351,
7,2.521,0.146,
8,2.218,-0.174,
9,1.865,-0.616,
10,0.379,-0.131,
11,0.704,0.181,
12,2.003,0.122,
13,1.618,0.359,
14,1.33,0.846,
15,0.398,-0.57,
16,0.417,-0.594,
17,0.569,0.096,
18,0.782,-0.122,
19,-0.13,-0.713,
20,0.524,-1.445,
21,1.026,-2.212,
22,1.24,-0.579,
23,-0.662,-0.816,
24,0.783,-0.217,
25,0.461,0.245,
26,2.048,-0.309,
27,2.435,-0.617,
28,2.151,-0.395,
29,2.218,0.772,
30,1.195,-0.017,
31,1.042,0.354,
32,1.939,-0.787,
33,1.331,-1.995,
34,-0.495,0.108,
35,1.636,0.958,
36,0.1,-0.046,
37,0.853,-0.847,
38,0.348,-0.257,
39,-0.092,0.139,
40,0.805,-0.312,
41,2.097,-0.414,
42,1.47,-0.121,
43,1.395,-0.191,
44,1.243,0.323,
45,0.942,0.567,
46,0.852,0.115,
47,0.329,-0.769,
48,1.166,0.592,
49,0.381,-1.42,
50,0.946,-1.393,
51,1.645,-0.278,
52,1.204,-0.169,
53,0.477,1.188,
54,2.507,0.295,
55,1.121,-0.715,
56,1.765,0.129,
57,0.759,1.877,
58,1.463,0.491,
59,1.839,-1.695,
60,1.183,0.725,
61,0.375,0.984,
62,3.159,0.028,
63,1.474,0.454,
64,-0.374,-2.112,
65,1.756,0.036,
66,0.886,0.255,
67,1.651,-0.719,
68,0.435,-0.503,
69,0.029,0.623,
70,1.884,0.04,
71,0.827,-0.433,
72,1.014,-0.048,
73,1.114,-0.81,
74,1.892,-0.329,
75,1.033,0.445,
76,1.306,-1.252,
77,1.187,-0.035,
78,0.87,0.185,
79,0.222,-0.292,
80,-0.314,-1.238,
81,-0.021,-0.861,
82,-0.098,-0.426,
83,1.658,-0.533,
84,1.18,-0.422,
85,1.643,1.278,
86,0.152,-1.725,
87,1.354,-1.934,
88,1.426,-0.254,
89,2.353,-0.636,
90,0.355,-0.882,
91,2.264,1.704,
92,1.971,-0.56,
93,1.169,0.523,
94,1.506,-1.272,
95,0.726,0.595,
96,3.172,-1.561,
97,1.515,-0.375,
98,0.395,-0.346,
99,1.029,0.568,
100,2.202,-2.399,
101,0.947,-0.961,
102,0.996,-0.956,
103,0.673,0.978,
104,1.334,-0.684,
105,1.648,-0.397,
106,2.71,-0.661,
107,2.722,1.026,
108,0.758,-0.776,
109,0.803,-0.26,
110,0.882,-0.428,
111,1.283,0.569,
112,0.588,0.057,
113,1.234,0.175,
114,1.426,-0.171,
115,-0.059,-1.756,
116,1.882,-1.379,
117,2.12,-1.245,
118,1.482,-0.643,
119,1.725,0.191,
120,1.058,-0.451,
121,1.443,0.931,
122,0.565,0.505,
123,1.741,-0.378,
124,2.089,-0.721,
125,0.122,0.049,
126,2.662,-0.608,
127,1.474,-0.027,
128,1.43,-0.097,
129,1.938,0.591,
130,2.835,-0.372,
131,1.366,0.997,
132,1.105,-0.115,
133,1.051,-0.92,
134,0.434,-0.09,
135,0.14,-0.667,
136,1.421,-0.653,
137,0.341,-0.539,
138,1.33,-0.387,
139,1.111,-1.023,
140,1.606,0.457,
141,0.877,-1.157,
142,1.2,-1.137,
143,0.771,-0.182,
144,1.024,0.871,
145,0.903,-0.174,
146,2.049,0.041,
147,0.179,-0.477,
148,-0.317,-1.105,
149,0.206,-2.72,
150,1.328,-0.627,
151,1.523,1.138,
152,1.527,-0.156,
153,1.359,-1.111,
154,0.14,-0.586,
155,1.075,-0.996,
156,0.795,-1.633,
157,-0.07,-0.784,
158,1.399,0.023,
159,1.572,-0.411,
160,1.224,0.974,
161,1.331,-0.564,
162,-0.282,-1.213,
163,0.966,-1.51,
