1,1.803,-0.373,
2,0.989,0.826,
3,1.48,-1.05,
4,0.966,-0.972,
5,1.195,0.002,
6,0.238,1.179,
7,2.03,0.441,
8,1.992,0.104,
9,1.609,-0.834,
10,0.419,-0.45,
11,0.929,0.132,
12,1.849,0.131,
13,1.887,-0.244,
14,1.254,0.796,
15,0.375,-0.424,
16,0.644,-0.288,
17,0.097,-0.339,
18,0.739,-0.394,
19,0.119,-0.529,
20,0.55,-1.059,
21,0.72,-1.842,
22,0.896,-0.317,
23,-0.259,-1.13,
24,0.945,-0.71,
25,0.277,0.258,
26,1.54,-0.302,
27,2.06,-0.641,
28,1.862,-0.312,
29,1.874,0.641,
30,1.304,0.086,
31,0.73,0.319,
32,1.774,-0.776,
33,1.07,-1.79,
34,-0.213,0.177,
35,1.688,0.671,
36,0.505,-0.131,
37,0.509,-0.838,
38,0.383,-0.266,
39,0.211,0.002,
40,0.559,-0.119,
41,1.829,-0.559,
42,1.421,-0.159,
43,1.116,0.025,
44,1.114,0.321,
45,0.974,0.399,
46,0.787,0.309,
47,0.022,-0.85,
48,1.268,0.29,
49,0.7,-0.986,
50,0.562,-1.146,
51,1.458,-0.562,
52,1.157,-0.268,
53,0.624,0.794,
54,2.289,0.05,
55,0.882,-0.914,
56,1.631,0.08,
57,0.504,1.883,
58,1.496,0.64,
59,1.168,-1.571,
60,1.192,0.472,
61,-0.081,0.562,
62,2.989,-0.034,
63,1.037,0.167,
64,0.021,-1.726,
65,1.468,-0.041,
66,0.563,0.204,
67,1.101,-0.859,
68,0.562,-0.113,
69,-0.044,0.616,
70,1.862,0.223,
71,0.788,-0.524,
72,0.899,-0.197,
73,0.858,-0.749,
74,2.132,-0.34,
75,0.731,0.099,
76,1.332,-1.185,
77,0.584,-0.228,
78,0.866,0.215,
79,0.22,-0.125,
80,-0.101,-1.137,
81,0.125,-0.4,
82,0.053,-0.329,
83,1.227,-0.425,
84,1.209,-0.385,
85,1.137,1.074,
86,0.117,-1.262,
87,1.459,-1.498,
88,0.486,0.117,
89,1.68,-0.6,
90,0.135,-0.831,
91,1.965,1.384,
92,1.699,-0.462,
93,0.961,0.583,
94,1.28,-0.633,
95,0.94,0.737,
96,2.779,-1.501,
97,1.63,-0.032,
98,0.275,-0.43,
99,0.632,0.62,
100,2.053,-2.023,
101,1.262,-0.925,
102,0.841,-0.888,
103,0.793,0.689,
104,1.013,-0.589,
105,1.445,-0.606,
106,1.88,-0.719,
107,2.529,1.013,
108,0.794,-0.646,
109,0.596,-0.263,
110,1.045,-0.209,
111,1.279,0.382,
112,0.436,-0.166,
113,0.794,0.117,
114,1.4,0.057,
115,-0.343,-1.658,
116,1.357,-1.133,
117,1.749,-0.985,
118,1.415,-0.795,
119,1.619,-0.013,
120,1.026,-0.53,
121,1.316,0.624,
122,0.702,0.359,
123,1.251,-0.426,
124,1.653,-0.681,
125,0.166,0.28,
126,2.221,-0.435,
127,1.653,0.067,
128,1.163,0.126,
129,1.281,0.579,
130,2.358,-0.192,
131,1.473,0.559,
132,0.975,-0.165,
133,1.039,-0.902,
134,0.593,0.028,
135,0.253,-0.569,
136,0.904,-0.613,
137,0.596,-0.144,
138,1.338,-0.054,
139,1.04,-0.97,
140,0.874,0.775,
141,0.481,-0.892,
142,0.962,-1.199,
143,0.928,-0.302,
144,0.718,0.385,
145,0.791,-0.276,
146,1.865,0.218,
147,0.365,0.136,
148,-0.567,-1.166,
149,0.29,-2.035,
150,1.444,-1.176,
151,1.197,1.34,
152,1.184,0.288,
153,1.342,-1.144,
154,0.289,-0.093,
155,1.43,-0.361,
156,0.617,-1.383,
157,-0.026,-0.517,
158,1.402,-0.05,
159,1.459,-0.54,
160,1.163,0.77,
161,1.383,-0.111,
162,-0.034,-0.873,
163,1.225,-1.552,
