1,1.687,-0.13,
2,1.207,0.13,
3,1.782,-0.48,
4,1.37,-0.701,
5,1.2,0.132,
6,-0.125,1.053,
7,2.409,0.369,
8,2.225,0.051,
9,1.614,-0.771,
10,0.608,0.025,
11,1.448,-0.133,
12,2.04,-0.326,
13,1.804,0.41,
14,0.971,0.546,
15,0.687,-0.404,
16,0.795,-0.604,
17,0.878,0.011,
18,0.958,-0.236,
19,0.313,-0.267,
20,1.005,-1.134,
21,1.472,-1.621,
22,1.437,-0.521,
23,-0.232,-0.741,
24,1.058,-0.384,
25,0.799,0.248,
26,2.064,-0.244,
27,2.183,-0.695,
28,2.018,-0.352,
29,1.946,0.393,
30,1.18,-0.016,
31,1.377,0.293,
32,1.782,-0.659,
33,1.865,-1.378,
34,0.084,-0.259,
35,1.875,1.054,
36,0.276,-0.177,
37,1.268,-0.665,
38,0.786,0.127,
39,0.683,-0.064,
40,1.21,-0.398,
41,2.083,-0.215,
42,1.903,0.204,
43,1.397,-0.175,
44,1.441,0.137,
45,1.146,0.425,
46,0.924,-0.169,
47,0.743,-0.78,
48,1.698,0.337,
49,0.878,-1.35,
50,0.93,-1.292,
51,1.598,-0.174,
52,1.286,-0.156,
53,0.869,0.399,
54,1.952,0.331,
55,1.173,-0.721,
56,1.469,0.111,
57,1.052,1.159,
58,1.249,0.141,
59,1.795,-1.36,
60,1.329,0.273,
61,1.138,0.8,
62,2.773,0.028,
63,1.515,0.359,
64,0.128,-1.662,
65,1.999,-0.233,
66,1.24,0.32,
67,1.712,-0.662,
68,1.095,-0.494,
69,1.056,0.262,
70,1.817,-0.58,
71,1.098,-0.574,
72,1.338,-0.128,
73,1.354,-0.542,
74,1.93,-0.327,
75,1,-0.08,
76,1.67,-1.17,
77,1.499,-0.097,
78,1.019,-0.083,
79,0.389,-0.417,
80,0.332,-1.253,
81,0.019,-0.714,
82,0.772,-0.497,
83,1.571,-0.575,
84,1.293,-0.392,
85,1.993,0.546,
86,0.62,-1.202,
87,1.421,-1.593,
88,1.362,-0.63,
89,2.453,-0.398,
90,0.582,-0.723,
91,2.195,1.073,
92,1.878,-0.637,
93,1.01,0.264,
94,1.382,-1.189,
95,1.079,-0.146,
96,2.56,-1.396,
97,1.461,-0.732,
98,0.666,-0.684,
99,1.496,-0.042,
100,1.612,-1.494,
101,0.965,-0.517,
102,0.976,-0.836,
103,1.075,0.693,
104,1.377,-0.663,
105,1.527,-0.557,
106,2.675,-0.349,
107,2.576,0.779,
108,1.103,-0.615,
109,1.216,-0.248,
110,1.473,-0.279,
111,1.202,0.064,
112,0.596,-0.17,
113,1.247,-0.104,
114,1.524,-0.556,
115,0.378,-1.727,
116,1.853,-1.157,
117,2.048,-0.577,
118,1.459,-0.498,
119,1.586,-0.022,
120,1.198,-0.598,
121,1.456,0.409,
122,1.453,0.103,
123,1.657,-0.787,
124,2.16,-0.764,
125,0.272,-0.562,
126,2.424,-0.606,
127,1.562,-0.426,
128,1.409,-0.227,
129,1.958,0.255,
130,2.694,-0.509,
131,1.549,0.662,
132,1.161,-0.246,
133,1.203,-0.902,
134,0.535,-0.246,
135,0.688,-0.861,
136,1.578,-0.625,
137,0.542,-0.478,
138,1.289,-0.563,
139,1.13,-0.975,
140,1.791,0.123,
141,1.225,-1.175,
142,1.174,-1.116,
143,0.85,-0.043,
144,1.091,0.485,
145,1.165,-0.441,
146,2.299,0.058,
147,0.772,-0.571,
148,0.385,-0.964,
149,0.697,-2.975,
150,1.112,-0.462,
151,1.826,0.697,
152,1.457,-0.162,
153,1.357,-1.027,
154,0.529,-0.736,
155,0.918,-0.86,
156,1.009,-1.381,
157,0.552,-0.946,
158,1.63,-0.32,
159,1.638,-0.654,
160,1.274,0.539,
161,1.54,-0.683,
162,0.378,-0.824,
163,1.45,-1.521,
