1,1.003,-0.768,
2,1.005,-1.022,
3,0.399,-0.981,
4,1.162,-0.429,
5,1.132,-0.591,
6,-0.289,-1.135,
7,1.075,-0.596,
8,1.318,-0.826,
9,0.774,-1.52,
10,0.21,-0.406,
11,1.487,-0.642,
12,1.069,-1.271,
13,1.586,-0.936,
14,0.634,-0.678,
15,0.632,-1.228,
16,0.939,-1.105,
17,0.576,-0.5,
18,1,-1.024,
19,1.184,-0.635,
20,1.098,-1.11,
21,0.909,-1.209,
22,0.505,-1.191,
23,1.036,-1.19,
24,0.907,-0.983,
25,0.767,-0.661,
26,1.32,-0.445,
27,1.139,-0.873,
28,1.079,-0.684,
29,0.897,-0.681,
30,0.678,-0.65,
31,1.038,-0.369,
32,0.873,-0.97,
33,0.994,-1.058,
34,0.439,-1.156,
35,1.427,-0.161,
36,0.534,-0.736,
37,1.071,-0.711,
38,0.733,-0.963,
39,0.818,-0.981,
40,1.078,-0.809,
41,1.469,-0.434,
42,1.689,-0.625,
43,1.272,-0.576,
44,1.351,-0.492,
45,0.924,-0.665,
46,0.79,-0.956,
47,0.375,-1.353,
48,1.727,-0.87,
49,0.801,-1.1,
50,0.83,-1.152,
51,0.964,-0.808,
52,0.639,-0.854,
53,1.451,-1.485,
54,1.249,-0.767,
55,0.756,-1.775,
56,1.09,-0.952,
57,0.969,-1.242,
58,0.704,-0.455,
59,0.574,-1.453,
60,0.899,-0.96,
61,0.945,-0.885,
62,1.489,-0.604,
63,0.957,-0.68,
64,0.419,-1.236,
65,1.114,-1.049,
66,1.217,-0.122,
67,0.538,-1.166,
68,0.858,-0.725,
69,1.176,-0.401,
70,0.777,-0.885,
71,0.732,-1.157,
72,1.428,-0.831,
73,0.724,-0.743,
74,1.184,-0.768,
75,0.914,-1.34,
76,0.893,-0.625,
77,0.8,-1.09,
78,0.593,-1.101,
79,0.12,-1.061,
80,0.839,-1.38,
81,0.815,-0.578,
82,1.253,-0.496,
83,1.144,-0.848,
84,0.884,-0.903,
85,1.223,-0.644,
86,0.945,-0.504,
87,0.838,-1.636,
88,1.179,-0.856,
89,0.879,-0.892,
90,1.304,-0.836,
91,1.072,-0.173,
92,0.811,-1.122,
93,0.511,-0.425,
94,0.654,-0.395,
95,1.16,-0.793,
96,0.987,-1.411,
97,1.5,-0.682,
98,0.4,-1.503,
99,0.854,-1.034,
100,0.667,-1.002,
101,0.984,-0.466,
102,1.199,-1.315,
103,0.972,-0.477,
104,0.935,-0.967,
105,0.738,-1.139,
106,0.657,-0.599,
107,1.537,0.126,
108,0.868,-1.132,
109,1.009,-0.881,
110,1.386,-0.518,
111,0.808,-0.76,
112,0.1,-1.166,
113,1.192,-0.979,
114,0.779,-1.387,
115,0.905,-2.002,
116,1.065,-1.178,
117,1.215,-0.852,
118,1.117,-0.896,
119,0.912,-0.799,
120,0.802,-1.239,
121,0.914,-0.641,
122,1.299,-0.805,
123,0.734,-1.779,
124,1.266,-1.155,
125,0.717,-1.32,
126,1.235,-1.035,
127,1.321,-1.253,
128,0.954,-0.534,
129,0.957,-0.937,
130,0.991,-0.587,
131,1.212,0.112,
132,0.538,-1.008,
133,0.743,-0.484,
134,0.898,-0.402,
135,0.88,-1.22,
136,0.87,-1.155,
137,0.523,-0.885,
138,0.761,-0.961,
139,0.586,-1.472,
140,0.959,-0.885,
141,0.693,-1.343,
142,0.851,-1.313,
143,1.372,-0.418,
144,0.83,-0.791,
145,0.662,-1.138,
146,1.774,-0.304,
147,1.011,-0.872,
148,0.446,-0.977,
149,1.109,-2.054,
150,-0.021,-0.819,
151,1.878,-0.571,
152,0.736,-0.462,
153,1.241,-0.964,
154,0.675,-1.151,
155,0.919,-1.281,
156,0.556,-0.602,
157,0.724,-1.152,
158,1.244,-0.524,
159,1.039,-1.057,
160,1.019,-0.791,
161,1.232,-0.97,
162,1.157,-0.858,
163,1.744,-1.29,
