1,0.181,-0.58,
2,0.423,-0.317,
3,1.827,0.326,
4,0.555,0.72,
5,-1.079,0.204,
6,-3.197,2.075,
7,0.848,-1.148,
8,-1.272,-0.015,
9,0.119,-0.542,
10,0.094,1.009,
11,1.015,-1.305,
12,-0.073,-1.167,
13,-1.431,0.651,
14,-2.278,-0.553,
15,-1.623,-2.856,
16,0.388,-0.145,
17,-1.448,-0.037,
18,0.751,0.235,
19,0.463,0.08,
20,-1.302,-0.313,
21,0.577,0.506,
22,-1.289,-0.775,
23,-0.022,0.77,
24,-0.498,1.004,
25,0.294,0.118,
26,-0.737,0.482,
27,0.572,0.422,
28,1.495,-1.148,
29,-0.605,0.546,
30,0.954,-0.616,
31,0.009,-0.258,
32,-0.049,-0.697,
33,-0.292,0.045,
34,-0.33,-0.002,
35,-0.049,0.94,
36,1.739,0.153,
37,-0.01,0.243,
38,1.575,-0.533,
39,1.972,-0.101,
40,-0.018,-0.837,
41,0.307,0.151,
42,1.363,0.085,
43,-0.756,-0.004,
44,0.251,-0.035,
45,-1.388,1.258,
46,0.424,0.513,
47,-0.596,0.256,
48,0.382,-1.465,
49,0.336,-0.097,
50,1.419,-0.324,
51,-0.704,-1.449,
52,-0.091,0.268,
53,1.062,-0.216,
54,0.344,0.474,
55,-0.778,0.211,
56,1.535,0.04,
57,0.225,0.107,
58,-0.006,0.958,
59,-0.401,0.176,
60,-0.048,0.02,
61,-0.399,-0.295,
62,3.07,-0.965,
63,0.949,0.099,
64,-0.339,-1.595,
65,1.746,0.944,
66,-0.375,0.32,
67,0.844,0.058,
68,1.931,-0.532,
69,1.291,0.261,
70,0.358,0.369,
71,2.244,0.636,
72,0.166,-1,
73,-1.261,-0.285,
74,-0.396,0.307,
75,-2.033,-1.555,
76,-0.062,-1.35,
77,0.187,0.145,
78,-0.039,0.436,
79,-0.191,1.445,
80,-0.874,-1.285,
81,-0.297,0.256,
82,-2.114,-0.201,
83,-0.965,-0.844,
84,0.796,2.088,
85,0.414,-0.615,
86,-0.104,-2.062,
87,-1.614,0.453,
88,0.493,-2.538,
89,1.716,-1.332,
90,0.32,-0.764,
91,-0.024,0.002,
92,0.358,0.363,
93,1.034,-1.541,
94,1.351,0.16,
95,-0.701,-1.495,
96,-0.32,0.995,
97,0.265,-0.453,
98,0.37,1.812,
99,0.731,0.82,
100,1.539,0.307,
101,0.015,-0.095,
102,-0.958,0.498,
103,1.677,0.842,
104,-0.446,-0.148,
105,-1.118,0.264,
106,-0.714,-0.525,
107,0.408,1.46,
108,1.027,-2.1,
109,0.318,-0.658,
110,0.308,-0.277,
111,1.094,0.095,
112,0.467,-0.524,
113,0.418,-0.168,
114,-1.636,-0.262,
115,-0.374,0.673,
116,-0.198,-0.142,
117,0.777,0.88,
118,0.319,1.486,
119,-0.772,-1.039,
120,0.69,-1.138,
121,-0.768,-0.719,
122,0.891,-0.5,
123,-1.154,-0.046,
124,0.155,0.202,
125,0.314,-2.671,
126,0.229,-1.011,
127,-0.213,-1.171,
128,0.019,0.782,
129,-0.321,-0.929,
130,2.244,-0.62,
131,0.126,-1.119,
132,-0.477,0.398,
133,-0.086,0.573,
134,-1.216,-0.907,
135,0.775,-1.887,
136,1.014,0.659,
137,0.777,0.234,
138,-0.149,-0.285,
139,0.653,1.508,
140,-0.267,0.257,
141,0.757,1.362,
142,1.465,0.053,
143,0.756,-0.622,
144,0.687,-0.73,
145,0.484,-0.594,
146,0.065,0.271,
147,1.125,-0.481,
148,0.782,-0.734,
149,0.963,-0.14,
150,1.027,-0.929,
151,-0.549,-0.331,
152,-0.232,-0.93,
153,0.585,-0.542,
154,0.537,0.209,
155,0.095,-0.41,
156,-0.759,-0.058,
157,-0.01,-1.909,
158,0.123,-1.511,
159,0.089,0.039,
160,-0.034,0.109,
161,0.091,-1.103,
162,-0.597,0.023,
163,1.038,-1.467,
