1,0.632,-0.331,
2,1.101,-0.378,
3,0.68,-0.716,
4,1.002,0.175,
5,-0.184,-0.229,
6,-1.298,-0.222,
7,2.47,0.507,
8,1.479,-0.591,
9,0.889,-2.138,
10,-0.911,-1.064,
11,1.087,0.344,
12,1.178,-0.747,
13,1.382,-0.998,
14,0.292,0.239,
15,-0.459,-0.536,
16,1.05,-0.177,
17,0.818,-0.118,
18,0.957,-0.799,
19,1.059,-0.85,
20,-0.225,-1.396,
21,0.414,-1.413,
22,-0.429,-0.177,
23,0.91,-0.987,
24,0.617,-0.76,
25,0.68,0.661,
26,1.123,-0.46,
27,1.141,-0.356,
28,0.513,-0.686,
29,0.194,0.225,
30,-0.003,-0.736,
31,0.791,-1.694,
32,1.304,-0.02,
33,1.188,-1.015,
34,0.403,-1.009,
35,1.024,-0.437,
36,0.36,-0.316,
37,1.025,-0.369,
38,0.017,-0.085,
39,1.502,-0.163,
40,0.676,-0.799,
41,1.214,-0.949,
42,2.669,-0.185,
43,1.568,0.007,
44,0.49,-0.123,
45,0.488,-0.158,
46,1.133,-1.147,
47,0.05,-0.899,
48,1.74,-0.278,
49,1.169,-0.799,
50,0.674,-0.822,
51,0.989,-1.334,
52,0.354,-0.968,
53,1.267,-2.004,
54,0.571,0.983,
55,1.096,-1.767,
56,1.506,-1.068,
57,-0.113,-0.727,
58,0.139,-0.745,
59,0.086,-0.615,
60,0.728,-0.278,
61,0.156,-0.479,
62,2.145,-0.664,
63,0.034,-1.467,
64,0.627,-0.903,
65,1.376,-1.374,
66,1.723,-0.374,
67,0.553,-0.8,
68,0.032,-0.406,
69,1.73,0.294,
70,0.138,0.075,
71,0.443,0.016,
72,2.371,-1.112,
73,1.524,-1.528,
74,1.058,-0.656,
75,-0.056,-1.055,
76,2.067,-0.858,
77,1.05,-0.577,
78,0.567,-1.237,
79,0.8,-1.147,
80,0.897,-1.481,
81,0.1,-1.044,
82,0.927,-0.558,
83,0.135,-0.891,
84,0.579,-0.428,
85,0.729,-0.8,
86,-0.116,-0.612,
87,-0.751,-2.328,
88,0.843,0.11,
89,1.521,-0.385,
90,1.776,-0.325,
91,0.958,-0.013,
92,0.87,-1.372,
93,-0.339,0.13,
94,0.958,-0.148,
95,0.395,0.408,
96,1.037,-1.819,
97,1.547,-0.323,
98,-0.004,-2.236,
99,0.352,-1.533,
100,2.346,0.452,
101,1.346,0.27,
102,0.149,-1.209,
103,0.438,-0.635,
104,1.715,-0.788,
105,0.12,-0.811,
106,-1.001,-0.657,
107,1.451,-0.084,
108,0.805,-1.264,
109,1.192,-0.74,
110,0.32,-0.556,
111,0.349,-1.393,
112,-0.151,-0.851,
113,0.451,-0.449,
114,1.511,-0.654,
115,0.457,-1.039,
116,1.149,-0.741,
117,1.052,-1.369,
118,1.431,-0.257,
119,0.321,-1.15,
120,0.348,-1.924,
121,1.31,0.098,
122,1.887,-1.153,
123,0.394,-1.152,
124,0.713,-2.13,
125,0.408,-1.204,
126,1.851,0.016,
127,1.533,-0.189,
128,0.814,-0.376,
129,1.697,-0.749,
130,0.63,-0.291,
131,1.086,0.531,
132,1.359,-1.586,
133,0.897,-0.717,
134,0.705,-0.397,
135,0.9,-0.526,
136,0.884,-0.332,
137,0.438,-0.591,
138,0.915,-0.866,
139,0.743,-1.908,
140,0.368,-0.692,
141,0.363,-1.344,
142,1.112,-0.206,
143,0.741,0.319,
144,0.868,-0.431,
145,-0.928,-1.03,
146,0.549,-0.908,
147,0.743,-0.57,
148,0.057,-2.471,
149,1.603,-1.711,
150,0.351,-1.054,
151,2.231,-0.517,
152,0.71,-1.151,
153,1.185,-2.079,
154,0.562,-0.849,
155,0.608,-1.111,
156,0.259,-0.564,
157,0.013,-2.151,
158,1.292,-1.55,
159,0.601,-1.708,
160,0.947,-0.961,
161,0.823,-0.764,
162,0.694,-0.906,
163,0.845,-1.927,
