1,0.87,-0.128,
2,0.296,-1.059,
3,0.297,-0.74,
4,0.584,-0.458,
5,-0.149,-0.267,
6,-1.22,-0.167,
7,0.48,0.393,
8,0.602,-0.381,
9,-0.036,-0.979,
10,-0.232,0.412,
11,0.776,-0.206,
12,0.476,-1.508,
13,0.54,0.231,
14,-0.076,-0.441,
15,-0.094,-0.762,
16,0.709,-0.961,
17,-0.331,-0.379,
18,0.726,-0.609,
19,0.465,-0.479,
20,0.054,-0.66,
21,0.828,-0.798,
22,0.037,-1.217,
23,0.463,0.03,
24,0.219,-0.834,
25,-0.107,-0.103,
26,-0.098,-0.139,
27,0.67,-0.964,
28,0.537,-1.167,
29,0.123,-0.33,
30,0.857,-0.378,
31,0.198,-0.017,
32,0.292,-0.886,
33,-0.14,-0.571,
34,-0.19,-0.961,
35,0.494,0.796,
36,0.443,-0.838,
37,0.273,-0.47,
38,1.131,-0.686,
39,0.502,-0.787,
40,0.309,-0.884,
41,0.319,0.049,
42,0.736,0.077,
43,0.475,-0.328,
44,0.516,0.239,
45,-0.46,0.119,
46,0.627,0.045,
47,-0.354,-0.903,
48,0.968,-0.556,
49,0.692,-0.869,
50,0.365,-0.92,
51,0.533,-0.986,
52,-0.038,-0.969,
53,0.968,-0.956,
54,0.602,-0.248,
55,-0.353,-1.357,
56,0.195,0.066,
57,0.273,-0.592,
58,0.285,0.351,
59,0.375,-0.861,
60,0.536,-0.162,
61,0.211,-0.351,
62,1.677,-0.478,
63,-0.053,-0.825,
64,0.001,-1.096,
65,0.409,-0.329,
66,0.515,0.124,
67,0.214,-1.119,
68,0.688,-0.547,
69,0.57,0.004,
70,0.269,-0.828,
71,0.67,-0.547,
72,0.619,-0.441,
73,-0.257,-0.383,
74,0.884,-0.068,
75,-0.284,-1.027,
76,0.04,-0.626,
77,0.047,-0.494,
78,0.382,-0.687,
79,-0.661,-0.192,
80,0.106,-1.251,
81,-0.198,-0.474,
82,0.273,-0.601,
83,0.424,-1.015,
84,0.344,-0.086,
85,0.569,-0.253,
86,0.417,-0.346,
87,0.024,-0.688,
88,0.647,-0.416,
89,1.098,-0.555,
90,0.661,-1.173,
91,0.088,-0.027,
92,0.251,-0.293,
93,-0.488,-0.835,
94,0.157,-0.189,
95,0.048,-1.058,
96,0.361,-0.473,
97,1.073,-0.532,
98,-0.478,-0.918,
99,0.536,-0.683,
100,-0.012,-0.599,
101,0.299,-0.13,
102,0.085,-0.811,
103,0.517,0.305,
104,0.308,-0.389,
105,-0.013,-1.14,
106,0.132,-0.48,
107,0.586,0.329,
108,0.574,-1.112,
109,0.273,-0.605,
110,0.865,-0.414,
111,-0.136,-0.179,
112,-0.7,-0.711,
113,0.499,-0.859,
114,-0.455,-0.681,
115,0.391,-1.866,
116,0.347,-0.803,
117,0.77,-0.355,
118,0.234,-0.369,
119,0.047,-0.365,
120,0.306,-1.17,
121,0.405,-0.773,
122,0.897,-0.447,
123,-0.379,-1.363,
124,0.412,-0.632,
125,0.124,-1.524,
126,0.583,-0.695,
127,0.157,-1.208,
128,-0.311,-0.009,
129,0.014,-0.932,
130,0.553,-0.34,
131,0.619,0.202,
132,-0.188,-0.644,
133,0.149,-0.45,
134,0.159,-0.33,
135,0.306,-1.019,
136,0.723,-0.774,
137,0.033,-0.46,
138,-0.049,-0.355,
139,0.066,-0.881,
140,-0.16,-0.503,
141,0.233,-0.984,
142,0.405,-1.018,
143,0.608,-0.363,
144,0.283,-0.608,
145,0.09,-1.033,
146,0.537,0.323,
147,0.249,-0.573,
148,0.035,-0.551,
149,0.707,-1.923,
150,-0.332,-0.772,
151,0.928,-0.211,
152,-0.194,-0.257,
153,0.673,-0.51,
154,-0.026,-1.254,
155,0.014,-0.751,
156,0,-0.431,
157,0.248,-1.178,
158,0.893,-0.901,
159,0.176,-0.741,
160,-0.208,-0.431,
161,0.078,-1.123,
162,-0.08,-0.601,
163,0.68,-1.926,
