1,1.781,0.046,
2,1.121,0.062,
3,1.492,-0.782,
4,1.316,-0.888,
5,1.37,-0.252,
6,-0.14,1.058,
7,2.068,0.704,
8,2.035,0.11,
9,1.539,-0.886,
10,0.66,-0.073,
11,1.471,-0.06,
12,1.943,-0.265,
13,1.872,0.163,
14,0.946,0.489,
15,0.598,-0.094,
16,0.663,-0.728,
17,0.674,-0.17,
18,0.969,-0.312,
19,0.447,-0.17,
20,0.964,-0.939,
21,1.231,-1.463,
22,1.146,-0.359,
23,-0.022,-0.79,
24,1.101,-0.551,
25,0.854,-0.109,
26,1.677,-0.343,
27,1.995,-0.628,
28,1.828,-0.286,
29,1.75,0.322,
30,1.258,0.02,
31,1.221,0.232,
32,1.642,-0.695,
33,1.585,-1.328,
34,0.152,-0.147,
35,1.813,0.91,
36,0.581,-0.328,
37,0.888,-0.682,
38,0.783,0.032,
39,0.709,-0.151,
40,1.061,-0.309,
41,1.885,-0.285,
42,1.756,0.077,
43,1.283,-0.041,
44,1.38,0.108,
45,1.167,0.276,
46,0.897,-0.016,
47,0.484,-0.82,
48,1.791,0.144,
49,0.623,-1.126,
50,0.83,-1.12,
51,1.479,-0.398,
52,1.236,-0.247,
53,1,0.255,
54,1.9,0.198,
55,1.046,-0.809,
56,1.442,0.072,
57,0.901,1.159,
58,1.252,0.189,
59,1.404,-1.323,
60,1.268,0.197,
61,1.114,0.511,
62,2.779,-0.102,
63,1.423,0.176,
64,0.321,-1.466,
65,1.767,-0.306,
66,1.098,0.229,
67,1.429,-0.732,
68,1.094,-0.256,
69,0.862,0.329,
70,1.736,-0.421,
71,1.023,-0.603,
72,1.315,-0.219,
73,1.143,-0.546,
74,1.953,-0.336,
75,0.686,-0.216,
76,1.598,-1.106,
77,1.235,-0.216,
78,0.972,-0.064,
79,0.354,-0.313,
80,0.405,-1.165,
81,0.157,-0.446,
82,0.775,-0.407,
83,1.315,-0.481,
84,1.292,-0.386,
85,1.715,0.468,
86,0.557,-0.974,
87,1.398,-1.383,
88,0.718,-0.331,
89,2.318,-0.369,
90,0.549,-0.712,
91,1.991,0.884,
92,1.662,-0.572,
93,0.906,0.373,
94,1.287,-0.831,
95,1.15,0.037,
96,2.402,-1.348,
97,1.47,-0.541,
98,0.573,-0.673,
99,1.295,0.021,
100,1.578,-1.382,
101,1.048,-0.437,
102,0.669,-0.763,
103,0.689,0.588,
104,1.237,-0.58,
105,1.395,-0.605,
106,2.122,-0.418,
107,2.435,0.744,
108,1.053,-0.607,
109,1.088,-0.313,
110,1.464,-0.205,
111,1.149,0.038,
112,0.576,-0.224,
113,1.048,-0.115,
114,1.403,-0.423,
115,0.555,-1.645,
116,1.449,-0.991,
117,1.811,-0.521,
118,1.39,-0.558,
119,1.462,-0.095,
120,1.141,-0.661,
121,1.355,0.298,
122,1.409,0.04,
123,1.382,-0.772,
124,1.885,-0.719,
125,0.361,-0.362,
126,2.153,-0.502,
127,1.727,-0.316,
128,1.183,0.037,
129,1.609,0.186,
130,2.386,-0.377,
131,1.56,0.413,
132,1.088,-0.234,
133,1.119,-0.802,
134,0.624,-0.121,
135,0.69,-0.757,
136,1.222,-0.607,
137,0.648,-0.347,
138,1.342,-0.266,
139,0.826,-0.656,
140,1.424,0.173,
141,1.022,-1.055,
142,1.054,-1.13,
143,0.981,-0.097,
144,0.897,0.268,
145,1.049,-0.475,
146,2.109,0.052,
147,0.813,-0.312,
148,0.375,-0.667,
149,0.851,-2.644,
150,1.206,-0.733,
151,1.688,0.774,
152,1.298,0.016,
153,1.325,-1,
154,0.601,-0.507,
155,1.048,-0.612,
156,0.788,-1.17,
157,0.435,-0.929,
158,1.7,-0.434,
159,1.346,-0.33,
160,1.078,0.79,
161,1.568,-0.328,
162,0.688,-0.274,
163,1.298,-1.647,
