1,0.248,-0.857,
2,0.724,0.024,
3,1.482,0.256,
4,0.518,0.596,
5,-0.861,0.377,
6,-2.981,1.27,
7,0.534,-1.425,
8,-1.118,-0.509,
9,0.039,-0.853,
10,0.056,0.659,
11,1.014,-1.2,
12,-0.005,-1.516,
13,-0.917,-0.01,
14,-2.192,-0.084,
15,-1.21,-2.828,
16,0.493,0.334,
17,-1.442,-0.271,
18,0.503,-0.164,
19,0.578,0.113,
20,-1.053,-0.288,
21,0.915,0.372,
22,-1.076,-0.952,
23,0.191,0.512,
24,-0.245,0.646,
25,-0.038,0.776,
26,-0.535,0.572,
27,0.287,0.114,
28,1.617,-1.097,
29,-0.507,0.47,
30,0.931,-0.178,
31,0.082,-0.065,
32,0.022,-0.586,
33,-0.382,0.106,
34,-0.499,-0.046,
35,0.238,0.628,
36,1.381,0.202,
37,0.067,0.113,
38,1.717,-0.5,
39,1.956,-0.222,
40,-0.008,-0.695,
41,0.377,0.188,
42,1.527,0.269,
43,-0.585,0.118,
44,0.297,0.015,
45,-1.334,1.384,
46,0.446,0.482,
47,-0.503,0.125,
48,0.111,-1.308,
49,0.775,0.186,
50,1.115,-0.505,
51,-0.745,-1.512,
52,0.03,0.367,
53,1.503,-0.142,
54,0.582,0.409,
55,-0.72,0.056,
56,1.435,-0.294,
57,0.219,-0.041,
58,-0.188,0.935,
59,-0.35,0.032,
60,0.275,-0.233,
61,-0.685,-0.263,
62,2.586,-1.073,
63,0.447,0.065,
64,-0.128,-1.518,
65,1.875,0.75,
66,-0.232,0.253,
67,0.632,-0.021,
68,1.82,-0.339,
69,1.25,0.244,
70,0.439,0.301,
71,2.201,0.171,
72,0.071,-1.059,
73,-1.193,-0.186,
74,-0.087,0.213,
75,-1.466,-1.694,
76,-0.622,-1.64,
77,-0.169,0.053,
78,0.304,0.447,
79,-0.156,1.32,
80,-0.832,-1.393,
81,-0.01,0.314,
82,-1.869,-0.351,
83,-0.753,-1.051,
84,0.865,2.199,
85,0.311,-0.66,
86,-0.088,-1.996,
87,-0.955,0.345,
88,0.92,-2.766,
89,1.567,-2.065,
90,0.126,-0.695,
91,0.161,-0.039,
92,0.546,0.176,
93,1.091,-1.815,
94,1.351,0.206,
95,-0.655,-1.501,
96,-0.171,0.781,
97,0.42,-0.437,
98,0.696,1.526,
99,0.558,0.865,
100,1.366,0.239,
101,0.299,-0.075,
102,-0.36,0.332,
103,1.906,0.631,
104,-0.231,-0.097,
105,-0.92,0.231,
106,-0.57,-0.454,
107,0.533,1.316,
108,1.218,-2.17,
109,0.431,-0.526,
110,0.4,-0.198,
111,0.853,-0.255,
112,0.317,-0.71,
113,0.645,-0.207,
114,-1.466,-0.33,
115,-0.771,0.57,
116,-0.181,-0.229,
117,1.098,0.674,
118,0.497,1.327,
119,-0.63,-1.229,
120,0.735,-1.254,
121,-0.595,-0.734,
122,1.012,-0.854,
123,-1.083,-0.228,
124,0.15,0.043,
125,0.35,-2.818,
126,0.169,-0.743,
127,-0.198,-1.186,
128,0.098,0.467,
129,-0.618,-0.789,
130,2.356,-0.749,
131,0.228,-1.072,
132,-0.414,0.174,
133,-0.067,0.395,
134,-1.27,-1.099,
135,0.697,-2.091,
136,0.95,0.301,
137,1.035,0.544,
138,-0.234,-0.381,
139,0.937,0.785,
140,-0.323,0.352,
141,0.5,1.63,
142,1.478,-0.197,
143,0.897,-0.725,
144,0.61,-0.888,
145,0.339,-0.786,
146,0.414,0.6,
147,1.137,-0.344,
148,0.653,-1.171,
149,0.849,0.246,
150,0.902,-0.617,
151,-0.665,-0.133,
152,-0.387,-0.547,
153,0.458,-0.592,
154,0.619,0.533,
155,0.162,-0.207,
156,-0.882,0.251,
157,0.531,-1.458,
158,0.195,-1.258,
159,0.48,-0.402,
160,-0.034,-0.017,
161,0.031,-1.375,
162,-0.848,-0.414,
163,1.187,-1.006,
