1,0.211,-0.566,
2,0.324,-0.488,
3,1.74,0.222,
4,0.611,0.643,
5,-0.999,0.029,
6,-3.116,1.943,
7,0.864,-1.129,
8,-1.251,0.002,
9,0.124,-0.552,
10,0.093,0.969,
11,0.999,-1.234,
12,-0.074,-1.172,
13,-1.312,0.542,
14,-2.191,-0.451,
15,-1.549,-2.746,
16,0.296,-0.302,
17,-1.411,-0.033,
18,0.671,0.204,
19,0.451,0.114,
20,-1.235,-0.307,
21,0.616,0.497,
22,-1.227,-0.794,
23,-0.008,0.71,
24,-0.472,0.956,
25,0.403,-0.037,
26,-0.749,0.375,
27,0.534,0.404,
28,1.487,-1.067,
29,-0.607,0.497,
30,0.93,-0.56,
31,0.025,-0.243,
32,-0.034,-0.674,
33,-0.277,0.014,
34,-0.355,0.006,
35,-0.038,0.881,
36,1.78,0.135,
37,-0.117,0.209,
38,1.524,-0.489,
39,1.905,-0.118,
40,-0.035,-0.795,
41,0.305,0.132,
42,1.371,0.065,
43,-0.748,-0.019,
44,0.253,-0.042,
45,-1.325,1.214,
46,0.417,0.491,
47,-0.57,0.236,
48,0.482,-1.51,
49,0.122,-0.102,
50,1.363,-0.318,
51,-0.752,-1.401,
52,-0.069,0.271,
53,1.047,-0.208,
54,0.343,0.454,
55,-0.732,0.179,
56,1.469,0.035,
57,0.21,0.089,
58,-0.02,0.9,
59,-0.394,0.15,
60,-0.042,0,
61,-0.18,-0.335,
62,2.983,-0.902,
63,0.861,0.106,
64,-0.29,-1.519,
65,1.729,0.867,
66,-0.393,0.303,
67,0.781,0.046,
68,1.841,-0.469,
69,1.255,0.277,
70,0.348,0.352,
71,2.196,0.569,
72,0.123,-0.969,
73,-1.212,-0.208,
74,-0.365,0.275,
75,-1.951,-1.505,
76,-0.046,-1.34,
77,0.158,0.124,
78,-0.033,0.434,
79,-0.173,1.409,
80,-0.843,-1.23,
81,-0.24,0.257,
82,-2.002,-0.187,
83,-0.94,-0.849,
84,0.748,2.014,
85,0.364,-0.604,
86,-0.067,-1.992,
87,-1.497,0.414,
88,0.499,-2.535,
89,1.681,-1.304,
90,0.29,-0.715,
91,0.029,-0.009,
92,0.352,0.317,
93,0.977,-1.504,
94,1.356,0.191,
95,-0.692,-1.436,
96,-0.286,0.901,
97,0.263,-0.472,
98,0.39,1.725,
99,0.685,0.792,
100,1.48,0.302,
101,0.034,-0.086,
102,-0.951,0.518,
103,1.551,0.835,
104,-0.56,-0.145,
105,-1.033,0.238,
106,-0.698,-0.531,
107,0.433,1.4,
108,0.994,-2.046,
109,0.307,-0.635,
110,0.309,-0.289,
111,1.042,0.052,
112,0.422,-0.558,
113,0.415,-0.112,
114,-1.624,-0.291,
115,-0.14,0.648,
116,-0.32,-0.157,
117,0.794,0.879,
118,0.328,1.377,
119,-0.721,-0.997,
120,0.634,-1.133,
121,-0.742,-0.694,
122,0.901,-0.491,
123,-1.123,-0.052,
124,0.139,0.231,
125,0.318,-2.614,
126,0.196,-0.984,
127,-0.091,-1.118,
128,-0.036,0.826,
129,-0.327,-0.917,
130,2.205,-0.62,
131,0.085,-1.06,
132,-0.438,0.366,
133,-0.103,0.534,
134,-1.19,-0.883,
135,0.807,-1.818,
136,0.929,0.588,
137,0.752,0.236,
138,-0.082,-0.209,
139,0.528,1.635,
140,-0.247,0.248,
141,0.724,1.365,
142,1.41,0.024,
143,0.736,-0.614,
144,0.668,-0.744,
145,0.478,-0.6,
146,0.087,0.274,
147,1.094,-0.439,
148,0.877,-0.553,
149,0.939,-0.143,
150,1.002,-0.924,
151,-0.558,-0.341,
152,-0.229,-0.876,
153,0.526,-0.545,
154,0.521,0.236,
155,0.102,-0.383,
156,-0.84,-0.037,
157,0.047,-1.875,
158,0.173,-1.451,
159,0.004,0.219,
160,-0.076,0.214,
161,0.144,-0.964,
162,-0.507,0.185,
163,0.991,-1.426,
