1,1.657,-0.005,
2,1.314,-0.278,
3,1.537,-0.457,
4,1.502,-0.665,
5,1.3,0.006,
6,-0.213,0.649,
7,2.083,0.553,
8,1.991,0.013,
9,1.38,-0.891,
10,0.777,0.121,
11,1.765,-0.131,
12,1.916,-0.533,
13,1.905,0.212,
14,0.887,0.133,
15,0.852,-0.284,
16,1.036,-0.716,
17,0.938,-0.127,
18,1.089,-0.345,
19,0.749,-0.054,
20,1.268,-0.794,
21,1.501,-1.051,
22,1.352,-0.449,
23,0.333,-0.698,
24,1.235,-0.509,
25,1.031,0.057,
26,1.855,-0.168,
27,1.918,-0.636,
28,1.804,-0.278,
29,1.685,0.126,
30,1.207,0.037,
31,1.415,0.228,
32,1.603,-0.647,
33,1.831,-0.943,
34,0.409,-0.439,
35,1.916,0.966,
36,0.569,-0.299,
37,1.351,-0.544,
38,1.109,0.09,
39,1.113,-0.193,
40,1.324,-0.415,
41,1.948,-0.131,
42,1.924,0.224,
43,1.462,-0.179,
44,1.545,0.03,
45,1.313,0.191,
46,1.047,-0.308,
47,0.798,-0.836,
48,2.034,0.039,
49,1.007,-1.142,
50,0.906,-1.049,
51,1.53,-0.254,
52,1.3,-0.203,
53,1.237,-0.119,
54,1.648,0.271,
55,1.138,-0.826,
56,1.297,0.03,
57,1.175,0.486,
58,1.167,0.039,
59,1.522,-1.088,
60,1.335,-0.072,
61,1.578,0.374,
62,2.289,-0.098,
63,1.476,0.153,
64,0.528,-1.287,
65,1.919,-0.425,
66,1.451,0.26,
67,1.474,-0.674,
68,1.363,-0.393,
69,1.388,0.149,
70,1.666,-0.725,
71,1.18,-0.631,
72,1.541,-0.213,
73,1.331,-0.36,
74,1.894,-0.322,
75,0.962,-0.338,
76,1.605,-0.897,
77,1.468,-0.246,
78,1.098,-0.206,
79,0.478,-0.412,
80,0.861,-1.156,
81,0.608,-0.497,
82,1.314,-0.441,
83,1.489,-0.54,
84,1.308,-0.395,
85,1.92,0.042,
86,0.9,-0.629,
87,1.42,-1.216,
88,1.363,-0.681,
89,2.3,-0.323,
90,0.861,-0.601,
91,1.893,0.498,
92,1.658,-0.654,
93,0.944,0.177,
94,1.259,-0.752,
95,1.308,-0.484,
96,2.063,-1.158,
97,1.544,-0.717,
98,0.733,-0.896,
99,1.59,-0.327,
100,1.262,-0.912,
101,1.087,-0.271,
102,0.986,-0.713,
103,1.125,0.412,
104,1.356,-0.586,
105,1.393,-0.63,
106,2.219,-0.224,
107,2.229,0.59,
108,1.209,-0.58,
109,1.351,-0.302,
110,1.773,-0.208,
111,1.167,-0.188,
112,0.562,-0.45,
113,1.242,-0.276,
114,1.439,-0.676,
115,0.879,-1.652,
116,1.638,-0.922,
117,1.835,-0.203,
118,1.381,-0.497,
119,1.444,-0.218,
120,1.276,-0.646,
121,1.338,0.026,
122,1.822,-0.118,
123,1.404,-1.04,
124,1.986,-0.735,
125,0.561,-0.758,
126,2.023,-0.596,
127,1.674,-0.61,
128,1.296,-0.153,
129,1.732,-0.07,
130,2.343,-0.496,
131,1.663,0.501,
132,1.098,-0.33,
133,1.181,-0.784,
134,0.756,-0.232,
135,0.931,-0.912,
136,1.524,-0.596,
137,0.725,-0.367,
138,1.235,-0.517,
139,1,-0.896,
140,1.61,-0.021,
141,1.269,-1.09,
142,1.141,-1.057,
143,1.064,-0.007,
144,1.076,0.109,
145,1.18,-0.633,
146,2.262,0.056,
147,1.138,-0.48,
148,0.807,-0.624,
149,1.053,-2.848,
150,0.823,-0.319,
151,1.96,0.384,
152,1.271,-0.062,
153,1.433,-0.899,
154,0.812,-0.686,
155,0.87,-0.661,
156,1.054,-0.872,
157,0.801,-0.995,
158,1.773,-0.437,
159,1.549,-0.628,
160,1.186,0.32,
161,1.602,-0.599,
162,0.819,-0.423,
163,1.71,-1.36,
