1,0.649,1.75,
2,-0.331,-0.799,
3,-2.473,-1.469,
4,0.022,0.923,
5,-1.646,-0.154,
6,-3.706,0.065,
7,-2.141,2.456,
8,-1.704,0.132,
9,-2.451,1.429,
10,-0.775,0.727,
11,0.698,1.711,
12,1.429,-0.847,
13,-0.106,0.557,
14,-2.246,1.16,
15,-4.03,-1.092,
16,0.763,1.673,
17,-1.371,0.594,
18,1.077,1.532,
19,0.053,0.945,
20,-0.54,1.073,
21,2.365,-1.723,
22,0.225,-0.954,
23,-1.633,-0.83,
24,-1.768,0.848,
25,-1.481,-0.146,
26,-0.615,0.571,
27,-1.844,0.709,
28,1.467,0.628,
29,-0.449,0.347,
30,-0.473,1.745,
31,0.943,0.661,
32,0.085,-0.118,
33,-1.847,1.521,
34,0.712,0.984,
35,-0.637,1.45,
36,-2.589,1.261,
37,-0.397,0.178,
38,0.519,-0.159,
39,-0.087,3.476,
40,-1.215,-0.238,
41,-1.606,-1.073,
42,1.349,-1.335,
43,0.136,0.427,
44,0.344,1.96,
45,-0.843,0.038,
46,0.292,1.164,
47,-0.185,0.889,
48,0.259,-0.507,
49,-1.011,-1.49,
50,0.761,-0.271,
51,-0.997,0.478,
52,0.189,0.846,
53,-0.553,0.447,
54,-1.731,-1.256,
55,0.833,0.022,
56,-0.008,1.965,
57,1.186,1.671,
58,-0.947,0.642,
59,-3.085,2.11,
60,0.293,-0.419,
61,-1.627,2.729,
62,0.876,-1.094,
63,0.401,-0.726,
64,-0.585,-0.577,
65,-0.442,-0.514,
66,0.457,0.362,
67,-1.68,0.317,
68,-0.901,1.259,
69,-0.266,1.34,
70,1.056,-0.085,
71,-0.337,0.421,
72,-1.804,1.634,
73,-1.009,-0.627,
74,-1.279,0.463,
75,-2.765,1.735,
76,0.183,0.344,
77,-0.171,-0.655,
78,1.763,1.533,
79,-0.377,-0.047,
80,-1.507,2.049,
81,0.52,-0.058,
82,-1.598,0.694,
83,0.741,0.362,
84,-1.057,0.454,
85,0.598,1.437,
86,-1.402,-0.271,
87,-0.949,-1.055,
88,-0.447,1.978,
89,0.031,0.154,
90,-1.144,0.608,
91,-0.626,1.053,
92,-1.228,0.844,
93,1.006,2.056,
94,-1.134,-0.046,
95,-1.159,-0.832,
96,0.504,-1.055,
97,0.198,0.197,
98,-0.854,0.132,
99,-0.602,-0.329,
100,-0.399,1.78,
101,-0.193,0.764,
102,-1.919,0.362,
103,1.304,0.621,
104,-0.232,0.07,
105,-0.508,2.228,
106,0.178,1.111,
107,2.418,1.177,
108,0.382,0.759,
109,-1.593,-1.008,
110,-0.005,0.975,
111,-0.116,-1.913,
112,-1.246,1.689,
113,-1.804,-0.175,
114,0.852,-0.034,
115,-0.621,-0.943,
116,0.485,1.644,
117,-1.602,-0.625,
118,-0.463,0.888,
119,1.393,0.969,
120,-0.145,0.196,
121,-0.131,-0.845,
122,-1.719,-0.319,
123,-2.181,1.11,
124,-1.45,-0.831,
125,-0.4,1.401,
126,-1.835,1.107,
127,0.037,-1.297,
128,-0.051,0.263,
129,0.716,0.523,
130,1.49,-1.256,
131,-0.65,2.542,
132,-0.3,1.308,
133,-0.736,1.688,
134,-2.58,-1.373,
135,-1.139,-1.856,
136,0.391,-0.608,
137,-0.409,0.799,
138,1.785,0.717,
139,-0.857,-0.284,
140,-0.224,-1.218,
141,-0.398,0.665,
142,1.112,-0.235,
143,-0.262,2.621,
144,-0.463,0.701,
145,-0.124,-1.29,
146,-1.18,0.918,
147,0.225,-0.25,
148,-0.077,-0.52,
149,1.308,-2.588,
150,-0.058,0.522,
151,1.976,0.458,
152,0.17,0.402,
153,-0.28,0.329,
154,-1.247,2.699,
155,-0.549,-0.351,
156,-2.254,-0.807,
157,0.455,0.571,
158,0.714,-1.35,
159,0.86,-0.927,
160,-0.268,-0.019,
161,0.024,1.006,
162,-1.197,0.535,
163,0.021,-1.96,
