1,0.654,1.763,
2,-0.467,-0.919,
3,-2.6,-1.71,
4,0.089,0.805,
5,-1.678,-0.271,
6,-3.791,0.198,
7,-2.049,2.278,
8,-1.84,0.336,
9,-2.829,1.503,
10,-0.654,0.756,
11,0.486,1.696,
12,1.606,-0.837,
13,-0.015,0.447,
14,-2.147,1.171,
15,-4.223,-0.927,
16,0.929,1.543,
17,-1.204,0.526,
18,1.146,1.527,
19,0.087,0.986,
20,-0.675,1.088,
21,2.316,-1.824,
22,0.184,-0.891,
23,-1.791,-0.946,
24,-1.782,1.002,
25,-1.441,-0.405,
26,-0.534,0.544,
27,-1.91,0.723,
28,1.241,0.735,
29,-0.416,0.485,
30,-0.543,1.409,
31,1.086,0.463,
32,0.205,-0.152,
33,-1.841,1.343,
34,0.739,1.038,
35,-0.555,1.192,
36,-2.652,1.153,
37,-0.364,0.168,
38,0.715,-0.188,
39,0.105,3.147,
40,-1.088,-0.3,
41,-1.699,-1.189,
42,1.15,-1.378,
43,0.13,0.452,
44,0.393,1.631,
45,-0.702,-0.022,
46,0.4,0.964,
47,-0.179,0.968,
48,0.155,-0.533,
49,-1.123,-1.482,
50,0.986,-0.196,
51,-1.02,0.165,
52,0.144,0.665,
53,-0.498,0.638,
54,-1.545,-1.4,
55,0.848,0.082,
56,0.115,2.081,
57,1.302,1.745,
58,-0.834,0.596,
59,-2.941,2.046,
60,0.476,-0.332,
61,-1.634,2.558,
62,1.189,-1.334,
63,0.621,-0.958,
64,-0.354,-0.374,
65,-0.417,-0.528,
66,0.498,0.226,
67,-1.634,0.37,
68,-0.54,1.251,
69,-0.322,1.352,
70,1.145,-0.235,
71,-0.313,0.332,
72,-1.808,1.462,
73,-1.092,-0.7,
74,-1.37,0.256,
75,-3.2,1.241,
76,0.348,0.134,
77,-0.085,-0.669,
78,1.787,1.538,
79,-0.349,-0.062,
80,-1.626,2.036,
81,0.489,-0.068,
82,-1.643,0.734,
83,0.597,0.254,
84,-0.857,0.447,
85,0.589,1.368,
86,-1.167,-0.422,
87,-0.855,-0.935,
88,-0.745,1.999,
89,0.118,0.186,
90,-1.207,0.454,
91,-0.43,1.139,
92,-1.134,0.761,
93,0.84,1.985,
94,-1.233,-0.151,
95,-1.166,-1.065,
96,0.511,-1.071,
97,0.055,0.084,
98,-0.521,0.067,
99,-0.511,-0.461,
100,-0.275,1.664,
101,-0.31,0.566,
102,-2.27,0.42,
103,1.424,0.619,
104,-0.167,0.055,
105,-0.591,2.21,
106,0.266,0.893,
107,2.45,0.946,
108,0.317,0.572,
109,-1.588,-1.127,
110,-0.072,0.937,
111,0.05,-2.064,
112,-1.138,1.747,
113,-1.767,-0.38,
114,0.988,-0.086,
115,-0.688,-0.859,
116,0.447,1.662,
117,-1.687,-0.87,
118,-0.453,0.588,
119,1.378,0.848,
120,-0.413,0.139,
121,-0.038,-0.979,
122,-1.931,-0.578,
123,-2.228,1.252,
124,-1.398,-0.867,
125,-0.312,1.301,
126,-2.241,1.001,
127,0.021,-1.284,
128,-0.043,0.187,
129,0.823,0.447,
130,1.568,-1.501,
131,-0.534,2.254,
132,-0.197,1.286,
133,-0.746,1.514,
134,-2.722,-1.497,
135,-0.852,-2.007,
136,0.382,-0.759,
137,-0.288,0.661,
138,2.044,0.598,
139,-0.917,-0.267,
140,-0.241,-1.195,
141,-0.335,0.87,
142,1.367,-0.271,
143,-0.047,2.467,
144,-0.333,0.535,
145,-0.042,-1.367,
146,-1.28,0.868,
147,0.351,-0.359,
148,0.084,-0.562,
149,1.532,-2.542,
150,0.131,0.372,
151,1.905,0.455,
152,0.295,0.202,
153,-0.296,0.169,
154,-1.081,2.729,
155,-0.389,-0.455,
156,-2.235,-0.969,
157,0.264,0.326,
158,0.79,-1.845,
159,0.805,-0.968,
160,-0.182,-0.049,
161,-0.024,0.876,
162,-1.038,0.326,
163,-0.307,-2.316,
