1,0.652,-0.402,
2,0.353,-0.838,
3,0.206,-0.747,
4,0.516,-0.518,
5,0.035,-0.281,
6,-0.927,-0.599,
7,0.406,-0.004,
8,0.783,-0.381,
9,-0.012,-1.109,
10,-0.177,0.212,
11,0.678,-0.207,
12,0.534,-1.312,
13,0.84,-0.378,
14,0.037,-0.399,
15,0.098,-0.734,
16,0.584,-0.858,
17,-0.13,-0.483,
18,0.446,-0.663,
19,0.407,-0.369,
20,0.221,-0.57,
21,0.527,-0.736,
22,0.104,-0.968,
23,0.455,-0.631,
24,0.3,-0.829,
25,-0.025,-0.083,
26,0.274,-0.194,
27,0.634,-0.749,
28,0.447,-0.869,
29,0.184,-0.407,
30,0.547,-0.069,
31,0.28,0.063,
32,0.333,-0.84,
33,0.108,-0.572,
34,-0.234,-0.953,
35,0.538,0.444,
36,0.236,-0.571,
37,0.342,-0.582,
38,0.721,-0.689,
39,0.313,-0.725,
40,0.264,-0.729,
41,0.449,-0.09,
42,0.718,0.004,
43,0.448,-0.349,
44,0.598,0.046,
45,0.025,-0.159,
46,0.479,-0.205,
47,-0.275,-0.942,
48,0.979,-0.549,
49,0.504,-0.932,
50,0.208,-0.964,
51,0.413,-0.761,
52,0.144,-0.742,
53,0.785,-0.977,
54,0.563,-0.307,
55,-0.203,-1.357,
56,0.141,-0.198,
57,0.236,-0.669,
58,0.183,0.168,
59,0.16,-1.017,
60,0.377,-0.384,
61,0.231,-0.4,
62,0.92,-0.485,
63,0.024,-0.688,
64,-0.035,-1.055,
65,0.522,-0.589,
66,0.571,0.076,
67,0.001,-1.158,
68,0.496,-0.455,
69,0.492,-0.019,
70,0.23,-0.827,
71,0.448,-0.697,
72,0.624,-0.462,
73,-0.05,-0.384,
74,0.792,-0.185,
75,0.142,-0.799,
76,0.172,-0.554,
77,0.023,-0.63,
78,0.248,-0.639,
79,-0.642,-0.333,
80,0.068,-1.226,
81,0.07,-0.535,
82,0.591,-0.52,
83,0.541,-0.802,
84,0.245,-0.458,
85,0.567,-0.321,
86,0.255,-0.046,
87,0.272,-0.859,
88,0.563,-0.312,
89,0.546,-0.564,
90,0.454,-0.994,
91,0.138,-0.058,
92,0.198,-0.559,
93,-0.389,-0.42,
94,-0.008,-0.234,
95,0.22,-0.876,
96,0.321,-0.774,
97,0.948,-0.475,
98,-0.475,-1.28,
99,0.386,-0.685,
100,-0.003,-0.64,
101,0.275,-0.172,
102,0.396,-0.821,
103,0.39,0.015,
104,0.245,-0.457,
105,0.082,-1.039,
106,0.169,-0.395,
107,0.61,0.337,
108,0.308,-0.949,
109,0.271,-0.595,
110,0.828,-0.346,
111,0.02,-0.289,
112,-0.698,-0.764,
113,0.379,-0.774,
114,-0.119,-0.75,
115,0.277,-1.934,
116,0.399,-0.879,
117,0.596,-0.473,
118,0.182,-0.643,
119,0.145,-0.469,
120,0.298,-0.975,
121,0.281,-0.692,
122,0.733,-0.516,
123,-0.21,-1.422,
124,0.504,-0.746,
125,0.103,-1.283,
126,0.578,-0.668,
127,0.367,-0.947,
128,-0.14,-0.14,
129,0.038,-0.823,
130,0.428,-0.399,
131,0.586,0.297,
132,-0.201,-0.658,
133,0.087,-0.649,
134,0.164,-0.34,
135,0.101,-1.044,
136,0.44,-0.78,
137,-0.188,-0.432,
138,-0.037,-0.45,
139,-0.053,-1.222,
140,0.003,-0.551,
141,0.064,-1.243,
142,0.139,-1.031,
143,0.392,-0.302,
144,0.178,-0.556,
145,-0.021,-0.997,
146,0.75,0.027,
147,0.283,-0.478,
148,-0.207,-0.544,
149,0.263,-2.083,
150,-0.668,-0.622,
151,0.925,-0.147,
152,-0.211,-0.155,
153,0.431,-0.592,
154,0.028,-0.963,
155,-0.006,-0.669,
156,-0.164,-0.387,
157,0.095,-0.774,
158,0.721,-0.404,
159,0.217,-0.835,
160,-0.046,-0.455,
161,0.201,-0.8,
162,0.014,-0.612,
163,0.822,-1.476,
