1,0.717,1.557,
2,-0.662,-0.881,
3,-2.782,-1.991,
4,0.192,0.635,
5,-1.641,-0.321,
6,-3.45,0.194,
7,-1.95,1.914,
8,-1.92,0.531,
9,-3.454,1.516,
10,-0.461,0.814,
11,-0.291,1.668,
12,1.888,-0.686,
13,0.024,0.184,
14,-1.932,1.2,
15,-4.052,-0.752,
16,1.163,1.266,
17,-0.957,0.412,
18,1.146,1.724,
19,0.071,0.781,
20,-0.636,1.191,
21,2.182,-1.779,
22,0.098,-1.054,
23,-1.826,-1.189,
24,-1.806,1.311,
25,-1.495,-0.515,
26,-0.361,0.452,
27,-1.873,0.646,
28,0.812,0.697,
29,-0.56,0.26,
30,-0.684,0.89,
31,1.425,0.002,
32,0.201,-0.236,
33,-1.919,0.888,
34,0.98,0.995,
35,-0.533,0.769,
36,-2.653,0.98,
37,-0.232,0.142,
38,0.772,-0.226,
39,0.555,2.246,
40,-0.879,-0.419,
41,-1.867,-1.332,
42,0.687,-1.358,
43,0.094,0.484,
44,0.512,1.056,
45,-0.487,-0.142,
46,0.6,0.652,
47,-0.041,0.895,
48,-0.028,-0.53,
49,-1.111,-1.227,
50,1.176,-0.062,
51,-0.944,-0.445,
52,0.167,0.495,
53,-0.482,0.882,
54,-1.345,-1.431,
55,0.893,0.179,
56,0.374,2.171,
57,1.29,1.849,
58,-0.831,0.495,
59,-2.279,1.972,
60,0.561,-0.186,
61,-1.56,2.164,
62,1.449,-1.442,
63,1.067,-1.405,
64,-0.149,-0.142,
65,-0.367,-0.569,
66,0.581,-0.014,
67,-1.504,0.481,
68,0.27,0.938,
69,-0.062,1.412,
70,1.354,-0.552,
71,-0.318,0.332,
72,-1.845,1.176,
73,-1.048,-0.922,
74,-1.378,-0.071,
75,-3.279,0.711,
76,0.725,-0.185,
77,0.076,-0.777,
78,1.587,1.465,
79,-0.174,-0.124,
80,-1.788,2.174,
81,0.194,-0.258,
82,-1.846,0.734,
83,0.557,0.322,
84,-0.446,0.311,
85,0.57,1.18,
86,-0.611,-0.677,
87,-0.697,-0.789,
88,-1.365,1.879,
89,0.153,0.051,
90,-1.333,0.184,
91,-0.207,1.417,
92,-0.948,0.734,
93,0.359,1.858,
94,-1.256,-0.353,
95,-1.695,-1.414,
96,0.483,-0.742,
97,-0.172,-0.116,
98,0.034,0.01,
99,-0.251,-0.591,
100,0.151,1.361,
101,-0.414,0.215,
102,-2.508,0.302,
103,1.665,0.455,
104,-0.08,0.007,
105,-0.641,2.022,
106,0.414,0.501,
107,2.246,0.621,
108,0.274,0.309,
109,-1.595,-1.42,
110,-0.152,0.81,
111,0.424,-2.209,
112,-0.924,1.766,
113,-1.737,-0.795,
114,1.263,-0.21,
115,-0.858,-0.633,
116,0.269,1.665,
117,-1.784,-1.08,
118,-0.376,0.074,
119,1.351,0.592,
120,-0.771,-0.002,
121,0.075,-1.347,
122,-1.751,-0.994,
123,-2.274,1.272,
124,-1.314,-0.839,
125,-0.26,1.012,
126,-2.378,0.79,
127,-0.079,-1.16,
128,0.009,0.053,
129,1.058,0.303,
130,1.432,-1.804,
131,-0.144,1.626,
132,-0.001,1.224,
133,-0.993,1.26,
134,-3.026,-1.583,
135,-0.368,-2.273,
136,0.413,-1.047,
137,-0.085,0.421,
138,2.453,0.396,
139,-0.916,-0.372,
140,-0.389,-0.866,
141,-0.273,1.38,
142,1.886,-0.13,
143,0.316,2.086,
144,-0.113,0.127,
145,0.43,-1.326,
146,-1.489,0.743,
147,0.556,-0.606,
148,0.176,-0.656,
149,1.585,-2.173,
150,0.493,-0.118,
151,1.793,0.387,
152,0.516,-0.131,
153,-0.249,-0.031,
154,-0.931,2.541,
155,-0.199,-0.597,
156,-2.319,-1.226,
157,0.007,0.234,
158,0.824,-2.282,
159,0.632,-1.15,
160,-0.028,-0.155,
161,-0.074,0.591,
162,-0.571,-0.114,
163,-0.215,-2.456,
