1,1.68,-0.035,
2,-0.448,0.825,
3,1.497,-1.021,
4,0.034,-0.648,
5,1.388,-0.654,
6,0.145,2.084,
7,2.482,0.548,
8,1.796,0.059,
9,1.835,-0.314,
10,-0.08,-0.256,
11,-1.933,0.513,
12,1.082,1.253,
13,0.984,0.173,
14,1.275,1.909,
15,-0.853,-0.069,
16,-0.203,-0.747,
17,-0.474,0.243,
18,0.254,0.185,
19,-0.824,-1.23,
20,-0.297,-0.786,
21,-0.288,-1.994,
22,0.226,-0.691,
23,-1.053,-0.923,
24,-0.061,0.317,
25,0.119,-0.14,
26,1.253,-0.316,
27,2.205,-0.053,
28,1.848,-0.283,
29,1.923,1.342,
30,1.08,0.094,
31,-0.153,0.312,
32,1.67,-0.979,
33,-0.455,-2.75,
34,-1.273,0.718,
35,0.858,0.886,
36,0.098,0.283,
37,-0.543,-1.041,
38,0.254,-1.499,
39,-0.754,0.472,
40,-0.484,-0.087,
41,1.357,-0.783,
42,-0.037,-0.782,
43,1.344,-0.308,
44,0.599,0.587,
45,0.549,0.434,
46,0.542,0.394,
47,-1.102,-0.237,
48,-0.193,0.756,
49,-1.181,-0.711,
50,0.669,-0.918,
51,1.41,-0.512,
52,0.615,-0.211,
53,-0.289,1.993,
54,2.719,0.026,
55,0.597,-0.719,
56,2.041,-0.081,
57,-0.087,2.132,
58,1.694,1.392,
59,0.869,-1.416,
60,0.362,1.484,
61,-0.654,-0.094,
62,2.743,0.482,
63,0.801,0.315,
64,-0.639,-2.236,
65,0.447,0.468,
66,-0.534,0.076,
67,0.448,-0.886,
68,-0.411,-0.037,
69,-2.538,1.166,
70,1.491,1.477,
71,0.112,-0.228,
72,0.126,-0.037,
73,-0.047,-1.069,
74,1.25,-0.166,
75,-0.19,1.678,
76,1.079,-0.794,
77,-0.126,-0.044,
78,0.538,0.876,
79,-0.198,0.192,
80,-0.901,-0.65,
81,-0.077,-0.492,
82,-1.403,0.059,
83,1.163,-0.369,
84,0.464,-0.384,
85,-0.027,2.093,
86,-0.636,-1.232,
87,0.834,-1.992,
88,0.217,0.56,
89,2.055,-1.243,
90,0.034,-0.957,
91,1.343,2.119,
92,1.237,-0.27,
93,1.371,0.806,
94,1.26,-0.234,
95,-0.041,1.861,
96,3.278,-1.601,
97,1.596,0.602,
98,-0.358,0.114,
99,-0.364,1.758,
100,2.819,-3.106,
101,0.694,-1.614,
102,-0.107,-0.947,
103,-0.685,0.973,
104,0.864,-0.61,
105,1.494,-0.421,
106,1.122,-1.382,
107,1.296,1.402,
108,-0.233,-0.707,
109,-0.391,-0.37,
110,-0.138,-0.548,
111,1.319,1.377,
112,0.32,-0.176,
113,0.538,0.561,
114,0.654,0.783,
115,-0.259,-1.426,
116,1.23,-1.454,
117,1.086,-1.24,
118,1.43,-1.297,
119,1.511,0.653,
120,0.417,-0.032,
121,0.561,0.915,
122,-1.073,0.845,
123,1.212,0.703,
124,1.095,-0.281,
125,-0.108,1.443,
126,1.637,-0.704,
127,1.068,0.933,
128,0.949,0.555,
129,1.151,0.7,
130,2.058,0.215,
131,1.144,1.317,
132,0.487,0.151,
133,0.413,-0.755,
134,0.363,0.449,
135,-1.016,0.014,
136,0.488,-0.668,
137,-0.1,-0.463,
138,0.988,0.456,
139,0.283,-1.068,
140,0.271,1.248,
141,-0.394,-0.825,
142,0.896,-0.992,
143,0.79,-0.951,
144,0.789,0.303,
145,-0.221,0.181,
146,0.887,-0.091,
147,-1.201,0.033,
148,-1.382,-0.447,
149,0.161,-1.271,
150,1.736,-1.935,
151,0.504,1.657,
152,0.919,0.039,
153,1.397,-1.392,
154,-0.593,-0.009,
155,1.116,-0.975,
156,-0.617,-1.679,
157,-2.746,-0.921,
158,0.965,0.022,
159,0.823,0.475,
160,0.646,1.932,
161,0.661,0.07,
162,-1.462,-0.586,
163,-0.245,-1.706,
