1,-0.195,-0.228,
2,0.035,0.02,
3,0.904,0.215,
4,0.151,0.316,
5,0.146,0.062,
6,-0.368,0.313,
7,0.123,-0.312,
8,-0.175,-0.129,
9,0.257,-0.304,
10,0.062,0.176,
11,0.188,-0.34,
12,0.257,-0.229,
13,-0.297,-0.395,
14,0.127,-0.935,
15,-0.074,-0.828,
16,0.23,-0.187,
17,-0.583,0.166,
18,-0.224,0.338,
19,-0.207,0.426,
20,-0.173,0.04,
21,0.136,0.334,
22,-0.093,0.051,
23,-0.084,-0.048,
24,-0.355,0.49,
25,0.488,-0.146,
26,0.276,-0.078,
27,0.121,0.435,
28,0.364,-0.059,
29,-0.415,0.187,
30,0.553,0.487,
31,0.154,-0.08,
32,-0.029,-0.111,
33,0.172,0.095,
34,-0.05,0.034,
35,-0.105,0.138,
36,0.682,0.573,
37,-0.002,0.103,
38,0.118,-0.161,
39,0.474,-0.228,
40,-0.17,-0.21,
41,0.174,0.046,
42,0.399,-0.343,
43,-0.444,-0.046,
44,0.115,-0.181,
45,-0.179,0.228,
46,0.123,-0.055,
47,-0.03,-0.04,
48,0.086,-0.569,
49,-0.207,0.118,
50,0.459,0.049,
51,-0.837,-0.142,
52,0.159,0.313,
53,0.05,0.181,
54,0.282,0.093,
55,-0.109,0.141,
56,0.155,0.199,
57,-0.145,-0.022,
58,-0.1,0.252,
59,-0.176,-0.299,
60,-0.287,-0.064,
61,-0.068,-0.236,
62,0.623,-0.254,
63,0.078,0.246,
64,0.169,-0.198,
65,0.639,0.176,
66,-0.138,0.045,
67,-0.048,0.047,
68,0.54,-0.08,
69,0.655,0.15,
70,-0.057,-0.128,
71,0.547,-0.206,
72,-0.079,-0.203,
73,-0.068,0.38,
74,0.093,0.232,
75,-0.092,-0.149,
76,0.104,-0.06,
77,-0.03,0.182,
78,0.088,0.503,
79,-0.052,0.647,
80,-0.559,-0.103,
81,0.086,0.064,
82,-0.045,0.068,
83,-0.036,-0.076,
84,0.495,0.26,
85,-0.406,-0.267,
86,-0.036,-0.585,
87,-0.162,-0.133,
88,0.369,-0.515,
89,0.04,0.17,
90,-0.158,0.087,
91,0.096,0.338,
92,-0.017,0.144,
93,0.221,0.008,
94,0.278,-0.06,
95,-0.162,0.043,
96,0.057,-0.327,
97,-0.193,-0.365,
98,0.186,-0.025,
99,0.108,0.237,
100,0.633,-0.146,
101,-0.21,-0.098,
102,-0.219,0.657,
103,0.451,-0.029,
104,-0.503,0.086,
105,-0.151,0.135,
106,-0.593,-0.889,
107,0.074,0.239,
108,0.019,-0.348,
109,-0.059,-0.414,
110,0.114,-0.242,
111,0.222,-0.308,
112,0.154,-0.187,
113,0.039,0.184,
114,-0.187,0.044,
115,-0.28,0.391,
116,-0.035,-0.052,
117,0.413,0.148,
118,0.02,0.135,
119,-0.063,-0.211,
120,0.138,-0.225,
121,-0.342,-0.548,
122,0.139,-0.356,
123,-0.155,0.217,
124,-0.055,0.273,
125,0.198,-0.722,
126,-0.106,-0.332,
127,0.181,-0.156,
128,-0.061,0.528,
129,0.091,-0.219,
130,0.554,-0.059,
131,-0.243,-0.223,
132,-0.16,0.132,
133,-0.205,-0.081,
134,-0.677,-0.297,
135,0.266,-0.288,
136,-0.007,0.023,
137,0.098,0.044,
138,0.157,-0.007,
139,-0.008,0.265,
140,-0.035,0.073,
141,-0.393,0.797,
142,0.182,-0.131,
143,0.15,-0.426,
144,0.912,-0.763,
145,0.378,-0.208,
146,-0.098,-0.081,
147,0.309,0.079,
148,0.138,-0.103,
149,-0.226,-0.084,
150,-0.094,-0.172,
151,-0.329,0.052,
152,-0.122,-0.237,
153,-0.09,-0.006,
154,0.197,0.333,
155,0.193,-0.071,
156,-0.238,0.549,
157,-0.16,-0.12,
158,-0.122,0.485,
159,-0.258,0.106,
160,-0.143,0.305,
161,0.308,-0.237,
162,-0.263,0.192,
163,0.536,-0.321,
