1,0.448,-0.526,
2,0.838,-0.615,
3,0.84,-0.517,
4,0.889,0.042,
5,0.162,-0.263,
6,-0.803,-0.882,
7,2.13,-0.331,
8,1.141,-1.132,
9,1.218,-1.824,
10,-0.178,-1.227,
11,1.251,-0.164,
12,0.372,-0.802,
13,1.164,-0.718,
14,0.515,0.008,
15,-0.105,-1.442,
16,0.941,-0.42,
17,0.786,-0.063,
18,0.691,-0.954,
19,1.221,-0.391,
20,0.59,-1.457,
21,1.041,-1.361,
22,-0.073,-0.957,
23,0.917,-1.26,
24,0.359,-0.584,
25,0.752,0.378,
26,1.086,-0.355,
27,0.066,-1.011,
28,0.995,-0.423,
29,0.734,0.067,
30,0.314,-0.818,
31,0.721,-1.555,
32,1.124,-0.201,
33,1.554,-0.992,
34,0.713,-1.116,
35,1.564,-0.198,
36,0.347,-0.229,
37,1.095,-0.347,
38,0.487,-0.502,
39,1.045,-0.18,
40,0.81,-0.863,
41,0.961,-1.14,
42,2.859,-0.751,
43,1.661,-0.562,
44,0.731,-0.393,
45,0.33,-0.285,
46,0.346,-0.971,
47,-0.07,-0.919,
48,1.44,-0.137,
49,0.88,-0.708,
50,1.003,-0.593,
51,0.318,-0.581,
52,0.479,-0.821,
53,1.71,-1.901,
54,1.523,0.11,
55,0.687,-1.575,
56,1.8,-1.638,
57,0.63,-1.194,
58,0.455,-0.737,
59,0.068,-1.415,
60,0.518,-0.597,
61,0.374,-0.484,
62,1.923,-0.282,
63,0.293,-0.946,
64,-0.001,-1.285,
65,1.159,-1.094,
66,1.516,0.001,
67,0.52,-0.966,
68,0.016,-0.535,
69,1.636,-0.283,
70,0.374,-0.813,
71,0.575,-1.292,
72,2.167,-0.666,
73,0.831,-1.395,
74,0.843,-0.697,
75,0.695,-0.949,
76,1.463,-0.793,
77,0.881,-1.004,
78,0.101,-2.103,
79,0.002,-1.309,
80,1.152,-0.568,
81,0.372,0.245,
82,0.788,0.198,
83,0.245,-0.721,
84,1.136,-0.809,
85,1.065,-0.141,
86,0.758,-0.532,
87,0.231,-1.947,
88,1.101,-0.227,
89,0.74,-0.657,
90,1.893,-0.479,
91,0.703,0.084,
92,0.168,-1.151,
93,0.048,0.028,
94,0.767,-0.243,
95,0.593,0.625,
96,1.208,-2.032,
97,1.312,-0.631,
98,0.411,-1.548,
99,0.468,-1.438,
100,1.892,-0.305,
101,0.75,0.198,
102,1.18,-1.305,
103,0.756,-0.692,
104,1.201,-0.882,
105,0.2,-0.911,
106,-0.103,-0.86,
107,1.704,-0.485,
108,0.363,-1.112,
109,0.906,-0.74,
110,0.81,-0.636,
111,0.147,-1.098,
112,-0.057,-0.735,
113,1.525,-0.96,
114,1.108,-1.381,
115,0.692,-1.181,
116,0.955,-1.289,
117,1.017,-1.358,
118,1.569,-0.317,
119,0.546,-0.733,
120,0.44,-2.345,
121,1.183,0.58,
122,1.48,-0.767,
123,1.201,-1.188,
124,0.948,-1.498,
125,0.559,-1.003,
126,1.03,-0.427,
127,1.309,-0.393,
128,0.922,-0.403,
129,1.169,-0.762,
130,0.469,-0.493,
131,0.455,0.436,
132,0.74,-1.316,
133,0.628,-0.558,
134,0.853,-0.388,
135,0.39,-0.722,
136,0.958,-0.987,
137,0.433,-0.63,
138,0.661,-0.886,
139,0.671,-1.57,
140,0.419,-0.984,
141,0.11,-0.751,
142,0.348,-0.515,
143,1.266,0.214,
144,0.903,-0.832,
145,-0.332,-1.095,
146,1.612,0.021,
147,0.583,-0.728,
148,0.018,-2.423,
149,1.215,-1.135,
150,0.679,-1.002,
151,2.314,-0.643,
152,0.278,-0.574,
153,1.016,-0.798,
154,0.256,-0.515,
155,0.448,-1.136,
156,0.558,-0.195,
157,0.371,-1.195,
158,0.704,-1.265,
159,0.528,-1.636,
160,0.742,-1.056,
161,0.832,-0.889,
162,0.809,-0.706,
163,1.453,-1.218,
