1,0.747,-0.006,
2,-0.601,0.748,
3,1.051,-0.524,
4,-0.356,-0.089,
5,0.841,-0.3,
6,-0.171,1.444,
7,1.198,-0.407,
8,0.751,-0.689,
9,1.362,-0.112,
10,-0.294,-0.128,
11,-2.15,0.045,
12,0.391,1.112,
13,0.239,-0.032,
14,0.858,0.791,
15,-0.656,0.107,
16,0.207,-0.22,
17,-0.756,0.359,
18,-0.105,0.348,
19,-0.907,-0.711,
20,-0.451,-0.191,
21,-0.713,-1.172,
22,-0.029,-0.412,
23,-0.649,-0.741,
24,-0.419,0.502,
25,0.101,0.118,
26,0.751,-0.099,
27,1.346,0.24,
28,1.127,-0.183,
29,0.957,0.997,
30,0.857,0.2,
31,-0.399,0.155,
32,1.241,-0.767,
33,-0.651,-2.288,
34,-0.793,0.495,
35,0.163,0.5,
36,0.068,0.556,
37,-0.555,-0.682,
38,0.044,-1.292,
39,-0.377,-0.093,
40,-0.832,-0.113,
41,0.61,-0.716,
42,-0.218,-0.77,
43,0.752,-0.267,
44,0.216,0.492,
45,0.268,0.212,
46,0.655,0.215,
47,-0.824,-0.136,
48,-0.529,0.524,
49,-0.788,0.09,
50,0.301,-0.301,
51,0.554,-0.298,
52,0.25,-0.076,
53,-0.576,1.375,
54,1.858,-0.153,
55,-0.031,-0.515,
56,1.172,0.124,
57,-0.371,1.206,
58,1.186,1.217,
59,0.586,-0.556,
60,-0.119,1.004,
61,-0.898,-0.659,
62,1.358,-0.346,
63,-0.009,0.163,
64,-0.293,-1.481,
65,-0.193,0.481,
66,-0.991,0.071,
67,-0.332,-0.61,
68,0.068,0.001,
69,-1.479,0.664,
70,0.683,1.372,
71,-0.235,-0.15,
72,-0.178,0.067,
73,-0.253,-0.356,
74,0.678,0.008,
75,-0.162,0.856,
76,0.32,-0.261,
77,-0.554,0.018,
78,0.269,1.212,
79,-0.299,0.366,
80,-0.778,-0.148,
81,-0.244,-0.212,
82,-1.176,0.264,
83,0.57,0.118,
84,0.224,-0.15,
85,-0.951,1.404,
86,-0.367,-0.598,
87,0.329,-1.226,
88,0.35,0.095,
89,1.408,-1.145,
90,0.108,-0.47,
91,0.695,1.568,
92,0.512,-0.066,
93,0.897,0.543,
94,0.735,0.276,
95,-0.195,1.628,
96,1.88,-1.144,
97,1.144,0.669,
98,-0.556,0.093,
99,-0.727,1.56,
100,2.291,-1.947,
101,0.314,-1.66,
102,-0.292,-0.631,
103,-0.273,0.271,
104,0.486,-0.344,
105,0.808,-0.439,
106,0.01,-1.396,
107,0.138,0.763,
108,-0.274,-0.256,
109,-0.76,-0.477,
110,-0.17,-0.283,
111,0.857,0.804,
112,0.037,-0.374,
113,-0.011,0.569,
114,0.154,0.879,
115,-0.536,-0.587,
116,0.802,-0.99,
117,0.173,0.083,
118,0.798,-1.174,
119,0.974,0.566,
120,0.124,0.267,
121,0.136,0.104,
122,-1,0.993,
123,0.627,1.034,
124,0.426,0.11,
125,-0.052,1.3,
126,0.865,-0.574,
127,0.473,0.87,
128,0.347,0.665,
129,0.662,0.452,
130,1.005,0.464,
131,0.762,0.927,
132,0.019,0.158,
133,0.053,-0.583,
134,0.185,0.484,
135,-0.631,0.497,
136,-0.253,-0.33,
137,-0.226,-0.249,
138,0.424,0.49,
139,-0.295,-0.83,
140,-0.383,1.074,
141,-0.898,-0.12,
142,0.431,-0.605,
143,0.636,-1.142,
144,0.733,-0.466,
145,-0.299,-0.152,
146,0.145,0.227,
147,-1.224,0.187,
148,-0.957,-0.192,
149,0.243,-0.512,
150,0.695,-1.312,
151,0.032,1.014,
152,0.304,0.064,
153,1.192,-0.706,
154,-0.604,0.137,
155,0.834,-0.703,
156,-0.329,-0.538,
157,-1.183,-0.585,
158,0.213,0.19,
159,0.205,0.253,
160,0.038,1.494,
161,0.366,-0.043,
162,-1.025,-0.33,
163,-0.732,-1.135,
