1,1.594,-0.206,
2,1.36,-0.599,
3,1.416,-0.341,
4,1.597,-0.512,
5,1.408,-0.05,
6,-0.087,0.016,
7,1.81,0.286,
8,1.901,-0.059,
9,1.206,-0.912,
10,0.888,0.236,
11,1.918,-0.076,
12,1.794,-0.664,
13,1.929,0.05,
14,0.95,-0.122,
15,1.1,-0.523,
16,1.311,-0.758,
17,0.986,-0.192,
18,1.2,-0.41,
19,1.101,-0.065,
20,1.422,-0.574,
21,1.488,-0.643,
22,1.333,-0.508,
23,0.838,-0.692,
24,1.352,-0.513,
25,1.196,-0.051,
26,1.779,-0.032,
27,1.799,-0.561,
28,1.666,-0.281,
29,1.561,-0.037,
30,1.229,0.141,
31,1.438,0.202,
32,1.497,-0.68,
33,1.726,-0.612,
34,0.627,-0.623,
35,1.855,0.767,
36,0.737,-0.325,
37,1.519,-0.459,
38,1.308,-0.055,
39,1.371,-0.267,
40,1.366,-0.444,
41,1.894,-0.081,
42,1.892,0.189,
43,1.563,-0.237,
44,1.651,-0.012,
45,1.475,0.027,
46,1.202,-0.451,
47,0.905,-0.836,
48,2.232,-0.146,
49,1.148,-1.004,
50,0.894,-0.906,
51,1.519,-0.289,
52,1.322,-0.216,
53,1.496,-0.441,
54,1.516,0.165,
55,1.123,-0.939,
56,1.21,-0.056,
57,1.313,-0.106,
58,1.145,-0.018,
59,1.381,-0.889,
60,1.329,-0.354,
61,1.765,0.01,
62,1.847,-0.163,
63,1.432,-0.003,
64,0.783,-1.083,
65,1.845,-0.527,
66,1.644,0.234,
67,1.231,-0.699,
68,1.448,-0.369,
69,1.552,0.129,
70,1.543,-0.713,
71,1.256,-0.628,
72,1.675,-0.282,
73,1.348,-0.214,
74,1.832,-0.308,
75,1.241,-0.517,
76,1.517,-0.64,
77,1.412,-0.362,
78,1.17,-0.252,
79,0.533,-0.411,
80,1.216,-1.085,
81,1.331,-0.461,
82,1.671,-0.378,
83,1.579,-0.455,
84,1.313,-0.415,
85,1.825,-0.275,
86,1.135,-0.18,
87,1.421,-0.977,
88,1.587,-0.693,
89,1.868,-0.341,
90,1.155,-0.519,
91,1.59,0.148,
92,1.55,-0.679,
93,0.977,0.076,
94,1.189,-0.368,
95,1.426,-0.689,
96,1.701,-0.913,
97,1.721,-0.612,
98,0.793,-1.045,
99,1.615,-0.464,
100,1.14,-0.545,
101,1.195,-0.176,
102,1.317,-0.639,
103,1.256,0.219,
104,1.406,-0.554,
105,1.343,-0.635,
106,1.934,-0.095,
107,1.898,0.48,
108,1.288,-0.576,
109,1.418,-0.343,
110,1.936,-0.205,
111,1.219,-0.33,
112,0.514,-0.733,
113,1.335,-0.385,
114,1.379,-0.762,
115,1.236,-1.611,
116,1.623,-0.809,
117,1.813,-0.173,
118,1.327,-0.529,
119,1.4,-0.383,
120,1.36,-0.595,
121,1.26,-0.23,
122,1.945,-0.216,
123,1.242,-1.242,
124,1.902,-0.712,
125,0.851,-0.855,
126,1.774,-0.617,
127,1.694,-0.747,
128,1.26,-0.145,
129,1.618,-0.316,
130,2.068,-0.447,
131,1.746,0.561,
132,1.035,-0.394,
133,1.184,-0.671,
134,0.968,-0.211,
135,1.033,-0.923,
136,1.587,-0.534,
137,0.829,-0.291,
138,1.134,-0.569,
139,0.951,-0.941,
140,1.47,-0.119,
141,1.291,-1.06,
142,1.156,-0.935,
143,1.241,0.019,
144,1.134,-0.128,
145,1.17,-0.709,
146,2.187,0.013,
147,1.371,-0.456,
148,1.043,-0.403,
149,1.23,-2.711,
150,0.486,-0.254,
151,2.093,0.086,
152,1.136,-0.018,
153,1.572,-0.751,
154,1.009,-0.677,
155,0.827,-0.587,
156,1.129,-0.512,
157,1.073,-0.804,
158,1.716,-0.213,
159,1.569,-0.664,
160,1.117,0.096,
161,1.575,-0.65,
162,1.021,-0.305,
163,2.076,-1.105,
