1,0.745,-0.001,
2,-0.598,0.72,
3,1.027,-0.535,
4,-0.332,-0.108,
5,0.842,-0.331,
6,-0.175,1.427,
7,1.181,-0.38,
8,0.762,-0.639,
9,1.359,-0.124,
10,-0.259,-0.126,
11,-2.11,0.037,
12,0.409,1.114,
13,0.246,-0.03,
14,0.841,0.809,
15,-0.662,0.127,
16,0.18,-0.26,
17,-0.748,0.342,
18,-0.101,0.336,
19,-0.89,-0.709,
20,-0.433,-0.213,
21,-0.674,-1.161,
22,-0.024,-0.385,
23,-0.635,-0.724,
24,-0.403,0.475,
25,0.128,0.082,
26,0.727,-0.113,
27,1.309,0.231,
28,1.099,-0.17,
29,0.928,0.983,
30,0.855,0.204,
31,-0.38,0.145,
32,1.228,-0.748,
33,-0.647,-2.245,
34,-0.753,0.478,
35,0.169,0.491,
36,0.09,0.536,
37,-0.557,-0.669,
38,0.004,-1.254,
39,-0.36,-0.101,
40,-0.809,-0.113,
41,0.591,-0.707,
42,-0.197,-0.758,
43,0.738,-0.259,
44,0.211,0.474,
45,0.263,0.2,
46,0.65,0.204,
47,-0.795,-0.158,
48,-0.488,0.501,
49,-0.816,0.091,
50,0.296,-0.275,
51,0.522,-0.312,
52,0.25,-0.076,
53,-0.529,1.335,
54,1.831,-0.137,
55,-0.038,-0.506,
56,1.154,0.137,
57,-0.38,1.198,
58,1.163,1.195,
59,0.596,-0.57,
60,-0.122,0.985,
61,-0.84,-0.661,
62,1.37,-0.34,
63,-0.003,0.157,
64,-0.285,-1.439,
65,-0.182,0.457,
66,-0.957,0.068,
67,-0.339,-0.614,
68,0.133,-0.047,
69,-1.395,0.631,
70,0.679,1.338,
71,-0.23,-0.159,
72,-0.175,0.045,
73,-0.229,-0.349,
74,0.687,0.008,
75,-0.179,0.827,
76,0.356,-0.263,
77,-0.538,0.015,
78,0.278,1.181,
79,-0.288,0.363,
80,-0.756,-0.147,
81,-0.247,-0.224,
82,-1.124,0.255,
83,0.566,0.165,
84,0.228,-0.175,
85,-0.934,1.345,
86,-0.351,-0.584,
87,0.321,-1.175,
88,0.282,0.098,
89,1.378,-1.129,
90,0.108,-0.454,
91,0.678,1.537,
92,0.494,-0.061,
93,0.872,0.538,
94,0.717,0.272,
95,-0.205,1.62,
96,1.816,-1.101,
97,1.131,0.638,
98,-0.558,0.083,
99,-0.714,1.527,
100,2.261,-1.9,
101,0.294,-1.616,
102,-0.303,-0.614,
103,-0.317,0.261,
104,0.483,-0.341,
105,0.766,-0.439,
106,-0.01,-1.376,
107,0.147,0.728,
108,-0.265,-0.261,
109,-0.748,-0.498,
110,-0.147,-0.271,
111,0.828,0.768,
112,0.053,-0.389,
113,0.003,0.55,
114,0.152,0.852,
115,-0.481,-0.572,
116,0.765,-0.962,
117,0.153,0.122,
118,0.772,-1.134,
119,0.95,0.544,
120,0.126,0.247,
121,0.129,0.079,
122,-0.955,0.987,
123,0.603,0.999,
124,0.409,0.112,
125,-0.038,1.284,
126,0.882,-0.556,
127,0.488,0.848,
128,0.326,0.67,
129,0.649,0.436,
130,0.983,0.468,
131,0.756,0.891,
132,0.02,0.152,
133,0.062,-0.588,
134,0.18,0.472,
135,-0.607,0.475,
136,-0.242,-0.335,
137,-0.21,-0.239,
138,0.432,0.496,
139,-0.311,-0.784,
140,-0.388,1.063,
141,-0.891,-0.114,
142,0.411,-0.613,
143,0.63,-1.104,
144,0.73,-0.448,
145,-0.28,-0.16,
146,0.153,0.213,
147,-1.198,0.198,
148,-0.913,-0.145,
149,0.233,-0.497,
150,0.705,-1.343,
151,0.032,0.998,
152,0.295,0.069,
153,1.198,-0.667,
154,-0.584,0.137,
155,0.826,-0.671,
156,-0.328,-0.545,
157,-1.172,-0.585,
158,0.219,0.178,
159,0.179,0.294,
160,0.027,1.488,
161,0.387,-0.028,
162,-0.99,-0.282,
163,-0.7,-1.148,
