1,1.416,-0.04,
2,-0.581,1.082,
3,1.647,-0.825,
4,-0.344,-0.35,
5,1.177,-0.159,
6,0.054,2.239,
7,2.504,0.065,
8,1.559,-0.39,
9,1.579,-0.116,
10,-0.542,-0.222,
11,-2.665,0.349,
12,0.695,1.186,
13,0.63,0.126,
14,1.169,1.809,
15,-0.952,-0.184,
16,0.145,-0.146,
17,-0.666,0.449,
18,0.093,0.392,
19,-1.08,-1.025,
20,-0.638,-0.629,
21,-0.763,-2.104,
22,0.044,-0.885,
23,-1.17,-1.012,
24,-0.375,0.683,
25,-0.222,0.388,
26,1.337,-0.164,
27,2.403,0.121,
28,2.037,-0.303,
29,1.947,1.403,
30,1.017,0.08,
31,-0.483,0.38,
32,1.586,-1.123,
33,-0.53,-2.996,
34,-1.679,0.953,
35,0.571,0.885,
36,-0.157,0.57,
37,-0.622,-1.105,
38,0.225,-1.909,
39,-1.003,0.323,
40,-0.853,-0.082,
41,1.426,-0.741,
42,-0.369,-0.951,
43,1.377,-0.416,
44,0.487,0.752,
45,0.463,0.521,
46,0.589,0.404,
47,-1.242,-0.151,
48,-0.727,0.951,
49,-0.756,-0.518,
50,0.662,-1.019,
51,1.351,-0.26,
52,0.492,-0.154,
53,-0.834,2.257,
54,2.749,-0.185,
55,0.629,-0.724,
56,2.048,-0.221,
57,-0.072,2.095,
58,1.782,1.552,
59,0.759,-1.194,
60,0.22,1.659,
61,-1.457,-0.25,
62,2.307,0.473,
63,0.487,0.37,
64,-0.662,-2.558,
65,0.141,0.749,
66,-1.094,0.16,
67,0.292,-0.774,
68,-0.915,0.076,
69,-3.033,1.414,
70,1.303,1.805,
71,-0.052,-0.086,
72,-0.081,0.181,
73,-0.475,-1.011,
74,1.009,-0.109,
75,-0.13,1.957,
76,0.805,-0.614,
77,-0.395,0.025,
78,0.432,1.252,
79,-0.355,0.281,
80,-1.207,-0.565,
81,-0.283,-0.64,
82,-1.988,0.192,
83,1.276,-0.443,
84,0.379,-0.106,
85,-0.451,2.617,
86,-0.815,-1.201,
87,0.732,-2.353,
88,0.711,0.331,
89,2.028,-1.42,
90,0.065,-1.006,
91,1.454,2.272,
92,1.255,-0.255,
93,1.536,0.784,
94,1.326,-0.104,
95,-0.345,1.978,
96,3.435,-1.643,
97,1.704,0.968,
98,-0.416,0.265,
99,-0.605,2.068,
100,2.921,-3.462,
101,0.801,-2.058,
102,-0.058,-1.244,
103,-0.147,0.91,
104,0.761,-0.521,
105,1.678,-0.302,
106,1.048,-1.574,
107,0.855,1.573,
108,-0.529,-0.481,
109,-0.689,-0.27,
110,-0.451,-0.611,
111,1.487,1.758,
112,0.065,0.009,
113,0.414,0.783,
114,0.552,1.007,
115,-1.003,-1.441,
116,1.46,-1.654,
117,0.905,-1.067,
118,1.514,-1.546,
119,1.624,0.931,
120,0.299,0.303,
121,0.389,0.983,
122,-1.535,0.835,
123,1.297,1.105,
124,1.068,-0.186,
125,-0.112,1.679,
126,1.648,-0.808,
127,0.756,1.179,
128,0.967,0.496,
129,1.201,0.832,
130,2.057,0.155,
131,1.072,1.588,
132,0.336,0.247,
133,0.208,-0.605,
134,0.343,0.602,
135,-1.279,0.382,
136,0.136,-0.536,
137,-0.354,-0.562,
138,0.798,0.485,
139,0.383,-1.615,
140,0.149,1.345,
141,-0.588,-0.702,
142,1.051,-0.847,
143,0.752,-1.292,
144,0.907,0.129,
145,-0.561,0.22,
146,0.531,-0.011,
147,-1.568,-0.023,
148,-1.807,-0.934,
149,0.215,-1.061,
150,1.6,-1.719,
151,0.319,1.751,
152,0.86,-0.031,
153,1.32,-1.408,
154,-0.801,0.017,
155,1.118,-1.261,
156,-0.728,-1.567,
157,-2.847,-0.804,
158,0.64,0.148,
159,0.988,-0.042,
160,0.612,1.944,
161,0.222,-0.064,
162,-1.899,-1.022,
163,-0.603,-1.508,
