1,-0.493,-1.241,
2,-0.379,-0.858,
3,0.088,-1.849,
4,-1.41,0.223,
5,0.249,-0.352,
6,-0.479,0.267,
7,0.31,-0.494,
8,-0.242,-1.388,
9,1.606,0.155,
10,-0.424,-0.209,
11,0.124,-1.213,
12,0.673,0.107,
13,-0.093,0.613,
14,-0.964,-0.186,
15,-1.04,-0.009,
16,0.542,-0.221,
17,-1.03,-2.216,
18,0.599,-0.606,
19,0.296,0.13,
20,0.116,-0.023,
21,-0.101,-1.073,
22,0.07,-0.154,
23,-0.427,-1.63,
24,0.976,-1.345,
25,-0.065,-0.807,
26,-2.165,-1.306,
27,-1.145,-1.038,
28,1.4,-0.54,
29,0.989,0.594,
30,1.768,-0.279,
31,-0.402,-1.229,
32,0.447,-0.813,
33,-1.665,-1.528,
34,0.022,-2.494,
35,-0.146,-0.704,
36,0.48,0.008,
37,1.126,0.227,
38,1.12,-0.794,
39,-0.449,-0.528,
40,1.041,-1.467,
41,0.6,0.852,
42,-0.235,1.241,
43,0.074,1.558,
44,-0.735,-1.383,
45,-0.275,-0.802,
46,-1.031,-0.023,
47,-0.142,0.382,
48,-0.51,-0.571,
49,0.558,-1.233,
50,0.581,-0.239,
51,-0.391,-1.551,
52,-0.935,0.235,
53,-1.016,1.044,
54,-1.361,-0.13,
55,-1.341,-0.582,
56,-0.511,-0.302,
57,0.346,-0.611,
58,-1.522,-0.279,
59,-0.198,-1.397,
60,0.069,-0.678,
61,-1.388,-0.099,
62,0.343,-0.751,
63,1.611,0.797,
64,-0.596,0.039,
65,0.781,-0.332,
66,1.034,-0.003,
67,-0.601,0.802,
68,-0.044,-0.7,
69,-0.301,-0.132,
70,1.32,-0.678,
71,0.778,-0.969,
72,0.021,-1.726,
73,1.466,-0.801,
74,1.155,-0.703,
75,1.06,0.233,
76,-0.402,-1.763,
77,0.417,0.932,
78,0.218,1.195,
79,0.554,0.383,
80,1.146,-0.025,
81,-0.981,-1.105,
82,-0.241,0.759,
83,0.076,-0.108,
84,-0.219,-0.192,
85,1.042,-0.568,
86,1.123,0.234,
87,-0.276,-0.67,
88,0.327,0.477,
89,-1.435,-0.36,
90,-0.678,0.252,
91,-1.099,-0.302,
92,-0.518,-0.245,
93,0.953,1.209,
94,-0.886,1.968,
95,1.518,-0.616,
96,-0.389,-1.195,
97,-0.995,-0.418,
98,-0.618,-2.233,
99,0.218,-0.669,
100,0.111,-1.659,
101,-0.167,-0.399,
102,-0.698,-1.311,
103,-0.142,-1.456,
104,-0.006,-0.722,
105,-1.541,-0.161,
106,0.994,-0.247,
107,-0.488,0.222,
108,0.239,-1.136,
109,0.529,-2.225,
110,-1.181,-2.553,
111,0.247,0.408,
112,1.072,-1.115,
113,0.356,-0.734,
114,-0.123,-0.781,
115,-0.409,-1.502,
116,0.185,-1.126,
117,1.938,-0.389,
118,0.526,-0.42,
119,0.521,-1.043,
120,-0.193,-0.173,
121,0.107,-0.297,
122,0.298,-0.034,
123,0.002,-1.4,
124,-1.021,-1.298,
125,0.05,-0.363,
126,0.375,-0.381,
127,0.454,-1.552,
128,-0.103,-0.415,
129,-0.294,-0.438,
130,-0.603,-0.25,
131,0.385,-0.437,
132,0.541,1.161,
133,-0.254,-0.987,
134,-0.143,-0.143,
135,-1.758,-1.188,
136,-0.107,-0.755,
137,1.342,-0.076,
138,-0.496,-0.317,
139,-0.875,-0.378,
140,-0.834,-1.229,
141,-0.819,-0.994,
142,0.813,-1.164,
143,-0.396,0.177,
144,-0.469,-1.08,
145,-1.094,-0.281,
146,0.158,0.337,
147,-0.117,-0.741,
148,-1.85,-0.443,
149,-0.19,-1.268,
150,-0.694,-3.263,
151,-0.074,-0.165,
152,-1.008,-0.981,
153,0.339,-0.44,
154,-1.652,0.16,
155,-0.992,-1.38,
156,1.014,-0.007,
157,-0.086,-0.782,
158,0.016,-0.811,
159,0.167,0.227,
160,-1.274,-0.557,
161,-0.768,-0.236,
162,0.886,0.457,
163,0.627,-0.945,
