1,-0.144,-0.793,
2,-0.083,-1.107,
3,-0.517,-0.881,
4,-0.269,-0.722,
5,0.018,-0.532,
6,-1.398,-0.78,
7,-0.254,-0.385,
8,0.108,-0.672,
9,-0.659,-1.402,
10,-0.784,-0.104,
11,0.25,-0.445,
12,0.166,-0.851,
13,0.333,-0.512,
14,-0.662,-0.71,
15,-0.389,-0.955,
16,-0.256,-1.065,
17,-1.013,-1.014,
18,-0.256,-0.986,
19,-0.243,-0.685,
20,-0.168,-0.758,
21,-0.249,-1.046,
22,-0.402,-0.842,
23,-0.383,-1.156,
24,0.07,-0.805,
25,-0.596,-0.53,
26,-0.1,-0.176,
27,0.131,-0.799,
28,-0.071,-0.686,
29,-0.07,-0.654,
30,-0.09,-0.214,
31,-0.265,-0.298,
32,-0.131,-1.047,
33,-0.587,-0.974,
34,-0.873,-1.235,
35,-0.042,-0.072,
36,-0.521,-0.467,
37,-0.197,-0.756,
38,-0.315,-0.788,
39,-0.474,-0.9,
40,-0.3,-1.056,
41,0.079,-0.453,
42,0.024,-0.299,
43,-0.175,-0.268,
44,-0.074,-0.451,
45,-0.105,-0.763,
46,-0.362,-0.731,
47,-0.784,-1.203,
48,0.411,-0.565,
49,-0.401,-1.01,
50,-0.726,-1.238,
51,-0.173,-0.842,
52,-0.275,-0.763,
53,0.029,-0.989,
54,-0.148,-0.471,
55,-0.662,-1.518,
56,-0.298,-0.662,
57,-0.304,-0.928,
58,-0.449,-0.354,
59,-0.568,-1.053,
60,-0.288,-0.781,
61,-0.326,-0.568,
62,-0.06,-0.744,
63,-0.212,-0.814,
64,-0.859,-1.207,
65,0.028,-0.99,
66,0.004,-0.18,
67,-1.198,-0.9,
68,-0.237,-0.713,
69,-0.201,-0.231,
70,-0.358,-0.628,
71,-0.386,-0.9,
72,0.011,-0.665,
73,-0.545,-0.679,
74,-0.098,-0.614,
75,-0.055,-0.842,
76,-0.608,-0.608,
77,-0.364,-1.051,
78,-0.556,-0.403,
79,-1.216,-0.732,
80,-0.221,-1.523,
81,-0.08,-0.833,
82,-0.088,-0.513,
83,-0.098,-0.638,
84,-0.339,-0.796,
85,-0.094,-0.753,
86,-0.492,0.071,
87,-0.288,-1.146,
88,0.09,-0.58,
89,-0.199,-0.878,
90,-0.24,-1.074,
91,-0.492,-0.322,
92,-0.332,-0.997,
93,-0.747,-0.376,
94,-0.478,-0.139,
95,-0.25,-0.985,
96,-0.346,-0.923,
97,0.172,-0.656,
98,-0.989,-1.463,
99,-0.416,-0.755,
100,-0.615,-0.745,
101,-0.303,-0.365,
102,-0.291,-1.022,
103,-0.441,-0.602,
104,-0.672,-0.601,
105,-0.557,-1.156,
106,-0.24,-0.469,
107,-0.039,0.117,
108,-0.567,-1.02,
109,-0.315,-0.874,
110,0.184,-0.422,
111,-0.435,-0.267,
112,-1.178,-1.281,
113,-0.244,-0.804,
114,-0.406,-1.073,
115,-0.371,-2.051,
116,-0.146,-1.221,
117,-0.015,-0.805,
118,-0.331,-0.894,
119,-0.314,-0.84,
120,-0.239,-0.954,
121,-0.446,-0.833,
122,0.095,-0.51,
123,-0.714,-1.552,
124,0.034,-0.959,
125,-0.486,-1.194,
126,-0.006,-0.85,
127,-0.045,-1.233,
128,-0.341,-0.656,
129,-0.368,-0.802,
130,-0.247,-0.652,
131,-0.25,0.156,
132,-0.556,-0.595,
133,-0.722,-0.681,
134,-0.447,-0.636,
135,-0.704,-1.198,
136,-0.409,-0.821,
137,-0.601,-0.447,
138,-0.588,-0.711,
139,-0.886,-1.343,
140,-0.23,-0.928,
141,-0.758,-1.348,
142,-0.617,-1.199,
143,-0.388,-0.293,
144,-0.704,-0.666,
145,-0.62,-1.236,
146,0.338,-0.108,
147,-0.275,-0.798,
148,-0.821,-0.551,
149,-0.469,-2.095,
150,-1.861,-0.939,
151,0.487,-0.396,
152,-0.944,-0.201,
153,-0.117,-1.013,
154,-0.492,-0.82,
155,-0.682,-0.902,
156,-0.607,-0.526,
157,-0.74,-0.854,
158,-0.151,-0.508,
159,-0.369,-0.904,
160,-0.673,-0.544,
161,-0.306,-0.898,
162,-0.326,-0.511,
163,0.523,-1.167,
