1,1.031,-0.2,
2,0.376,-1.064,
3,0.811,-0.536,
4,0.719,-0.119,
5,-0.376,-0.183,
6,-1.773,1.004,
7,0.043,0.301,
8,-0.315,-0.71,
9,-0.062,-0.861,
10,-0.174,0.799,
11,1.189,-0.556,
12,0.253,-1.748,
13,-0.238,0.859,
14,-0.982,-0.454,
15,-0.323,-1.736,
16,0.712,-0.807,
17,-0.985,-0.309,
18,1.077,-0.414,
19,0.658,-0.635,
20,-0.474,-0.813,
21,1.398,-0.406,
22,-0.32,-1.59,
23,0.388,0.793,
24,0.014,-0.394,
25,-0.206,0.092,
26,-0.744,0.077,
27,0.681,-0.896,
28,1.026,-1.629,
29,-0.161,-0.072,
30,1.206,-0.651,
31,0.066,-0.149,
32,0.176,-0.886,
33,-0.565,-0.389,
34,-0.279,-0.788,
35,0.379,1.187,
36,1.076,-0.947,
37,0.043,-0.186,
38,1.765,-0.621,
39,1.284,-0.783,
40,0.273,-1.039,
41,0.221,0.216,
42,1.189,0.145,
43,0.125,-0.167,
44,0.42,0.331,
45,-1.344,0.818,
46,0.584,0.029,
47,-0.493,-0.697,
48,0.868,-0.901,
49,0.914,-0.572,
50,0.85,-0.787,
51,0.315,-1.573,
52,-0.234,-0.922,
53,1.455,-0.771,
54,0.728,0.023,
55,-0.669,-0.957,
56,0.693,0.121,
57,0.249,-0.309,
58,0.309,0.72,
59,0.429,-0.43,
60,0.59,0.007,
61,-0.035,-0.348,
62,2.482,-0.861,
63,0.325,-0.734,
64,-0.073,-1.427,
65,0.763,0.306,
66,0.196,0.236,
67,0.57,-0.758,
68,1.216,-0.796,
69,1.056,0.078,
70,0.39,-0.489,
71,1.514,0.043,
72,0.5,-0.662,
73,-0.77,-0.321,
74,0.646,0.085,
75,-0.857,-1.537,
76,-0.544,-1.216,
77,0.098,-0.238,
78,0.493,-0.403,
79,-0.574,0.402,
80,-0.075,-1.414,
81,-0.461,-0.255,
82,-1.111,-0.72,
83,-0.123,-1.226,
84,0.701,1.232,
85,0.583,-0.335,
86,0.483,-1.231,
87,-0.549,-0.251,
88,1.087,-1.709,
89,2.08,-1.677,
90,0.762,-1.28,
91,0.047,-0.047,
92,0.388,0.106,
93,0.007,-1.947,
94,0.672,-0.086,
95,-0.508,-1.51,
96,0.14,0.427,
97,1.035,-0.578,
98,-0.094,0.462,
99,0.761,-0.202,
100,0.505,-0.261,
101,0.305,-0.071,
102,-0.118,-0.429,
103,1.27,0.778,
104,0.14,-0.288,
105,-0.383,-0.83,
106,-0.075,-0.532,
107,0.612,0.681,
108,1.401,-1.677,
109,0.344,-0.641,
110,0.852,-0.44,
111,0.035,-0.023,
112,-0.425,-0.653,
113,0.699,-0.736,
114,-1.097,-0.568,
115,0.267,-1.022,
116,0.07,-0.572,
117,1.17,-0.013,
118,0.458,0.74,
119,-0.295,-0.564,
120,0.502,-1.436,
121,0.143,-0.88,
122,1.167,-0.567,
123,-0.713,-1.026,
124,0.279,-0.36,
125,0.226,-2.254,
126,0.527,-0.924,
127,-0.047,-1.619,
128,-0.4,0.338,
129,-0.188,-1.11,
130,1.291,-0.439,
131,0.524,-0.248,
132,-0.268,-0.365,
133,0.149,0.093,
134,-0.265,-0.585,
135,0.648,-1.432,
136,1.264,-0.477,
137,0.593,-0.234,
138,-0.068,-0.216,
139,0.432,0.014,
140,-0.343,-0.22,
141,0.525,0.044,
142,0.981,-0.682,
143,1.088,-0.528,
144,0.343,-0.676,
145,0.329,-1.031,
146,0.25,0.75,
147,0.55,-0.635,
148,0.617,-0.699,
149,1.302,-0.796,
150,0.503,-0.864,
151,0.479,-0.322,
152,-0.237,-0.545,
153,1.055,-0.461,
154,0.112,-1.094,
155,0.067,-0.71,
156,0.087,-0.107,
157,0.893,-1.548,
158,0.672,-1.262,
159,0.261,-0.422,
160,-0.261,-0.2,
161,-0.02,-1.55,
162,-0.439,-0.49,
163,0.742,-1.996,
