1,-0.603,-0.3,
2,0.477,-0.343,
3,0.92,-0.209,
4,0.515,0.231,
5,-0.84,-0.473,
6,-1.042,-0.689,
7,2.106,0.164,
8,0.714,-1.277,
9,1.168,-1.455,
10,-0.536,-1.376,
11,0.71,0.016,
12,0.32,-0.164,
13,0.72,-0.559,
14,0.437,0.677,
15,-0.323,-1.551,
16,0.745,0.079,
17,0.689,0.251,
18,0.098,-0.414,
19,0.869,0.045,
20,-0.547,-1.438,
21,0.967,-0.841,
22,0.145,-0.404,
23,0.679,-1.179,
24,0.005,-0.155,
25,0.517,0.887,
26,0.688,-0.272,
27,-0.942,-0.867,
28,1.048,0.066,
29,0.449,0.525,
30,0.08,-0.498,
31,0.266,-1.796,
32,1.283,0.355,
33,2.094,-0.752,
34,0.755,-0.789,
35,1.256,-0.241,
36,0.17,0.154,
37,0.863,-0.031,
38,0.503,0.059,
39,1.277,1.081,
40,0.331,-0.905,
41,0.344,-1.08,
42,1.914,-0.476,
43,1.366,-0.45,
44,0.197,-0.18,
45,0.066,0.11,
46,-0.39,-0.641,
47,-0.487,-0.436,
48,1.13,0.325,
49,0.581,-0.314,
50,1.072,-0.043,
51,-0.342,-0.074,
52,0.505,-0.718,
53,1.806,-1.276,
54,1.792,1.215,
55,0.668,-1.164,
56,1.241,-1.268,
57,-0.093,-0.531,
58,0.089,-1.018,
59,0.101,-1.169,
60,-0.11,-0.36,
61,-0.006,0.003,
62,1.641,-0.074,
63,-0.495,-1.182,
64,-0.754,-1.188,
65,0.985,-1.177,
66,1.406,0.149,
67,0.417,-0.656,
68,-0.357,-0.009,
69,2.017,-0.103,
70,-0.056,-0.267,
71,0.508,-1.06,
72,2.062,-0.351,
73,0.977,-1.312,
74,0.555,-0.503,
75,0.306,-0.335,
76,1.668,-0.721,
77,0.911,-0.609,
78,0.172,-2.087,
79,0.318,-1.493,
80,1.367,0.31,
81,0.869,0.29,
82,0.526,0.441,
83,-0.184,-0.392,
84,1.057,-0.627,
85,0.501,-0.057,
86,0.146,-0.214,
87,-0.224,-1.545,
88,0.969,0.05,
89,0.958,-0.296,
90,1.941,-0.208,
91,0.446,0.216,
92,-0.56,-0.733,
93,-0.204,0.431,
94,0.821,0.027,
95,-0.226,1.719,
96,1.244,-2.062,
97,1.009,-0.474,
98,0.647,-1.345,
99,0.18,-1.782,
100,2.814,0.657,
101,0.681,0.703,
102,0.947,-0.895,
103,-0.147,-0.891,
104,1.205,-0.389,
105,-0.001,-0.505,
106,-0.989,-0.911,
107,1.096,-0.388,
108,-0.202,-0.695,
109,0.795,-0.612,
110,0.213,-0.526,
111,-0.514,-1.338,
112,-0.37,-0.256,
113,1.983,-0.368,
114,1.503,-0.424,
115,0.625,-0.309,
116,0.963,-0.798,
117,0.788,-1.587,
118,1.734,-0.038,
119,0.309,-0.761,
120,0.576,-2.068,
121,1.091,0.863,
122,1.185,-0.083,
123,1.1,-0.255,
124,0.823,-1.792,
125,0.501,-0.601,
126,0.584,0.04,
127,0.922,0.34,
128,0.693,-0.114,
129,0.865,-0.215,
130,0.775,-0.687,
131,-0.326,0.84,
132,1.091,-1.516,
133,0.559,-0.982,
134,0.508,-0.441,
135,-0.081,-0.129,
136,0.876,-0.297,
137,0.359,-0.087,
138,0.716,-0.589,
139,0.496,-1.343,
140,0.062,-0.927,
141,-0.32,0.276,
142,-0.206,0.587,
143,0.359,0.667,
144,1.278,-1.228,
145,-0.28,-0.969,
146,1.075,0.101,
147,0.247,-0.402,
148,-0.21,-2.247,
149,1.02,-0.148,
150,0.943,-0.548,
151,2.207,-0.341,
152,0.17,-0.878,
153,0.947,-0.996,
154,-0.039,-0.093,
155,-0.062,-0.684,
156,0.483,0.474,
157,0.155,-0.917,
158,-0.074,-1.828,
159,-0.053,-1.528,
160,0.333,-0.925,
161,0.336,-0.681,
162,0.333,-0.308,
163,1.104,-0.973,
