1,0.311,-0.163,
2,-0.408,0.572,
3,0.799,-0.314,
4,-0.214,0.016,
5,0.524,-0.247,
6,-0.018,0.589,
7,0.446,-0.755,
8,0.379,-0.785,
9,1.009,-0.082,
10,-0.179,-0.083,
11,-1.288,-0.102,
12,0.289,0.809,
13,0.006,-0.081,
14,0.671,0.145,
15,-0.293,0.056,
16,0.262,-0.186,
17,-0.707,0.337,
18,-0.206,0.337,
19,-0.502,-0.339,
20,-0.368,-0.115,
21,-0.668,-0.693,
22,-0.012,-0.153,
23,-0.378,-0.561,
24,-0.407,0.401,
25,0.21,0.047,
26,0.506,-0.108,
27,0.824,0.247,
28,0.695,-0.098,
29,0.385,0.636,
30,0.786,0.252,
31,-0.334,0.051,
32,0.852,-0.554,
33,-0.479,-1.452,
34,-0.375,0.302,
35,-0.029,0.293,
36,0.158,0.5,
37,-0.4,-0.434,
38,-0.127,-0.803,
39,-0.047,-0.282,
40,-0.717,-0.135,
41,0.333,-0.522,
42,-0.043,-0.583,
43,0.453,-0.197,
44,0.1,0.346,
45,0.16,0.105,
46,0.599,0.114,
47,-0.494,-0.193,
48,-0.351,0.309,
49,-0.619,0.291,
50,0.118,-0.071,
51,0.044,-0.262,
52,0.156,-0.022,
53,-0.41,0.941,
54,1.255,-0.157,
55,-0.152,-0.375,
56,0.545,0.38,
57,-0.397,0.763,
58,0.785,0.874,
59,0.38,-0.293,
60,-0.193,0.605,
61,-0.603,-0.679,
62,0.667,-0.426,
63,-0.21,0.095,
64,-0.074,-0.9,
65,-0.257,0.332,
66,-0.786,0.065,
67,-0.482,-0.428,
68,0.271,-0.066,
69,-0.624,0.396,
70,0.342,0.94,
71,-0.192,-0.14,
72,-0.19,0.067,
73,-0.14,0.018,
74,0.532,0.063,
75,0.083,0.348,
76,-0.025,-0.148,
77,-0.516,0.049,
78,0.15,1.13,
79,-0.258,0.37,
80,-0.574,0.004,
81,-0.208,-0.114,
82,-0.769,0.259,
83,0.348,0.346,
84,0.258,-0.093,
85,-1.06,0.817,
86,-0.117,-0.38,
87,0.174,-0.747,
88,0.353,-0.014,
89,0.851,-0.757,
90,0.099,-0.199,
91,0.389,1.052,
92,0.222,0.037,
93,0.552,0.415,
94,0.447,0.329,
95,-0.032,1.3,
96,1.048,-0.742,
97,0.744,0.45,
98,-0.486,0.031,
99,-0.668,1.127,
100,1.705,-1.216,
101,0.112,-1.247,
102,-0.123,-0.084,
103,-0.167,-0.025,
104,0.323,-0.176,
105,0.429,-0.328,
106,-0.354,-1.269,
107,-0.084,0.363,
108,-0.123,-0.093,
109,-0.705,-0.523,
110,-0.042,-0.125,
111,0.553,0.306,
112,0.007,-0.417,
113,-0.12,0.491,
114,0.059,0.681,
115,-0.412,-0.108,
116,0.49,-0.613,
117,0.037,0.288,
118,0.368,-0.845,
119,0.652,0.334,
120,0.062,0.246,
121,0.044,-0.233,
122,-0.62,0.795,
123,0.293,0.73,
124,0.144,0.218,
125,0.024,0.945,
126,0.481,-0.367,
127,0.313,0.627,
128,0.033,0.634,
129,0.482,0.316,
130,0.562,0.467,
131,0.463,0.533,
132,-0.071,0.106,
133,-0.045,-0.445,
134,0.042,0.367,
135,-0.292,0.484,
136,-0.412,-0.197,
137,-0.144,-0.1,
138,0.275,0.35,
139,-0.386,-0.503,
140,-0.403,0.668,
141,-0.916,0.174,
142,0.239,-0.4,
143,0.487,-0.882,
144,0.755,-0.735,
145,-0.177,-0.201,
146,-0.125,0.219,
147,-0.915,0.229,
148,-0.544,0.075,
149,0.042,-0.196,
150,0.108,-0.75,
151,-0.059,0.65,
152,0.098,0.048,
153,0.895,-0.339,
154,-0.413,0.141,
155,0.653,-0.442,
156,-0.324,0.11,
157,-0.274,-0.245,
158,-0.044,0.474,
159,-0.069,0.185,
160,-0.208,1.148,
161,0.313,-0.105,
162,-0.513,-0.06,
163,-0.677,-0.64,
