1,1.77,0.071,
2,1.167,0.108,
3,1.563,-0.677,
4,1.329,-0.827,
5,1.318,-0.143,
6,-0.212,1.103,
7,2.147,0.708,
8,2.025,0.02,
9,1.561,-0.886,
10,0.653,-0.036,
11,1.471,-0.042,
12,1.965,-0.295,
13,1.861,0.223,
14,0.953,0.461,
15,0.599,-0.095,
16,0.63,-0.826,
17,0.742,-0.119,
18,0.966,-0.3,
19,0.422,-0.18,
20,0.992,-0.984,
21,1.289,-1.486,
22,1.209,-0.393,
23,-0.078,-0.744,
24,1.09,-0.513,
25,0.837,-0.015,
26,1.791,-0.291,
27,2.017,-0.635,
28,1.867,-0.291,
29,1.793,0.337,
30,1.234,0.018,
31,1.267,0.244,
32,1.682,-0.678,
33,1.66,-1.361,
34,0.132,-0.176,
35,1.835,0.949,
36,0.498,-0.274,
37,1.024,-0.663,
38,0.808,0.05,
39,0.708,-0.126,
40,1.109,-0.332,
41,1.919,-0.262,
42,1.786,0.103,
43,1.314,-0.074,
44,1.4,0.116,
45,1.158,0.303,
46,0.906,-0.058,
47,0.537,-0.799,
48,1.751,0.186,
49,0.541,-1.186,
50,0.866,-1.14,
51,1.512,-0.352,
52,1.245,-0.224,
53,0.98,0.278,
54,1.909,0.252,
55,1.077,-0.794,
56,1.447,0.081,
57,0.936,1.15,
58,1.235,0.178,
59,1.494,-1.325,
60,1.277,0.22,
61,1.315,0.601,
62,2.812,-0.081,
63,1.456,0.222,
64,0.268,-1.499,
65,1.817,-0.292,
66,1.146,0.242,
67,1.495,-0.712,
68,1.099,-0.327,
69,0.912,0.302,
70,1.76,-0.468,
71,1.036,-0.602,
72,1.324,-0.195,
73,1.193,-0.553,
74,1.927,-0.338,
75,0.711,-0.156,
76,1.514,-1.102,
77,1.303,-0.193,
78,0.986,-0.08,
79,0.372,-0.338,
80,0.404,-1.179,
81,0.154,-0.495,
82,0.797,-0.427,
83,1.368,-0.513,
84,1.282,-0.398,
85,1.774,0.459,
86,0.575,-1.023,
87,1.403,-1.418,
88,0.944,-0.442,
89,2.499,-0.357,
90,0.588,-0.707,
91,2.04,0.908,
92,1.7,-0.59,
93,0.925,0.35,
94,1.301,-0.905,
95,1.134,-0.015,
96,2.434,-1.356,
97,1.466,-0.598,
98,0.589,-0.679,
99,1.348,-0.012,
100,1.541,-1.397,
101,1.043,-0.446,
102,0.655,-0.762,
103,0.655,0.598,
104,1.266,-0.592,
105,1.417,-0.603,
106,2.246,-0.407,
107,2.47,0.742,
108,1.057,-0.625,
109,1.123,-0.295,
110,1.47,-0.226,
111,1.156,0.035,
112,0.589,-0.208,
113,1.1,-0.12,
114,1.421,-0.458,
115,0.679,-1.67,
116,1.56,-1.018,
117,1.865,-0.534,
118,1.405,-0.541,
119,1.484,-0.081,
120,1.159,-0.651,
121,1.373,0.318,
122,1.427,0.057,
123,1.437,-0.788,
124,1.932,-0.728,
125,0.344,-0.417,
126,2.192,-0.531,
127,1.669,-0.363,
128,1.265,-0.067,
129,1.688,0.18,
130,2.458,-0.413,
131,1.558,0.468,
132,1.103,-0.249,
133,1.131,-0.831,
134,0.613,-0.158,
135,0.692,-0.791,
136,1.316,-0.625,
137,0.631,-0.386,
138,1.315,-0.36,
139,0.935,-0.738,
140,1.546,0.118,
141,1.063,-1.073,
142,1.083,-1.134,
143,0.959,-0.084,
144,0.939,0.315,
145,1.076,-0.484,
146,2.168,0.051,
147,0.796,-0.379,
148,0.477,-0.609,
149,0.825,-2.782,
150,1.132,-0.552,
151,1.735,0.738,
152,1.328,-0.024,
153,1.337,-1.009,
154,0.589,-0.563,
155,1.005,-0.67,
156,0.858,-1.158,
157,0.442,-1.022,
158,1.732,-0.453,
159,1.384,-0.347,
160,1.16,0.657,
161,1.58,-0.442,
162,0.591,-0.424,
163,1.223,-1.639,
