1,1.707,-0.06,
2,1.184,0.12,
3,1.709,-0.53,
4,1.355,-0.728,
5,1.226,0.062,
6,-0.155,1.086,
7,2.34,0.491,
8,2.113,-0.029,
9,1.603,-0.795,
10,0.63,0.016,
11,1.455,-0.087,
12,2.003,-0.311,
13,1.825,0.366,
14,0.989,0.428,
15,0.653,-0.3,
16,0.76,-0.654,
17,0.844,-0.025,
18,0.964,-0.251,
19,0.353,-0.227,
20,1.019,-1.091,
21,1.421,-1.569,
22,1.359,-0.461,
23,-0.175,-0.74,
24,1.066,-0.418,
25,0.803,0.171,
26,1.983,-0.242,
27,2.118,-0.67,
28,1.97,-0.318,
29,1.889,0.362,
30,1.189,-0.004,
31,1.345,0.275,
32,1.754,-0.664,
33,1.796,-1.374,
34,0.088,-0.23,
35,1.86,1.031,
36,0.339,-0.201,
37,1.2,-0.653,
38,0.83,0.098,
39,0.68,-0.088,
40,1.186,-0.385,
41,2.019,-0.231,
42,1.865,0.173,
43,1.373,-0.137,
44,1.431,0.127,
45,1.149,0.372,
46,0.94,-0.141,
47,0.676,-0.779,
48,1.706,0.281,
49,0.804,-1.292,
50,0.927,-1.215,
51,1.558,-0.243,
52,1.274,-0.179,
53,0.911,0.359,
54,1.937,0.34,
55,1.143,-0.739,
56,1.453,0.105,
57,1.009,1.142,
58,1.244,0.162,
59,1.698,-1.341,
60,1.304,0.256,
61,1.167,0.736,
62,2.747,-0.016,
63,1.51,0.312,
64,0.171,-1.6,
65,1.934,-0.256,
66,1.241,0.268,
67,1.646,-0.673,
68,1.087,-0.445,
69,1.008,0.263,
70,1.786,-0.552,
71,1.066,-0.589,
72,1.358,-0.125,
73,1.291,-0.539,
74,1.915,-0.33,
75,0.9,-0.089,
76,1.571,-1.136,
77,1.444,-0.129,
78,0.996,-0.089,
79,0.389,-0.392,
80,0.38,-1.222,
81,0.094,-0.622,
82,0.804,-0.471,
83,1.503,-0.579,
84,1.275,-0.395,
85,1.918,0.493,
86,0.611,-1.163,
87,1.402,-1.515,
88,1.322,-0.584,
89,2.51,-0.391,
90,0.607,-0.71,
91,2.153,0.999,
92,1.803,-0.626,
93,0.979,0.304,
94,1.356,-1.087,
95,1.105,-0.119,
96,2.537,-1.375,
97,1.445,-0.7,
98,0.623,-0.687,
99,1.457,-0.049,
100,1.565,-1.458,
101,0.987,-0.498,
102,0.88,-0.813,
103,0.977,0.653,
104,1.345,-0.64,
105,1.468,-0.57,
106,2.533,-0.381,
107,2.552,0.749,
108,1.079,-0.638,
109,1.195,-0.266,
110,1.478,-0.271,
111,1.176,0.04,
112,0.595,-0.191,
113,1.218,-0.105,
114,1.473,-0.518,
115,0.458,-1.706,
116,1.76,-1.108,
117,1.995,-0.578,
118,1.418,-0.507,
119,1.546,-0.04,
120,1.187,-0.621,
121,1.423,0.366,
122,1.442,0.079,
123,1.589,-0.779,
124,2.079,-0.745,
125,0.321,-0.518,
126,2.316,-0.593,
127,1.586,-0.417,
128,1.375,-0.171,
129,1.867,0.21,
130,2.623,-0.492,
131,1.544,0.607,
132,1.134,-0.249,
133,1.164,-0.889,
134,0.57,-0.218,
135,0.69,-0.845,
136,1.494,-0.641,
137,0.573,-0.452,
138,1.288,-0.501,
139,1.076,-0.919,
140,1.709,0.122,
141,1.178,-1.14,
142,1.148,-1.135,
143,0.902,-0.039,
144,1.043,0.438,
145,1.137,-0.479,
146,2.267,0.078,
147,0.787,-0.516,
148,0.404,-0.878,
149,0.735,-2.926,
150,1.079,-0.398,
151,1.806,0.688,
152,1.409,-0.123,
153,1.346,-1.028,
154,0.542,-0.687,
155,0.936,-0.801,
156,0.984,-1.259,
157,0.505,-0.999,
158,1.681,-0.383,
159,1.564,-0.579,
160,1.244,0.554,
161,1.55,-0.613,
162,0.442,-0.713,
163,1.375,-1.507,
