1,-0.645,-0.62,
2,-0.522,-0.117,
3,0.559,-0.682,
4,-0.554,0.432,
5,0.064,-0.43,
6,0.073,0.201,
7,0.482,-0.374,
8,-0.147,-0.761,
9,2.186,0.13,
10,0.089,-0.214,
11,-0.201,-0.646,
12,0.538,0.248,
13,0.094,0.281,
14,-0.101,-0.208,
15,-0.558,0.245,
16,0.897,-0.202,
17,-0.231,-0.76,
18,0.345,0.334,
19,-0.615,0.599,
20,-0.091,0.178,
21,0.004,-0.09,
22,0.174,0.12,
23,0.242,-1.377,
24,-0.095,-0.629,
25,0.339,-0.635,
26,-1.552,-1.132,
27,-1.218,-0.488,
28,0.732,-0.131,
29,0.302,0.846,
30,0.836,0.212,
31,-0.324,-0.737,
32,0.436,-0.364,
33,-0.958,-0.353,
34,0.295,-1.468,
35,-0.242,-0.051,
36,0.612,0.301,
37,1.046,0.415,
38,0.617,-0.342,
39,0.378,-0.363,
40,0.871,-0.38,
41,0.426,1.04,
42,0.074,0.711,
43,0.466,1.062,
44,0.025,-0.898,
45,-0.264,-0.068,
46,-0.4,0.055,
47,0.118,0.895,
48,-0.59,-0.673,
49,0.34,-0.669,
50,0.905,0.441,
51,-0.575,-1.055,
52,-0.662,0.73,
53,-0.634,1.16,
54,-0.802,-0.113,
55,-0.532,0.154,
56,-0.653,0.188,
57,0.334,-0.034,
58,-1.367,0.163,
59,0.047,-0.629,
60,0.051,-0.012,
61,-0.917,-0.024,
62,0.233,-0.342,
63,1.167,1.228,
64,0.027,0.85,
65,0.328,0.251,
66,0.796,0.28,
67,0.876,0.879,
68,0.267,-0.295,
69,0.196,-0.045,
70,0.957,-0.575,
71,0.938,-0.451,
72,0.104,-1.134,
73,1.548,0.015,
74,1.332,-0.163,
75,0.444,0.82,
76,0.211,-1.394,
77,0.237,1.626,
78,0.482,0.664,
79,0.853,0.849,
80,0.236,0.678,
81,-0.544,-0.735,
82,-0.085,0.885,
83,0.166,0.181,
84,0.239,0.194,
85,0.342,0.012,
86,1.007,-0.282,
87,0.023,-0.283,
88,0.216,0.475,
89,-1.522,0.281,
90,-0.755,0.673,
91,-0.153,0.169,
92,-0.05,-0.039,
93,1.084,1.284,
94,-0.646,1.558,
95,1.236,-0.339,
96,-0.011,-0.759,
97,-0.548,-0.158,
98,-0.069,-1.512,
99,0.654,-0.028,
100,0.332,-1.121,
101,-0.225,-0.308,
102,-0.338,-0.701,
103,0.112,-1.135,
104,0.776,-0.62,
105,-0.756,0.854,
106,0.415,-0.848,
107,-0.345,-0.267,
108,0.792,-0.835,
109,0.306,-1.408,
110,-1.176,-2.286,
111,0.218,-0.12,
112,1.565,-0.06,
113,0.317,-0.036,
114,-0.065,-0.024,
115,-0.078,0.186,
116,-0.231,-0.304,
117,1.718,-0.147,
118,0.09,0.001,
119,0.334,-0.138,
120,-0.241,0.022,
121,0.012,-0.099,
122,0.252,0.094,
123,0.142,-0.484,
124,-0.838,-0.526,
125,0.436,0.25,
126,0.241,-0.35,
127,0.438,-0.298,
128,-0.473,0.405,
129,0.242,0.031,
130,-0.254,0.033,
131,0.681,-0.349,
132,-0.026,0.828,
133,0.128,-1.012,
134,-0.488,0.626,
135,-0.782,-0.304,
136,0.097,-0.371,
137,0.82,0.264,
138,-0.191,0.034,
139,-0.32,0.462,
140,-0.813,-0.362,
141,-0.414,0.158,
142,0.766,-0.622,
143,0.013,-0.111,
144,0.595,-0.832,
145,-0.634,0.642,
146,-0.37,0.052,
147,-0.102,0.139,
148,-1.555,-0.43,
149,0.051,-0.363,
150,0.64,-1.561,
151,-0.235,0.156,
152,0.565,-0.694,
153,0.188,0.022,
154,-1.215,0.425,
155,-0.241,-0.599,
156,0.637,0.601,
157,0.502,0.101,
158,-0.095,-0.1,
159,0.307,0.718,
160,-0.592,-0.083,
161,-0.305,-0.059,
162,0.997,0.68,
163,0.309,-0.474,
