1,1.423,-0.02,
2,-0.585,1.014,
3,1.602,-0.816,
4,-0.309,-0.351,
5,1.175,-0.219,
6,0.019,2.214,
7,2.448,0.12,
8,1.501,-0.412,
9,1.654,-0.138,
10,-0.464,-0.216,
11,-2.586,0.35,
12,0.74,1.217,
13,0.656,0.136,
14,1.196,1.701,
15,-0.926,-0.158,
16,0.115,-0.217,
17,-0.645,0.419,
18,0.103,0.365,
19,-1.071,-1.008,
20,-0.585,-0.626,
21,-0.692,-2.04,
22,0.061,-0.835,
23,-1.129,-0.979,
24,-0.341,0.629,
25,-0.171,0.31,
26,1.312,-0.15,
27,2.308,0.111,
28,1.98,-0.294,
29,1.892,1.383,
30,1.007,0.089,
31,-0.435,0.356,
32,1.583,-1.081,
33,-0.534,-2.939,
34,-1.587,0.878,
35,0.585,0.873,
36,-0.129,0.551,
37,-0.599,-1.066,
38,0.242,-1.852,
39,-0.955,0.311,
40,-0.806,-0.09,
41,1.355,-0.753,
42,-0.311,-0.906,
43,1.334,-0.393,
44,0.484,0.712,
45,0.46,0.483,
46,0.598,0.384,
47,-1.201,-0.156,
48,-0.673,0.904,
49,-0.804,-0.5,
50,0.66,-0.926,
51,1.312,-0.309,
52,0.492,-0.156,
53,-0.764,2.188,
54,2.696,-0.133,
55,0.577,-0.708,
56,2.013,-0.198,
57,-0.107,2.053,
58,1.749,1.546,
59,0.754,-1.184,
60,0.199,1.625,
61,-1.364,-0.26,
62,2.311,0.442,
63,0.508,0.35,
64,-0.67,-2.455,
65,0.155,0.694,
66,-0.991,0.112,
67,0.268,-0.779,
68,-0.802,0.075,
69,-2.921,1.342,
70,1.288,1.752,
71,-0.051,-0.122,
72,-0.055,0.145,
73,-0.397,-0.983,
74,1.018,-0.114,
75,-0.151,1.883,
76,0.784,-0.608,
77,-0.371,0.015,
78,0.443,1.194,
79,-0.327,0.275,
80,-1.131,-0.544,
81,-0.217,-0.563,
82,-1.85,0.18,
83,1.194,-0.449,
84,0.365,-0.16,
85,-0.43,2.457,
86,-0.781,-1.191,
87,0.71,-2.225,
88,0.656,0.354,
89,2.034,-1.386,
90,0.069,-0.966,
91,1.397,2.209,
92,1.194,-0.248,
93,1.465,0.78,
94,1.28,-0.092,
95,-0.279,1.944,
96,3.367,-1.641,
97,1.656,0.895,
98,-0.463,0.231,
99,-0.581,1.997,
100,2.884,-3.346,
101,0.766,-2.02,
102,-0.101,-1.202,
103,-0.211,0.885,
104,0.767,-0.543,
105,1.573,-0.341,
106,0.997,-1.552,
107,0.881,1.493,
108,-0.485,-0.519,
109,-0.646,-0.288,
110,-0.389,-0.583,
111,1.415,1.648,
112,0.1,-0.056,
113,0.42,0.743,
114,0.51,1.011,
115,-0.901,-1.407,
116,1.409,-1.597,
117,0.872,-1.013,
118,1.45,-1.493,
119,1.566,0.881,
120,0.302,0.252,
121,0.402,0.928,
122,-1.441,0.832,
123,1.265,1.077,
124,1.027,-0.173,
125,-0.106,1.643,
126,1.604,-0.808,
127,0.761,1.125,
128,0.961,0.535,
129,1.157,0.779,
130,2.006,0.193,
131,1.076,1.509,
132,0.328,0.228,
133,0.216,-0.658,
134,0.341,0.576,
135,-1.218,0.306,
136,0.142,-0.55,
137,-0.313,-0.533,
138,0.786,0.476,
139,0.315,-1.543,
140,0.129,1.32,
141,-0.583,-0.688,
142,0.97,-0.884,
143,0.763,-1.234,
144,0.884,0.112,
145,-0.484,0.175,
146,0.583,0.035,
147,-1.5,-0.004,
148,-1.718,-0.854,
149,0.231,-1.063,
150,1.558,-1.67,
151,0.326,1.688,
152,0.83,-0.017,
153,1.327,-1.364,
154,-0.794,0.019,
155,1.095,-1.189,
156,-0.691,-1.507,
157,-2.798,-0.827,
158,0.674,0.125,
159,0.932,0.027,
160,0.593,1.903,
161,0.291,-0.06,
162,-1.83,-0.921,
163,-0.596,-1.511,
