1,1.929,-0.622,
2,0.042,1.115,
3,2.133,-0.993,
4,0.386,-0.778,
5,1.347,-0.109,
6,0.888,1.79,
7,2.923,-0.098,
8,2.371,-0.196,
9,1.788,-0.348,
10,-0.21,-0.325,
11,-1.344,0.361,
12,1.582,0.858,
13,1.043,0.122,
14,1.652,1.886,
15,-0.318,-0.797,
16,0.005,-0.425,
17,-0.098,0.311,
18,0.42,0.191,
19,-0.66,-1.394,
20,-0.389,-1.535,
21,-0.174,-2.618,
22,0.874,-0.98,
23,-1.164,-1.067,
24,0.153,0.401,
25,-0.09,0.381,
26,1.952,-0.437,
27,3.048,-0.307,
28,2.458,-0.553,
29,2.756,1.472,
30,1.21,-0.023,
31,0.108,0.523,
32,1.992,-1.168,
33,0.047,-2.848,
34,-1.791,0.783,
35,1.12,0.884,
36,-0.247,0.299,
37,0.018,-1.247,
38,-0.036,-1.378,
39,-1.088,0.697,
40,-0.164,-0.138,
41,2.208,-0.635,
42,0.291,-0.806,
43,1.757,-0.471,
44,0.872,0.767,
45,0.669,0.853,
46,0.658,0.576,
47,-0.506,-0.665,
48,-0.024,1.125,
49,-0.452,-1.419,
50,0.917,-1.781,
51,1.863,-0.098,
52,0.937,-0.18,
53,-0.321,2.634,
54,3.32,-0.1,
55,1.206,-0.783,
56,2.298,-0.026,
57,0.321,2.55,
58,1.975,1.262,
59,1.583,-1.886,
60,0.936,1.526,
61,-0.857,0.632,
62,3.228,0.177,
63,1.127,0.611,
64,-0.989,-3.03,
65,1.118,0.656,
66,-0.075,0.35,
67,1.262,-0.713,
68,-0.864,-0.119,
69,-2.666,1.705,
70,1.998,1.268,
71,0.361,0.081,
72,0.223,0.027,
73,0.384,-1.177,
74,1.691,-0.307,
75,0.918,1.825,
76,1.054,-1.083,
77,0.411,0.07,
78,0.669,0.888,
79,-0.154,-0.013,
80,-1.225,-1.151,
81,-0.238,-1.139,
82,-1.96,-0.174,
83,1.986,-0.652,
84,0.88,-0.29,
85,0.87,2.855,
86,-0.674,-1.917,
87,1.24,-2.855,
88,1.369,0.397,
89,2.105,-1.271,
90,0.094,-1.242,
91,2.18,2.481,
92,2.187,-0.415,
93,1.803,0.779,
94,1.791,-1.063,
95,0.122,1.772,
96,4.126,-1.844,
97,1.98,0.581,
98,0.007,0.349,
99,0.015,1.924,
100,3.182,-4.079,
101,1.068,-1.764,
102,0.933,-1.178,
103,0.117,1.457,
104,1.165,-0.581,
105,2.301,-0.035,
106,2.542,-1.247,
107,2.158,1.767,
108,0.005,-0.733,
109,-0.11,-0.21,
110,-0.229,-0.744,
111,1.655,1.784,
112,0.398,0.31,
113,1.099,0.733,
114,1.23,0.588,
115,-0.84,-1.781,
116,2.032,-1.896,
117,2.032,-2.364,
118,1.754,-1.251,
119,2.083,0.706,
120,0.758,0.095,
121,0.987,1.757,
122,-1.044,1.004,
123,1.85,0.407,
124,1.947,-0.544,
125,-0.112,1.121,
126,2.783,-0.689,
127,1.216,0.865,
128,1.447,0.119,
129,1.927,1.203,
130,3.005,-0.194,
131,1.126,1.82,
132,0.925,0.179,
133,0.618,-0.517,
134,0.319,0.314,
135,-1.139,-0.16,
136,1.154,-0.564,
137,-0.135,-0.651,
138,1.314,-0.01,
139,1.009,-1.429,
140,1.19,1.053,
141,0.212,-1.063,
142,1.451,-0.862,
143,0.639,-0.685,
144,1.145,1.065,
145,0.075,0.532,
146,1.125,-0.323,
147,-1.018,-0.336,
148,-1.642,-1.311,
149,-0.241,-2.034,
150,1.735,-1.442,
151,0.912,2.017,
152,1.593,-0.17,
153,1.316,-1.308,
154,-0.59,-0.308,
155,1.261,-1.454,
156,-0.142,-1.999,
157,-1.872,-0.609,
158,0.947,0.474,
159,1.574,-0.124,
160,1.101,1.812,
161,0.535,-0.355,
162,-1.601,-1.858,
163,0.259,-1.542,
