1,1.083,-0.072,
2,0.309,-1.102,
3,0.499,-0.737,
4,0.666,-0.377,
5,-0.186,-0.26,
6,-1.323,0.132,
7,0.295,0.587,
8,0.259,-0.352,
9,-0.057,-0.975,
10,-0.222,0.543,
11,0.965,-0.341,
12,0.387,-1.632,
13,0.204,0.572,
14,-0.432,-0.244,
15,-0.092,-1.011,
16,0.849,-0.894,
17,-0.665,-0.38,
18,0.851,-0.539,
19,0.566,-0.479,
20,-0.127,-0.705,
21,1.147,-0.701,
22,-0.052,-1.412,
23,0.445,0.503,
24,0.178,-0.688,
25,-0.149,0.042,
26,-0.44,-0.125,
27,0.634,-0.975,
28,0.8,-1.337,
29,0.021,-0.226,
30,1.025,-0.504,
31,0.145,-0.076,
32,0.249,-0.89,
33,-0.419,-0.478,
34,-0.27,-0.884,
35,0.474,0.926,
36,0.786,-0.94,
37,0.081,-0.363,
38,1.434,-0.612,
39,0.804,-0.828,
40,0.266,-0.941,
41,0.262,0.114,
42,0.935,0.12,
43,0.363,-0.224,
44,0.468,0.281,
45,-0.833,0.414,
46,0.673,0.114,
47,-0.381,-0.841,
48,1.003,-0.742,
49,0.782,-0.756,
50,0.511,-0.864,
51,0.444,-1.231,
52,-0.118,-0.957,
53,1.265,-0.859,
54,0.753,-0.143,
55,-0.477,-1.19,
56,0.33,0.02,
57,0.282,-0.507,
58,0.292,0.49,
59,0.434,-0.68,
60,0.599,-0.084,
61,0.279,-0.323,
62,2.087,-0.601,
63,0.01,-0.795,
64,0.065,-1.184,
65,0.515,-0.088,
66,0.398,0.127,
67,0.34,-0.958,
68,0.925,-0.525,
69,0.768,0.032,
70,0.32,-0.675,
71,1.035,-0.471,
72,0.556,-0.534,
73,-0.417,-0.328,
74,0.843,-0.038,
75,-0.439,-1.154,
76,-0.124,-0.9,
77,0.051,-0.393,
78,0.541,-0.541,
79,-0.619,0.058,
80,0.059,-1.286,
81,-0.22,-0.359,
82,-0.168,-0.687,
83,0.253,-1.159,
84,0.494,0.48,
85,0.558,-0.286,
86,0.455,-0.698,
87,-0.186,-0.496,
88,0.582,-0.843,
89,1.582,-0.924,
90,0.659,-1.196,
91,0.124,-0.038,
92,0.333,-0.135,
93,-0.311,-1.407,
94,0.37,-0.126,
95,-0.193,-1.218,
96,0.332,-0.155,
97,1.053,-0.567,
98,-0.176,-0.439,
99,0.627,-0.47,
100,0.177,-0.518,
101,0.369,-0.092,
102,-0.046,-0.708,
103,0.898,0.483,
104,0.238,-0.329,
105,-0.127,-1.047,
106,0.055,-0.494,
107,0.604,0.404,
108,1.02,-1.283,
109,0.303,-0.605,
110,0.908,-0.486,
111,-0.158,-0.259,
112,-0.595,-0.701,
113,0.638,-0.862,
114,-0.735,-0.638,
115,0.54,-1.657,
116,0.138,-0.653,
117,1.06,-0.31,
118,0.394,0.049,
119,-0.106,-0.437,
120,0.364,-1.287,
121,0.393,-0.793,
122,1.068,-0.506,
123,-0.518,-1.208,
124,0.364,-0.512,
125,0.166,-1.818,
126,0.499,-0.716,
127,0.155,-1.396,
128,-0.391,0.193,
129,-0.093,-0.982,
130,0.881,-0.435,
131,0.661,-0.011,
132,-0.194,-0.526,
133,0.141,-0.202,
134,-0.024,-0.423,
135,0.557,-1.143,
136,0.927,-0.715,
137,0.31,-0.324,
138,-0.006,-0.232,
139,0.18,-0.498,
140,-0.262,-0.338,
141,0.356,-0.497,
142,0.681,-0.935,
143,0.834,-0.459,
144,0.33,-0.696,
145,0.252,-1.076,
146,0.416,0.553,
147,0.392,-0.54,
148,0.406,-0.558,
149,1.109,-1.483,
150,0.146,-0.956,
151,0.696,-0.217,
152,-0.222,-0.347,
153,0.789,-0.502,
154,0.031,-1.153,
155,0.059,-0.672,
156,-0.029,-0.467,
157,0.608,-1.36,
158,0.852,-1.117,
159,0.222,-0.544,
160,-0.315,-0.232,
161,0.065,-1.246,
162,-0.243,-0.527,
163,0.6,-2.031,
