1,1.681,0.045,
2,1.307,-0.265,
3,1.474,-0.526,
4,1.48,-0.704,
5,1.35,-0.099,
6,-0.223,0.644,
7,1.967,0.642,
8,1.942,0.018,
9,1.364,-0.938,
10,0.78,0.086,
11,1.771,-0.134,
12,1.904,-0.525,
13,1.915,0.125,
14,0.877,0.145,
15,0.841,-0.201,
16,0.966,-0.802,
17,0.877,-0.176,
18,1.087,-0.37,
19,0.781,-0.026,
20,1.238,-0.766,
21,1.416,-1.043,
22,1.271,-0.421,
23,0.376,-0.709,
24,1.245,-0.558,
25,1.039,-0.036,
26,1.771,-0.184,
27,1.883,-0.621,
28,1.765,-0.272,
29,1.643,0.114,
30,1.235,0.047,
31,1.373,0.216,
32,1.573,-0.662,
33,1.762,-0.951,
34,0.422,-0.397,
35,1.89,0.892,
36,0.636,-0.324,
37,1.267,-0.554,
38,1.07,0.068,
39,1.103,-0.226,
40,1.271,-0.382,
41,1.906,-0.153,
42,1.891,0.195,
43,1.423,-0.139,
44,1.526,0.035,
45,1.316,0.167,
46,1.042,-0.254,
47,0.747,-0.841,
48,2.032,0.004,
49,0.859,-1.089,
50,0.868,-1.03,
51,1.488,-0.316,
52,1.285,-0.225,
53,1.252,-0.132,
54,1.647,0.209,
55,1.109,-0.858,
56,1.296,0.021,
57,1.129,0.509,
58,1.17,0.053,
59,1.422,-1.09,
60,1.327,-0.083,
61,1.645,0.309,
62,2.315,-0.133,
63,1.44,0.111,
64,0.569,-1.257,
65,1.861,-0.433,
66,1.396,0.242,
67,1.399,-0.692,
68,1.351,-0.326,
69,1.321,0.188,
70,1.656,-0.653,
71,1.161,-0.627,
72,1.515,-0.243,
73,1.279,-0.375,
74,1.908,-0.329,
75,0.896,-0.357,
76,1.554,-0.881,
77,1.387,-0.277,
78,1.079,-0.186,
79,0.463,-0.38,
80,0.849,-1.144,
81,0.599,-0.451,
82,1.275,-0.418,
83,1.43,-0.495,
84,1.318,-0.392,
85,1.844,0.058,
86,0.872,-0.584,
87,1.429,-1.188,
88,1.167,-0.6,
89,2.263,-0.309,
90,0.839,-0.609,
91,1.85,0.467,
92,1.622,-0.632,
93,0.926,0.209,
94,1.238,-0.669,
95,1.309,-0.4,
96,2.041,-1.148,
97,1.556,-0.653,
98,0.704,-0.88,
99,1.522,-0.285,
100,1.272,-0.911,
101,1.126,-0.262,
102,0.894,-0.691,
103,0.953,0.391,
104,1.312,-0.558,
105,1.366,-0.625,
106,2.091,-0.244,
107,2.204,0.594,
108,1.206,-0.569,
109,1.303,-0.311,
110,1.759,-0.183,
111,1.162,-0.178,
112,0.557,-0.449,
113,1.187,-0.264,
114,1.419,-0.631,
115,0.981,-1.639,
116,1.559,-0.89,
117,1.778,-0.2,
118,1.36,-0.513,
119,1.423,-0.237,
120,1.261,-0.656,
121,1.322,0.018,
122,1.792,-0.143,
123,1.334,-1.034,
124,1.921,-0.731,
125,0.581,-0.683,
126,1.988,-0.56,
127,1.705,-0.574,
128,1.254,-0.107,
129,1.645,-0.066,
130,2.272,-0.451,
131,1.659,0.434,
132,1.087,-0.326,
133,1.163,-0.752,
134,0.771,-0.198,
135,0.922,-0.87,
136,1.415,-0.581,
137,0.751,-0.333,
138,1.243,-0.455,
139,0.926,-0.807,
140,1.526,-0.018,
141,1.204,-1.054,
142,1.112,-1.047,
143,1.088,-0.016,
144,1.028,0.059,
145,1.145,-0.62,
146,2.205,0.045,
147,1.133,-0.406,
148,0.829,-0.488,
149,1.112,-2.769,
150,0.854,-0.391,
151,1.917,0.428,
152,1.238,-0.009,
153,1.42,-0.878,
154,0.824,-0.617,
155,0.917,-0.599,
156,0.983,-0.818,
157,0.778,-0.975,
158,1.78,-0.448,
159,1.455,-0.512,
160,1.146,0.373,
161,1.606,-0.523,
162,0.896,-0.278,
163,1.62,-1.412,
