1,0.238,0.154,
2,-0.054,-0.086,
3,-1.008,-0.975,
4,0.185,0.128,
5,-0.614,-0.263,
6,-0.915,-0.419,
7,-0.556,0.371,
8,-0.388,-0.144,
9,-1.536,0.529,
10,-0.128,0.387,
11,-0.588,0.639,
12,1.07,-0.278,
13,0.095,-0.198,
14,-0.137,0.126,
15,-0.99,-0.392,
16,0.794,-0.088,
17,-0.543,0.31,
18,0.269,0.792,
19,-0.172,0.311,
20,-0.077,0.533,
21,1.198,-0.14,
22,0.033,-0.463,
23,-0.559,-0.613,
24,-0.79,0.721,
25,-0.114,-0.272,
26,-0.004,0.092,
27,-0.804,0.249,
28,0.188,-0.223,
29,-0.371,0.002,
30,0.091,0.233,
31,0.719,-0.227,
32,0.199,-0.124,
33,-0.323,0.008,
34,0.407,0.199,
35,0.002,0.179,
36,-0.98,0.413,
37,-0.046,0.119,
38,0.089,-0.445,
39,0.529,0.029,
40,-0.242,-0.328,
41,-0.783,-0.604,
42,-0.164,-0.323,
43,0.294,-0.143,
44,0.347,0.112,
45,-0.015,-0.084,
46,0.486,0.055,
47,0.051,-0.264,
48,0.093,-0.052,
49,-0.472,-0.014,
50,0.58,0.093,
51,-0.621,-0.556,
52,0.101,0.078,
53,-0.168,0.292,
54,-0.273,-0.418,
55,0.268,0.155,
56,-0.015,0.859,
57,0.287,1.097,
58,-0.453,0.256,
59,-0.14,0.249,
60,0.597,0.149,
61,-0.352,1.109,
62,0.578,-0.693,
63,0.479,-0.657,
64,0,0.171,
65,-0.092,-0.176,
66,0.249,0.103,
67,-0.661,0.324,
68,0.444,-0.067,
69,0.453,0.709,
70,0.291,-0.298,
71,-0.42,0.263,
72,-0.719,0.335,
73,-0.239,-0.165,
74,0.318,-0.281,
75,-0.988,0.39,
76,0.254,-0.178,
77,0.028,-0.073,
78,0.315,0.53,
79,-0.103,0.087,
80,-0.894,1.423,
81,-0.097,-0.001,
82,-0.65,0.294,
83,0.248,0.28,
84,0.385,0.12,
85,-0.18,0.379,
86,0.165,-0.53,
87,-0.003,-0.275,
88,-0.331,0.431,
89,0.013,0.054,
90,-0.619,-0.04,
91,0.092,0.812,
92,-0.319,0.252,
93,0.098,0.584,
94,-0.541,-0.184,
95,-0.766,-0.609,
96,0.328,-0.078,
97,-0.313,-0.348,
98,-0.279,-0.049,
99,0.066,-0.144,
100,0.36,0.19,
101,-0.405,-0.037,
102,-0.609,0.567,
103,0.711,-0.1,
104,-0.11,0.129,
105,-0.564,0.724,
106,-0.023,-0.599,
107,0.402,-0.011,
108,0.21,-0.181,
109,-0.713,-0.847,
110,-0.056,0.041,
111,0.277,-0.849,
112,-0.377,0.591,
113,-0.193,-0.353,
114,0.683,-0.042,
115,-0.382,0.111,
116,-0.041,0.662,
117,-0.652,-0.796,
118,-0.043,-0.299,
119,0.369,0.445,
120,-0.675,-0.181,
121,-0.294,-0.924,
122,-0.232,-0.466,
123,-1.057,1.115,
124,-0.326,-0.064,
125,0.075,0.283,
126,-0.285,0.029,
127,-0.012,-0.301,
128,-0.162,0.289,
129,0.578,0.157,
130,0.388,-0.932,
131,0.143,0.413,
132,-0.064,0.599,
133,-0.542,0.161,
134,-1.276,-0.91,
135,-0.01,-0.703,
136,0.067,-0.429,
137,0.162,0.1,
138,1.366,0.209,
139,-0.501,0.048,
140,-0.418,0.092,
141,-0.339,1.005,
142,0.999,-0.207,
143,0.43,0.583,
144,0.623,-0.62,
145,0.733,-0.321,
146,-0.682,0.446,
147,0.341,-0.137,
148,0.108,-0.152,
149,0.167,-0.542,
150,-0.208,-0.205,
151,0.389,0.487,
152,0.319,-0.231,
153,-0.171,-0.324,
154,-0.339,1.144,
155,0.41,-0.137,
156,-0.825,0.052,
157,0.022,0.331,
158,0.259,-0.559,
159,-0.125,-0.171,
160,-0.104,0.183,
161,0.192,-0.189,
162,-0.199,-0.295,
163,0.383,-0.702,
