1,1.196,-0.521,
2,-0.359,1.11,
3,1.268,-0.601,
4,-0.247,-0.223,
5,0.923,-0.079,
6,0.044,1.643,
7,1.901,0.019,
8,1.326,-0.246,
9,1.628,-0.148,
10,-0.059,-0.389,
11,-2.006,0.213,
12,0.842,1.183,
13,0.878,-0.241,
14,1.391,1.316,
15,-0.675,-0.537,
16,0.376,0.038,
17,-0.602,0.212,
18,0.058,0.007,
19,-0.946,-1.103,
20,-0.381,-0.481,
21,-0.503,-1.727,
22,0.01,-0.495,
23,-0.723,-1.195,
24,-0.149,0.199,
25,-0.196,0.381,
26,1.166,0.056,
27,1.723,-0.086,
28,1.62,-0.197,
29,1.538,1.3,
30,1.064,0.223,
31,-0.348,0.254,
32,1.519,-0.872,
33,-0.612,-2.574,
34,-1.02,0.72,
35,0.764,0.524,
36,-0.006,0.603,
37,-0.245,-0.749,
38,0.103,-1.417,
39,-0.541,0.222,
40,-0.711,0.043,
41,1.034,-0.854,
42,-0.049,-0.727,
43,0.965,-0.192,
44,0.379,0.61,
45,0.407,0.399,
46,0.579,0.449,
47,-1.098,-0.269,
48,-0.557,0.539,
49,-0.27,-0.333,
50,0.244,-0.702,
51,1.045,-0.565,
52,0.528,-0.196,
53,-0.455,1.681,
54,2.389,-0.214,
55,0.264,-0.828,
56,1.788,-0.074,
57,-0.338,1.928,
58,1.493,1.362,
59,0.465,-1.143,
60,0.303,1.199,
61,-1.532,-0.274,
62,1.795,0.402,
63,0.495,0.172,
64,-0.343,-1.88,
65,0.19,0.454,
66,-0.939,0.086,
67,-0.075,-0.861,
68,-0.19,0.131,
69,-2.308,1.005,
70,1.312,1.584,
71,-0.008,-0.24,
72,-0.112,-0.042,
73,-0.251,-0.824,
74,1.041,-0.106,
75,0.142,1.349,
76,0.691,-0.607,
77,-0.551,-0.126,
78,0.487,1.029,
79,-0.2,0.339,
80,-0.853,-0.495,
81,-0.149,-0.268,
82,-1.334,0.15,
83,0.821,-0.166,
84,0.426,-0.283,
85,-0.534,1.817,
86,-0.618,-0.891,
87,0.897,-1.598,
88,0.298,0.518,
89,0.9,-1.261,
90,0.005,-0.808,
91,1.111,1.955,
92,1.005,-0.159,
93,1.147,0.73,
94,0.974,0.203,
95,-0.052,1.855,
96,2.765,-1.489,
97,1.571,0.835,
98,-0.504,0.068,
99,-0.714,1.728,
100,2.64,-2.641,
101,0.542,-1.525,
102,0.342,-1.058,
103,0.19,0.626,
104,0.507,-0.509,
105,1.195,-0.53,
106,0.547,-1.417,
107,0.905,1.24,
108,-0.205,-0.451,
109,-0.622,-0.257,
110,-0.049,-0.311,
111,1.244,1.158,
112,0.107,-0.262,
113,0.135,0.584,
114,0.601,0.93,
115,-1.082,-1.246,
116,1.155,-1.223,
117,0.65,-0.67,
118,1.227,-1.391,
119,1.368,0.504,
120,0.343,0.046,
121,0.434,0.554,
122,-1.012,0.784,
123,0.832,0.779,
124,0.698,-0.206,
125,-0.122,1.586,
126,1.374,-0.592,
127,0.613,0.684,
128,1.014,0.313,
129,0.616,0.721,
130,1.614,0.344,
131,1.112,1.06,
132,0.3,0.089,
133,0.344,-0.776,
134,0.361,0.442,
135,-0.86,0.205,
136,0.015,-0.587,
137,0.014,-0.178,
138,0.628,0.322,
139,0.474,-1.379,
140,-0.4,1.621,
141,-0.726,-0.512,
142,0.636,-1.004,
143,0.782,-1.094,
144,0.667,-0.157,
145,-0.307,0.005,
146,0.726,0.378,
147,-1.064,0.228,
148,-1.608,-1.082,
149,0.06,-0.483,
150,1.351,-1.767,
151,0.3,1.468,
152,0.595,0.316,
153,1.304,-1.207,
154,-0.498,0.332,
155,1.111,-0.685,
156,-0.272,-1.155,
157,-2.3,-0.283,
158,0.511,0.316,
159,0.938,-0.159,
160,0.699,1.148,
161,0.511,-0.091,
162,-1.609,-0.834,
163,0.261,-1.096,
