1,0.766,0.003,
2,-0.598,0.896,
3,1.126,-0.53,
4,-0.439,-0.061,
5,0.838,-0.175,
6,-0.162,1.53,
7,1.308,-0.435,
8,0.832,-0.703,
9,1.314,-0.072,
10,-0.449,-0.13,
11,-2.324,0.026,
12,0.32,1.115,
13,0.196,-0.021,
14,0.837,0.92,
15,-0.705,0.122,
16,0.276,-0.092,
17,-0.784,0.409,
18,-0.119,0.409,
19,-0.979,-0.694,
20,-0.559,-0.21,
21,-0.86,-1.309,
22,-0.088,-0.478,
23,-0.726,-0.803,
24,-0.49,0.63,
25,-0.016,0.266,
26,0.782,-0.124,
27,1.506,0.295,
28,1.281,-0.181,
29,1.075,1.045,
30,0.872,0.19,
31,-0.489,0.202,
32,1.277,-0.857,
33,-0.648,-2.473,
34,-1.021,0.631,
35,0.124,0.535,
36,0.013,0.607,
37,-0.591,-0.748,
38,0.078,-1.432,
39,-0.533,-0.125,
40,-0.931,-0.1,
41,0.687,-0.732,
42,-0.292,-0.852,
43,0.826,-0.309,
44,0.231,0.564,
45,0.28,0.267,
46,0.696,0.221,
47,-0.903,-0.113,
48,-0.653,0.604,
49,-0.691,0.084,
50,0.328,-0.417,
51,0.605,-0.246,
52,0.248,-0.074,
53,-0.72,1.486,
54,1.955,-0.241,
55,0.033,-0.559,
56,1.256,0.038,
57,-0.325,1.284,
58,1.263,1.268,
59,0.642,-0.567,
60,-0.113,1.096,
61,-1.097,-0.675,
62,1.384,-0.33,
63,-0.018,0.185,
64,-0.252,-1.644,
65,-0.249,0.587,
66,-1.179,0.143,
67,-0.36,-0.603,
68,-0.062,0.027,
69,-1.674,0.785,
70,0.727,1.499,
71,-0.261,-0.097,
72,-0.228,0.122,
73,-0.436,-0.374,
74,0.653,-0.023,
75,-0.171,0.963,
76,0.331,-0.265,
77,-0.62,0.025,
78,0.246,1.347,
79,-0.358,0.381,
80,-0.912,-0.175,
81,-0.329,-0.297,
82,-1.418,0.301,
83,0.655,0.111,
84,0.24,-0.077,
85,-0.994,1.633,
86,-0.416,-0.593,
87,0.34,-1.43,
88,0.464,0.044,
89,1.465,-1.205,
90,0.146,-0.538,
91,0.837,1.693,
92,0.605,-0.087,
93,1.008,0.529,
94,0.809,0.295,
95,-0.289,1.695,
96,1.999,-1.192,
97,1.249,0.826,
98,-0.52,0.202,
99,-0.792,1.71,
100,2.33,-2.165,
101,0.366,-1.76,
102,-0.279,-0.69,
103,-0.147,0.302,
104,0.505,-0.358,
105,0.927,-0.417,
106,0.064,-1.449,
107,0.072,0.9,
108,-0.361,-0.192,
109,-0.842,-0.437,
110,-0.256,-0.311,
111,0.977,0.96,
112,-0.031,-0.282,
113,0.012,0.65,
114,0.191,0.917,
115,-0.733,-0.655,
116,0.903,-1.093,
117,0.18,0.048,
118,0.88,-1.268,
119,1.083,0.666,
120,0.116,0.369,
121,0.087,0.185,
122,-1.164,1.057,
123,0.694,1.142,
124,0.495,0.131,
125,-0.046,1.412,
126,0.905,-0.573,
127,0.448,0.972,
128,0.375,0.621,
129,0.724,0.524,
130,1.147,0.39,
131,0.797,1.068,
132,0.02,0.188,
133,0.033,-0.528,
134,0.21,0.546,
135,-0.723,0.634,
136,-0.348,-0.364,
137,-0.287,-0.269,
138,0.427,0.509,
139,-0.204,-0.979,
140,-0.361,1.109,
141,-0.909,-0.178,
142,0.539,-0.638,
143,0.645,-1.236,
144,0.759,-0.417,
145,-0.411,-0.182,
146,0.074,0.171,
147,-1.381,0.146,
148,-1.116,-0.34,
149,0.235,-0.543,
150,0.737,-1.372,
151,0.024,1.099,
152,0.342,0.047,
153,1.201,-0.777,
154,-0.642,0.141,
155,0.88,-0.839,
156,-0.383,-0.614,
157,-1.273,-0.614,
158,0.197,0.173,
159,0.304,0.122,
160,0.072,1.559,
161,0.27,-0.06,
162,-1.159,-0.516,
163,-0.809,-1.161,
