1,1.759,-0.496,
2,0.819,0.617,
3,1.985,-0.702,
4,1.084,-0.795,
5,1.235,0.049,
6,0.29,1.293,
7,2.589,-0.026,
8,2.367,-0.104,
9,1.83,-0.636,
10,0.325,-0.147,
11,0.676,0.11,
12,2.036,0.12,
13,1.552,0.337,
14,1.339,1.038,
15,0.428,-0.684,
16,0.386,-0.579,
17,0.575,0.123,
18,0.764,-0.103,
19,-0.203,-0.795,
20,0.483,-1.544,
21,1.022,-2.312,
22,1.349,-0.68,
23,-0.713,-0.842,
24,0.759,-0.174,
25,0.47,0.294,
26,2.11,-0.371,
27,2.56,-0.641,
28,2.206,-0.484,
29,2.314,0.817,
30,1.197,-0.031,
31,1.043,0.386,
32,1.966,-0.811,
33,1.376,-2.046,
34,-0.553,0.094,
35,1.646,0.968,
36,0.032,-0.027,
37,0.876,-0.891,
38,0.272,-0.26,
39,-0.151,0.18,
40,0.788,-0.309,
41,2.212,-0.403,
42,1.476,-0.136,
43,1.432,-0.233,
44,1.236,0.369,
45,0.923,0.654,
46,0.83,0.172,
47,0.406,-0.78,
48,1.135,0.676,
49,0.378,-1.502,
50,0.935,-1.544,
51,1.698,-0.182,
52,1.215,-0.146,
53,0.4,1.291,
54,2.583,0.239,
55,1.187,-0.708,
56,1.806,0.148,
57,0.817,1.937,
58,1.496,0.484,
59,1.919,-1.767,
60,1.242,0.757,
61,0.38,1.031,
62,3.188,0.073,
63,1.41,0.516,
64,-0.464,-2.231,
65,1.822,0.098,
66,0.809,0.336,
67,1.722,-0.705,
68,0.334,-0.513,
69,-0.06,0.665,
70,1.928,0.095,
71,0.859,-0.368,
72,0.943,-0.06,
73,1.204,-0.821,
74,1.923,-0.317,
75,1.159,0.492,
76,1.401,-1.278,
77,1.218,0.006,
78,0.859,0.229,
79,0.205,-0.305,
80,-0.451,-1.294,
81,-0.145,-0.976,
82,-0.262,-0.453,
83,1.766,-0.544,
84,1.214,-0.406,
85,1.734,1.429,
86,0.143,-1.807,
87,1.401,-2.096,
88,1.456,-0.296,
89,2.27,-0.659,
90,0.304,-0.923,
91,2.324,1.84,
92,2.109,-0.561,
93,1.233,0.488,
94,1.573,-1.409,
95,0.695,0.637,
96,3.279,-1.618,
97,1.581,-0.355,
98,0.443,-0.257,
99,1.032,0.653,
100,2.32,-2.557,
101,0.975,-1,
102,1.116,-0.998,
103,0.688,1.058,
104,1.348,-0.669,
105,1.794,-0.344,
106,2.895,-0.635,
107,2.754,1.093,
108,0.773,-0.751,
109,0.788,-0.224,
110,0.806,-0.455,
111,1.341,0.667,
112,0.579,0.132,
113,1.249,0.229,
114,1.499,-0.177,
115,-0.117,-1.773,
116,1.983,-1.459,
117,2.192,-1.372,
118,1.533,-0.677,
119,1.807,0.23,
120,1.072,-0.392,
121,1.454,1.032,
122,0.511,0.563,
123,1.823,-0.38,
124,2.212,-0.74,
125,0.059,0.033,
126,2.824,-0.585,
127,1.471,0.012,
128,1.459,-0.148,
129,2.05,0.709,
130,2.934,-0.363,
131,1.338,1.136,
132,1.146,-0.093,
133,1.089,-0.888,
134,0.384,-0.102,
135,0.093,-0.615,
136,1.525,-0.582,
137,0.293,-0.569,
138,1.361,-0.423,
139,1.143,-1.043,
140,1.701,0.462,
141,0.914,-1.176,
142,1.225,-1.067,
143,0.729,-0.214,
144,1.069,0.948,
145,0.924,-0.044,
146,2.032,-0.017,
147,0.116,-0.522,
148,-0.345,-1.161,
149,0.124,-2.736,
150,1.382,-0.716,
151,1.521,1.22,
152,1.604,-0.192,
153,1.325,-1.109,
154,0.093,-0.618,
155,1.09,-1.085,
156,0.806,-1.768,
157,-0.032,-0.7,
158,1.314,0.151,
159,1.635,-0.433,
160,1.252,1.015,
161,1.292,-0.602,
162,-0.362,-1.309,
163,1.03,-1.523,
