1,0.461,1.774,
2,-0.036,0.089,
3,-1.327,0.293,
4,-0.21,1.004,
5,-0.551,0.85,
6,-2.18,0.529,
7,-0.91,2.236,
8,-0.168,0.383,
9,-0.649,0.156,
10,-0.859,0.866,
11,0.602,1.594,
12,0.593,-0.624,
13,0.322,0.904,
14,-1.751,0.77,
15,-1.742,0.177,
16,0.217,1.128,
17,-1.942,0.798,
18,0.222,0.813,
19,-0.304,0.811,
20,-0.103,0.672,
21,0.621,0.2,
22,-0.237,0.022,
23,-0.386,-0.186,
24,-0.821,0.369,
25,-1.426,0.817,
26,-0.485,0.692,
27,-0.678,0.145,
28,0.763,0.559,
29,-0.288,0.26,
30,0.107,2.057,
31,-0.109,1.368,
32,-0.17,0.107,
33,-0.95,1.26,
34,-0.458,0.514,
35,-0.508,1.841,
36,-1.287,1.249,
37,-0.082,0.288,
38,-0.126,0.033,
39,-0.317,2.045,
40,-0.928,0.152,
41,-0.409,0.138,
42,0.908,-0.154,
43,-0.084,0.583,
44,0.089,2.067,
45,-0.763,0.422,
46,-0.08,1.152,
47,-0.707,0.291,
48,0.561,-0.042,
49,-0.441,-0.484,
50,-0.359,-0.264,
51,-0.541,0.591,
52,-0.137,0.644,
53,-0.026,-0.026,
54,-0.718,0.636,
55,-0.025,-0.282,
56,-0.339,0.606,
57,0.399,0.6,
58,-0.618,0.752,
59,-1.648,1.036,
60,-0.437,-0.067,
61,-0.825,1.598,
62,0.578,0.385,
63,-0.342,0.528,
64,-0.827,-0.643,
65,-0.261,0.042,
66,0.62,0.944,
67,-1.239,0.075,
68,-1.042,0.748,
69,-0.304,1.196,
70,0.167,0.471,
71,-0.588,1.187,
72,-0.584,1.324,
73,-0.655,0.536,
74,-0.263,0.763,
75,-1.13,2.096,
76,0.163,0.825,
77,-0.449,-0.091,
78,0.333,0.97,
79,-1.128,0.258,
80,-0.564,0.475,
81,0.487,0.503,
82,-0.828,0.427,
83,0.461,0.401,
84,-0.753,0.518,
85,0.18,1.135,
86,-1.307,0.769,
87,-0.726,-0.704,
88,-0.068,0.62,
89,0.643,0.075,
90,-0.522,0.798,
91,-0.32,0.538,
92,-1.067,0.563,
93,0.367,1.614,
94,-0.59,0.734,
95,-0.52,0.502,
96,0.387,-0.43,
97,0.506,0.59,
98,-1.554,0.339,
99,-0.532,0.147,
100,-0.906,0.975,
101,-0.016,1.182,
102,-0.73,-0.169,
103,0.163,0.267,
104,-0.391,0.278,
105,-0.019,1.111,
106,-0.364,1.173,
107,0.915,1.688,
108,0.008,0.932,
109,-0.705,-0.018,
110,0.293,0.799,
111,0,0.06,
112,-1.292,0.766,
113,-0.815,0.436,
114,-0.218,0.23,
115,-0.222,-0.92,
116,0.329,0.695,
117,-0.366,0.296,
118,-0.225,1.154,
119,0.587,0.957,
120,0.32,0.295,
121,-0.352,0.263,
122,0.166,0.6,
123,-0.943,-0.123,
124,-0.578,-0.155,
125,-0.434,0.553,
126,-0.311,0.895,
127,-0.031,-0.415,
128,-0.192,0.623,
129,0.071,0.522,
130,1.002,0.258,
131,-0.59,1.906,
132,-0.711,0.786,
133,-0.504,1.218,
134,-0.85,0.285,
135,-1.345,-0.652,
136,-0.178,-0.015,
137,-0.736,1.046,
138,0.07,0.972,
139,-0.578,-0.244,
140,-0.419,0.067,
141,-0.446,-0.492,
142,-0.398,-0.232,
143,-0.769,1.776,
144,-0.653,0.677,
145,-0.636,-0.531,
146,-0.138,1.054,
147,-0.428,0.407,
148,-0.686,0.032,
149,0.364,-1.972,
150,-0.537,0.332,
151,1.349,0.511,
152,-0.361,0.873,
153,-0.244,0.342,
154,-1.182,1.297,
155,-0.794,0.242,
156,-1.479,-0.039,
157,-0.322,0.2,
158,0.576,0.256,
159,0.245,-0.394,
160,-0.579,0.371,
161,0.1,0.911,
162,-0.669,0.715,
163,0.417,-0.744,
