1,0.026,-0.16,
2,-0.204,0.316,
3,0.624,-0.104,
4,-0.029,0.056,
5,0.228,-0.232,
6,0.062,0.112,
7,0.125,-0.634,
8,0.167,-0.629,
9,0.657,-0.115,
10,-0.083,-0.045,
11,-0.523,-0.074,
12,0.31,0.429,
13,-0.133,-0.051,
14,0.458,-0.234,
15,-0.096,0.01,
16,0.222,-0.214,
17,-0.556,0.318,
18,-0.26,0.314,
19,-0.222,-0.009,
20,-0.219,-0.045,
21,-0.37,-0.251,
22,0.036,-0.018,
23,-0.175,-0.358,
24,-0.332,0.27,
25,0.33,-0.044,
26,0.378,-0.12,
27,0.375,0.185,
28,0.318,-0.024,
29,-0.005,0.366,
30,0.73,0.285,
31,-0.169,-0.047,
32,0.416,-0.32,
33,-0.238,-0.63,
34,-0.087,0.127,
35,-0.098,0.182,
36,0.221,0.405,
37,-0.186,-0.193,
38,-0.14,-0.397,
39,0.23,-0.32,
40,-0.479,-0.168,
41,0.167,-0.252,
42,0.084,-0.438,
43,0.307,-0.15,
44,0.038,0.177,
45,0.078,0.037,
46,0.402,0.049,
47,-0.213,-0.15,
48,-0.121,0.113,
49,-0.444,0.308,
50,0.008,0.071,
51,-0.251,-0.204,
52,0.111,0.02,
53,-0.204,0.583,
54,0.7,-0.071,
55,-0.11,-0.217,
56,0.086,0.554,
57,-0.328,0.383,
58,0.399,0.502,
59,0.18,-0.119,
60,-0.185,0.282,
61,-0.288,-0.523,
62,0.342,-0.213,
63,-0.24,0.067,
64,0.047,-0.399,
65,-0.173,0.144,
66,-0.426,0.021,
67,-0.445,-0.231,
68,0.268,-0.075,
69,-0.083,0.205,
70,0.087,0.401,
71,-0.083,-0.148,
72,-0.132,0.058,
73,0.034,0.237,
74,0.458,0.094,
75,0.128,0.188,
76,-0.055,-0.096,
77,-0.339,0.098,
78,0.117,0.834,
79,-0.182,0.325,
80,-0.386,0.109,
81,-0.078,-0.007,
82,-0.324,0.203,
83,0.197,0.304,
84,0.307,-0.053,
85,-0.954,0.271,
86,0.01,-0.345,
87,0.083,-0.371,
88,0.199,-0.025,
89,0.437,-0.388,
90,0.051,0.01,
91,0.194,0.596,
92,0.013,0.104,
93,0.251,0.376,
94,0.21,0.238,
95,0.054,0.81,
96,0.536,-0.45,
97,0.317,0.096,
98,-0.304,-0.01,
99,-0.414,0.553,
100,1.019,-0.609,
101,-0.02,-0.715,
102,-0.071,0.253,
103,-0.095,-0.194,
104,0.163,-0.021,
105,0.199,-0.208,
106,-0.494,-1.134,
107,-0.146,0.03,
108,-0.007,-0.029,
109,-0.49,-0.468,
110,0.029,-0.084,
111,0.24,-0.045,
112,-0.001,-0.33,
113,-0.105,0.344,
114,0.038,0.439,
115,-0.27,0.219,
116,0.232,-0.274,
117,0.091,0.161,
118,0.124,-0.496,
119,0.356,0.149,
120,0.04,0.151,
121,-0.017,-0.368,
122,-0.195,0.426,
123,0.073,0.389,
124,-0.022,0.255,
125,0.022,0.466,
126,0.194,-0.228,
127,0.2,0.325,
128,-0.153,0.552,
129,0.401,0.204,
130,0.27,0.367,
131,0.209,0.194,
132,-0.075,0.046,
133,-0.111,-0.322,
134,-0.132,0.205,
135,-0.078,0.312,
136,-0.291,-0.107,
137,-0.032,-0.005,
138,0.201,0.186,
139,-0.277,-0.237,
140,-0.267,0.216,
141,-0.758,0.337,
142,0.131,-0.248,
143,0.361,-0.611,
144,0.778,-0.857,
145,-0.034,-0.116,
146,-0.246,0.155,
147,-0.517,0.211,
148,-0.182,0.175,
149,-0.048,-0.063,
150,-0.145,-0.383,
151,-0.061,0.365,
152,-0.004,0.01,
153,0.493,-0.129,
154,-0.218,0.082,
155,0.446,-0.22,
156,-0.337,0.419,
157,0.006,-0.064,
158,-0.107,0.505,
159,-0.211,0.134,
160,-0.31,0.762,
161,0.274,-0.179,
162,-0.249,0.195,
163,-0.353,-0.369,
