1,1.748,0.029,
2,1.179,0.123,
3,1.619,-0.618,
4,1.337,-0.79,
5,1.264,-0.036,
6,-0.194,1.094,
7,2.223,0.64,
8,2.049,-0.007,
9,1.565,-0.861,
10,0.642,-0.022,
11,1.466,-0.033,
12,1.981,-0.309,
13,1.855,0.272,
14,0.965,0.434,
15,0.61,-0.171,
16,0.695,-0.733,
17,0.772,-0.096,
18,0.966,-0.275,
19,0.395,-0.202,
20,1.01,-1.024,
21,1.339,-1.516,
22,1.266,-0.417,
23,-0.128,-0.721,
24,1.092,-0.491,
25,0.809,0.079,
26,1.866,-0.27,
27,2.045,-0.652,
28,1.902,-0.299,
29,1.832,0.355,
30,1.213,0.011,
31,1.299,0.255,
32,1.709,-0.672,
33,1.712,-1.369,
34,0.116,-0.199,
35,1.85,0.977,
36,0.431,-0.242,
37,1.096,-0.653,
38,0.822,0.065,
39,0.702,-0.105,
40,1.145,-0.359,
41,1.96,-0.242,
42,1.807,0.12,
43,1.338,-0.101,
44,1.413,0.117,
45,1.148,0.322,
46,0.914,-0.093,
47,0.587,-0.789,
48,1.734,0.22,
49,0.683,-1.227,
50,0.889,-1.162,
51,1.539,-0.31,
52,1.258,-0.208,
53,0.959,0.3,
54,1.923,0.304,
55,1.107,-0.766,
56,1.449,0.094,
57,0.967,1.142,
58,1.239,0.176,
59,1.569,-1.329,
60,1.289,0.244,
61,1.226,0.653,
62,2.786,-0.066,
63,1.463,0.253,
64,0.216,-1.536,
65,1.857,-0.279,
66,1.174,0.253,
67,1.555,-0.698,
68,1.096,-0.39,
69,0.951,0.284,
70,1.763,-0.509,
71,1.05,-0.602,
72,1.338,-0.173,
73,1.236,-0.557,
74,1.937,-0.336,
75,0.76,-0.118,
76,1.532,-1.117,
77,1.363,-0.167,
78,1.007,-0.09,
79,0.381,-0.361,
80,0.398,-1.193,
81,0.14,-0.54,
82,0.808,-0.445,
83,1.415,-0.538,
84,1.279,-0.4,
85,1.826,0.462,
86,0.578,-1.071,
87,1.396,-1.448,
88,1.164,-0.52,
89,2.532,-0.369,
90,0.605,-0.702,
91,2.078,0.936,
92,1.732,-0.606,
93,0.939,0.33,
94,1.329,-0.977,
95,1.125,-0.06,
96,2.469,-1.364,
97,1.46,-0.64,
98,0.608,-0.685,
99,1.392,-0.032,
100,1.551,-1.416,
101,1.032,-0.462,
102,0.723,-0.783,
103,0.816,0.616,
104,1.288,-0.608,
105,1.441,-0.597,
106,2.351,-0.397,
107,2.504,0.744,
108,1.049,-0.631,
109,1.153,-0.295,
110,1.474,-0.244,
111,1.163,0.036,
112,0.592,-0.205,
113,1.142,-0.12,
114,1.447,-0.485,
115,0.564,-1.683,
116,1.637,-1.049,
117,1.912,-0.548,
118,1.417,-0.527,
119,1.507,-0.062,
120,1.171,-0.638,
121,1.385,0.336,
122,1.443,0.074,
123,1.495,-0.788,
124,1.985,-0.73,
125,0.331,-0.463,
126,2.235,-0.557,
127,1.632,-0.39,
128,1.311,-0.111,
129,1.748,0.192,
130,2.516,-0.446,
131,1.569,0.511,
132,1.112,-0.25,
133,1.14,-0.851,
134,0.602,-0.182,
135,0.685,-0.827,
136,1.389,-0.633,
137,0.615,-0.407,
138,1.304,-0.416,
139,1.009,-0.834,
140,1.605,0.119,
141,1.109,-1.102,
142,1.108,-1.138,
143,0.939,-0.072,
144,0.977,0.356,
145,1.1,-0.486,
146,2.214,0.056,
147,0.799,-0.416,
148,0.434,-0.745,
149,0.762,-2.847,
150,1.104,-0.442,
151,1.759,0.733,
152,1.357,-0.056,
153,1.349,-1.016,
154,0.57,-0.601,
155,0.982,-0.701,
156,0.913,-1.182,
157,0.457,-1.03,
158,1.738,-0.418,
159,1.469,-0.462,
160,1.193,0.607,
161,1.56,-0.512,
162,0.519,-0.569,
163,1.261,-1.586,
