1,1.927,-0.219,
2,-0.2,0.986,
3,1.765,-0.993,
4,0.206,-0.694,
5,1.322,-0.304,
6,0.493,2.01,
7,2.704,0.413,
8,1.937,-0.175,
9,1.875,-0.279,
10,-0.093,-0.253,
11,-1.635,0.614,
12,1.293,1.133,
13,1.094,0.245,
14,1.472,1.744,
15,-0.662,-0.347,
16,-0.037,-0.515,
17,-0.279,0.29,
18,0.357,0.186,
19,-0.643,-1.288,
20,-0.242,-1.044,
21,-0.211,-2.183,
22,0.504,-0.755,
23,-1.139,-0.93,
24,0.051,0.338,
25,-0.029,0.16,
26,1.599,-0.294,
27,2.529,-0.17,
28,2.083,-0.377,
29,2.281,1.397,
30,1.12,0.043,
31,-0.003,0.389,
32,1.853,-1.036,
33,-0.24,-2.788,
34,-1.431,0.717,
35,1.017,0.964,
36,-0.053,0.297,
37,-0.258,-1.104,
38,0.233,-1.456,
39,-0.77,0.684,
40,-0.288,-0.135,
41,1.701,-0.728,
42,0.099,-0.794,
43,1.524,-0.36,
44,0.753,0.629,
45,0.622,0.556,
46,0.535,0.474,
47,-0.932,-0.374,
48,-0.101,0.88,
49,-0.705,-1.031,
50,0.856,-1.148,
51,1.696,-0.353,
52,0.774,-0.207,
53,-0.252,2.26,
54,3.004,0.161,
55,0.87,-0.74,
56,2.171,-0.036,
57,0.075,2.324,
58,1.839,1.398,
59,1.141,-1.641,
60,0.563,1.528,
61,-0.894,0.279,
62,3.082,0.26,
63,1.054,0.423,
64,-0.891,-2.584,
65,0.735,0.508,
66,-0.246,0.108,
67,0.862,-0.848,
68,-0.616,-0.111,
69,-2.656,1.37,
70,1.694,1.338,
71,0.232,-0.189,
72,0.266,0.023,
73,0.163,-1.166,
74,1.412,-0.213,
75,0.205,1.779,
76,0.986,-0.962,
77,0.149,-0.012,
78,0.651,0.823,
79,-0.149,0.088,
80,-0.911,-0.861,
81,-0.004,-0.64,
82,-1.496,-0.043,
83,1.46,-0.587,
84,0.61,-0.37,
85,0.342,2.332,
86,-0.716,-1.591,
87,0.964,-2.238,
88,0.732,0.556,
89,2.306,-1.266,
90,0.175,-1.06,
91,1.664,2.21,
92,1.574,-0.356,
93,1.493,0.858,
94,1.471,-0.55,
95,0.119,1.819,
96,3.716,-1.746,
97,1.746,0.54,
98,-0.271,0.081,
99,-0.154,1.744,
100,2.991,-3.523,
101,0.854,-1.693,
102,0.237,-0.989,
103,-0.201,1.187,
104,1.025,-0.624,
105,1.858,-0.353,
106,1.715,-1.355,
107,1.794,1.581,
108,-0.175,-0.815,
109,-0.223,-0.331,
110,-0.109,-0.641,
111,1.473,1.495,
112,0.391,-0.048,
113,0.723,0.567,
114,0.857,0.697,
115,-0.602,-1.574,
116,1.578,-1.62,
117,1.513,-1.726,
118,1.627,-1.304,
119,1.732,0.654,
120,0.571,-0.041,
121,0.79,1.263,
122,-0.967,0.901,
123,1.494,0.583,
124,1.432,-0.411,
125,-0.152,1.26,
126,2.016,-0.753,
127,1.123,0.852,
128,1.202,0.377,
129,1.467,0.818,
130,2.446,0.035,
131,1.2,1.423,
132,0.662,0.141,
133,0.483,-0.723,
134,0.398,0.379,
135,-1.078,-0.221,
136,0.789,-0.661,
137,-0.1,-0.569,
138,1.128,0.238,
139,0.685,-1.338,
140,0.704,1.108,
141,-0.135,-0.935,
142,1.119,-0.99,
143,0.741,-0.847,
144,0.897,0.568,
145,-0.073,0.282,
146,1.058,-0.164,
147,-1.078,-0.141,
148,-1.579,-0.935,
149,0.053,-1.719,
150,1.779,-1.604,
151,0.732,1.745,
152,1.19,-0.061,
153,1.458,-1.463,
154,-0.597,-0.164,
155,1.157,-1.156,
156,-0.461,-1.715,
157,-2.494,-0.885,
158,1.087,0.144,
159,1.225,0.114,
160,0.874,1.824,
161,0.593,-0.138,
162,-1.539,-1.267,
163,-0.134,-1.691,
