1,-0.351,-0.732,
2,-0.179,-0.806,
3,-0.165,-1.177,
4,-0.716,-0.19,
5,-0.049,0.149,
6,-0.848,-0.026,
7,0.032,-0.16,
8,-0.014,-1.199,
9,-0.132,-0.288,
10,-1.072,0.03,
11,0.147,-0.672,
12,0.321,-0.92,
13,0.269,0.054,
14,-0.715,-0.213,
15,-0.997,-0.316,
16,-0.137,-0.319,
17,-0.818,-1.241,
18,-0.191,-0.889,
19,0.578,-0.565,
20,-0.084,-0.545,
21,-0.081,-0.917,
22,-0.272,-0.488,
23,-0.588,-0.986,
24,0.485,-1.289,
25,-0.309,-0.549,
26,-0.386,-0.684,
27,-0.065,-0.695,
28,0.55,-0.71,
29,0.118,-0.261,
30,1.34,-0.364,
31,-0.276,-0.535,
32,0.582,-0.913,
33,-1.018,-1.273,
34,-0.486,-1.299,
35,-0.1,-0.561,
36,-0.246,-0.237,
37,0.171,-0.075,
38,0.287,-0.896,
39,-0.651,-0.607,
40,0.022,-1.351,
41,0.365,-0.314,
42,0.063,0.299,
43,-0.062,-0.081,
44,-0.439,-0.45,
45,-0.232,-0.545,
46,-0.711,-0.434,
47,-0.567,-0.82,
48,0.083,-0.238,
49,-0.002,-0.965,
50,-0.525,-0.927,
51,-0.271,-0.86,
52,-0.408,-0.579,
53,-0.167,-0.145,
54,-0.597,-0.311,
55,-0.972,-1.335,
56,-0.298,-0.333,
57,-0.635,-0.676,
58,-0.482,-0.366,
59,-0.214,-1.07,
60,-0.125,-0.623,
61,-0.685,-0.356,
62,0.551,-0.57,
63,0.169,-0.31,
64,-0.939,-1.11,
65,0.325,-0.675,
66,0.417,-0.279,
67,-1.08,-0.267,
68,-0.154,-0.667,
69,-0.104,-0.326,
70,0.161,-0.54,
71,-0.08,-0.844,
72,0.067,-0.579,
73,-0.033,-0.37,
74,0.374,-0.39,
75,0.423,-0.508,
76,-0.252,-0.638,
77,-0.234,-0.111,
78,-0.301,0.497,
79,-0.584,-0.506,
80,0.574,-0.837,
81,-1.078,-0.663,
82,-0.268,-0.114,
83,0.016,-0.446,
84,-0.295,-0.707,
85,0.218,-0.788,
86,0.022,-0.044,
87,-0.224,-0.93,
88,0.159,-0.195,
89,-0.299,-1.169,
90,-0.097,-0.541,
91,-1.057,-0.678,
92,-0.639,-0.436,
93,-0.039,0.111,
94,-0.669,0.725,
95,0.216,-0.772,
96,-0.225,-0.736,
97,-0.607,-0.63,
98,-0.907,-1.383,
99,-0.15,-1.067,
100,-0.068,-1.491,
101,-0.065,-0.402,
102,-0.634,-0.988,
103,-0.002,-1.137,
104,-0.714,-0.561,
105,-1.297,-0.962,
106,0.117,-0.341,
107,-0.055,0.107,
108,-0.493,-0.591,
109,0.043,-1.227,
110,-0.022,-0.798,
111,-0.341,0.148,
112,-0.677,-0.871,
113,0.037,-0.78,
114,-0.13,-0.811,
115,-0.707,-2.072,
116,0.269,-1.079,
117,0.325,-0.605,
118,0.259,-0.586,
119,0.418,-0.977,
120,0.001,-0.418,
121,-0.324,-0.543,
122,0.182,-0.387,
123,-0.523,-1.244,
124,-0.468,-1.047,
125,-0.471,-0.811,
126,0.212,-0.397,
127,0.327,-1.396,
128,0.175,-0.462,
129,-0.302,-0.54,
130,-0.436,-0.174,
131,-0.026,0.248,
132,-0.312,0.362,
133,-0.595,-0.57,
134,0.192,-0.509,
135,-1.107,-1.086,
136,-0.237,-0.596,
137,0.538,-0.101,
138,-0.529,-0.615,
139,-0.527,-1.295,
140,-0.504,-1.019,
141,-0.767,-0.768,
142,0.248,-1.218,
143,-0.268,-0.005,
144,-0.44,-0.777,
145,-0.529,-0.843,
146,0.444,0.131,
147,-0.242,-0.652,
148,-0.797,-0.322,
149,-0.411,-1.977,
150,-1.308,-2.143,
151,0.083,-0.196,
152,-1.532,-0.404,
153,0.068,-0.687,
154,-0.49,-0.352,
155,-0.766,-0.959,
156,-0.115,-0.36,
157,-0.589,-0.846,
158,0.086,-0.569,
159,-0.403,-0.723,
160,-1.029,-0.493,
161,-0.137,-0.45,
162,-0.227,-0.462,
163,0.475,-1.291,
