1,1.676,-0.209,
2,-0.413,1.123,
3,1.842,-0.917,
4,-0.145,-0.502,
5,1.248,-0.137,
6,0.368,2.144,
7,2.779,0.15,
8,1.853,-0.282,
9,1.644,-0.141,
10,-0.431,-0.261,
11,-2.416,0.421,
12,0.993,1.12,
13,0.816,0.162,
14,1.307,1.965,
15,-0.817,-0.406,
16,0.09,-0.213,
17,-0.524,0.434,
18,0.202,0.344,
19,-0.83,-1.154,
20,-0.602,-0.902,
21,-0.671,-2.293,
22,0.275,-0.923,
23,-1.264,-1.042,
24,-0.238,0.625,
25,-0.251,0.405,
26,1.574,-0.222,
27,2.699,-0.012,
28,2.231,-0.379,
29,2.259,1.451,
30,1.085,0.039,
31,-0.353,0.44,
32,1.69,-1.174,
33,-0.434,-2.966,
34,-1.79,0.974,
35,0.775,0.957,
36,-0.206,0.501,
37,-0.486,-1.196,
38,0.175,-1.872,
39,-1.049,0.535,
40,-0.682,-0.09,
41,1.74,-0.697,
42,-0.227,-0.886,
43,1.563,-0.444,
44,0.617,0.784,
45,0.541,0.631,
46,0.532,0.471,
47,-1.155,-0.288,
48,-0.592,1.049,
49,-0.697,-0.834,
50,0.778,-1.293,
51,1.572,-0.234,
52,0.632,-0.177,
53,-0.745,2.489,
54,3.007,-0.114,
55,0.887,-0.761,
56,2.185,-0.18,
57,0.059,2.363,
58,1.914,1.544,
59,0.943,-1.466,
60,0.441,1.722,
61,-1.425,0.044,
62,2.644,0.569,
63,0.737,0.454,
64,-0.839,-2.816,
65,0.42,0.75,
66,-0.822,0.178,
67,0.659,-0.778,
68,-1.115,0.032,
69,-3.244,1.608,
70,1.546,1.718,
71,0.13,-0.058,
72,0.027,0.177,
73,-0.299,-1.159,
74,1.216,-0.164,
75,0.131,2.137,
76,0.894,-0.792,
77,-0.176,0.033,
78,0.515,1.164,
79,-0.307,0.199,
80,-1.234,-0.763,
81,-0.225,-0.806,
82,-2.074,0.093,
83,1.564,-0.591,
84,0.52,-0.142,
85,-0.076,2.858,
86,-0.882,-1.489,
87,0.916,-2.627,
88,0.911,0.455,
89,2.163,-1.408,
90,0.061,-1.143,
91,1.66,2.371,
92,1.562,-0.313,
93,1.684,0.853,
94,1.516,-0.378,
95,-0.217,2.011,
96,3.835,-1.725,
97,1.814,0.911,
98,-0.313,0.262,
99,-0.476,2.13,
100,3.062,-3.839,
101,0.935,-1.989,
102,0.221,-1.141,
103,-0.083,1.159,
104,0.887,-0.526,
105,1.948,-0.215,
106,1.548,-1.543,
107,1.319,1.776,
108,-0.476,-0.591,
109,-0.549,-0.253,
110,-0.439,-0.699,
111,1.644,1.87,
112,0.194,0.063,
113,0.638,0.797,
114,0.755,0.941,
115,-1.032,-1.609,
116,1.673,-1.79,
117,1.314,-1.651,
118,1.651,-1.521,
119,1.815,0.892,
120,0.424,0.227,
121,0.578,1.313,
122,-1.515,0.812,
123,1.502,0.927,
124,1.348,-0.332,
125,-0.112,1.584,
126,1.941,-0.82,
127,0.906,1.143,
128,1.183,0.401,
129,1.437,0.96,
130,2.399,0.015,
131,1.107,1.689,
132,0.522,0.241,
133,0.309,-0.588,
134,0.364,0.544,
135,-1.395,0.146,
136,0.447,-0.546,
137,-0.317,-0.631,
138,0.981,0.344,
139,0.657,-1.71,
140,0.487,1.297,
141,-0.367,-0.84,
142,1.252,-0.844,
143,0.723,-1.115,
144,0.991,0.423,
145,-0.469,0.413,
146,0.672,-0.162,
147,-1.454,-0.12,
148,-1.956,-1.101,
149,0.085,-1.363,
150,1.792,-1.679,
151,0.501,1.933,
152,1.112,-0.08,
153,1.357,-1.522,
154,-0.768,-0.077,
155,1.187,-1.365,
156,-0.771,-1.784,
157,-2.898,-0.765,
158,0.805,0.272,
159,1.255,-0.108,
160,0.811,1.986,
161,0.208,-0.138,
162,-1.917,-1.344,
163,-0.398,-1.511,
