1,1.115,0.036,
2,-0.656,1,
3,1.395,-0.693,
4,-0.454,-0.202,
5,1.053,-0.187,
6,-0.126,2.068,
7,1.995,-0.137,
8,1.196,-0.553,
9,1.532,-0.097,
10,-0.568,-0.176,
11,-2.681,0.225,
12,0.494,1.221,
13,0.437,0.045,
14,1.026,1.43,
15,-0.922,-0.001,
16,0.206,-0.118,
17,-0.752,0.434,
18,-0.011,0.402,
19,-1.169,-0.9,
20,-0.605,-0.385,
21,-0.804,-1.757,
22,-0.093,-0.748,
23,-0.97,-0.922,
24,-0.448,0.664,
25,-0.122,0.326,
26,1.066,-0.119,
27,1.974,0.215,
28,1.699,-0.228,
29,1.552,1.282,
30,0.942,0.132,
31,-0.508,0.291,
32,1.495,-1.003,
33,-0.618,-2.881,
34,-1.392,0.819,
35,0.354,0.73,
36,-0.073,0.599,
37,-0.648,-0.944,
38,0.201,-1.756,
39,-0.802,0.102,
40,-0.922,-0.089,
41,1.039,-0.787,
42,-0.384,-0.937,
43,1.114,-0.363,
44,0.357,0.665,
45,0.376,0.386,
46,0.664,0.311,
47,-1.149,-0.084,
48,-0.723,0.787,
49,-0.76,-0.199,
50,0.506,-0.698,
51,1.026,-0.271,
52,0.363,-0.119,
53,-0.798,1.899,
54,2.406,-0.215,
55,0.291,-0.651,
56,1.75,-0.146,
57,-0.232,1.713,
58,1.558,1.465,
59,0.744,-0.881,
60,0.027,1.428,
61,-1.32,-0.492,
62,1.923,0.068,
63,0.232,0.273,
64,-0.451,-2.132,
65,-0.078,0.677,
66,-1.179,0.138,
67,-0.045,-0.721,
68,-0.446,0.076,
69,-2.495,1.114,
70,1.022,1.726,
71,-0.202,-0.109,
72,-0.163,0.139,
73,-0.502,-0.732,
74,0.82,-0.052,
75,-0.242,1.53,
76,0.619,-0.429,
77,-0.535,0.019,
78,0.344,1.295,
79,-0.363,0.34,
80,-1.071,-0.36,
81,-0.309,-0.445,
82,-1.72,0.257,
83,0.936,-0.181,
84,0.274,-0.106,
85,-0.764,2.166,
86,-0.637,-0.892,
87,0.534,-1.907,
88,0.539,0.2,
89,1.815,-1.388,
90,0.093,-0.786,
91,1.176,2.042,
92,0.913,-0.181,
93,1.294,0.675,
94,1.074,0.125,
95,-0.387,1.863,
96,2.796,-1.492,
97,1.51,0.91,
98,-0.499,0.212,
99,-0.697,1.908,
100,2.692,-2.859,
101,0.58,-1.982,
102,-0.24,-1.107,
103,-0.178,0.612,
104,0.635,-0.47,
105,1.299,-0.393,
106,0.534,-1.53,
107,0.432,1.244,
108,-0.471,-0.353,
109,-0.779,-0.348,
110,-0.368,-0.473,
111,1.244,1.42,
112,-0.002,-0.128,
113,0.205,0.718,
114,0.349,1.001,
115,-0.872,-1.101,
116,1.188,-1.402,
117,0.506,-0.434,
118,1.24,-1.447,
119,1.36,0.839,
120,0.199,0.336,
121,0.238,0.577,
122,-1.392,0.954,
123,1.016,1.197,
124,0.78,-0.035,
125,-0.084,1.609,
126,1.288,-0.738,
127,0.608,1.106,
128,0.689,0.585,
129,0.949,0.668,
130,1.619,0.294,
131,0.974,1.369,
132,0.163,0.224,
133,0.128,-0.608,
134,0.292,0.594,
135,-1.021,0.54,
136,-0.132,-0.475,
137,-0.337,-0.439,
138,0.608,0.549,
139,0.05,-1.315,
140,-0.179,1.331,
141,-0.778,-0.458,
142,0.787,-0.799,
143,0.725,-1.317,
144,0.808,-0.125,
145,-0.505,-0.032,
146,0.346,0.12,
147,-1.52,0.073,
148,-1.494,-0.654,
149,0.297,-0.815,
150,1.258,-1.664,
151,0.16,1.444,
152,0.591,0.023,
153,1.305,-1.147,
154,-0.755,0.09,
155,1.008,-1.061,
156,-0.512,-1.166,
157,-2.24,-0.758,
158,0.424,0.078,
159,0.636,0.079,
160,0.353,1.789,
161,0.277,-0.038,
162,-1.622,-0.723,
163,-0.716,-1.428,
