1,-1.348,-0.284,
2,0.011,-0.141,
3,0.56,-0.068,
4,0.117,0.127,
5,-1.096,-0.78,
6,-0.442,-0.42,
7,0.941,0.085,
8,0.214,-0.734,
9,0.443,-0.575,
10,-0.662,-0.507,
11,-0.004,0.153,
12,0.753,0.127,
13,0.195,-0.361,
14,0.251,0.315,
15,-0.03,-0.876,
16,0.312,0.079,
17,0.054,0.376,
18,-0.345,0.274,
19,0.073,0.3,
20,-1.133,-0.62,
21,0.407,-0.038,
22,0.094,0.249,
23,0.207,-0.707,
24,-0.166,0.204,
25,0.212,0.632,
26,0.332,-0.209,
27,-0.58,0.008,
28,0.485,0.229,
29,-0.019,0.526,
30,0.18,0.25,
31,-0.124,-1.081,
32,0.829,0.268,
33,1.219,-0.316,
34,0.321,-0.26,
35,0.249,-0.125,
36,0.079,0.3,
37,0.302,0.136,
38,0.261,0.2,
39,1.142,1.215,
40,-0.268,-0.635,
41,-0.037,-0.497,
42,0.24,-0.006,
43,0.761,-0.241,
44,-0.084,-0.059,
45,0.181,0.152,
46,-0.287,-0.182,
47,-0.316,-0.09,
48,0.57,0.147,
49,-0.063,0.051,
50,0.404,0.039,
51,-0.462,0.002,
52,0.417,-0.425,
53,0.891,-0.216,
54,1.127,1.188,
55,0.544,-0.459,
56,0.093,-0.07,
57,-0.594,0.212,
58,-0.247,-1.076,
59,0.218,-0.486,
60,-0.36,-0.042,
61,-0.096,0.268,
62,0.909,-0.103,
63,-1.153,-0.931,
64,-0.53,-0.486,
65,0.419,-0.79,
66,0.708,0.065,
67,0.064,-0.121,
68,-0.123,0.18,
69,1.49,0.168,
70,-0.489,0.476,
71,0.29,-0.207,
72,1.001,-0.146,
73,0.844,-0.491,
74,0.403,-0.062,
75,0.111,0.248,
76,0.802,-0.354,
77,0.46,0.054,
78,0.362,-0.5,
79,0.397,-0.675,
80,0.555,0.428,
81,0.998,-0.067,
82,0.162,0.296,
83,-0.002,0.048,
84,0.515,-0.183,
85,-0.354,-0.179,
86,-0.408,-0.075,
87,-0.417,-0.549,
88,0.514,0.163,
89,0.641,-0.009,
90,0.752,0.012,
91,0.266,0.18,
92,-0.593,0.016,
93,-0.12,0.482,
94,0.525,0.246,
95,-0.683,1.439,
96,0.663,-0.972,
97,0.369,-0.232,
98,0.372,-0.659,
99,0.045,-1.233,
100,1.871,1.034,
101,0.55,0.537,
102,0.097,-0.108,
103,-0.985,-0.771,
104,0.598,0.222,
105,-0.133,0.04,
106,-1.347,-0.833,
107,0.129,-0.021,
108,-0.116,-0.246,
109,0.442,-0.47,
110,-0.14,-0.224,
111,-0.388,-0.881,
112,-0.55,0.074,
113,1.049,0.242,
114,1.126,0.708,
115,0.336,0.442,
116,0.744,0.154,
117,0.412,-0.997,
118,0.836,-0.003,
119,0.045,-0.434,
120,0.465,-0.787,
121,0.207,0.332,
122,0.502,0.337,
123,0.19,0.411,
124,0.372,-1.188,
125,0.282,-0.221,
126,0.325,0.133,
127,0.406,0.463,
128,0.155,0.294,
129,0.505,0.246,
130,0.785,-0.437,
131,-0.562,0.658,
132,0.93,-0.985,
133,0.304,-1.093,
134,-0.08,-0.272,
135,-0.064,0.219,
136,0.423,0.315,
137,0.34,0.426,
138,0.683,-0.046,
139,0.063,-0.549,
140,-0.158,-0.433,
141,-0.525,0.771,
142,-0.18,0.841,
143,-0.479,0.466,
144,1.269,-1.14,
145,0.126,-0.388,
146,-0.06,-0.123,
147,0.051,0.073,
148,-0.133,-0.787,
149,0.395,0.252,
150,0.217,-0.201,
151,0.904,0.291,
152,0.382,-0.809,
153,0.575,-1.096,
154,-0.06,0.168,
155,-0.254,-0.054,
156,0.073,0.801,
157,0.106,-0.456,
158,-0.307,-0.881,
159,-0.627,-0.422,
160,-0.096,-0.139,
161,0.009,-0.315,
162,-0.173,0.189,
163,0.516,-0.454,
