1,1.117,0.043,
2,-0.657,0.94,
3,1.361,-0.687,
4,-0.422,-0.206,
5,1.05,-0.24,
6,-0.147,2.038,
7,1.949,-0.103,
8,1.156,-0.562,
9,1.575,-0.116,
10,-0.499,-0.173,
11,-2.609,0.216,
12,0.533,1.233,
13,0.454,0.049,
14,1.042,1.358,
15,-0.895,0.009,
16,0.176,-0.179,
17,-0.735,0.409,
18,-0.005,0.38,
19,-1.156,-0.899,
20,-0.565,-0.382,
21,-0.749,-1.697,
22,-0.061,-0.711,
23,-0.938,-0.895,
24,-0.419,0.617,
25,-0.078,0.261,
26,1.048,-0.111,
27,1.901,0.203,
28,1.644,-0.233,
29,1.509,1.266,
30,0.935,0.138,
31,-0.471,0.272,
32,1.485,-0.968,
33,-0.628,-2.824,
34,-1.311,0.747,
35,0.365,0.716,
36,-0.051,0.583,
37,-0.63,-0.914,
38,0.199,-1.71,
39,-0.759,0.099,
40,-0.883,-0.095,
41,0.991,-0.788,
42,-0.34,-0.9,
43,1.081,-0.347,
44,0.352,0.635,
45,0.372,0.36,
46,0.66,0.303,
47,-1.104,-0.096,
48,-0.679,0.751,
49,-0.803,-0.191,
50,0.501,-0.634,
51,1,-0.303,
52,0.364,-0.12,
53,-0.743,1.846,
54,2.368,-0.177,
55,0.253,-0.636,
56,1.717,-0.121,
57,-0.255,1.681,
58,1.529,1.452,
59,0.729,-0.876,
60,0.017,1.396,
61,-1.242,-0.499,
62,1.92,0.05,
63,0.244,0.261,
64,-0.476,-2.054,
65,-0.063,0.633,
66,-1.098,0.103,
67,-0.058,-0.721,
68,-0.372,0.073,
69,-2.41,1.061,
70,1.01,1.676,
71,-0.195,-0.132,
72,-0.143,0.113,
73,-0.421,-0.712,
74,0.833,-0.055,
75,-0.247,1.475,
76,0.601,-0.421,
77,-0.513,0.013,
78,0.356,1.246,
79,-0.34,0.334,
80,-1.013,-0.346,
81,-0.261,-0.392,
82,-1.616,0.245,
83,0.881,-0.187,
84,0.267,-0.146,
85,-0.741,2.045,
86,-0.616,-0.888,
87,0.521,-1.812,
88,0.493,0.218,
89,1.809,-1.361,
90,0.09,-0.756,
91,1.117,1.989,
92,0.871,-0.173,
93,1.239,0.672,
94,1.04,0.127,
95,-0.334,1.838,
96,2.745,-1.484,
97,1.467,0.85,
98,-0.528,0.188,
99,-0.678,1.854,
100,2.67,-2.768,
101,0.559,-1.945,
102,-0.263,-1.072,
103,-0.235,0.598,
104,0.636,-0.479,
105,1.23,-0.418,
106,0.501,-1.511,
107,0.455,1.185,
108,-0.436,-0.381,
109,-0.744,-0.362,
110,-0.324,-0.453,
111,1.187,1.337,
112,0.029,-0.176,
113,0.206,0.686,
114,0.321,1.001,
115,-0.789,-1.072,
116,1.147,-1.357,
117,0.482,-0.404,
118,1.192,-1.406,
119,1.315,0.797,
120,0.202,0.295,
121,0.251,0.543,
122,-1.315,0.945,
123,0.991,1.165,
124,0.75,-0.028,
125,-0.084,1.569,
126,1.267,-0.732,
127,0.613,1.064,
128,0.684,0.612,
129,0.917,0.632,
130,1.567,0.329,
131,0.97,1.303,
132,0.16,0.21,
133,0.133,-0.641,
134,0.286,0.572,
135,-0.978,0.475,
136,-0.11,-0.467,
137,-0.304,-0.417,
138,0.601,0.54,
139,-0.003,-1.253,
140,-0.19,1.31,
141,-0.77,-0.443,
142,0.724,-0.803,
143,0.73,-1.272,
144,0.794,-0.143,
145,-0.442,-0.037,
146,0.379,0.15,
147,-1.461,0.089,
148,-1.422,-0.588,
149,0.305,-0.813,
150,1.227,-1.627,
151,0.164,1.401,
152,0.57,0.033,
153,1.302,-1.103,
154,-0.746,0.091,
155,0.99,-1.003,
156,-0.486,-1.124,
157,-2.197,-0.768,
158,0.446,0.071,
159,0.592,0.138,
160,0.339,1.758,
161,0.324,-0.035,
162,-1.566,-0.641,
163,-0.704,-1.423,
