1,1.621,-0.215,
2,-0.482,0.766,
3,1.322,-1.374,
4,0.128,-0.96,
5,1.34,-0.628,
6,0.204,1.867,
7,2.338,0.478,
8,1.752,0.064,
9,1.779,-0.374,
10,-0.033,-0.364,
11,-1.856,0.491,
12,1.084,1.252,
13,1.099,-0.004,
14,1.352,1.754,
15,-0.777,-0.232,
16,-0.083,-0.485,
17,-0.617,0.02,
18,0.255,0.138,
19,-0.861,-1.3,
20,-0.27,-0.72,
21,-0.204,-1.955,
22,0.216,-0.599,
23,-0.963,-0.998,
24,0.079,0.091,
25,0.113,-0.145,
26,0.932,-0.58,
27,2.086,-0.127,
28,1.779,-0.252,
29,1.861,1.325,
30,1.098,0.096,
31,-0.147,0.287,
32,1.619,-0.963,
33,-0.504,-2.64,
34,-1.202,0.698,
35,0.887,0.814,
36,0.383,0.046,
37,-0.932,-1.092,
38,0.273,-1.439,
39,-0.708,0.456,
40,-0.471,-0.073,
41,1.296,-0.8,
42,-0.021,-0.779,
43,1.308,-0.278,
44,0.585,0.541,
45,0.561,0.396,
46,0.533,0.397,
47,-1.116,-0.223,
48,0.152,0.626,
49,-0.836,-0.637,
50,0.558,-0.897,
51,1.383,-0.562,
52,0.62,-0.231,
53,-0.208,1.886,
54,2.662,-0.002,
55,0.535,-0.702,
56,2.009,-0.074,
57,-0.115,2.1,
58,1.65,1.329,
59,0.837,-1.412,
60,0.435,1.387,
61,-0.938,-0.214,
62,2.568,0.498,
63,0.596,0.253,
64,-0.528,-2.106,
65,0.444,0.404,
66,-0.508,0.066,
67,0.399,-0.901,
68,-0.298,0.011,
69,-2.423,1.096,
70,1.448,1.412,
71,0.111,-0.251,
72,0.166,-0.061,
73,-0.06,-1.003,
74,1.5,-0.157,
75,-0.101,1.548,
76,1.037,-0.824,
77,-0.179,-0.059,
78,0.545,0.828,
79,-0.194,0.2,
80,-0.857,-0.626,
81,-0.059,-0.427,
82,-1.305,0.056,
83,1.089,-0.333,
84,0.484,-0.384,
85,-0.02,1.99,
86,-0.599,-1.166,
87,0.865,-1.902,
88,0.161,0.597,
89,1.669,-1.232,
90,-0.216,-0.919,
91,1.274,2.1,
92,1.179,-0.259,
93,1.323,0.802,
94,1.227,-0.204,
95,0.014,1.809,
96,3.169,-1.583,
97,1.522,0.572,
98,-0.323,0.097,
99,-0.354,1.709,
100,2.87,-2.965,
101,0.737,-1.521,
102,0.073,-0.933,
103,-0.367,0.963,
104,0.803,-0.634,
105,1.427,-0.44,
106,1.006,-1.345,
107,1.257,1.339,
108,-0.197,-0.686,
109,-0.367,-0.405,
110,-0.096,-0.521,
111,1.26,1.311,
112,0.316,-0.217,
113,0.513,0.521,
114,0.717,0.772,
115,-0.527,-1.362,
116,0.833,-1.336,
117,1.041,-1.181,
118,1.396,-1.263,
119,1.452,0.613,
120,0.404,-0.089,
121,0.546,0.844,
122,-1.019,0.849,
123,1.147,0.672,
124,1.061,-0.273,
125,-0.099,1.411,
126,1.566,-0.663,
127,1.385,1.012,
128,0.659,0.881,
129,1.022,0.729,
130,1.977,0.227,
131,1.15,1.246,
132,0.482,0.16,
133,0.439,-0.762,
134,0.35,0.456,
135,-0.955,0.014,
136,0.465,-0.675,
137,-0.016,-0.36,
138,1.184,0.74,
139,0.183,-1.066,
140,0.029,1.442,
141,-0.386,-0.804,
142,0.837,-1.027,
143,0.809,-0.933,
144,0.74,0.289,
145,-0.192,0.138,
146,0.905,0.006,
147,-0.996,0.257,
148,-1.549,-0.646,
149,0.066,-0.983,
150,1.722,-1.983,
151,0.386,1.818,
152,0.866,0.124,
153,1.36,-1.382,
154,-0.511,0.087,
155,1.214,-0.717,
156,-0.522,-1.621,
157,-2.624,-0.71,
158,0.88,0.088,
159,0.888,0.295,
160,0.435,2.342,
161,0.736,0.441,
162,-1.39,-0.582,
163,0.024,-1.552,
