1,0.436,-0.509,
2,0.37,-0.658,
3,1.712,0.116,
4,0.687,0.581,
5,-1.113,-0.057,
6,-3.237,2.12,
7,0.774,-1.047,
8,-0.985,-0.14,
9,0.078,-0.612,
10,0.072,1.055,
11,1.011,-1.193,
12,-0.073,-1.383,
13,-1.338,0.764,
14,-2.42,-0.323,
15,-1.558,-2.864,
16,0.312,-0.396,
17,-1.464,-0.101,
18,0.873,0.108,
19,0.594,-0.097,
20,-1.218,-0.457,
21,0.868,0.388,
22,-1.177,-1.091,
23,0.062,0.833,
24,-0.425,0.814,
25,0.301,-0.003,
26,-0.934,0.405,
27,0.597,0.176,
28,1.551,-1.329,
29,-0.577,0.473,
30,1.072,-0.662,
31,-0.004,-0.267,
32,-0.017,-0.737,
33,-0.404,-0.036,
34,-0.384,-0.118,
35,0.025,1.066,
36,1.831,-0.095,
37,-0.119,0.181,
38,1.773,-0.574,
39,2.086,-0.215,
40,0.027,-0.918,
41,0.29,0.174,
42,1.568,0.2,
43,-0.541,-0.035,
44,0.289,0.055,
45,-1.531,1.325,
46,0.457,0.466,
47,-0.638,0.16,
48,0.56,-1.531,
49,0.291,-0.194,
50,1.423,-0.421,
51,-0.567,-1.659,
52,-0.147,0.071,
53,1.3,-0.278,
54,0.335,0.459,
55,-0.816,0.031,
56,1.561,0.099,
57,0.236,0.094,
58,0.047,0.976,
59,-0.228,0.167,
60,0.112,-0.001,
61,-0.214,-0.355,
62,3.119,-1.014,
63,0.989,-0.05,
64,-0.349,-1.695,
65,1.715,0.896,
66,-0.368,0.342,
67,0.829,-0.043,
68,1.901,-0.632,
69,1.314,0.211,
70,0.408,0.307,
71,2.333,0.637,
72,0.205,-1.014,
73,-1.297,-0.38,
74,-0.288,0.203,
75,-2.015,-1.774,
76,-0.2,-1.532,
77,0.171,0.084,
78,0.025,0.31,
79,-0.259,1.346,
80,-0.768,-1.399,
81,-0.375,0.218,
82,-2.33,-0.302,
83,-0.918,-0.954,
84,0.842,2.14,
85,0.469,-0.595,
86,-0.006,-2.085,
87,-1.457,0.373,
88,0.556,-2.74,
89,2.104,-1.977,
90,0.427,-0.906,
91,0.019,-0.062,
92,0.397,0.349,
93,0.991,-1.786,
94,1.359,0.147,
95,-0.769,-1.687,
96,-0.289,1.146,
97,0.431,-0.495,
98,0.323,1.934,
99,0.771,0.726,
100,1.439,0.326,
101,0.071,-0.07,
102,-0.863,0.414,
103,1.662,0.977,
104,-0.391,-0.179,
105,-1.076,0.193,
106,-0.626,-0.504,
107,0.446,1.376,
108,1.266,-2.253,
109,0.355,-0.66,
110,0.336,-0.185,
111,0.999,0.182,
112,0.369,-0.544,
113,0.472,-0.224,
114,-1.654,-0.343,
115,-0.132,0.587,
116,-0.314,-0.198,
117,0.951,0.728,
118,0.411,1.563,
119,-0.75,-1.02,
120,0.724,-1.238,
121,-0.709,-0.761,
122,1.007,-0.594,
123,-1.107,-0.203,
124,0.192,0.115,
125,0.29,-2.784,
126,0.342,-0.982,
127,-0.123,-1.317,
128,-0.108,0.799,
129,-0.331,-0.984,
130,2.302,-0.632,
131,0.174,-0.997,
132,-0.444,0.297,
133,-0.05,0.587,
134,-1.126,-0.923,
135,0.633,-2.084,
136,1.173,0.46,
137,0.868,0.211,
138,-0.098,-0.223,
139,0.617,1.578,
140,-0.309,0.198,
141,0.834,1.267,
142,1.522,-0.003,
143,0.944,-0.649,
144,0.58,-0.726,
145,0.28,-0.706,
146,0.098,0.438,
147,1.099,-0.533,
148,0.961,-0.627,
149,1.087,-0.26,
150,1.1,-1.028,
151,-0.453,-0.403,
152,-0.247,-0.913,
153,0.721,-0.595,
154,0.493,0.004,
155,0.093,-0.467,
156,-0.778,-0.04,
157,0.147,-2.021,
158,0.228,-1.697,
159,0.081,0.192,
160,-0.091,0.147,
161,0.088,-1.161,
162,-0.542,0.116,
163,1.037,-1.445,
