1,0.069,-0.425,
2,0.721,-0.504,
3,0.925,-0.392,
4,0.759,0.135,
5,-0.259,-0.324,
6,-0.934,-0.822,
7,2.264,-0.144,
8,1.003,-1.224,
9,1.268,-1.775,
10,-0.33,-1.385,
11,1.08,-0.082,
12,0.283,-0.567,
13,1.009,-0.657,
14,0.488,0.296,
15,-0.241,-1.534,
16,0.891,-0.209,
17,0.793,0.064,
18,0.483,-0.791,
19,1.132,-0.238,
20,0.168,-1.506,
21,1.045,-1.225,
22,-0.031,-0.772,
23,0.856,-1.247,
24,0.203,-0.424,
25,0.687,0.643,
26,0.952,-0.325,
27,-0.363,-1.006,
28,1.029,-0.25,
29,0.639,0.275,
30,0.215,-0.754,
31,0.556,-1.773,
32,1.237,0.056,
33,1.816,-0.93,
34,0.765,-1.028,
35,1.497,-0.223,
36,0.279,-0.078,
37,1.043,-0.226,
38,0.487,-0.28,
39,1.162,0.299,
40,0.639,-0.907,
41,0.737,-1.186,
42,2.647,-0.675,
43,1.633,-0.534,
44,0.51,-0.325,
45,0.187,-0.124,
46,0.057,-0.876,
47,-0.251,-0.742,
48,1.337,0.069,
49,0.806,-0.566,
50,1.052,-0.389,
51,0.06,-0.395,
52,0.486,-0.801,
53,1.791,-1.731,
54,1.687,0.583,
55,0.681,-1.45,
56,1.696,-1.586,
57,0.378,-0.977,
58,0.326,-0.847,
59,0.043,-1.35,
60,0.289,-0.497,
61,0.213,-0.302,
62,1.928,-0.198,
63,-0.018,-1.073,
64,-0.3,-1.287,
65,1.141,-1.148,
66,1.529,0.058,
67,0.495,-0.866,
68,-0.184,-0.329,
69,1.848,-0.213,
70,0.207,-0.629,
71,0.551,-1.249,
72,2.258,-0.561,
73,0.904,-1.446,
74,0.727,-0.642,
75,0.561,-0.732,
76,1.605,-0.803,
77,0.929,-0.879,
78,0.083,-2.219,
79,0.104,-1.424,
80,1.294,-0.224,
81,0.532,0.362,
82,0.673,0.337,
83,-0.009,-0.617,
84,1.144,-0.757,
85,0.888,-0.077,
86,0.544,-0.431,
87,0.02,-1.858,
88,1.085,-0.108,
89,0.823,-0.54,
90,1.98,-0.376,
91,0.6,0.144,
92,-0.087,-1.037,
93,-0.078,0.201,
94,0.805,-0.148,
95,0.261,1.1,
96,1.263,-2.146,
97,1.226,-0.576,
98,0.489,-1.538,
99,0.35,-1.61,
100,2.38,0.077,
101,0.726,0.403,
102,1.139,-1.201,
103,0.449,-0.777,
104,1.256,-0.731,
105,0.087,-0.764,
106,-0.45,-0.898,
107,1.504,-0.526,
108,0.135,-0.988,
109,0.878,-0.696,
110,0.586,-0.617,
111,-0.115,-1.219,
112,-0.175,-0.557,
113,1.756,-0.77,
114,1.277,-1.097,
115,0.666,-0.874,
116,0.967,-1.146,
117,0.944,-1.494,
118,1.692,-0.176,
119,0.455,-0.75,
120,0.478,-2.371,
121,1.223,0.826,
122,1.456,-0.549,
123,1.254,-0.855,
124,0.897,-1.664,
125,0.534,-0.861,
126,0.883,-0.244,
127,1.19,-0.085,
128,0.866,-0.313,
129,1.103,-0.586,
130,0.542,-0.56,
131,0.13,0.617,
132,0.886,-1.435,
133,0.613,-0.722,
134,0.761,-0.413,
135,0.186,-0.503,
136,0.969,-0.755,
137,0.409,-0.435,
138,0.681,-0.8,
139,0.63,-1.533,
140,0.264,-0.993,
141,-0.068,-0.372,
142,0.125,-0.072,
143,0.975,0.44,
144,1.043,-0.978,
145,-0.442,-1.087,
146,1.468,0.07,
147,0.451,-0.63,
148,-0.091,-2.55,
149,1.178,-0.75,
150,0.855,-0.898,
151,2.355,-0.57,
152,0.219,-0.705,
153,1.004,-0.86,
154,0.126,-0.367,
155,0.244,-0.997,
156,0.549,0.049,
157,0.286,-1.115,
158,0.403,-1.548,
159,0.323,-1.679,
160,0.603,-1.058,
161,0.649,-0.824,
162,0.64,-0.584,
163,1.342,-1.153,
