1,1.798,-0.332,
2,0.813,0.586,
3,1.834,-0.734,
4,1.078,-0.802,
5,1.251,-0.011,
6,0.164,1.378,
7,2.465,0.249,
8,2.149,-0.211,
9,1.843,-0.646,
10,0.406,-0.127,
11,0.747,0.242,
12,1.965,0.134,
13,1.643,0.362,
14,1.33,0.778,
15,0.367,-0.486,
16,0.391,-0.634,
17,0.557,0.074,
18,0.79,-0.133,
19,-0.096,-0.691,
20,0.581,-1.379,
21,1.019,-2.132,
22,1.211,-0.538,
23,-0.627,-0.816,
24,0.794,-0.241,
25,0.487,0.189,
26,1.991,-0.313,
27,2.373,-0.602,
28,2.097,-0.382,
29,2.16,0.733,
30,1.196,-0.008,
31,1.034,0.337,
32,1.913,-0.779,
33,1.315,-1.994,
34,-0.452,0.093,
35,1.642,0.966,
36,0.148,-0.069,
37,0.821,-0.832,
38,0.44,-0.252,
39,-0.036,0.141,
40,0.807,-0.308,
41,2.042,-0.423,
42,1.456,-0.136,
43,1.377,-0.164,
44,1.243,0.306,
45,0.951,0.524,
46,0.844,0.137,
47,0.273,-0.728,
48,1.192,0.547,
49,0.337,-1.384,
50,0.94,-1.329,
51,1.64,-0.315,
52,1.196,-0.182,
53,0.53,1.121,
54,2.478,0.326,
55,1.097,-0.722,
56,1.744,0.136,
57,0.735,1.853,
58,1.452,0.498,
59,1.748,-1.667,
60,1.167,0.694,
61,0.434,0.94,
62,3.176,-0.002,
63,1.469,0.421,
64,-0.338,-2.043,
65,1.721,0.01,
66,0.888,0.224,
67,1.605,-0.732,
68,0.435,-0.457,
69,0.011,0.583,
70,1.866,0.021,
71,0.807,-0.455,
72,1.04,-0.047,
73,1.096,-0.799,
74,1.873,-0.324,
75,0.933,0.417,
76,1.26,-1.241,
77,1.166,-0.055,
78,0.85,0.164,
79,0.228,-0.282,
80,-0.255,-1.215,
81,0.028,-0.751,
82,-0.031,-0.411,
83,1.589,-0.564,
84,1.159,-0.426,
85,1.605,1.197,
86,0.171,-1.683,
87,1.335,-1.854,
88,1.369,-0.241,
89,2.404,-0.625,
90,0.388,-0.863,
91,2.226,1.642,
92,1.908,-0.556,
93,1.143,0.538,
94,1.477,-1.201,
95,0.785,0.591,
96,3.147,-1.563,
97,1.497,-0.378,
98,0.377,-0.363,
99,1.023,0.531,
100,2.153,-2.327,
101,0.953,-0.924,
102,0.899,-0.938,
103,0.608,0.945,
104,1.312,-0.666,
105,1.621,-0.439,
106,2.606,-0.67,
107,2.709,0.994,
108,0.748,-0.792,
109,0.807,-0.269,
110,0.908,-0.419,
111,1.254,0.525,
112,0.589,0.028,
113,1.182,0.155,
114,1.393,-0.166,
115,0.016,-1.734,
116,1.814,-1.336,
117,2.092,-1.242,
118,1.469,-0.663,
119,1.688,0.172,
120,1.051,-0.476,
121,1.411,0.86,
122,0.59,0.49,
123,1.688,-0.388,
124,2.033,-0.706,
125,0.132,0.034,
126,2.539,-0.601,
127,1.491,-0.036,
128,1.398,-0.065,
129,1.878,0.542,
130,2.772,-0.353,
131,1.369,0.965,
132,1.086,-0.123,
133,1.039,-0.92,
134,0.457,-0.081,
135,0.168,-0.651,
136,1.396,-0.657,
137,0.365,-0.52,
138,1.328,-0.348,
139,1.074,-0.973,
140,1.565,0.434,
141,0.855,-1.14,
142,1.159,-1.145,
143,0.814,-0.203,
144,0.979,0.802,
145,0.898,-0.194,
146,2.043,0.051,
147,0.2,-0.448,
148,-0.276,-1.037,
149,0.252,-2.712,
150,1.308,-0.597,
151,1.52,1.107,
152,1.487,-0.134,
153,1.34,-1.155,
154,0.158,-0.563,
155,1.074,-0.953,
156,0.795,-1.543,
157,-0.096,-0.839,
158,1.451,-0.041,
159,1.522,-0.353,
160,1.203,0.973,
161,1.359,-0.518,
162,-0.231,-1.124,
163,0.918,-1.541,
