1,0.236,0.153,
2,-0.055,-0.074,
3,-1.018,-0.986,
4,0.187,0.13,
5,-0.623,-0.254,
6,-0.917,-0.423,
7,-0.562,0.374,
8,-0.394,-0.145,
9,-1.561,0.537,
10,-0.129,0.394,
11,-0.599,0.651,
12,1.08,-0.274,
13,0.091,-0.2,
14,-0.139,0.129,
15,-1,-0.401,
16,0.804,-0.079,
17,-0.542,0.312,
18,0.277,0.811,
19,-0.166,0.32,
20,-0.08,0.539,
21,1.22,-0.153,
22,0.032,-0.466,
23,-0.571,-0.616,
24,-0.801,0.735,
25,-0.127,-0.262,
26,-0.007,0.093,
27,-0.809,0.254,
28,0.197,-0.218,
29,-0.38,-0.011,
30,0.079,0.232,
31,0.733,-0.233,
32,0.196,-0.126,
33,-0.327,0.005,
34,0.412,0.213,
35,-0.005,0.179,
36,-0.995,0.415,
37,-0.045,0.118,
38,0.093,-0.439,
39,0.534,0.028,
40,-0.246,-0.33,
41,-0.798,-0.614,
42,-0.164,-0.327,
43,0.291,-0.142,
44,0.351,0.113,
45,-0.017,-0.085,
46,0.495,0.055,
47,0.047,-0.261,
48,0.09,-0.054,
49,-0.461,-0.014,
50,0.585,0.094,
51,-0.623,-0.564,
52,0.104,0.083,
53,-0.176,0.294,
54,-0.284,-0.43,
55,0.275,0.158,
56,-0.009,0.869,
57,0.287,1.112,
58,-0.46,0.258,
59,-0.136,0.26,
60,0.597,0.149,
61,-0.365,1.12,
62,0.577,-0.697,
63,0.495,-0.671,
64,0.01,0.17,
65,-0.093,-0.181,
66,0.254,0.101,
67,-0.666,0.328,
68,0.447,-0.066,
69,0.454,0.72,
70,0.302,-0.304,
71,-0.423,0.267,
72,-0.732,0.34,
73,-0.257,-0.176,
74,0.313,-0.281,
75,-0.997,0.392,
76,0.256,-0.179,
77,0.031,-0.081,
78,0.313,0.534,
79,-0.099,0.084,
80,-0.904,1.44,
81,-0.103,-0.005,
82,-0.661,0.297,
83,0.252,0.283,
84,0.384,0.118,
85,-0.172,0.384,
86,0.173,-0.535,
87,-0.008,-0.279,
88,-0.341,0.437,
89,0.01,0.056,
90,-0.624,-0.042,
91,0.102,0.824,
92,-0.321,0.259,
93,0.092,0.589,
94,-0.548,-0.188,
95,-0.782,-0.623,
96,0.331,-0.077,
97,-0.315,-0.347,
98,-0.278,-0.053,
99,0.069,-0.144,
100,0.355,0.196,
101,-0.412,-0.039,
102,-0.611,0.565,
103,0.735,-0.102,
104,-0.108,0.126,
105,-0.57,0.732,
106,-0.016,-0.594,
107,0.409,-0.012,
108,0.217,-0.181,
109,-0.725,-0.859,
110,-0.058,0.045,
111,0.282,-0.859,
112,-0.379,0.599,
113,-0.199,-0.364,
114,0.694,-0.047,
115,-0.4,0.104,
116,-0.044,0.671,
117,-0.654,-0.8,
118,-0.049,-0.299,
119,0.379,0.442,
120,-0.682,-0.18,
121,-0.295,-0.934,
122,-0.243,-0.475,
123,-1.073,1.122,
124,-0.336,-0.068,
125,0.076,0.285,
126,-0.291,0.025,
127,-0.015,-0.305,
128,-0.158,0.285,
129,0.587,0.156,
130,0.396,-0.955,
131,0.145,0.424,
132,-0.06,0.604,
133,-0.555,0.169,
134,-1.297,-0.924,
135,-0.005,-0.714,
136,0.059,-0.44,
137,0.162,0.1,
138,1.381,0.208,
139,-0.495,0.034,
140,-0.422,0.091,
141,-0.337,1.02,
142,1.023,-0.214,
143,0.433,0.596,
144,0.622,-0.613,
145,0.74,-0.339,
146,-0.696,0.444,
147,0.345,-0.147,
148,0.099,-0.166,
149,0.171,-0.546,
150,-0.206,-0.209,
151,0.399,0.485,
152,0.323,-0.234,
153,-0.169,-0.33,
154,-0.347,1.149,
155,0.407,-0.143,
156,-0.829,0.048,
157,0.022,0.338,
158,0.259,-0.563,
159,-0.117,-0.191,
160,-0.101,0.177,
161,0.19,-0.187,
162,-0.203,-0.307,
163,0.391,-0.705,
