1,-0.356,-1.182,
2,-0.108,-1.148,
3,-0.267,-1.682,
4,-1.156,-0.226,
5,0.238,-0.282,
6,-0.873,-0.134,
7,0.027,-0.442,
8,-0.112,-1.406,
9,0.41,-0.546,
10,-0.938,-0.126,
11,0.283,-0.955,
12,0.542,-0.274,
13,-0.055,0.424,
14,-1.028,-0.446,
15,-0.803,-0.459,
16,0.014,-0.542,
17,-1.351,-2.077,
18,0.278,-0.995,
19,0.343,-0.314,
20,0.106,-0.34,
21,-0.148,-1.34,
22,-0.088,-0.434,
23,-0.759,-1.416,
24,1.14,-1.345,
25,-0.32,-0.709,
26,-1.282,-0.681,
27,-0.358,-0.96,
28,0.927,-0.622,
29,0.754,-0.051,
30,1.72,-0.327,
31,-0.265,-0.96,
32,0.375,-0.937,
33,-1.508,-1.6,
34,-0.404,-2.088,
35,-0.025,-0.736,
36,0.067,-0.195,
37,0.484,-0.257,
38,0.633,-0.87,
39,-0.701,-0.726,
40,0.451,-1.769,
41,0.405,0.233,
42,-0.244,0.701,
43,-0.168,0.94,
44,-0.747,-1.045,
45,-0.142,-1.044,
46,-0.82,-0.294,
47,-0.435,-0.466,
48,-0.04,-0.411,
49,0.201,-1.148,
50,-0.148,-0.824,
51,-0.235,-1.241,
52,-0.585,-0.424,
53,-0.693,0.258,
54,-0.934,-0.231,
55,-1.256,-1.153,
56,-0.249,-0.484,
57,0.12,-0.884,
58,-0.868,-0.464,
59,-0.363,-1.391,
60,-0.085,-0.88,
61,-0.979,-0.287,
62,0.202,-0.753,
63,0.915,-0.077,
64,-0.855,-0.686,
65,0.671,-0.774,
66,0.587,-0.208,
67,-1.456,0.236,
68,-0.217,-0.773,
69,-0.395,-0.136,
70,0.621,-0.572,
71,0.164,-1.051,
72,-0.064,-1.307,
73,0.56,-0.971,
74,0.417,-0.785,
75,0.963,-0.367,
76,-0.732,-1.211,
77,0.251,-0.14,
78,-0.188,1.031,
79,-0.354,-0.225,
80,0.983,-0.833,
81,-0.714,-1.078,
82,-0.306,0.331,
83,-0.043,-0.37,
84,-0.317,-0.537,
85,0.608,-0.818,
86,0.433,0.417,
87,-0.371,-0.901,
88,0.337,0.2,
89,-0.772,-0.673,
90,-0.415,-0.347,
91,-1.227,-0.362,
92,-0.574,-0.521,
93,0.222,0.491,
94,-0.662,1.21,
95,0.774,-0.811,
96,-0.404,-1.065,
97,-0.643,-0.614,
98,-0.921,-1.901,
99,-0.308,-0.825,
100,-0.316,-1.542,
101,-0.194,-0.331,
102,-0.595,-1.204,
103,-0.334,-1.173,
104,-0.67,-0.485,
105,-1.302,-0.852,
106,0.562,-0.166,
107,-0.348,0.301,
108,-0.403,-1.103,
109,0.178,-1.769,
110,-0.51,-1.536,
111,-0.024,0.395,
112,-0.156,-1.533,
113,0.131,-0.879,
114,-0.2,-1.058,
115,-0.53,-2.036,
116,0.213,-1.318,
117,1.117,-0.713,
118,0.331,-0.715,
119,0.403,-1.141,
120,-0.153,-0.528,
121,-0.039,-0.628,
122,0.234,-0.235,
123,-0.276,-1.535,
124,-0.5,-1.221,
125,-0.306,-0.892,
126,0.263,-0.399,
127,0.232,-1.732,
128,0.046,-0.75,
129,-0.437,-0.651,
130,-0.531,-0.384,
131,-0.143,-0.147,
132,0.256,0.775,
133,-0.63,-0.613,
134,-0.139,-0.715,
135,-1.473,-1.321,
136,-0.316,-0.821,
137,0.627,-0.263,
138,-0.492,-0.499,
139,-1,-1.017,
140,-0.415,-1.365,
141,-1.034,-1.282,
142,0.26,-1.445,
143,-0.475,0.098,
144,-0.827,-0.993,
145,-0.929,-1.041,
146,0.372,0.307,
147,-0.153,-1.032,
148,-1.266,-0.402,
149,-0.409,-1.565,
150,-1.63,-3.035,
151,0.264,-0.331,
152,-1.577,-0.652,
153,0.196,-0.789,
154,-1.172,-0.347,
155,-1.001,-1.371,
156,0.454,-0.374,
157,-0.552,-1.003,
158,-0.03,-0.8,
159,-0.166,-0.344,
160,-1.152,-0.577,
161,-0.65,-0.401,
162,0.263,0.079,
163,0.725,-1.006,
