1,0.497,1.827,
2,-0.05,0.074,
3,-1.301,0.249,
4,-0.194,0.938,
5,-0.524,0.818,
6,-2.204,0.642,
7,-0.851,2.201,
8,-0.205,0.335,
9,-0.665,0.145,
10,-0.832,0.854,
11,0.575,1.556,
12,0.572,-0.612,
13,0.36,0.843,
14,-1.692,0.735,
15,-1.751,0.236,
16,0.254,1.076,
17,-1.908,0.772,
18,0.211,0.763,
19,-0.269,0.834,
20,-0.089,0.639,
21,0.601,0.187,
22,-0.26,0.085,
23,-0.428,-0.194,
24,-0.778,0.348,
25,-1.401,0.779,
26,-0.471,0.697,
27,-0.677,0.17,
28,0.744,0.625,
29,-0.261,0.296,
30,0.088,1.952,
31,-0.126,1.366,
32,-0.139,0.118,
33,-0.932,1.178,
34,-0.503,0.537,
35,-0.448,1.769,
36,-1.227,1.194,
37,-0.117,0.29,
38,-0.095,0.037,
39,-0.334,2,
40,-0.887,0.168,
41,-0.367,0.154,
42,0.89,-0.14,
43,-0.055,0.546,
44,0.085,1.992,
45,-0.702,0.434,
46,-0.066,1.1,
47,-0.73,0.26,
48,0.575,-0.025,
49,-0.448,-0.447,
50,-0.35,-0.245,
51,-0.504,0.542,
52,-0.153,0.608,
53,-0.017,-0.009,
54,-0.659,0.657,
55,-0.058,-0.278,
56,-0.349,0.609,
57,0.424,0.598,
58,-0.572,0.758,
59,-1.608,0.936,
60,-0.387,-0.036,
61,-0.778,1.547,
62,0.622,0.344,
63,-0.357,0.517,
64,-0.753,-0.593,
65,-0.245,0.054,
66,0.615,0.958,
67,-1.223,0.081,
68,-0.957,0.771,
69,-0.331,1.186,
70,0.133,0.467,
71,-0.598,1.134,
72,-0.548,1.274,
73,-0.682,0.536,
74,-0.229,0.735,
75,-1.209,2.035,
76,0.082,0.811,
77,-0.445,-0.057,
78,0.333,0.961,
79,-1.137,0.286,
80,-0.552,0.441,
81,0.533,0.521,
82,-0.78,0.412,
83,0.387,0.369,
84,-0.71,0.534,
85,0.155,1.108,
86,-1.279,0.774,
87,-0.675,-0.649,
88,0.025,0.591,
89,0.781,0.105,
90,-0.52,0.762,
91,-0.292,0.524,
92,-1.018,0.515,
93,0.361,1.57,
94,-0.61,0.733,
95,-0.445,0.451,
96,0.373,-0.449,
97,0.47,0.579,
98,-1.5,0.333,
99,-0.53,0.134,
100,-0.905,0.914,
101,-0.003,1.144,
102,-0.766,-0.122,
103,0.149,0.254,
104,-0.39,0.296,
105,-0.035,1.059,
106,-0.358,1.125,
107,0.907,1.669,
108,-0.017,0.876,
109,-0.689,0.018,
110,0.28,0.777,
111,-0.024,0.078,
112,-1.276,0.761,
113,-0.758,0.428,
114,-0.217,0.239,
115,-0.221,-0.898,
116,0.305,0.683,
117,-0.344,0.279,
118,-0.209,1.067,
119,0.527,0.919,
120,0.26,0.292,
121,-0.323,0.258,
122,0.154,0.569,
123,-0.933,-0.093,
124,-0.527,-0.147,
125,-0.406,0.538,
126,-0.307,0.854,
127,0.005,-0.387,
128,-0.232,0.638,
129,0.04,0.516,
130,0.953,0.226,
131,-0.555,1.864,
132,-0.702,0.763,
133,-0.466,1.156,
134,-0.829,0.299,
135,-1.294,-0.64,
136,-0.212,-0.058,
137,-0.706,1.022,
138,0.055,0.95,
139,-0.566,-0.208,
140,-0.402,0.056,
141,-0.431,-0.486,
142,-0.375,-0.267,
143,-0.737,1.723,
144,-0.624,0.637,
145,-0.615,-0.517,
146,-0.096,1.073,
147,-0.398,0.437,
148,-0.654,0.034,
149,0.368,-1.986,
150,-0.608,0.351,
151,1.28,0.56,
152,-0.358,0.856,
153,-0.239,0.322,
154,-1.11,1.277,
155,-0.755,0.264,
156,-1.38,-0.013,
157,-0.376,0.1,
158,0.588,0.173,
159,0.22,-0.364,
160,-0.579,0.423,
161,0.088,0.878,
162,-0.635,0.662,
163,0.327,-0.807,
