1,0.582,1.704,
2,-0.599,-1.009,
3,-2.73,-1.898,
4,0.093,0.916,
5,-1.829,-0.364,
6,-3.862,0.079,
7,-2.196,2.33,
8,-1.964,0.407,
9,-3.069,1.663,
10,-0.711,0.794,
11,0.433,1.575,
12,1.744,-0.774,
13,-0.218,0.529,
14,-2.316,1.226,
15,-4.396,-1.11,
16,0.9,1.661,
17,-1.232,0.545,
18,1.176,1.798,
19,0.117,0.974,
20,-0.809,1.268,
21,2.452,-2.031,
22,0.298,-1.194,
23,-1.824,-0.883,
24,-2.031,1.144,
25,-1.541,-0.398,
26,-0.598,0.55,
27,-1.976,0.848,
28,1.405,0.688,
29,-0.498,0.433,
30,-0.712,1.584,
31,1.364,0.354,
32,0.05,-0.206,
33,-2.053,1.637,
34,1.017,1.112,
35,-0.795,1.298,
36,-2.925,1.267,
37,-0.365,0.158,
38,0.703,-0.093,
39,0.171,3.419,
40,-1.193,-0.304,
41,-1.919,-1.25,
42,1.269,-1.598,
43,0.117,0.496,
44,0.447,1.781,
45,-0.843,-0.087,
46,0.419,1.097,
47,-0.064,1.192,
48,0.116,-0.616,
49,-1.153,-1.653,
50,1.009,-0.236,
51,-1.047,0.336,
52,0.279,0.886,
53,-0.64,0.729,
54,-1.864,-1.801,
55,1.058,0.118,
56,0.22,2.362,
57,1.143,1.894,
58,-0.956,0.606,
59,-3.1,2.508,
60,0.359,-0.449,
61,-1.781,2.719,
62,1.116,-1.369,
63,0.798,-1.188,
64,-0.447,-0.474,
65,-0.481,-0.667,
66,0.405,0.143,
67,-1.717,0.413,
68,-0.623,1.278,
69,-0.244,1.438,
70,1.352,-0.265,
71,-0.229,0.337,
72,-2.112,1.627,
73,-1.165,-0.943,
74,-1.73,0.33,
75,-3.22,1.365,
76,0.41,0.099,
77,-0.048,-0.883,
78,2.006,1.635,
79,-0.163,-0.163,
80,-1.854,2.336,
81,0.321,-0.218,
82,-1.813,0.814,
83,0.806,0.34,
84,-1.017,0.443,
85,0.665,1.408,
86,-1.262,-0.553,
87,-1.02,-1.099,
88,-1.031,2.162,
89,0.006,0.125,
90,-1.322,0.498,
91,-0.577,1.287,
92,-1.215,1.014,
93,0.81,2.198,
94,-1.278,-0.27,
95,-1.52,-1.244,
96,0.54,-1.058,
97,0.081,0.077,
98,-0.386,-0.054,
99,-0.483,-0.39,
100,-0.221,1.969,
101,-0.383,0.599,
102,-2.269,0.396,
103,1.608,0.658,
104,-0.149,-0.003,
105,-0.544,2.367,
106,0.375,1.06,
107,2.565,0.958,
108,0.439,0.68,
109,-1.67,-1.366,
110,-0.09,1.064,
111,0.033,-2.34,
112,-1.149,1.878,
113,-2.129,-0.486,
114,1.164,-0.149,
115,-0.718,-0.916,
116,0.309,1.871,
117,-1.808,-0.832,
118,-0.52,0.678,
119,1.616,0.832,
120,-0.316,0.186,
121,-0.131,-1.092,
122,-2.19,-0.664,
123,-2.496,1.179,
124,-1.723,-0.917,
125,-0.441,1.323,
126,-2.392,1.155,
127,-0.027,-1.443,
128,0.025,0.115,
129,0.923,0.418,
130,1.645,-1.669,
131,-0.505,2.524,
132,-0.115,1.382,
133,-1.051,1.791,
134,-3.167,-1.669,
135,-0.894,-2.231,
136,0.47,-0.64,
137,-0.307,0.695,
138,2.321,0.614,
139,-0.974,-0.351,
140,-0.193,-1.406,
141,-0.35,1.129,
142,1.623,-0.123,
143,0.015,2.62,
144,-0.424,0.644,
145,-0.051,-1.546,
146,-1.579,0.748,
147,0.426,-0.525,
148,0.094,-0.654,
149,1.595,-2.587,
150,0.28,0.352,
151,2.183,0.394,
152,0.315,0.305,
153,-0.281,0.3,
154,-1.237,2.853,
155,-0.52,-0.581,
156,-2.409,-1.121,
157,0.287,0.465,
158,0.803,-1.894,
159,0.93,-1.095,
160,-0.144,-0.175,
161,-0.086,1.065,
162,-1.129,0.416,
163,-0.212,-2.347,
