1,1.68,-0.231,
2,-0.431,1.143,
3,1.899,-0.934,
4,-0.179,-0.508,
5,1.256,-0.147,
6,0.406,2.157,
7,2.837,0.098,
8,1.948,-0.257,
9,1.569,-0.155,
10,-0.501,-0.275,
11,-2.495,0.354,
12,0.961,1.079,
13,0.777,0.141,
14,1.307,2.112,
15,-0.82,-0.439,
16,0.063,-0.201,
17,-0.541,0.45,
18,0.189,0.374,
19,-0.868,-1.192,
20,-0.665,-0.955,
21,-0.762,-2.366,
22,0.304,-0.997,
23,-1.302,-1.086,
24,-0.277,0.681,
25,-0.276,0.445,
26,1.57,-0.304,
27,2.805,0.008,
28,2.268,-0.444,
29,2.338,1.475,
30,1.094,0.031,
31,-0.409,0.47,
32,1.677,-1.226,
33,-0.449,-3.017,
34,-1.904,1.01,
35,0.764,0.975,
36,-0.242,0.521,
37,-0.517,-1.241,
38,0.168,-1.948,
39,-1.136,0.541,
40,-0.739,-0.078,
41,1.832,-0.677,
42,-0.285,-0.938,
43,1.624,-0.481,
44,0.614,0.836,
45,0.539,0.681,
46,0.533,0.514,
47,-1.125,-0.306,
48,-0.658,1.105,
49,-0.708,-0.871,
50,0.775,-1.415,
51,1.603,-0.17,
52,0.631,-0.175,
53,-0.832,2.564,
54,3.074,-0.175,
55,0.959,-0.782,
56,2.226,-0.208,
57,0.1,2.417,
58,1.948,1.545,
59,0.956,-1.499,
60,0.482,1.756,
61,-1.463,0.037,
62,2.655,0.603,
63,0.699,0.479,
64,-0.905,-2.903,
65,0.408,0.816,
66,-0.934,0.237,
67,0.674,-0.76,
68,-1.267,0.053,
69,-3.393,1.702,
70,1.564,1.783,
71,0.141,-0.002,
72,-0.009,0.219,
73,-0.318,-1.163,
74,1.223,-0.175,
75,0.158,2.217,
76,0.933,-0.78,
77,-0.206,0.047,
78,0.504,1.233,
79,-0.335,0.207,
80,-1.333,-0.791,
81,-0.281,-0.888,
82,-2.248,0.102,
83,1.65,-0.609,
84,0.546,-0.084,
85,-0.044,2.979,
86,-0.926,-1.51,
87,0.952,-2.79,
88,0.952,0.432,
89,2.169,-1.446,
90,0.045,-1.192,
91,1.687,2.436,
92,1.647,-0.315,
93,1.751,0.843,
94,1.576,-0.402,
95,-0.267,2.046,
96,3.911,-1.751,
97,1.865,0.996,
98,-0.264,0.394,
99,-0.508,2.221,
100,3.118,-3.997,
101,0.991,-2.001,
102,0.256,-1.177,
103,-0.094,1.21,
104,0.873,-0.49,
105,2.054,-0.174,
106,1.616,-1.564,
107,1.292,1.871,
108,-0.524,-0.557,
109,-0.594,-0.22,
110,-0.522,-0.735,
111,1.711,1.977,
112,0.155,0.147,
113,0.662,0.865,
114,0.792,0.969,
115,-1.082,-1.626,
116,1.732,-1.854,
117,1.303,-1.752,
118,1.681,-1.579,
119,1.887,0.947,
120,0.422,0.286,
121,0.519,1.398,
122,-1.587,0.83,
123,1.537,0.941,
124,1.424,-0.315,
125,-0.114,1.627,
126,2.023,-0.774,
127,0.904,1.207,
128,1.2,0.371,
129,1.487,1.038,
130,2.458,-0.003,
131,1.099,1.784,
132,0.537,0.265,
133,0.295,-0.527,
134,0.36,0.576,
135,-1.471,0.225,
136,0.464,-0.489,
137,-0.352,-0.645,
138,1,0.353,
139,0.683,-1.746,
140,0.516,1.313,
141,-0.357,-0.832,
142,1.3,-0.784,
143,0.729,-1.151,
144,1.014,0.468,
145,-0.513,0.508,
146,0.598,-0.232,
147,-1.529,-0.138,
148,-2.003,-1.141,
149,0.06,-1.363,
150,1.825,-1.751,
151,0.49,2.018,
152,1.153,-0.091,
153,1.327,-1.515,
154,-0.798,-0.073,
155,1.215,-1.446,
156,-0.829,-1.864,
157,-2.956,-0.746,
158,0.768,0.31,
159,1.296,-0.121,
160,0.83,2.038,
161,0.133,-0.136,
162,-1.994,-1.403,
163,-0.401,-1.52,
