1,1.785,-0.65,
2,0.043,1.166,
3,1.453,-0.917,
4,0.125,-0.608,
5,1.104,-0.079,
6,0.541,1.538,
7,2.215,0.324,
8,1.786,0.035,
9,1.719,-0.337,
10,0.026,-0.627,
11,-1.174,0.376,
12,1.281,0.991,
13,1.408,-0.352,
14,1.62,1.474,
15,-0.462,-0.679,
16,0.365,-0.038,
17,-0.537,-0.061,
18,0.261,-0.211,
19,-0.57,-1.256,
20,-0.163,-0.837,
21,-0.216,-1.968,
22,0.344,-0.439,
23,-0.724,-1.384,
24,0.256,-0.214,
25,-0.227,0.362,
26,1.379,-0.067,
27,2.028,-0.39,
28,1.853,-0.271,
29,1.959,1.293,
30,1.213,0.184,
31,-0.148,0.367,
32,1.77,-0.917,
33,-0.284,-2.507,
34,-1.04,0.687,
35,1.219,0.574,
36,0.109,0.397,
37,-0.082,-0.899,
38,0.152,-1.212,
39,-0.484,0.505,
40,-0.39,0.067,
41,1.464,-0.875,
42,0.306,-0.633,
43,1.16,-0.148,
44,0.625,0.627,
45,0.597,0.51,
46,0.578,0.536,
47,-0.989,-0.489,
48,-0.1,0.553,
49,-0.042,-0.732,
50,0.289,-1.017,
51,1.43,-0.656,
52,0.802,-0.258,
53,-0.126,1.793,
54,2.704,-0.099,
55,0.584,-0.945,
56,1.959,-0.033,
57,-0.137,2.321,
58,1.721,1.383,
59,0.769,-1.581,
60,0.745,1.149,
61,-1.385,0.114,
62,2.615,0.301,
63,0.707,0.199,
64,-0.434,-2.092,
65,0.658,0.375,
66,-0.415,0.11,
67,0.39,-0.961,
68,-0.228,0.115,
69,-2.218,1.176,
70,1.738,1.375,
71,0.241,-0.298,
72,0.14,-0.1,
73,0.079,-1.01,
74,1.625,-0.218,
75,0.395,1.317,
76,0.932,-0.959,
77,-0.369,-0.178,
78,0.658,0.787,
79,-0.075,0.211,
80,-0.719,-0.812,
81,0.013,-0.35,
82,-1.186,-0.025,
83,1.106,-0.389,
84,0.705,-0.365,
85,0.005,1.972,
86,-0.604,-1.223,
87,1.266,-1.783,
88,0.328,0.715,
89,1.168,-1.197,
90,-0.131,-0.952,
91,1.45,2.001,
92,1.433,-0.265,
93,1.256,0.816,
94,1.197,-0.1,
95,0.288,1.778,
96,3.206,-1.626,
97,1.768,0.734,
98,-0.3,-0.039,
99,-0.452,1.639,
100,2.791,-2.964,
101,0.887,-1.436,
102,0.633,-0.916,
103,0.334,0.897,
104,0.67,-0.615,
105,1.52,-0.502,
106,1.177,-1.309,
107,1.719,1.459,
108,0.048,-0.645,
109,-0.318,-0.225,
110,0.177,-0.364,
111,1.431,1.143,
112,0.22,-0.234,
113,0.426,0.503,
114,1.049,0.811,
115,-1.072,-1.482,
116,1.329,-1.335,
117,1.243,-1.363,
118,1.438,-1.306,
119,1.643,0.336,
120,0.597,-0.162,
121,0.793,0.912,
122,-0.724,0.798,
123,1.047,0.419,
124,1.098,-0.449,
125,-0.113,1.383,
126,1.758,-0.545,
127,1.033,0.611,
128,1.205,0.245,
129,0.804,0.924,
130,2.108,0.157,
131,1.288,1.054,
132,0.605,0.028,
133,0.623,-0.887,
134,0.472,0.335,
135,-0.805,-0.18,
136,0.446,-0.684,
137,0.251,-0.079,
138,0.988,0.204,
139,0.829,-1.365,
140,0.001,1.533,
141,-0.443,-0.681,
142,0.851,-1.156,
143,0.808,-0.786,
144,0.653,0.288,
145,-0.013,0.077,
146,1.147,0.28,
147,-0.727,0.355,
148,-1.741,-1.302,
149,-0.104,-0.996,
150,1.675,-1.893,
151,0.52,1.796,
152,0.88,0.444,
153,1.417,-1.424,
154,-0.343,0.359,
155,1.429,-0.514,
156,-0.162,-1.435,
157,-2.091,-0.315,
158,0.893,0.299,
159,1.299,-0.271,
160,0.983,1.155,
161,0.745,-0.042,
162,-1.392,-1.192,
163,0.658,-1.323,
