1,-0.211,-0.762,
2,-0.073,-1.033,
3,-0.429,-0.986,
4,-0.426,-0.564,
5,-0.004,-0.247,
6,-1.238,-0.528,
7,-0.179,-0.291,
8,0.073,-0.883,
9,-0.671,-1.056,
10,-0.959,-0.041,
11,0.236,-0.513,
12,0.224,-0.892,
13,0.29,-0.306,
14,-0.709,-0.547,
15,-0.592,-0.768,
16,-0.286,-0.802,
17,-0.998,-1.126,
18,-0.252,-1.006,
19,0.066,-0.675,
20,-0.127,-0.706,
21,-0.188,-1.048,
22,-0.363,-0.731,
23,-0.517,-1.075,
24,0.291,-0.996,
25,-0.525,-0.529,
26,-0.107,-0.283,
27,0.136,-0.762,
28,0.146,-0.699,
29,0.017,-0.562,
30,0.495,-0.275,
31,-0.25,-0.381,
32,0.104,-1.009,
33,-0.74,-1.123,
34,-0.772,-1.245,
35,-0.042,-0.28,
36,-0.461,-0.4,
37,-0.124,-0.546,
38,-0.123,-0.837,
39,-0.584,-0.814,
40,-0.237,-1.337,
41,0.169,-0.464,
42,0.022,-0.117,
43,-0.165,-0.221,
44,-0.241,-0.429,
45,-0.137,-0.731,
46,-0.478,-0.641,
47,-0.732,-1.156,
48,0.34,-0.401,
49,-0.282,-0.971,
50,-0.738,-1.19,
51,-0.189,-0.824,
52,-0.294,-0.763,
53,-0.026,-0.724,
54,-0.286,-0.408,
55,-0.778,-1.515,
56,-0.261,-0.563,
57,-0.451,-0.874,
58,-0.399,-0.382,
59,-0.453,-1.071,
60,-0.242,-0.752,
61,-0.425,-0.5,
62,0.163,-0.672,
63,-0.14,-0.741,
64,-0.915,-1.236,
65,0.15,-0.927,
66,0.124,-0.232,
67,-1.342,-0.754,
68,-0.231,-0.706,
69,-0.192,-0.264,
70,-0.219,-0.575,
71,-0.33,-0.897,
72,0.021,-0.584,
73,-0.438,-0.594,
74,0.003,-0.55,
75,0.129,-0.789,
76,-0.524,-0.553,
77,-0.314,-0.811,
78,-0.504,0.048,
79,-1.078,-0.714,
80,0.09,-1.364,
81,-0.416,-0.74,
82,-0.156,-0.422,
83,-0.073,-0.589,
84,-0.341,-0.814,
85,-0.013,-0.808,
86,-0.357,0.071,
87,-0.282,-1.084,
88,0.116,-0.47,
89,-0.137,-1.047,
90,-0.145,-0.95,
91,-0.737,-0.447,
92,-0.469,-0.806,
93,-0.572,-0.279,
94,-0.506,0.119,
95,-0.14,-0.909,
96,-0.313,-0.856,
97,-0.089,-0.677,
98,-0.992,-1.395,
99,-0.38,-0.892,
100,-0.463,-1.121,
101,-0.211,-0.369,
102,-0.421,-0.986,
103,-0.302,-0.774,
104,-0.788,-0.545,
105,-0.816,-1.217,
106,-0.136,-0.403,
107,-0.035,0.143,
108,-0.623,-0.841,
109,-0.212,-0.971,
110,0.195,-0.429,
111,-0.427,-0.082,
112,-1.139,-1.195,
113,-0.158,-0.819,
114,-0.307,-1.014,
115,-0.522,-2.141,
116,0.031,-1.203,
117,0.005,-0.732,
118,-0.122,-0.817,
119,0.001,-0.911,
120,-0.141,-0.794,
121,-0.405,-0.766,
122,0.132,-0.481,
123,-0.668,-1.451,
124,-0.105,-0.993,
125,-0.521,-1.113,
126,0.068,-0.641,
127,0.079,-1.342,
128,-0.117,-0.637,
129,-0.366,-0.728,
130,-0.322,-0.482,
131,-0.237,0.216,
132,-0.455,-0.275,
133,-0.718,-0.592,
134,-0.203,-0.67,
135,-0.85,-1.187,
136,-0.372,-0.748,
137,-0.24,-0.345,
138,-0.561,-0.693,
139,-0.774,-1.427,
140,-0.276,-1.012,
141,-0.796,-1.186,
142,-0.357,-1.24,
143,-0.363,-0.186,
144,-0.671,-0.713,
145,-0.573,-1.192,
146,0.406,-0.002,
147,-0.256,-0.791,
148,-0.725,-0.433,
149,-0.47,-2.079,
150,-1.805,-1.405,
151,0.369,-0.339,
152,-1.275,-0.236,
153,-0.054,-0.934,
154,-0.435,-0.703,
155,-0.73,-0.938,
156,-0.467,-0.514,
157,-0.758,-0.898,
158,-0.057,-0.551,
159,-0.429,-0.913,
160,-0.81,-0.529,
161,-0.228,-0.657,
162,-0.375,-0.541,
163,0.528,-1.224,
