1,0.296,-0.623,
2,0.563,-0.342,
3,1.872,0.27,
4,0.613,0.67,
5,-1.255,0.248,
6,-3.382,2.317,
7,0.691,-1.222,
8,-1.091,-0.347,
9,0.086,-0.53,
10,0.065,1.148,
11,1.04,-1.336,
12,-0.085,-1.36,
13,-1.549,0.929,
14,-2.515,-0.584,
15,-1.682,-3.155,
16,0.504,-0.071,
17,-1.519,-0.057,
18,1.068,0.177,
19,0.629,-0.197,
20,-1.341,-0.394,
21,0.77,0.471,
22,-1.302,-1.058,
23,0.034,0.984,
24,-0.522,0.957,
25,0.053,0.338,
26,-0.98,0.553,
27,0.699,0.218,
28,1.548,-1.534,
29,-0.577,0.576,
30,1.154,-0.794,
31,-0.04,-0.313,
32,-0.057,-0.784,
33,-0.426,0.008,
34,-0.325,-0.142,
35,-0.037,1.216,
36,1.834,-0.103,
37,0.016,0.25,
38,1.913,-0.678,
39,2.246,-0.128,
40,0.121,-1.016,
41,0.28,0.228,
42,1.581,0.249,
43,-0.547,-0.034,
44,0.25,0.079,
45,-1.66,1.426,
46,0.419,0.544,
47,-0.701,0.24,
48,0.437,-1.5,
49,0.69,-0.186,
50,1.591,-0.507,
51,-0.44,-1.754,
52,-0.211,0.045,
53,1.336,-0.288,
54,0.314,0.501,
55,-0.895,0.024,
56,1.721,0.112,
57,0.248,0.176,
58,0.088,1.113,
59,-0.29,0.229,
60,0.082,0.049,
61,-0.609,-0.281,
62,3.233,-1.17,
63,1.11,-0.068,
64,-0.426,-1.798,
65,1.768,1.091,
66,-0.34,0.39,
67,0.973,-0.029,
68,2.055,-0.724,
69,1.372,0.156,
70,0.438,0.336,
71,2.439,0.785,
72,0.312,-1.085,
73,-1.42,-0.562,
74,-0.377,0.33,
75,-2.049,-1.902,
76,-0.359,-1.552,
77,0.23,0.14,
78,0.002,0.311,
79,-0.32,1.409,
80,-0.842,-1.514,
81,-0.514,0.226,
82,-2.6,-0.39,
83,-0.972,-0.947,
84,0.973,2.312,
85,0.59,-0.602,
86,-0.063,-2.23,
87,-1.706,0.466,
88,0.722,-2.755,
89,2.034,-2.052,
90,0.562,-1.026,
91,-0.102,-0.036,
92,0.416,0.46,
93,1.124,-1.873,
94,1.326,0.07,
95,-0.802,-1.788,
96,-0.338,1.315,
97,0.44,-0.426,
98,0.223,2.089,
99,0.878,0.786,
100,1.557,0.32,
101,-0.019,-0.088,
102,-0.756,0.351,
103,1.942,0.998,
104,-0.162,-0.186,
105,-1.219,0.228,
106,-0.661,-0.496,
107,0.389,1.483,
108,1.364,-2.404,
109,0.353,-0.648,
110,0.321,-0.135,
111,1.11,0.309,
112,0.448,-0.497,
113,0.417,-0.349,
114,-1.709,-0.251,
115,-0.607,0.642,
116,-0.127,-0.142,
117,0.94,0.716,
118,0.467,1.768,
119,-0.87,-1.109,
120,0.864,-1.244,
121,-0.775,-0.814,
122,0.975,-0.611,
123,-1.154,-0.188,
124,0.238,0.036,
125,0.298,-2.869,
126,0.417,-1.048,
127,-0.312,-1.439,
128,-0.048,0.782,
129,-0.32,-1.009,
130,2.393,-0.624,
131,0.265,-1.107,
132,-0.523,0.369,
133,-0.008,0.688,
134,-1.179,-0.987,
135,0.563,-2.227,
136,1.385,0.609,
137,0.917,0.18,
138,-0.191,-0.319,
139,0.889,1.335,
140,-0.323,0.172,
141,0.859,1.316,
142,1.654,0.069,
143,1.025,-0.739,
144,0.62,-0.752,
145,0.272,-0.692,
146,0.043,0.449,
147,1.145,-0.661,
148,0.805,-0.954,
149,1.08,-0.127,
150,1.111,-0.934,
151,-0.398,-0.412,
152,-0.251,-1.072,
153,0.865,-0.591,
154,0.516,-0.094,
155,0.058,-0.578,
156,-0.53,0.049,
157,0.125,-1.969,
158,0.098,-1.733,
159,0.236,-0.131,
160,-0.035,0.001,
161,0.003,-1.373,
162,-0.704,-0.162,
163,1.185,-1.412,
