1,0.376,-0.555,
2,0.489,-0.457,
3,1.798,0.223,
4,0.627,0.648,
5,-1.191,0.141,
6,-3.317,2.245,
7,0.74,-1.108,
8,-1.035,-0.207,
9,0.071,-0.598,
10,0.072,1.102,
11,1.022,-1.266,
12,-0.067,-1.375,
13,-1.457,0.867,
14,-2.509,-0.469,
15,-1.63,-3.01,
16,0.424,-0.202,
17,-1.504,-0.105,
18,0.973,0.143,
19,0.608,-0.147,
20,-1.291,-0.468,
21,0.823,0.395,
22,-1.235,-1.068,
23,0.047,0.907,
24,-0.456,0.86,
25,0.157,0.202,
26,-0.93,0.512,
27,0.641,0.187,
28,1.552,-1.431,
29,-0.572,0.527,
30,1.107,-0.725,
31,-0.022,-0.286,
32,-0.035,-0.762,
33,-0.423,-0.002,
34,-0.351,-0.132,
35,0.013,1.141,
36,1.796,-0.082,
37,-0.01,0.221,
38,1.834,-0.632,
39,2.167,-0.2,
40,0.05,-0.969,
41,0.288,0.201,
42,1.569,0.228,
43,-0.549,-0.018,
44,0.285,0.069,
45,-1.61,1.376,
46,0.463,0.483,
47,-0.669,0.179,
48,0.455,-1.489,
49,0.539,-0.18,
50,1.503,-0.428,
51,-0.517,-1.715,
52,-0.177,0.055,
53,1.319,-0.286,
54,0.333,0.481,
55,-0.872,0.063,
56,1.636,0.113,
57,0.249,0.12,
58,0.066,1.045,
59,-0.227,0.196,
60,0.11,0.025,
61,-0.472,-0.305,
62,3.197,-1.099,
63,1.074,-0.063,
64,-0.407,-1.782,
65,1.739,0.988,
66,-0.357,0.366,
67,0.904,-0.032,
68,2,-0.718,
69,1.356,0.185,
70,0.419,0.321,
71,2.384,0.721,
72,0.259,-1.046,
73,-1.355,-0.473,
74,-0.317,0.241,
75,-2.074,-1.834,
76,-0.251,-1.545,
77,0.204,0.112,
78,0.02,0.307,
79,-0.285,1.378,
80,-0.802,-1.464,
81,-0.452,0.214,
82,-2.47,-0.324,
83,-0.94,-0.942,
84,0.904,2.221,
85,0.526,-0.605,
86,-0.043,-2.167,
87,-1.585,0.415,
88,0.601,-2.739,
89,2.101,-2.012,
90,0.467,-0.966,
91,-0.045,-0.048,
92,0.403,0.407,
93,1.057,-1.827,
94,1.349,0.109,
95,-0.78,-1.758,
96,-0.328,1.264,
97,0.435,-0.467,
98,0.288,2.036,
99,0.825,0.754,
100,1.498,0.329,
101,0.049,-0.08,
102,-0.827,0.383,
103,1.833,0.986,
104,-0.273,-0.18,
105,-1.173,0.223,
106,-0.642,-0.5,
107,0.411,1.435,
108,1.307,-2.32,
109,0.368,-0.687,
110,0.331,-0.163,
111,1.054,0.243,
112,0.421,-0.495,
113,0.468,-0.29,
114,-1.656,-0.304,
115,-0.431,0.617,
116,-0.182,-0.177,
117,0.935,0.726,
118,0.398,1.696,
119,-0.807,-1.061,
120,0.793,-1.24,
121,-0.737,-0.795,
122,0.99,-0.608,
123,-1.136,-0.199,
124,0.211,0.076,
125,0.284,-2.847,
126,0.386,-1.013,
127,-0.253,-1.38,
128,-0.056,0.759,
129,-0.324,-0.999,
130,2.343,-0.625,
131,0.218,-1.057,
132,-0.487,0.328,
133,-0.028,0.631,
134,-1.15,-0.949,
135,0.58,-2.165,
136,1.281,0.534,
137,0.898,0.205,
138,-0.169,-0.299,
139,0.775,1.407,
140,-0.336,0.207,
141,0.864,1.291,
142,1.585,0.032,
143,0.974,-0.659,
144,0.601,-0.707,
145,0.275,-0.698,
146,0.068,0.441,
147,1.131,-0.582,
148,0.851,-0.838,
149,1.094,-0.21,
150,1.119,-1.007,
151,-0.445,-0.402,
152,-0.252,-0.975,
153,0.798,-0.585,
154,0.508,-0.038,
155,0.087,-0.501,
156,-0.655,-0.029,
157,0.105,-2.021,
158,0.161,-1.737,
159,0.181,-0.018,
160,-0.051,0.037,
161,0.032,-1.314,
162,-0.644,-0.068,
163,1.111,-1.46,
