1,-0.197,-0.229,
2,0.036,0.023,
3,0.906,0.217,
4,0.15,0.318,
5,0.148,0.066,
6,-0.369,0.318,
7,0.123,-0.313,
8,-0.176,-0.129,
9,0.257,-0.303,
10,0.062,0.176,
11,0.189,-0.342,
12,0.256,-0.228,
13,-0.297,-0.397,
14,0.127,-0.939,
15,-0.075,-0.833,
16,0.232,-0.185,
17,-0.584,0.167,
18,-0.223,0.339,
19,-0.207,0.426,
20,-0.174,0.043,
21,0.136,0.337,
22,-0.094,0.051,
23,-0.085,-0.047,
24,-0.356,0.493,
25,0.487,-0.145,
26,0.277,-0.077,
27,0.122,0.438,
28,0.364,-0.06,
29,-0.414,0.189,
30,0.552,0.487,
31,0.154,-0.081,
32,-0.029,-0.111,
33,0.171,0.098,
34,-0.05,0.034,
35,-0.106,0.138,
36,0.683,0.574,
37,-0.001,0.104,
38,0.119,-0.161,
39,0.476,-0.226,
40,-0.169,-0.21,
41,0.175,0.046,
42,0.4,-0.343,
43,-0.447,-0.046,
44,0.115,-0.182,
45,-0.179,0.229,
46,0.121,-0.053,
47,-0.03,-0.039,
48,0.084,-0.57,
49,-0.204,0.119,
50,0.461,0.048,
51,-0.837,-0.141,
52,0.159,0.315,
53,0.051,0.181,
54,0.283,0.093,
55,-0.109,0.141,
56,0.156,0.196,
57,-0.145,-0.022,
58,-0.1,0.253,
59,-0.179,-0.299,
60,-0.289,-0.064,
61,-0.07,-0.236,
62,0.625,-0.257,
63,0.078,0.247,
64,0.17,-0.197,
65,0.641,0.178,
66,-0.139,0.045,
67,-0.047,0.047,
68,0.542,-0.079,
69,0.656,0.15,
70,-0.056,-0.127,
71,0.548,-0.207,
72,-0.078,-0.204,
73,-0.069,0.38,
74,0.091,0.234,
75,-0.092,-0.15,
76,0.102,-0.058,
77,-0.03,0.183,
78,0.09,0.504,
79,-0.052,0.648,
80,-0.56,-0.103,
81,0.087,0.064,
82,-0.046,0.067,
83,-0.036,-0.076,
84,0.496,0.261,
85,-0.405,-0.268,
86,-0.037,-0.586,
87,-0.164,-0.133,
88,0.369,-0.518,
89,0.04,0.169,
90,-0.157,0.087,
91,0.095,0.338,
92,-0.016,0.144,
93,0.222,0.006,
94,0.278,-0.061,
95,-0.163,0.043,
96,0.057,-0.328,
97,-0.193,-0.365,
98,0.188,-0.026,
99,0.109,0.238,
100,0.635,-0.147,
101,-0.212,-0.098,
102,-0.217,0.657,
103,0.454,-0.03,
104,-0.503,0.086,
105,-0.15,0.135,
106,-0.594,-0.889,
107,0.075,0.241,
108,0.02,-0.349,
109,-0.059,-0.413,
110,0.114,-0.242,
111,0.222,-0.31,
112,0.155,-0.188,
113,0.037,0.183,
114,-0.189,0.045,
115,-0.282,0.391,
116,-0.034,-0.052,
117,0.414,0.149,
118,0.023,0.134,
119,-0.064,-0.213,
120,0.139,-0.226,
121,-0.343,-0.548,
122,0.139,-0.356,
123,-0.156,0.218,
124,-0.055,0.272,
125,0.198,-0.724,
126,-0.107,-0.332,
127,0.181,-0.157,
128,-0.059,0.528,
129,0.09,-0.221,
130,0.556,-0.06,
131,-0.242,-0.226,
132,-0.161,0.133,
133,-0.205,-0.08,
134,-0.678,-0.298,
135,0.267,-0.29,
136,-0.007,0.024,
137,0.098,0.044,
138,0.156,-0.008,
139,-0.006,0.264,
140,-0.033,0.072,
141,-0.394,0.8,
142,0.183,-0.131,
143,0.15,-0.429,
144,0.913,-0.766,
145,0.379,-0.208,
146,-0.098,-0.082,
147,0.31,0.077,
148,0.136,-0.105,
149,-0.227,-0.085,
150,-0.093,-0.174,
151,-0.329,0.051,
152,-0.123,-0.239,
153,-0.09,-0.006,
154,0.198,0.334,
155,0.192,-0.072,
156,-0.235,0.551,
157,-0.161,-0.119,
158,-0.127,0.486,
159,-0.256,0.104,
160,-0.142,0.304,
161,0.308,-0.238,
162,-0.265,0.189,
163,0.54,-0.321,
