1,0.243,1.436,
2,-0.023,0.179,
3,-0.959,0.573,
4,-0.204,0.877,
5,-0.255,0.966,
6,-1.849,0.616,
7,-0.479,1.681,
8,0.231,0.489,
9,-0.412,-0.072,
10,-0.783,1.005,
11,0.532,1.429,
12,0.368,-0.32,
13,0.44,0.858,
14,-1.317,0.653,
15,-1.134,0.471,
16,0.091,0.768,
17,-1.662,0.795,
18,0.011,0.636,
19,-0.36,0.802,
20,-0.129,0.605,
21,0.219,0.547,
22,-0.333,0.267,
23,-0.215,0.045,
24,-0.52,0.382,
25,-1.112,0.939,
26,-0.403,0.764,
27,-0.282,0.173,
28,0.304,0.571,
29,-0.273,0.433,
30,0.099,1.802,
31,-0.224,1.385,
32,-0.175,0.168,
33,-0.615,1.108,
34,-0.715,0.399,
35,-0.354,1.718,
36,-0.928,1.104,
37,-0.006,0.353,
38,-0.25,0.192,
39,-0.306,1.293,
40,-0.678,0.269,
41,-0.193,0.448,
42,0.59,0.294,
43,-0.167,0.693,
44,0.083,1.693,
45,-0.572,0.53,
46,-0.199,0.961,
47,-0.821,0.219,
48,0.623,0.175,
49,-0.386,-0.208,
50,-0.556,-0.176,
51,-0.404,0.533,
52,-0.19,0.589,
53,0.14,-0.028,
54,-0.332,0.833,
55,-0.303,-0.295,
56,-0.382,0.613,
57,0.044,0.432,
58,-0.538,0.819,
59,-1.261,0.771,
60,-0.5,0.16,
61,-0.569,1.079,
62,0.462,0.551,
63,-0.351,0.689,
64,-0.815,-0.462,
65,-0.171,0.201,
66,0.474,0.968,
67,-0.936,0.085,
68,-0.866,0.694,
69,-0.259,1.181,
70,-0.094,0.573,
71,-0.539,1.027,
72,-0.189,1.006,
73,-0.597,0.749,
74,-0.088,0.823,
75,-0.82,1.401,
76,0.116,0.852,
77,-0.465,0.091,
78,-0.14,0.774,
79,-1.207,0.356,
80,-0.393,-0.014,
81,0.32,0.622,
82,-0.538,0.495,
83,0.256,0.455,
84,-0.514,0.538,
85,0.059,0.98,
86,-0.924,1.006,
87,-0.54,-0.358,
88,-0.137,0.381,
89,0.434,0.247,
90,-0.353,0.681,
91,-0.199,0.587,
92,-0.856,0.427,
93,-0.202,1.314,
94,-0.516,0.911,
95,-0.303,0.626,
96,0.164,-0.095,
97,0.455,0.654,
98,-1.424,0.218,
99,-0.41,0.311,
100,-0.893,0.781,
101,-0.133,1.16,
102,-0.489,-0.168,
103,-0.115,0.383,
104,-0.4,0.365,
105,-0.063,0.759,
106,-0.385,1.066,
107,0.527,1.57,
108,-0.144,0.747,
109,-0.463,0.214,
110,0.297,0.853,
111,-0.092,0.48,
112,-1.26,0.531,
113,-0.559,0.487,
114,-0.392,0.265,
115,-0.192,-0.86,
116,0.122,0.349,
117,-0.153,0.429,
118,-0.218,0.989,
119,0.27,0.82,
120,0.11,0.298,
121,-0.383,0.467,
122,0.276,0.753,
123,-0.671,-0.355,
124,-0.26,0.079,
125,-0.455,0.326,
126,-0.149,0.706,
127,-0.04,-0.08,
128,-0.278,0.713,
129,-0.119,0.472,
130,0.692,0.494,
131,-0.446,1.68,
132,-0.75,0.616,
133,-0.514,0.944,
134,-0.568,0.664,
135,-1.001,-0.277,
136,-0.275,0.169,
137,-0.731,1.014,
138,-0.247,0.954,
139,-0.621,-0.214,
140,-0.503,0.479,
141,-0.423,-0.549,
142,-0.594,-0.124,
143,-0.634,1.42,
144,-0.625,0.673,
145,-0.742,-0.196,
146,0.094,1.06,
147,-0.46,0.557,
148,-0.814,0.287,
149,0.126,-1.651,
150,-0.77,0.441,
151,1.029,0.638,
152,-0.467,0.953,
153,-0.186,0.287,
154,-0.997,0.864,
155,-0.724,0.398,
156,-1.141,0.311,
157,-0.541,0.137,
158,0.441,0.542,
159,0.025,-0.104,
160,-0.612,0.534,
161,0.034,0.784,
162,-0.543,0.69,
163,0.349,-0.507,
