1,0.47,1.787,
2,-0.037,0.096,
3,-1.31,0.275,
4,-0.202,0.971,
5,-0.537,0.84,
6,-2.19,0.583,
7,-0.888,2.212,
8,-0.183,0.367,
9,-0.657,0.152,
10,-0.846,0.861,
11,0.59,1.583,
12,0.578,-0.612,
13,0.338,0.871,
14,-1.725,0.764,
15,-1.743,0.188,
16,0.239,1.106,
17,-1.922,0.786,
18,0.221,0.794,
19,-0.29,0.812,
20,-0.099,0.67,
21,0.621,0.199,
22,-0.235,0.034,
23,-0.422,-0.188,
24,-0.798,0.359,
25,-1.42,0.809,
26,-0.479,0.694,
27,-0.674,0.161,
28,0.739,0.591,
29,-0.275,0.274,
30,0.099,2.005,
31,-0.118,1.368,
32,-0.154,0.113,
33,-0.94,1.221,
34,-0.468,0.519,
35,-0.477,1.805,
36,-1.257,1.223,
37,-0.098,0.288,
38,-0.111,0.037,
39,-0.315,2.027,
40,-0.91,0.157,
41,-0.39,0.143,
42,0.9,-0.147,
43,-0.072,0.565,
44,0.087,2.03,
45,-0.734,0.428,
46,-0.088,1.132,
47,-0.723,0.274,
48,0.568,-0.034,
49,-0.433,-0.463,
50,-0.354,-0.255,
51,-0.516,0.57,
52,-0.144,0.628,
53,-0.021,-0.018,
54,-0.693,0.644,
55,-0.042,-0.278,
56,-0.342,0.61,
57,0.414,0.601,
58,-0.602,0.755,
59,-1.635,0.996,
60,-0.416,-0.052,
61,-0.807,1.571,
62,0.59,0.368,
63,-0.348,0.523,
64,-0.804,-0.627,
65,-0.254,0.048,
66,0.619,0.948,
67,-1.23,0.078,
68,-1.003,0.752,
69,-0.309,1.193,
70,0.15,0.468,
71,-0.592,1.157,
72,-0.564,1.299,
73,-0.657,0.526,
74,-0.244,0.755,
75,-1.168,2.069,
76,0.132,0.827,
77,-0.448,-0.073,
78,0.333,0.965,
79,-1.132,0.272,
80,-0.561,0.457,
81,0.505,0.51,
82,-0.805,0.421,
83,0.425,0.394,
84,-0.729,0.528,
85,0.167,1.123,
86,-1.291,0.772,
87,-0.702,-0.676,
88,-0.03,0.608,
89,0.706,0.091,
90,-0.518,0.78,
91,-0.314,0.538,
92,-1.043,0.54,
93,0.365,1.591,
94,-0.601,0.735,
95,-0.489,0.477,
96,0.379,-0.43,
97,0.488,0.587,
98,-1.527,0.336,
99,-0.528,0.14,
100,-0.894,0.96,
101,-0.012,1.162,
102,-0.737,-0.149,
103,0.168,0.262,
104,-0.391,0.288,
105,-0.019,1.083,
106,-0.363,1.15,
107,0.912,1.676,
108,-0.001,0.908,
109,-0.708,0,
110,0.286,0.792,
111,-0.011,0.069,
112,-1.283,0.763,
113,-0.799,0.426,
114,-0.217,0.234,
115,-0.232,-0.909,
116,0.322,0.687,
117,-0.352,0.293,
118,-0.207,1.106,
119,0.562,0.939,
120,0.285,0.296,
121,-0.327,0.261,
122,0.148,0.589,
123,-0.937,-0.107,
124,-0.552,-0.15,
125,-0.433,0.539,
126,-0.313,0.869,
127,-0.015,-0.401,
128,-0.212,0.63,
129,0.057,0.52,
130,0.975,0.249,
131,-0.576,1.884,
132,-0.706,0.775,
133,-0.48,1.188,
134,-0.843,0.291,
135,-1.32,-0.645,
136,-0.185,-0.029,
137,-0.722,1.034,
138,0.061,0.96,
139,-0.566,-0.238,
140,-0.415,0.067,
141,-0.44,-0.488,
142,-0.388,-0.236,
143,-0.756,1.741,
144,-0.636,0.645,
145,-0.628,-0.51,
146,-0.116,1.062,
147,-0.414,0.424,
148,-0.676,0.023,
149,0.364,-1.971,
150,-0.571,0.341,
151,1.314,0.535,
152,-0.358,0.863,
153,-0.229,0.331,
154,-1.151,1.281,
155,-0.774,0.253,
156,-1.432,-0.035,
157,-0.347,0.154,
158,0.579,0.216,
159,0.237,-0.39,
160,-0.578,0.394,
161,0.094,0.893,
162,-0.657,0.681,
163,0.381,-0.778,
