1,-0.25,-0.468,
2,0.089,-0.029,
3,1.031,0.291,
4,0.208,0.412,
5,0.26,0.044,
6,-1.081,0.441,
7,0.148,-0.723,
8,-0.638,-0.287,
9,0.277,-0.304,
10,0.048,0.325,
11,0.494,-0.474,
12,0.204,-0.292,
13,-0.362,-0.378,
14,-0.176,-0.998,
15,-0.255,-1.471,
16,0.146,-0.178,
17,-0.713,0.207,
18,-0.097,0.339,
19,-0.101,0.349,
20,-0.325,-0.06,
21,0.141,0.58,
22,-0.366,-0.042,
23,-0.089,0.117,
24,-0.398,0.631,
25,0.495,-0.124,
26,0.158,0.054,
27,0.189,0.475,
28,0.552,-0.165,
29,-0.478,0.177,
30,0.579,0.213,
31,0.136,-0.133,
32,-0.001,-0.271,
33,0.055,-0.038,
34,-0.112,0.06,
35,-0.132,0.253,
36,0.82,0.597,
37,0.024,0.128,
38,0.175,-0.165,
39,0.733,-0.196,
40,-0.157,-0.312,
41,0.214,0.022,
42,0.577,-0.479,
43,-0.732,-0.096,
44,0.126,-0.161,
45,-0.334,0.345,
46,0.169,-0.029,
47,-0.143,-0.012,
48,0.068,-0.74,
49,-0.26,0.169,
50,0.603,-0.013,
51,-0.953,-0.294,
52,0.138,0.321,
53,0.079,0.021,
54,0.209,0.185,
55,-0.166,0.153,
56,0.46,0.276,
57,-0.127,0.051,
58,-0.111,0.307,
59,-0.274,-0.157,
60,-0.277,-0.02,
61,-0.118,-0.265,
62,0.962,-0.439,
63,0.101,0.264,
64,-0.031,-0.479,
65,0.837,0.272,
66,-0.23,0.107,
67,0.124,0.095,
68,0.749,-0.176,
69,0.808,0.193,
70,0,0.044,
71,0.849,0.093,
72,-0.037,-0.331,
73,-0.283,0.402,
74,-0.051,0.264,
75,-0.255,-0.455,
76,-0.07,-0.286,
77,0.043,0.148,
78,-0.119,0.503,
79,-0.069,0.763,
80,-0.602,-0.261,
81,-0.018,0.05,
82,-0.444,0.082,
83,-0.355,-0.096,
84,0.514,0.355,
85,-0.312,-0.34,
86,-0.013,-0.823,
87,-0.515,-0.019,
88,0.781,-1.031,
89,-0.064,0.239,
90,-0.04,-0.035,
91,0.116,0.195,
92,0.036,0.095,
93,0.385,-0.109,
94,0.527,0.084,
95,-0.29,-0.19,
96,-0.092,-0.093,
97,-0.167,-0.391,
98,0.111,0.326,
99,0.203,0.345,
100,0.822,0.018,
101,-0.181,-0.094,
102,-0.268,0.686,
103,0.768,0.043,
104,-0.609,0.021,
105,-0.249,0.093,
106,-0.621,-0.823,
107,0.135,0.489,
108,0.086,-0.67,
109,-0.004,-0.453,
110,0.165,-0.374,
111,0.52,-0.14,
112,0.204,-0.289,
113,0.067,0.363,
114,-0.545,-0.046,
115,-0.436,0.673,
116,-0.081,-0.082,
117,0.318,0.634,
118,0.006,0.332,
119,-0.169,-0.323,
120,0.173,-0.41,
121,-0.589,-0.629,
122,0.268,-0.172,
123,-0.407,0.188,
124,-0.025,0.319,
125,0.224,-1.03,
126,-0.102,-0.693,
127,0.067,-0.328,
128,0.027,0.514,
129,0.019,-0.414,
130,0.877,-0.115,
131,-0.427,-0.289,
132,-0.198,0.174,
133,-0.231,0.057,
134,-0.753,-0.353,
135,0.401,-0.417,
136,0.078,0.205,
137,0.202,0.105,
138,0.047,-0.085,
139,0.13,0.52,
140,-0.047,0.061,
141,-0.132,1.074,
142,0.299,0.102,
143,0.165,-0.362,
144,0.754,-0.655,
145,0.489,-0.207,
146,-0.075,-0.05,
147,0.408,-0.035,
148,0.22,-0.163,
149,-0.207,0.168,
150,0.037,-0.143,
151,-0.372,-0.093,
152,-0.106,-0.358,
153,0.045,-0.123,
154,0.258,0.349,
155,0.151,-0.161,
156,-0.332,0.485,
157,-0.02,-0.255,
158,-0.066,0.437,
159,-0.245,0.138,
160,-0.129,0.263,
161,0.278,-0.435,
162,-0.267,0.236,
163,0.749,-0.385,
