1,0.701,1.765,
2,-0.207,-0.537,
3,-2.218,-1.001,
4,-0.057,0.978,
5,-1.382,0.1,
6,-3.369,0.089,
7,-1.985,2.667,
8,-1.445,0.028,
9,-1.847,1.155,
10,-0.854,0.697,
11,0.718,1.728,
12,1.183,-0.897,
13,-0.066,0.653,
14,-2.213,1.033,
15,-3.47,-0.925,
16,0.581,1.673,
17,-1.549,0.656,
18,0.856,1.329,
19,-0.031,0.896,
20,-0.335,0.939,
21,2.016,-1.296,
22,0.1,-0.745,
23,-1.273,-0.68,
24,-1.544,0.618,
25,-1.511,0.157,
26,-0.622,0.598,
27,-1.653,0.506,
28,1.49,0.603,
29,-0.41,0.24,
30,-0.295,1.957,
31,0.617,0.911,
32,0.003,-0.048,
33,-1.729,1.473,
34,0.422,0.853,
35,-0.616,1.639,
36,-2.257,1.293,
37,-0.368,0.201,
38,0.311,-0.152,
39,-0.223,3.469,
40,-1.228,-0.127,
41,-1.273,-0.779,
42,1.38,-1.125,
43,0.131,0.389,
44,0.263,2.171,
45,-0.878,0.146,
46,0.189,1.253,
47,-0.301,0.665,
48,0.382,-0.401,
49,-0.854,-1.276,
50,0.431,-0.307,
51,-0.876,0.613,
52,0.098,0.805,
53,-0.472,0.237,
54,-1.615,-0.681,
55,0.635,-0.073,
56,-0.158,1.526,
57,1.048,1.412,
58,-0.88,0.677,
59,-2.848,1.815,
60,0.091,-0.393,
61,-1.441,2.697,
62,0.658,-0.69,
63,0.083,-0.334,
64,-0.715,-0.677,
65,-0.411,-0.382,
66,0.486,0.561,
67,-1.662,0.237,
68,-1.083,1.158,
69,-0.283,1.285,
70,0.81,0.105,
71,-0.42,0.634,
72,-1.568,1.687,
73,-0.888,-0.324,
74,-0.929,0.528,
75,-2.183,2.201,
76,0.025,0.536,
77,-0.277,-0.509,
78,1.535,1.414,
79,-0.614,0.039,
80,-1.236,1.782,
81,0.594,0.087,
82,-1.422,0.558,
83,0.733,0.381,
84,-1.105,0.443,
85,0.506,1.417,
86,-1.547,0.016,
87,-0.923,-1.067,
88,-0.054,1.691,
89,0.22,0.083,
90,-0.986,0.722,
91,-0.658,0.846,
92,-1.239,0.787,
93,1.145,2.011,
94,-1.001,0.152,
95,-1.012,-0.431,
96,0.516,-0.989,
97,0.325,0.318,
98,-1.199,0.264,
99,-0.646,-0.198,
100,-0.565,1.583,
101,-0.068,0.937,
102,-1.503,0.253,
103,0.983,0.519,
104,-0.303,0.124,
105,-0.37,1.987,
106,0.006,1.203,
107,2.118,1.46,
108,0.327,0.892,
109,-1.408,-0.73,
110,0.094,0.899,
111,-0.077,-1.434,
112,-1.307,1.464,
113,-1.54,0.08,
114,0.552,0.055,
115,-0.468,-0.961,
116,0.503,1.461,
117,-1.311,-0.327,
118,-0.387,1.063,
119,1.209,1.031,
120,0.117,0.221,
121,-0.209,-0.55,
122,-1.088,-0.015,
123,-1.895,0.825,
124,-1.258,-0.685,
125,-0.427,1.319,
126,-1.259,1.107,
127,0.045,-1.116,
128,-0.1,0.384,
129,0.517,0.563,
130,1.408,-0.814,
131,-0.743,2.515,
132,-0.441,1.204,
133,-0.634,1.647,
134,-2.098,-0.973,
135,-1.391,-1.532,
136,0.26,-0.462,
137,-0.522,0.912,
138,1.287,0.828,
139,-0.761,-0.231,
140,-0.232,-0.978,
141,-0.442,0.301,
142,0.642,-0.266,
143,-0.528,2.553,
144,-0.563,0.712,
145,-0.196,-1.118,
146,-0.873,1.001,
147,0.029,-0.04,
148,-0.265,-0.358,
149,0.973,-2.537,
150,-0.298,0.556,
151,1.849,0.48,
152,0.023,0.544,
153,-0.283,0.401,
154,-1.291,2.417,
155,-0.665,-0.16,
156,-2.067,-0.563,
157,0.45,0.614,
158,0.66,-0.781,
159,0.729,-0.806,
160,-0.38,0.094,
161,0.081,1.027,
162,-1.09,0.652,
163,0.269,-1.514,
