1,0.706,-0.504,
2,0.253,-0.994,
3,0.254,-0.494,
4,0.479,-0.342,
5,0.189,-0.444,
6,-0.836,-0.714,
7,0.248,0.032,
8,0.395,-0.537,
9,0.091,-0.886,
10,-0.164,0.368,
11,0.826,-0.09,
12,0.493,-1.104,
13,0.61,0.155,
14,-0.125,-0.248,
15,0.238,-1.011,
16,0.51,-0.964,
17,-0.318,-0.234,
18,0.528,-0.5,
19,0.679,-0.455,
20,0.185,-0.818,
21,0.72,-0.587,
22,0.181,-1.069,
23,0.376,0.066,
24,0.133,-0.561,
25,0.037,0.038,
26,0.165,0.001,
27,0.638,-0.709,
28,0.605,-0.872,
29,0.119,-0.551,
30,0.607,-0.316,
31,0.221,-0.054,
32,0.359,-0.849,
33,-0.554,-0.846,
34,-0.384,-1.013,
35,0.358,0.624,
36,0.117,-0.57,
37,0.364,-0.441,
38,0.532,-0.374,
39,0.568,-0.962,
40,0.252,-0.799,
41,0.432,-0.109,
42,0.877,-0.251,
43,0.754,-0.391,
44,0.518,0.105,
45,-0.247,-0.069,
46,0.841,-0.044,
47,-0.244,-1.024,
48,0.76,-0.46,
49,0.608,-0.736,
50,0.229,-0.878,
51,0.407,-0.94,
52,0.092,-0.752,
53,0.972,-1.016,
54,0.437,-0.178,
55,-0.187,-1.204,
56,0.161,0.244,
57,0.141,-0.487,
58,0.165,0.125,
59,0.47,-0.485,
60,0.333,-0.269,
61,0.284,-0.342,
62,1.179,-0.47,
63,0.056,-0.604,
64,-0.212,-1.131,
65,0.269,-0.43,
66,0.574,-0.027,
67,0.09,-0.89,
68,0.486,-0.258,
69,0.734,-0.18,
70,0.206,-0.528,
71,0.573,-0.524,
72,0.614,-0.449,
73,0.169,-0.183,
74,0.54,-0.14,
75,0.32,-0.944,
76,-0.113,-0.761,
77,0.158,-0.579,
78,0.098,-0.473,
79,-0.62,-0.252,
80,0.298,-0.917,
81,0.069,-0.601,
82,0.183,-0.516,
83,0.34,-0.583,
84,0.209,-0.542,
85,0.412,-0.347,
86,0.489,-0.273,
87,-0.041,-0.731,
88,0.655,-0.58,
89,0.574,-0.581,
90,0.678,-0.993,
91,0.341,-0.339,
92,0.236,-0.576,
93,-0.249,-0.575,
94,0.158,-0.036,
95,-0.238,-0.935,
96,0.274,-0.258,
97,0.804,-0.521,
98,-0.376,-0.697,
99,0.476,-0.559,
100,0.056,-0.529,
101,0.107,-0.128,
102,0.594,-0.851,
103,0.719,-0.212,
104,0.257,-0.47,
105,0.215,-1.218,
106,0.082,-0.471,
107,0.479,0.019,
108,0.95,-0.887,
109,0.244,-0.614,
110,0.864,-0.629,
111,0.048,-0.227,
112,-0.597,-0.721,
113,0.608,-0.502,
114,-0.43,-0.734,
115,0.351,-1.541,
116,0.321,-0.813,
117,0.534,-0.048,
118,0.364,-0.328,
119,0.081,-0.42,
120,0.254,-1.038,
121,0.232,-0.54,
122,1.036,-0.08,
123,-0.33,-1.236,
124,0.437,-0.56,
125,-0.057,-0.994,
126,0.662,-0.967,
127,0.139,-1.177,
128,-0.017,-0.203,
129,0.157,-0.847,
130,0.493,-0.386,
131,0.516,0.321,
132,-0.217,-0.54,
133,-0.026,-0.334,
134,0.164,-0.227,
135,0.355,-0.637,
136,0.552,-0.748,
137,0.011,-0.327,
138,-0.162,-0.448,
139,0.155,-0.958,
140,0.006,-0.635,
141,0.18,-0.725,
142,0.237,-0.457,
143,0.578,-0.136,
144,-0.124,-0.425,
145,0.116,-0.832,
146,0.531,0.162,
147,0.142,-0.59,
148,0.041,-0.52,
149,0.561,-1.443,
150,-0.199,-0.682,
151,0.903,-0.298,
152,-0.122,-0.283,
153,0.521,-0.754,
154,-0.006,-1.032,
155,-0.065,-0.795,
156,-0.038,-0.386,
157,0.554,-0.651,
158,0.606,-0.46,
159,0.265,-0.639,
160,-0.219,-0.407,
161,0.157,-1.214,
162,-0.066,-0.497,
163,0.906,-1.43,
