1,1.434,0.062,
2,-0.589,0.886,
3,1.437,-0.841,
4,-0.207,-0.412,
5,1.217,-0.447,
6,-0.055,2.142,
7,2.308,0.304,
8,1.521,-0.163,
9,1.702,-0.241,
10,-0.245,-0.226,
11,-2.33,0.39,
12,0.816,1.285,
13,0.722,0.147,
14,1.141,1.774,
15,-0.963,0.019,
16,-0.039,-0.478,
17,-0.629,0.302,
18,0.127,0.281,
19,-1.034,-1.109,
20,-0.418,-0.616,
21,-0.488,-1.889,
22,0.066,-0.731,
23,-1.027,-0.893,
24,-0.23,0.443,
25,0.011,0.066,
26,1.172,-0.189,
27,2.045,0.069,
28,1.738,-0.265,
29,1.723,1.342,
30,1.002,0.118,
31,-0.323,0.29,
32,1.56,-0.971,
33,-0.558,-2.814,
34,-1.272,0.73,
35,0.635,0.816,
36,-0.001,0.46,
37,-0.587,-0.973,
38,0.204,-1.616,
39,-0.789,0.283,
40,-0.689,-0.093,
41,1.171,-0.786,
42,-0.217,-0.865,
43,1.213,-0.324,
44,0.468,0.609,
45,0.45,0.389,
46,0.597,0.344,
47,-1.122,-0.175,
48,-0.478,0.759,
49,-1.032,-0.459,
50,0.585,-0.755,
51,1.205,-0.432,
52,0.488,-0.17,
53,-0.505,1.919,
54,2.56,-0.04,
55,0.441,-0.672,
56,1.931,-0.107,
57,-0.19,1.926,
58,1.643,1.48,
59,0.737,-1.168,
60,0.172,1.499,
61,-0.965,-0.313,
62,2.369,0.39,
63,0.511,0.285,
64,-0.618,-2.168,
65,0.186,0.547,
66,-0.851,0.078,
67,0.178,-0.828,
68,-0.398,-0.051,
69,-2.515,1.104,
70,1.265,1.611,
71,-0.048,-0.195,
72,-0.031,-0.003,
73,-0.206,-0.966,
74,1.068,-0.112,
75,-0.308,1.656,
76,0.947,-0.613,
77,-0.327,-0.015,
78,0.476,1.027,
79,-0.265,0.267,
80,-0.971,-0.497,
81,-0.194,-0.474,
82,-1.505,0.152,
83,1.032,-0.244,
84,0.345,-0.3,
85,-0.384,2.059,
86,-0.667,-1.07,
87,0.667,-1.887,
88,0.261,0.39,
89,1.962,-1.294,
90,0.083,-0.864,
91,1.209,2.083,
92,1.038,-0.222,
93,1.302,0.749,
94,1.158,-0.05,
95,-0.228,1.877,
96,3.05,-1.526,
97,1.56,0.721,
98,-0.472,0.156,
99,-0.535,1.825,
100,2.777,-2.951,
101,0.66,-1.789,
102,-0.263,-1.096,
103,-0.518,0.797,
104,0.734,-0.55,
105,1.341,-0.439,
106,0.801,-1.454,
107,0.891,1.304,
108,-0.368,-0.563,
109,-0.568,-0.371,
110,-0.239,-0.511,
111,1.246,1.39,
112,0.188,-0.204,
113,0.377,0.622,
114,0.484,0.904,
115,-0.517,-1.298,
116,1.212,-1.421,
117,0.76,-0.806,
118,1.328,-1.358,
119,1.412,0.747,
120,0.304,0.12,
121,0.382,0.728,
122,-1.196,0.864,
123,1.108,0.92,
124,0.905,-0.15,
125,-0.094,1.546,
126,1.515,-0.739,
127,0.817,0.998,
128,0.852,0.571,
129,1.016,0.664,
130,1.795,0.294,
131,1.093,1.317,
132,0.317,0.182,
133,0.279,-0.724,
134,0.33,0.512,
135,-1.03,0.221,
136,0.224,-0.579,
137,-0.196,-0.442,
138,0.786,0.501,
139,0.169,-1.241,
140,0.026,1.306,
141,-0.581,-0.672,
142,0.79,-0.907,
143,0.773,-1.118,
144,0.798,0.067,
145,-0.357,0.121,
146,0.677,0.013,
147,-1.357,0.093,
148,-1.42,-0.531,
149,0.24,-1.019,
150,1.559,-1.836,
151,0.32,1.574,
152,0.74,0.045,
153,1.371,-1.247,
154,-0.705,0.058,
155,1.061,-0.962,
156,-0.646,-1.501,
157,-2.714,-0.907,
158,0.766,0.023,
159,0.723,0.314,
160,0.519,1.834,
161,0.484,0.011,
162,-1.606,-0.594,
163,-0.512,-1.628,
