1,0.024,-0.162,
2,-0.205,0.295,
3,0.617,-0.113,
4,-0.018,0.043,
5,0.229,-0.246,
6,0.048,0.113,
7,0.128,-0.612,
8,0.17,-0.616,
9,0.655,-0.122,
10,-0.076,-0.046,
11,-0.515,-0.069,
12,0.319,0.423,
13,-0.129,-0.05,
14,0.458,-0.235,
15,-0.092,0.007,
16,0.214,-0.226,
17,-0.552,0.313,
18,-0.259,0.309,
19,-0.223,-0.01,
20,-0.21,-0.046,
21,-0.351,-0.244,
22,0.04,-0.021,
23,-0.174,-0.352,
24,-0.325,0.259,
25,0.345,-0.058,
26,0.371,-0.129,
27,0.366,0.179,
28,0.31,-0.022,
29,-0.009,0.364,
30,0.729,0.285,
31,-0.159,-0.051,
32,0.409,-0.314,
33,-0.229,-0.616,
34,-0.08,0.119,
35,-0.091,0.183,
36,0.23,0.392,
37,-0.191,-0.19,
38,-0.138,-0.391,
39,0.235,-0.315,
40,-0.468,-0.168,
41,0.166,-0.246,
42,0.085,-0.434,
43,0.309,-0.15,
44,0.038,0.172,
45,0.078,0.035,
46,0.397,0.045,
47,-0.206,-0.148,
48,-0.1,0.107,
49,-0.451,0.302,
50,0.006,0.073,
51,-0.25,-0.206,
52,0.111,0.02,
53,-0.193,0.577,
54,0.69,-0.063,
55,-0.106,-0.212,
56,0.082,0.557,
57,-0.326,0.377,
58,0.393,0.494,
59,0.183,-0.121,
60,-0.181,0.278,
61,-0.269,-0.519,
62,0.349,-0.21,
63,-0.236,0.068,
64,0.044,-0.388,
65,-0.164,0.135,
66,-0.408,0.017,
67,-0.438,-0.23,
68,0.271,-0.08,
69,-0.07,0.196,
70,0.087,0.387,
71,-0.081,-0.15,
72,-0.128,0.054,
73,0.047,0.236,
74,0.464,0.095,
75,0.123,0.175,
76,-0.041,-0.095,
77,-0.33,0.099,
78,0.121,0.819,
79,-0.177,0.322,
80,-0.38,0.11,
81,-0.071,-0.005,
82,-0.307,0.198,
83,0.197,0.297,
84,0.306,-0.059,
85,-0.943,0.257,
86,0.013,-0.349,
87,0.085,-0.362,
88,0.186,-0.021,
89,0.422,-0.384,
90,0.043,0.013,
91,0.19,0.588,
92,0.011,0.105,
93,0.247,0.377,
94,0.207,0.23,
95,0.054,0.796,
96,0.532,-0.445,
97,0.306,0.081,
98,-0.299,-0.014,
99,-0.402,0.537,
100,1.006,-0.597,
101,-0.021,-0.7,
102,-0.074,0.256,
103,-0.104,-0.193,
104,0.16,-0.019,
105,0.194,-0.205,
106,-0.49,-1.129,
107,-0.142,0.02,
108,-0.004,-0.035,
109,-0.48,-0.466,
110,0.032,-0.086,
111,0.231,-0.051,
112,0.003,-0.328,
113,-0.097,0.337,
114,0.039,0.433,
115,-0.252,0.224,
116,0.216,-0.266,
117,0.093,0.157,
118,0.121,-0.486,
119,0.348,0.144,
120,0.042,0.142,
121,-0.015,-0.369,
122,-0.185,0.42,
123,0.072,0.38,
124,-0.022,0.251,
125,0.022,0.453,
126,0.195,-0.228,
127,0.213,0.319,
128,-0.159,0.56,
129,0.401,0.202,
130,0.268,0.366,
131,0.205,0.19,
132,-0.072,0.045,
133,-0.109,-0.323,
134,-0.137,0.2,
135,-0.074,0.301,
136,-0.273,-0.107,
137,-0.027,-0.005,
138,0.208,0.191,
139,-0.283,-0.221,
140,-0.264,0.211,
141,-0.75,0.337,
142,0.129,-0.247,
143,0.36,-0.602,
144,0.778,-0.85,
145,-0.026,-0.113,
146,-0.239,0.152,
147,-0.502,0.213,
148,-0.168,0.183,
149,-0.05,-0.059,
150,-0.143,-0.396,
151,-0.059,0.364,
152,-0.004,0.011,
153,0.489,-0.125,
154,-0.214,0.08,
155,0.442,-0.211,
156,-0.322,0.417,
157,0.006,-0.068,
158,-0.099,0.489,
159,-0.215,0.147,
160,-0.313,0.767,
161,0.284,-0.169,
162,-0.244,0.207,
163,-0.319,-0.372,
