1,1.024,-0.196,
2,0.533,-0.686,
3,0.532,-0.717,
4,0.665,-0.367,
5,-0.172,0.052,
6,-1.185,-0.155,
7,0.236,0.442,
8,0.236,-0.366,
9,-0.124,-1.179,
10,-0.205,0.424,
11,0.984,-0.423,
12,0.39,-1.673,
13,0.293,0.19,
14,-0.415,-0.083,
15,0.015,-1.055,
16,0.971,-0.486,
17,-0.763,-0.555,
18,0.711,-0.612,
19,0.58,-0.369,
20,-0.092,-0.634,
21,1.143,-0.687,
22,-0.043,-1.323,
23,0.473,0.395,
24,0.277,-0.706,
25,-0.303,0.463,
26,-0.328,-0.05,
27,0.533,-0.902,
28,0.887,-1.259,
29,0.032,-0.209,
30,0.936,-0.294,
31,0.178,-0.003,
32,0.256,-0.826,
33,-0.415,-0.397,
34,-0.336,-0.846,
35,0.561,0.716,
36,0.733,-0.799,
37,0.057,-0.371,
38,1.42,-0.585,
39,0.804,-0.829,
40,0.228,-0.849,
41,0.318,0.113,
42,0.985,0.167,
43,0.299,-0.142,
44,0.48,0.215,
45,-0.783,0.479,
46,0.691,0.146,
47,-0.32,-0.844,
48,0.859,-0.749,
49,1.205,-0.714,
50,0.457,-0.881,
51,0.356,-1.207,
52,-0.024,-0.735,
53,1.411,-0.779,
54,0.888,-0.141,
55,-0.471,-1.104,
56,0.326,-0.227,
57,0.289,-0.56,
58,0.183,0.504,
59,0.355,-0.725,
60,0.605,-0.208,
61,-0.036,-0.331,
62,1.838,-0.599,
63,-0.141,-0.685,
64,0.148,-1.161,
65,0.69,-0.089,
66,0.44,0.077,
67,0.278,-0.911,
68,0.968,-0.389,
69,0.794,0.031,
70,0.351,-0.626,
71,1.068,-0.705,
72,0.514,-0.606,
73,-0.357,-0.3,
74,0.903,-0.034,
75,-0.226,-1.112,
76,-0.133,-0.995,
77,-0.049,-0.406,
78,0.662,-0.434,
79,-0.573,0.108,
80,0.001,-1.307,
81,-0.018,-0.308,
82,-0.035,-0.711,
83,0.319,-1.178,
84,0.548,0.582,
85,0.52,-0.356,
86,0.388,-0.691,
87,-0.041,-0.482,
88,0.571,-0.908,
89,1.373,-0.963,
90,0.388,-1.089,
91,0.173,-0.028,
92,0.403,-0.215,
93,-0.172,-1.464,
94,0.389,-0.131,
95,-0.19,-1.169,
96,0.354,-0.253,
97,0.998,-0.514,
98,0.065,-0.563,
99,0.552,-0.326,
100,0.233,-0.567,
101,0.533,-0.099,
102,0.146,-0.719,
103,1.231,0.274,
104,0.16,-0.311,
105,-0.123,-0.965,
106,0.051,-0.448,
107,0.64,0.401,
108,1.086,-1.266,
109,0.347,-0.564,
110,0.935,-0.492,
111,-0.163,-0.486,
112,-0.543,-0.762,
113,0.697,-0.895,
114,-0.643,-0.626,
115,0.193,-1.676,
116,0.089,-0.659,
117,1.135,-0.335,
118,0.456,0.04,
119,-0.107,-0.589,
120,0.425,-1.283,
121,0.413,-0.764,
122,1.069,-0.663,
123,-0.508,-1.183,
124,0.364,-0.533,
125,0.196,-1.863,
126,0.421,-0.605,
127,0.255,-1.352,
128,-0.313,0.174,
129,-0.24,-0.916,
130,0.976,-0.533,
131,0.733,-0.094,
132,-0.213,-0.512,
133,0.122,-0.233,
134,-0.157,-0.573,
135,0.617,-1.202,
136,0.864,-0.733,
137,0.389,-0.156,
138,-0.001,-0.254,
139,0.372,-0.877,
140,-0.271,-0.143,
141,0.244,-0.321,
142,0.706,-0.989,
143,0.831,-0.501,
144,0.349,-0.773,
145,0.302,-1.11,
146,0.54,0.586,
147,0.577,-0.4,
148,0.269,-0.933,
149,1.073,-1.293,
150,0.184,-0.914,
151,0.462,-0.044,
152,-0.285,-0.259,
153,0.663,-0.516,
154,0.14,-0.816,
155,0.137,-0.475,
156,-0.118,-0.458,
157,0.722,-1.133,
158,0.743,-0.967,
159,0.5,-0.901,
160,-0.292,-0.205,
161,0.083,-1.246,
162,-0.5,-0.882,
163,0.685,-1.844,
