1,-0.08,-0.486,
2,0.257,-0.037,
3,1.429,0.094,
4,0.455,0.396,
5,-0.108,0.231,
6,-2.222,0.996,
7,0.538,-0.943,
8,-1.13,-0.114,
9,0.136,-0.603,
10,0.074,0.527,
11,0.847,-0.916,
12,0.062,-0.712,
13,-0.71,-0.395,
14,-0.969,-0.889,
15,-0.833,-1.979,
16,0.368,-0.067,
17,-1.18,-0.1,
18,0.138,0.288,
19,0.047,0.419,
20,-0.727,-0.044,
21,0.307,0.655,
22,-0.826,-0.235,
23,-0.082,0.306,
24,-0.362,0.778,
25,0.45,0.02,
26,-0.333,-0.008,
27,0.284,0.587,
28,1.026,-0.457,
29,-0.562,0.365,
30,0.634,0.032,
31,0.116,-0.129,
32,-0.035,-0.448,
33,0.06,0.112,
34,-0.228,0.135,
35,-0.056,0.348,
36,1.559,0.421,
37,-0.299,0.139,
38,0.757,-0.298,
39,1.157,-0.085,
40,-0.144,-0.457,
41,0.289,0.06,
42,0.873,-0.293,
43,-1.106,0.01,
44,0.195,-0.201,
45,-0.714,0.753,
46,0.231,0.211,
47,-0.284,0.142,
48,0.472,-1.331,
49,-0.083,0.087,
50,1.005,-0.112,
51,-1.074,-0.651,
52,0.11,0.49,
53,0.479,-0.012,
54,0.419,0.3,
55,-0.429,0.28,
56,0.912,-0.008,
57,0.04,0.013,
58,-0.141,0.6,
59,-0.496,-0.166,
60,-0.213,-0.078,
61,-0.209,-0.328,
62,1.821,-0.654,
63,0.284,0.306,
64,-0.01,-0.87,
65,1.452,0.569,
66,-0.373,0.175,
67,0.435,0.108,
68,1.305,-0.233,
69,1.002,0.311,
70,0.158,0.196,
71,1.501,0.172,
72,-0.038,-0.667,
73,-0.731,0.275,
74,-0.112,0.306,
75,-1.062,-0.779,
76,0.026,-0.665,
77,0.042,0.164,
78,-0.014,0.565,
79,-0.032,1.206,
80,-0.81,-0.695,
81,0.019,0.197,
82,-0.904,-0.015,
83,-0.601,-0.478,
84,0.651,1.108,
85,0.001,-0.505,
86,-0.082,-1.357,
87,-0.976,0.224,
88,0.767,-1.699,
89,0.507,-0.008,
90,-0.193,-0.219,
91,0.062,0.205,
92,0.197,0.197,
93,0.669,-0.742,
94,0.96,0.131,
95,-0.387,-0.625,
96,-0.173,0.12,
97,-0.032,-0.415,
98,0.381,0.761,
99,0.395,0.662,
100,1.22,0.098,
101,0.09,-0.109,
102,-0.659,0.698,
103,1.193,0.431,
104,-0.814,-0.031,
105,-0.617,0.246,
106,-0.708,-0.659,
107,0.332,1.016,
108,0.336,-1.249,
109,0.148,-0.527,
110,0.253,-0.393,
111,0.786,-0.248,
112,0.351,-0.477,
113,0.178,0.176,
114,-1,-0.153,
115,-0.402,0.659,
116,-0.425,-0.041,
117,0.531,0.921,
118,0.127,0.716,
119,-0.429,-0.719,
120,0.371,-0.74,
121,-0.681,-0.704,
122,0.489,-0.323,
123,-0.782,0.141,
124,0.019,0.34,
125,0.367,-1.839,
126,-0.176,-0.776,
127,0.309,-0.553,
128,-0.094,0.917,
129,-0.318,-0.68,
130,1.577,-0.404,
131,-0.263,-0.691,
132,-0.336,0.323,
133,-0.192,0.246,
134,-1.086,-0.678,
135,0.725,-1.053,
136,0.334,0.437,
137,0.443,0.245,
138,0.149,0.023,
139,0.283,0.955,
140,-0.171,0.379,
141,0.235,1.444,
142,0.78,-0.042,
143,0.309,-0.499,
144,0.83,-0.767,
145,0.676,-0.418,
146,0.06,0.021,
147,0.963,0.01,
148,0.504,-0.418,
149,0.234,0.07,
150,0.412,-0.429,
151,-0.744,-0.099,
152,-0.229,-0.55,
153,0.118,-0.25,
154,0.473,0.591,
155,0.212,-0.022,
156,-0.563,0.189,
157,-0.057,-0.971,
158,0.146,-0.283,
159,-0.079,0.084,
160,-0.143,0.523,
161,0.341,-0.311,
162,-0.445,0.145,
163,0.812,-0.9,
