1,0.593,0.806,
2,-0.296,-0.434,
3,-1.878,-1.448,
4,0.211,0.275,
5,-0.99,-0.276,
6,-1.961,-0.142,
7,-1.138,1.045,
8,-0.972,0.097,
9,-2.59,0.93,
10,-0.219,0.577,
11,-0.597,1.192,
12,1.442,-0.459,
13,0.172,-0.126,
14,-0.674,0.637,
15,-2.231,-0.438,
16,1.055,0.332,
17,-0.703,0.32,
18,0.634,1.101,
19,-0.094,0.441,
20,-0.173,0.818,
21,1.721,-0.682,
22,0.016,-0.659,
23,-1.013,-1.034,
24,-1.158,0.992,
25,-0.668,-0.4,
26,-0.124,0.239,
27,-1.278,0.368,
28,0.413,-0.073,
29,-0.446,0.085,
30,-0.228,0.361,
31,1.01,-0.188,
32,0.287,-0.166,
33,-0.934,0.178,
34,0.595,0.475,
35,-0.089,0.318,
36,-1.674,0.579,
37,-0.105,0.134,
38,0.397,-0.433,
39,0.619,0.675,
40,-0.427,-0.379,
41,-1.232,-0.952,
42,0.019,-0.639,
43,0.213,0.08,
44,0.443,0.365,
45,-0.124,-0.109,
46,0.68,0.219,
47,-0.008,0.091,
48,0.04,-0.205,
49,-0.788,-0.404,
50,0.903,0.066,
51,-0.691,-0.751,
52,0.099,0.164,
53,-0.346,0.433,
54,-0.627,-0.747,
55,0.473,0.179,
56,0.147,1.325,
57,0.764,1.428,
58,-0.638,0.346,
59,-0.887,0.79,
60,0.816,0.072,
61,-0.829,1.616,
62,1.042,-1.054,
63,0.765,-1.025,
64,0.001,0.135,
65,-0.181,-0.304,
66,0.455,0.039,
67,-0.989,0.414,
68,0.544,0.224,
69,0.248,1.028,
70,0.711,-0.446,
71,-0.466,0.267,
72,-1.128,0.599,
73,-0.555,-0.441,
74,-0.15,-0.328,
75,-2.059,0.356,
76,0.523,-0.228,
77,0.066,-0.321,
78,0.711,0.831,
79,-0.144,0.011,
80,-1.207,1.811,
81,0.015,-0.049,
82,-1.21,0.457,
83,0.299,0.27,
84,0.178,0.177,
85,0.111,0.682,
86,-0.005,-0.579,
87,-0.201,-0.411,
88,-0.837,0.915,
89,0.171,0.046,
90,-0.986,-0.016,
91,0.057,1.081,
92,-0.52,0.377,
93,0.174,0.947,
94,-0.843,-0.262,
95,-1.173,-0.952,
96,0.395,-0.299,
97,-0.304,-0.286,
98,-0.238,0.075,
99,-0.016,-0.355,
100,0.328,0.52,
101,-0.398,-0.002,
102,-1.451,0.467,
103,1.093,0.103,
104,-0.097,0.09,
105,-0.69,1.277,
106,0.178,-0.243,
107,1.063,0.209,
108,0.185,-0.06,
109,-1.046,-1.082,
110,-0.102,0.301,
111,0.458,-1.402,
112,-0.594,1.06,
113,-0.682,-0.592,
114,0.95,-0.124,
115,-0.572,-0.147,
116,0.103,1.048,
117,-1.105,-1.097,
118,-0.137,-0.278,
119,0.668,0.574,
120,-0.858,-0.172,
121,-0.229,-1.188,
122,-0.648,-0.656,
123,-1.548,1.351,
124,-0.616,-0.372,
125,0.038,0.61,
126,-1.013,0.25,
127,-0.05,-0.594,
128,-0.106,0.192,
129,0.776,0.192,
130,0.813,-1.429,
131,0.085,0.782,
132,-0.074,0.908,
133,-0.687,0.494,
134,-1.912,-1.259,
135,-0.1,-1.546,
136,0.176,-0.821,
137,0.109,0.186,
138,1.865,0.256,
139,-0.704,-0.09,
140,-0.477,-0.098,
141,-0.294,1.2,
142,1.428,-0.274,
143,0.472,1.165,
144,0.388,-0.428,
145,0.854,-0.685,
146,-0.953,0.628,
147,0.474,-0.324,
148,0.141,-0.312,
149,0.743,-1.194,
150,0.104,-0.289,
151,0.858,0.477,
152,0.447,-0.282,
153,-0.242,-0.376,
154,-0.539,1.787,
155,0.3,-0.291,
156,-1.496,-0.453,
157,-0.044,0.236,
158,0.533,-1.418,
159,0.104,-0.528,
160,-0.054,0.062,
161,0.116,-0.025,
162,-0.249,-0.379,
163,0.182,-1.51,
