1,-0.422,-0.729,
2,-0.27,-0.673,
3,-0.01,-1.23,
4,-0.82,0.004,
5,-0.058,0.176,
6,-0.662,0.18,
7,0.157,-0.13,
8,-0.062,-1.196,
9,0.317,0.045,
10,-0.987,0.034,
11,0.085,-0.75,
12,0.369,-0.824,
13,0.273,0.207,
14,-0.678,-0.079,
15,-1.137,-0.097,
16,0.023,-0.129,
17,-0.698,-1.267,
18,-0.119,-0.759,
19,0.683,-0.442,
20,-0.074,-0.431,
21,-0.042,-0.807,
22,-0.213,-0.358,
23,-0.541,-1.017,
24,0.44,-1.286,
25,-0.195,-0.572,
26,-0.638,-0.912,
27,-0.256,-0.671,
28,0.727,-0.688,
29,0.167,-0.058,
30,1.409,-0.367,
31,-0.318,-0.618,
32,0.758,-0.849,
33,-1.149,-1.269,
34,-0.321,-1.363,
35,-0.141,-0.562,
36,-0.1,-0.142,
37,0.372,0.148,
38,0.481,-0.871,
39,-0.603,-0.509,
40,0.204,-1.232,
41,0.455,-0.14,
42,0.087,0.507,
43,0.021,0.063,
44,-0.47,-0.511,
45,-0.28,-0.435,
46,-0.801,-0.322,
47,-0.459,-0.551,
48,-0.081,-0.236,
49,0.136,-0.953,
50,-0.313,-0.725,
51,-0.326,-0.917,
52,-0.502,-0.382,
53,-0.259,0.168,
54,-0.756,-0.275,
55,-1.024,-1.163,
56,-0.355,-0.225,
57,-0.629,-0.559,
58,-0.641,-0.311,
59,-0.115,-1.041,
60,-0.066,-0.533,
61,-0.824,-0.279,
62,0.663,-0.534,
63,0.388,-0.021,
64,-0.882,-0.912,
65,0.357,-0.514,
66,0.578,-0.256,
67,-0.77,0.028,
68,-0.09,-0.635,
69,-0.049,-0.337,
70,0.387,-0.547,
71,0.108,-0.802,
72,0.097,-0.66,
73,0.26,-0.264,
74,0.614,-0.319,
75,0.486,-0.294,
76,-0.104,-0.766,
77,-0.18,0.303,
78,-0.166,0.571,
79,-0.266,-0.315,
80,0.693,-0.517,
81,-1.317,-0.707,
82,-0.292,0.074,
83,0.064,-0.352,
84,-0.244,-0.586,
85,0.35,-0.719,
86,0.252,-0.113,
87,-0.185,-0.836,
88,0.184,-0.051,
89,-0.502,-1.107,
90,-0.16,-0.272,
91,-1.042,-0.723,
92,-0.653,-0.276,
93,0.294,0.385,
94,-0.767,1.05,
95,0.453,-0.721,
96,-0.176,-0.695,
97,-0.786,-0.57,
98,-0.811,-1.438,
99,0.018,-1.058,
100,0.119,-1.513,
101,-0.023,-0.421,
102,-0.703,-1.017,
103,0.132,-1.307,
104,-0.532,-0.61,
105,-1.482,-0.674,
106,0.266,-0.367,
107,-0.096,0.051,
108,-0.318,-0.55,
109,0.176,-1.362,
110,-0.22,-1.104,
111,-0.26,0.202,
112,-0.29,-0.691,
113,0.133,-0.723,
114,-0.071,-0.688,
115,-0.706,-1.903,
116,0.314,-0.986,
117,0.607,-0.566,
118,0.386,-0.457,
119,0.47,-0.953,
120,0.03,-0.241,
121,-0.273,-0.413,
122,0.2,-0.32,
123,-0.424,-1.144,
124,-0.659,-1.056,
125,-0.379,-0.616,
126,0.256,-0.359,
127,0.436,-1.338,
128,0.176,-0.332,
129,-0.243,-0.437,
130,-0.47,-0.088,
131,0.137,0.204,
132,-0.256,0.622,
133,-0.477,-0.646,
134,0.266,-0.337,
135,-1.196,-1.008,
136,-0.158,-0.533,
137,0.871,0.026,
138,-0.517,-0.546,
139,-0.423,-1.093,
140,-0.642,-0.949,
141,-0.725,-0.543,
142,0.533,-1.177,
143,-0.213,0.041,
144,-0.282,-0.802,
145,-0.541,-0.583,
146,0.402,0.165,
147,-0.232,-0.538,
148,-0.951,-0.322,
149,-0.323,-1.861,
150,-0.93,-2.269,
151,-0.052,-0.122,
152,-1.421,-0.513,
153,0.126,-0.546,
154,-0.598,-0.152,
155,-0.754,-0.932,
156,0.069,-0.233,
157,-0.43,-0.76,
158,0.126,-0.564,
159,-0.323,-0.547,
160,-1.094,-0.469,
161,-0.132,-0.393,
162,-0.041,-0.347,
163,0.438,-1.279,
