1,0.748,-0.02,
2,-0.599,0.78,
3,1.075,-0.522,
4,-0.378,-0.08,
5,0.838,-0.261,
6,-0.165,1.456,
7,1.222,-0.431,
8,0.757,-0.711,
9,1.372,-0.09,
10,-0.339,-0.128,
11,-2.196,0.051,
12,0.383,1.112,
13,0.235,-0.034,
14,0.868,0.793,
15,-0.657,0.092,
16,0.23,-0.18,
17,-0.763,0.374,
18,-0.109,0.364,
19,-0.928,-0.686,
20,-0.486,-0.204,
21,-0.756,-1.217,
22,-0.047,-0.42,
23,-0.671,-0.754,
24,-0.437,0.531,
25,0.066,0.157,
26,0.767,-0.093,
27,1.387,0.25,
28,1.191,-0.171,
29,0.984,1.004,
30,0.859,0.196,
31,-0.419,0.167,
32,1.257,-0.788,
33,-0.646,-2.334,
34,-0.866,0.53,
35,0.152,0.505,
36,0.053,0.571,
37,-0.561,-0.698,
38,0.06,-1.339,
39,-0.426,-0.105,
40,-0.855,-0.111,
41,0.633,-0.721,
42,-0.233,-0.78,
43,0.767,-0.278,
44,0.22,0.508,
45,0.271,0.224,
46,0.672,0.208,
47,-0.851,-0.12,
48,-0.561,0.545,
49,-0.755,0.091,
50,0.311,-0.327,
51,0.56,-0.292,
52,0.249,-0.074,
53,-0.612,1.412,
54,1.882,-0.177,
55,-0.02,-0.525,
56,1.192,0.101,
57,-0.363,1.235,
58,1.203,1.229,
59,0.614,-0.565,
60,-0.121,1.033,
61,-0.966,-0.656,
62,1.356,-0.34,
63,-0.009,0.169,
64,-0.273,-1.513,
65,-0.207,0.506,
66,-1.021,0.085,
67,-0.326,-0.607,
68,0.03,0.018,
69,-1.54,0.704,
70,0.688,1.405,
71,-0.245,-0.139,
72,-0.189,0.081,
73,-0.313,-0.351,
74,0.67,0.006,
75,-0.151,0.887,
76,0.298,-0.258,
77,-0.569,0.02,
78,0.258,1.246,
79,-0.313,0.368,
80,-0.809,-0.156,
81,-0.253,-0.226,
82,-1.233,0.271,
83,0.585,0.104,
84,0.228,-0.133,
85,-0.968,1.471,
86,-0.372,-0.598,
87,0.335,-1.282,
88,0.401,0.088,
89,1.416,-1.158,
90,0.108,-0.486,
91,0.744,1.585,
92,0.534,-0.071,
93,0.924,0.54,
94,0.752,0.279,
95,-0.21,1.64,
96,1.919,-1.171,
97,1.164,0.706,
98,-0.55,0.106,
99,-0.742,1.596,
100,2.301,-2.019,
101,0.32,-1.698,
102,-0.273,-0.644,
103,-0.228,0.281,
104,0.495,-0.356,
105,0.828,-0.422,
106,0.027,-1.41,
107,0.124,0.79,
108,-0.298,-0.238,
109,-0.776,-0.464,
110,-0.189,-0.288,
111,0.891,0.845,
112,0.022,-0.354,
113,0.011,0.595,
114,0.16,0.892,
115,-0.598,-0.608,
116,0.831,-1.016,
117,0.184,0.07,
118,0.807,-1.187,
119,1,0.59,
120,0.122,0.291,
121,0.136,0.126,
122,-1.049,1.003,
123,0.648,1.065,
124,0.442,0.108,
125,-0.035,1.334,
126,0.862,-0.576,
127,0.464,0.894,
128,0.359,0.657,
129,0.678,0.468,
130,1.058,0.442,
131,0.764,0.959,
132,0.019,0.166,
133,0.048,-0.576,
134,0.191,0.499,
135,-0.649,0.527,
136,-0.302,-0.338,
137,-0.243,-0.261,
138,0.423,0.49,
139,-0.276,-0.873,
140,-0.38,1.088,
141,-0.904,-0.129,
142,0.461,-0.63,
143,0.637,-1.152,
144,0.745,-0.442,
145,-0.318,-0.182,
146,0.132,0.222,
147,-1.258,0.177,
148,-1.006,-0.235,
149,0.238,-0.516,
150,0.701,-1.309,
151,0.03,1.034,
152,0.314,0.059,
153,1.187,-0.735,
154,-0.614,0.137,
155,0.845,-0.734,
156,-0.329,-0.542,
157,-1.195,-0.578,
158,0.203,0.199,
159,0.236,0.21,
160,0.048,1.509,
161,0.34,-0.052,
162,-1.06,-0.38,
163,-0.752,-1.121,
