1,1.64,-0.064,
2,1.331,-0.293,
3,1.612,-0.369,
4,1.519,-0.608,
5,1.271,0.083,
6,-0.21,0.629,
7,2.169,0.454,
8,2.097,0.083,
9,1.401,-0.855,
10,0.771,0.144,
11,1.767,-0.16,
12,1.942,-0.553,
13,1.899,0.296,
14,0.878,0.216,
15,0.894,-0.39,
16,1.088,-0.665,
17,0.99,-0.086,
18,1.089,-0.328,
19,0.714,-0.091,
20,1.285,-0.827,
21,1.579,-1.072,
22,1.434,-0.495,
23,0.281,-0.702,
24,1.232,-0.469,
25,1.042,0.133,
26,1.954,-0.146,
27,1.963,-0.659,
28,1.854,-0.297,
29,1.735,0.15,
30,1.192,0.027,
31,1.456,0.244,
32,1.632,-0.635,
33,1.902,-0.935,
34,0.409,-0.483,
35,1.954,1.031,
36,0.492,-0.263,
37,1.455,-0.54,
38,1.128,0.125,
39,1.13,-0.169,
40,1.365,-0.436,
41,1.994,-0.117,
42,1.969,0.268,
43,1.499,-0.224,
44,1.566,0.031,
45,1.319,0.233,
46,1.055,-0.366,
47,0.85,-0.837,
48,2.021,0.09,
49,1.099,-1.201,
50,0.913,-1.104,
51,1.565,-0.194,
52,1.311,-0.178,
53,1.213,-0.104,
54,1.643,0.292,
55,1.16,-0.804,
56,1.298,0.034,
57,1.216,0.478,
58,1.167,0.02,
59,1.63,-1.086,
60,1.355,-0.068,
61,1.564,0.442,
62,2.321,-0.054,
63,1.502,0.198,
64,0.507,-1.316,
65,1.986,-0.413,
66,1.492,0.295,
67,1.542,-0.661,
68,1.39,-0.444,
69,1.458,0.123,
70,1.694,-0.789,
71,1.204,-0.629,
72,1.545,-0.203,
73,1.387,-0.346,
74,1.896,-0.319,
75,1.06,-0.342,
76,1.715,-0.933,
77,1.534,-0.213,
78,1.12,-0.213,
79,0.485,-0.442,
80,0.855,-1.176,
81,0.582,-0.567,
82,1.336,-0.464,
83,1.549,-0.557,
84,1.308,-0.398,
85,2.001,0.043,
86,0.931,-0.653,
87,1.43,-1.267,
88,1.426,-0.732,
89,2.26,-0.328,
90,0.852,-0.603,
91,1.931,0.545,
92,1.712,-0.67,
93,0.975,0.13,
94,1.271,-0.836,
95,1.298,-0.553,
96,2.074,-1.168,
97,1.54,-0.773,
98,0.776,-0.906,
99,1.648,-0.35,
100,1.273,-0.906,
101,1.048,-0.277,
102,1.076,-0.726,
103,1.25,0.44,
104,1.395,-0.621,
105,1.421,-0.627,
106,2.354,-0.195,
107,2.241,0.601,
108,1.24,-0.567,
109,1.39,-0.283,
110,1.791,-0.223,
111,1.18,-0.192,
112,0.563,-0.449,
113,1.293,-0.282,
114,1.482,-0.722,
115,0.813,-1.671,
116,1.75,-0.967,
117,1.895,-0.197,
118,1.401,-0.478,
119,1.472,-0.208,
120,1.287,-0.635,
121,1.356,0.033,
122,1.844,-0.099,
123,1.474,-1.051,
124,2.064,-0.749,
125,0.534,-0.819,
126,2.078,-0.623,
127,1.629,-0.642,
128,1.345,-0.221,
129,1.821,-0.054,
130,2.418,-0.526,
131,1.673,0.568,
132,1.12,-0.334,
133,1.218,-0.813,
134,0.725,-0.268,
135,0.937,-0.938,
136,1.622,-0.602,
137,0.699,-0.391,
138,1.216,-0.602,
139,1.058,-0.957,
140,1.697,-0.026,
141,1.328,-1.133,
142,1.165,-1.055,
143,1.026,0.006,
144,1.128,0.156,
145,1.215,-0.632,
146,2.312,0.047,
147,1.141,-0.547,
148,0.808,-0.719,
149,1.03,-2.909,
150,0.83,-0.37,
151,1.996,0.355,
152,1.309,-0.107,
153,1.443,-0.915,
154,0.803,-0.747,
155,0.832,-0.718,
156,1.1,-0.982,
157,0.85,-0.968,
158,1.74,-0.403,
159,1.628,-0.714,
160,1.225,0.269,
161,1.604,-0.695,
162,0.749,-0.541,
163,1.812,-1.371,
