1,1.706,-0.069,
2,-0.418,0.962,
3,1.653,-0.939,
4,-0.037,-0.554,
5,1.261,-0.336,
6,0.217,2.129,
7,2.615,0.398,
8,1.746,-0.194,
9,1.766,-0.227,
10,-0.218,-0.236,
11,-2.13,0.517,
12,1.039,1.238,
13,0.904,0.216,
14,1.287,1.836,
15,-0.839,-0.194,
16,-0.021,-0.434,
17,-0.472,0.336,
18,0.236,0.262,
19,-0.81,-1.188,
20,-0.381,-0.809,
21,-0.426,-2.057,
22,0.278,-0.78,
23,-1.144,-0.946,
24,-0.137,0.459,
25,-0.072,0.172,
26,1.423,-0.239,
27,2.39,-0.03,
28,1.983,-0.338,
29,2.064,1.395,
30,1.062,0.071,
31,-0.22,0.362,
32,1.683,-1.046,
33,-0.442,-2.814,
34,-1.443,0.783,
35,0.825,0.945,
36,-0.063,0.404,
37,-0.474,-1.084,
38,0.235,-1.645,
39,-0.809,0.541,
40,-0.543,-0.108,
41,1.508,-0.734,
42,-0.109,-0.833,
43,1.427,-0.369,
44,0.612,0.657,
45,0.538,0.499,
46,0.488,0.453,
47,-1.11,-0.259,
48,-0.371,0.872,
49,-0.845,-0.768,
50,0.763,-0.992,
51,1.525,-0.357,
52,0.629,-0.19,
53,-0.475,2.191,
54,2.849,0.063,
55,0.724,-0.722,
56,2.096,-0.096,
57,-0.03,2.201,
58,1.806,1.508,
59,0.864,-1.435,
60,0.364,1.598,
61,-1.079,-0.017,
62,2.727,0.477,
63,0.792,0.376,
64,-0.815,-2.507,
65,0.438,0.58,
66,-0.647,0.097,
67,0.535,-0.846,
68,-0.708,-0.031,
69,-2.836,1.314,
70,1.501,1.554,
71,0.135,-0.18,
72,0.095,0.041,
73,-0.093,-1.12,
74,1.219,-0.161,
75,-0.07,1.878,
76,0.968,-0.795,
77,-0.117,-0.008,
78,0.575,0.981,
79,-0.23,0.187,
80,-0.997,-0.697,
81,-0.079,-0.561,
82,-1.633,0.069,
83,1.303,-0.518,
84,0.463,-0.302,
85,-0.042,2.348,
86,-0.783,-1.382,
87,0.822,-2.177,
88,0.539,0.483,
89,2.231,-1.307,
90,0.125,-1.016,
91,1.457,2.206,
92,1.35,-0.296,
93,1.458,0.836,
94,1.362,-0.3,
95,-0.062,1.912,
96,3.531,-1.684,
97,1.724,0.703,
98,-0.403,0.149,
99,-0.391,1.879,
100,2.935,-3.414,
101,0.812,-1.81,
102,-0.016,-1.031,
103,-0.315,1.042,
104,0.89,-0.577,
105,1.718,-0.393,
106,1.312,-1.453,
107,1.35,1.556,
108,-0.344,-0.704,
109,-0.436,-0.329,
110,-0.242,-0.614,
111,1.438,1.553,
112,0.279,-0.107,
113,0.523,0.622,
114,0.664,0.858,
115,-0.677,-1.496,
116,1.443,-1.59,
117,1.175,-1.393,
118,1.563,-1.414,
119,1.629,0.75,
120,0.429,0.076,
121,0.566,1.081,
122,-1.177,0.852,
123,1.349,0.81,
124,1.193,-0.288,
125,-0.16,1.457,
126,1.762,-0.785,
127,0.967,0.989,
128,1.075,0.487,
129,1.281,0.775,
130,2.185,0.148,
131,1.161,1.425,
132,0.488,0.181,
133,0.359,-0.716,
134,0.379,0.477,
135,-1.184,-0.022,
136,0.5,-0.616,
137,-0.194,-0.543,
138,0.971,0.384,
139,0.49,-1.44,
140,0.402,1.219,
141,-0.38,-0.824,
142,1.01,-0.94,
143,0.766,-1.07,
144,0.868,0.285,
145,-0.296,0.277,
146,0.829,-0.094,
147,-1.301,-0.049,
148,-1.65,-0.824,
149,0.156,-1.372,
150,1.756,-1.711,
151,0.521,1.73,
152,0.994,-0.029,
153,1.426,-1.446,
154,-0.703,-0.061,
155,1.126,-1.14,
156,-0.688,-1.667,
157,-2.815,-0.909,
158,0.95,0.118,
159,1.06,0.132,
160,0.731,1.895,
161,0.446,-0.058,
162,-1.682,-1.002,
163,-0.396,-1.654,
