1,1.597,-0.206,
2,1.363,-0.601,
3,1.424,-0.331,
4,1.6,-0.507,
5,1.404,-0.039,
6,-0.089,0.01,
7,1.817,0.272,
8,1.917,-0.046,
9,1.206,-0.909,
10,0.887,0.24,
11,1.921,-0.07,
12,1.794,-0.662,
13,1.928,0.064,
14,0.947,-0.106,
15,1.103,-0.536,
16,1.318,-0.75,
17,0.992,-0.186,
18,1.2,-0.407,
19,1.099,-0.071,
20,1.429,-0.572,
21,1.496,-0.641,
22,1.345,-0.513,
23,0.831,-0.692,
24,1.351,-0.507,
25,1.199,-0.04,
26,1.789,-0.032,
27,1.804,-0.563,
28,1.671,-0.284,
29,1.565,-0.037,
30,1.228,0.14,
31,1.442,0.204,
32,1.5,-0.678,
33,1.735,-0.614,
34,0.629,-0.631,
35,1.862,0.779,
36,0.73,-0.323,
37,1.531,-0.459,
38,1.317,-0.05,
39,1.38,-0.26,
40,1.371,-0.446,
41,1.899,-0.079,
42,1.896,0.193,
43,1.568,-0.244,
44,1.654,-0.012,
45,1.477,0.032,
46,1.199,-0.457,
47,0.904,-0.832,
48,2.234,-0.14,
49,1.162,-1.012,
50,0.895,-0.911,
51,1.528,-0.279,
52,1.323,-0.213,
53,1.495,-0.442,
54,1.516,0.169,
55,1.125,-0.936,
56,1.211,-0.055,
57,1.32,-0.108,
58,1.146,-0.019,
59,1.39,-0.888,
60,1.33,-0.355,
61,1.766,0.018,
62,1.86,-0.157,
63,1.435,0.002,
64,0.782,-1.086,
65,1.852,-0.525,
66,1.645,0.24,
67,1.238,-0.7,
68,1.448,-0.373,
69,1.555,0.123,
70,1.548,-0.722,
71,1.259,-0.629,
72,1.674,-0.283,
73,1.354,-0.211,
74,1.831,-0.306,
75,1.242,-0.52,
76,1.533,-0.646,
77,1.421,-0.358,
78,1.171,-0.253,
79,0.533,-0.414,
80,1.217,-1.088,
81,1.332,-0.463,
82,1.676,-0.38,
83,1.584,-0.459,
84,1.312,-0.416,
85,1.833,-0.277,
86,1.141,-0.179,
87,1.421,-0.982,
88,1.59,-0.702,
89,1.861,-0.341,
90,1.158,-0.518,
91,1.593,0.153,
92,1.556,-0.68,
93,0.981,0.069,
94,1.19,-0.376,
95,1.43,-0.697,
96,1.701,-0.918,
97,1.724,-0.618,
98,0.8,-1.047,
99,1.621,-0.467,
100,1.14,-0.542,
101,1.189,-0.176,
102,1.317,-0.641,
103,1.273,0.223,
104,1.411,-0.558,
105,1.352,-0.639,
106,1.949,-0.09,
107,1.898,0.482,
108,1.29,-0.574,
109,1.423,-0.34,
110,1.939,-0.206,
111,1.222,-0.33,
112,0.513,-0.734,
113,1.335,-0.388,
114,1.384,-0.769,
115,1.228,-1.612,
116,1.636,-0.814,
117,1.823,-0.175,
118,1.334,-0.531,
119,1.404,-0.382,
120,1.361,-0.592,
121,1.261,-0.232,
122,1.948,-0.21,
123,1.248,-1.245,
124,1.91,-0.713,
125,0.843,-0.866,
126,1.774,-0.621,
127,1.69,-0.751,
128,1.262,-0.153,
129,1.63,-0.316,
130,2.075,-0.449,
131,1.748,0.573,
132,1.038,-0.394,
133,1.191,-0.674,
134,0.965,-0.215,
135,1.036,-0.923,
136,1.6,-0.535,
137,0.825,-0.294,
138,1.133,-0.577,
139,0.96,-0.95,
140,1.477,-0.113,
141,1.298,-1.066,
142,1.157,-0.936,
143,1.236,0.014,
144,1.138,-0.129,
145,1.173,-0.708,
146,2.192,0.009,
147,1.37,-0.465,
148,1.044,-0.416,
149,1.233,-2.732,
150,0.488,-0.265,
151,2.098,0.081,
152,1.14,-0.025,
153,1.573,-0.762,
154,1.008,-0.685,
155,0.822,-0.595,
156,1.135,-0.526,
157,1.081,-0.8,
158,1.711,-0.206,
159,1.581,-0.676,
160,1.121,0.091,
161,1.577,-0.66,
162,1.011,-0.321,
163,2.087,-1.115,
