1,-0.44,-0.383,
2,-0.378,-0.015,
3,0.558,-0.311,
4,-0.27,0.279,
5,-0.01,-0.361,
6,0.068,0.102,
7,0.362,-0.299,
8,-0.023,-0.559,
9,1.751,-0.053,
10,-0.021,-0.187,
11,-0.215,-0.358,
12,0.463,0.155,
13,0.029,0.094,
14,0.074,-0.341,
15,-0.323,0.166,
16,0.725,-0.266,
17,-0.228,-0.249,
18,0.128,0.42,
19,-0.648,0.541,
20,-0.121,0.127,
21,0.029,0.046,
22,0.155,0.071,
23,0.261,-1.001,
24,-0.261,-0.312,
25,0.371,-0.381,
26,-0.877,-0.782,
27,-0.825,-0.257,
28,0.381,-0.013,
29,0.042,0.62,
30,0.672,0.306,
31,-0.185,-0.459,
32,0.293,-0.253,
33,-0.561,-0.125,
34,0.213,-0.936,
35,-0.21,0.093,
36,0.476,0.342,
37,0.682,0.232,
38,0.297,-0.231,
39,0.5,-0.373,
40,0.491,-0.222,
41,0.245,0.776,
42,0.123,0.291,
43,0.441,0.636,
44,0.139,-0.595,
45,-0.172,0.019,
46,-0.139,0.003,
47,0.082,0.644,
48,-0.394,-0.535,
49,0.158,-0.387,
50,0.644,0.369,
51,-0.538,-0.716,
52,-0.375,0.55,
53,-0.412,0.759,
54,-0.373,-0.111,
55,-0.269,0.158,
56,-0.515,0.312,
57,0.263,0.006,
58,-0.933,0.187,
59,0.079,-0.373,
60,-0.015,0.086,
61,-0.614,-0.074,
62,0.232,-0.201,
63,0.715,0.897,
64,0.106,0.699,
65,0.173,0.206,
66,0.47,0.219,
67,0.784,0.739,
68,0.265,-0.201,
69,0.297,-0.019,
70,0.505,-0.458,
71,0.655,-0.278,
72,0.063,-0.727,
73,1.078,0.121,
74,1.01,-0.06,
75,0.255,0.677,
76,0.246,-0.957,
77,0.091,1.064,
78,0.378,0.51,
79,0.549,0.701,
80,-0.071,0.525,
81,-0.312,-0.613,
82,-0.05,0.68,
83,0.155,0.166,
84,0.337,0.213,
85,-0.053,0.04,
86,0.666,-0.37,
87,0.038,-0.25,
88,0.098,0.322,
89,-0.994,0.32,
90,-0.658,0.562,
91,0.042,0.244,
92,0.001,-0.021,
93,0.758,1.049,
94,-0.458,0.894,
95,0.775,-0.222,
96,0.126,-0.526,
97,-0.369,-0.193,
98,-0.01,-1.016,
99,0.443,0.035,
100,0.264,-0.79,
101,-0.247,-0.214,
102,-0.223,-0.323,
103,0.136,-0.813,
104,0.606,-0.358,
105,-0.382,0.844,
106,0.044,-0.969,
107,-0.295,-0.374,
108,0.624,-0.63,
109,0.109,-0.986,
110,-0.836,-1.567,
111,0.121,-0.265,
112,1.121,0.037,
113,0.212,0.107,
114,-0.04,0.07,
115,-0.108,0.439,
116,-0.255,-0.138,
117,1.308,-0.302,
118,0,-0.004,
119,0.226,0.037,
120,-0.205,-0.011,
121,-0.043,-0.19,
122,0.211,0.086,
123,0.084,-0.208,
124,-0.521,-0.156,
125,0.341,0.148,
126,0.171,-0.304,
127,0.227,-0.08,
128,-0.433,0.438,
129,0.348,0.092,
130,-0.072,0.072,
131,0.463,-0.327,
132,-0.107,0.526,
133,0.051,-0.772,
134,-0.5,0.516,
135,-0.423,-0.091,
136,0.06,-0.263,
137,0.479,0.179,
138,-0.065,0.076,
139,-0.179,0.38,
140,-0.594,-0.191,
141,-0.415,0.359,
142,0.505,-0.416,
143,0.113,-0.218,
144,0.753,-0.744,
145,-0.39,0.514,
146,-0.389,0.009,
147,-0.1,0.209,
148,-1.074,-0.412,
149,0.03,-0.194,
150,0.534,-1.033,
151,-0.149,0.178,
152,0.571,-0.472,
153,0.067,-0.009,
154,-0.814,0.29,
155,0.013,-0.376,
156,0.308,0.588,
157,0.375,0.161,
158,-0.113,0.085,
159,0.177,0.553,
160,-0.364,0.061,
161,-0.138,-0.102,
162,0.659,0.56,
163,0.246,-0.348,
