1,0.424,-0.575,
2,0.422,-0.57,
3,1.604,-0.216,
4,0.775,0.273,
5,-0.957,-0.093,
6,-3.086,1.784,
7,0.707,-1.118,
8,-0.998,-0.218,
9,0.005,-0.829,
10,0.045,0.904,
11,1.007,-1.124,
12,-0.04,-1.409,
13,-1.152,0.452,
14,-2.355,-0.178,
15,-1.43,-2.766,
16,0.448,-0.297,
17,-1.546,-0.311,
18,0.778,0.07,
19,0.584,-0.041,
20,-1.143,-0.424,
21,0.91,0.392,
22,-1.126,-1.089,
23,0.08,0.769,
24,-0.278,0.624,
25,0.256,0.204,
26,-1.089,0.09,
27,0.507,0.128,
28,1.562,-1.221,
29,-0.565,0.449,
30,1.031,-0.599,
31,0.019,-0.249,
32,0.003,-0.731,
33,-0.42,-0.033,
34,-0.423,-0.097,
35,0.096,0.903,
36,2.079,-0.227,
37,-0.462,0.093,
38,1.709,-0.519,
39,2.019,-0.227,
40,-0.011,-0.881,
41,0.288,0.15,
42,1.565,0.169,
43,-0.537,-0.02,
44,0.295,0.037,
45,-1.428,1.239,
46,0.448,0.452,
47,-0.604,0.146,
48,0.884,-1.696,
49,0.212,-0.102,
50,1.311,-0.427,
51,-0.643,-1.59,
52,-0.108,0.095,
53,1.313,-0.263,
54,0.355,0.436,
55,-0.764,0.014,
56,1.496,0.059,
57,0.216,0.072,
58,0.018,0.916,
59,-0.24,0.157,
60,0.193,-0.051,
61,-0.136,-0.301,
62,2.886,-1.02,
63,0.766,-0.043,
64,-0.285,-1.612,
65,1.673,0.792,
66,-0.39,0.315,
67,0.749,-0.049,
68,1.805,-0.538,
69,1.269,0.234,
70,0.388,0.306,
71,2.283,0.548,
72,0.164,-0.987,
73,-1.246,-0.284,
74,-0.056,0.132,
75,-1.868,-1.72,
76,-0.315,-1.579,
77,0.122,0.056,
78,0.066,0.327,
79,-0.224,1.324,
80,-0.749,-1.353,
81,-0.292,0.23,
82,-2.188,-0.297,
83,-0.901,-0.968,
84,0.792,2.076,
85,0.434,-0.594,
86,-0.013,-2.022,
87,-1.334,0.335,
88,0.634,-2.725,
89,1.957,-2.013,
90,0.165,-0.825,
91,0.089,-0.082,
92,0.377,0.291,
93,0.95,-1.758,
94,1.34,0.195,
95,-0.724,-1.607,
96,-0.247,1.028,
97,0.421,-0.524,
98,0.384,1.827,
99,0.729,0.702,
100,1.389,0.336,
101,0.307,-0.059,
102,-0.734,0.385,
103,1.709,0.935,
104,-0.347,-0.153,
105,-0.977,0.161,
106,-0.607,-0.482,
107,0.465,1.343,
108,1.216,-2.189,
109,0.347,-0.638,
110,0.344,-0.204,
111,0.945,0.102,
112,0.333,-0.597,
113,0.514,-0.149,
114,-1.618,-0.387,
115,-0.213,0.485,
116,-0.634,-0.076,
117,0.975,0.729,
118,0.435,1.44,
119,-0.713,-0.98,
120,0.657,-1.218,
121,-0.681,-0.74,
122,1.021,-0.591,
123,-1.085,-0.207,
124,0.189,0.145,
125,0.294,-2.734,
126,0.29,-0.952,
127,0.256,-1.196,
128,-0.28,1.036,
129,-0.414,-0.921,
130,2.274,-0.649,
131,0.149,-0.972,
132,-0.408,0.28,
133,-0.072,0.555,
134,-1.115,-0.892,
135,0.649,-2.046,
136,1.068,0.387,
137,0.883,0.296,
138,0.127,0.009,
139,0.633,1.37,
140,-0.397,0.376,
141,0.799,1.348,
142,1.464,-0.036,
143,0.913,-0.651,
144,0.556,-0.747,
145,0.284,-0.719,
146,0.137,0.45,
147,1.229,-0.274,
148,1.012,-0.628,
149,1.022,-0.141,
150,1.057,-0.951,
151,-0.616,-0.233,
152,-0.285,-0.8,
153,0.641,-0.615,
154,0.516,0.134,
155,0.194,-0.218,
156,-0.876,0.02,
157,0.28,-1.853,
158,0.268,-1.566,
159,0.152,0.176,
160,-0.185,0.503,
161,0.217,-0.754,
162,-0.548,0.16,
163,1.034,-1.327,
