1,-0.05,-0.416,
2,0.26,-0.022,
3,1.595,0.396,
4,0.359,0.68,
5,-0.235,0.301,
6,-2.34,1.332,
7,0.576,-0.87,
8,-1.117,-0.042,
9,0.211,-0.414,
10,0.103,0.664,
11,0.905,-1.028,
12,0.023,-0.652,
13,-0.916,-0.139,
14,-1.06,-1.017,
15,-0.974,-2.074,
16,0.366,-0.066,
17,-1.134,0.079,
18,0.236,0.356,
19,0.054,0.399,
20,-0.81,-0.012,
21,0.254,0.721,
22,-0.93,-0.21,
23,-0.114,0.392,
24,-0.504,1.013,
25,0.439,-0.025,
26,-0.214,0.259,
27,0.385,0.688,
28,1.05,-0.55,
29,-0.571,0.432,
30,0.647,-0.043,
31,0.096,-0.159,
32,-0.059,-0.481,
33,0.065,0.153,
34,-0.201,0.13,
35,-0.133,0.474,
36,1.385,0.543,
37,-0.009,0.221,
38,0.825,-0.339,
39,1.239,-0.03,
40,-0.109,-0.5,
41,0.298,0.067,
42,0.856,-0.292,
43,-1.16,0.009,
44,0.194,-0.217,
45,-0.782,0.817,
46,0.212,0.26,
47,-0.318,0.185,
48,0.221,-1.212,
49,-0.006,0.059,
50,1.116,-0.131,
51,-0.991,-0.687,
52,0.085,0.508,
53,0.481,-0.027,
54,0.421,0.327,
55,-0.476,0.315,
56,1.004,-0.018,
57,0.069,0.034,
58,-0.112,0.664,
59,-0.558,-0.149,
60,-0.318,-0.035,
61,-0.279,-0.317,
62,2.067,-0.71,
63,0.509,0.321,
64,-0.055,-0.945,
65,1.522,0.681,
66,-0.358,0.19,
67,0.519,0.127,
68,1.422,-0.279,
69,1.05,0.306,
70,0.176,0.226,
71,1.581,0.241,
72,0.007,-0.723,
73,-0.802,0.214,
74,-0.346,0.382,
75,-1.246,-0.846,
76,0.083,-0.631,
77,0.107,0.186,
78,-0.026,0.578,
79,-0.062,1.271,
80,-0.856,-0.753,
81,-0.03,0.202,
82,-1.02,-0.037,
83,-0.644,-0.485,
84,0.711,1.196,
85,0.079,-0.522,
86,-0.122,-1.452,
87,-1.17,0.281,
88,0.691,-1.76,
89,0.652,-0.003,
90,0.032,-0.284,
91,-0.008,0.226,
92,0.211,0.247,
93,0.736,-0.793,
94,0.977,0.095,
95,-0.411,-0.681,
96,-0.211,0.191,
97,-0.039,-0.399,
98,0.361,0.844,
99,0.455,0.715,
100,1.322,0.091,
101,-0.123,-0.124,
102,-0.78,0.71,
103,1.233,0.442,
104,-0.758,-0.057,
105,-0.706,0.267,
106,-0.746,-0.65,
107,0.326,1.116,
108,0.371,-1.328,
109,0.152,-0.544,
110,0.255,-0.394,
111,0.872,-0.213,
112,0.41,-0.458,
113,0.15,0.117,
114,-1.107,-0.127,
115,-0.433,0.708,
116,-0.137,-0.09,
117,0.514,0.95,
118,0.146,0.816,
119,-0.504,-0.791,
120,0.435,-0.758,
121,-0.73,-0.729,
122,0.482,-0.309,
123,-0.828,0.17,
124,0.039,0.321,
125,0.379,-1.927,
126,-0.165,-0.821,
127,-0.006,-0.665,
128,0.084,0.738,
129,-0.264,-0.756,
130,1.659,-0.419,
131,-0.226,-0.773,
132,-0.393,0.386,
133,-0.179,0.304,
134,-1.126,-0.709,
135,0.744,-1.138,
136,0.422,0.547,
137,0.422,0.183,
138,-0.047,-0.189,
139,0.322,1.046,
140,-0.079,0.226,
141,0.267,1.428,
142,0.852,-0.004,
143,0.324,-0.54,
144,0.859,-0.784,
145,0.728,-0.416,
146,0.029,-0.024,
147,0.891,-0.217,
148,0.47,-0.457,
149,0.301,-0.058,
150,0.481,-0.53,
151,-0.627,-0.237,
152,-0.203,-0.693,
153,0.169,-0.248,
154,0.476,0.518,
155,0.12,-0.23,
156,-0.497,0.134,
157,-0.197,-1.122,
158,0.098,-0.417,
159,-0.095,0.05,
160,-0.054,0.239,
161,0.238,-0.626,
162,-0.464,0.088,
163,0.835,-1.051,
