1,1.598,-0.193,
2,1.357,-0.596,
3,1.405,-0.354,
4,1.594,-0.521,
5,1.413,-0.064,
6,-0.085,0.019,
7,1.798,0.299,
8,1.883,-0.073,
9,1.2,-0.92,
10,0.888,0.232,
11,1.919,-0.075,
12,1.79,-0.661,
13,1.928,0.035,
14,0.952,-0.136,
15,1.094,-0.506,
16,1.301,-0.766,
17,0.976,-0.198,
18,1.2,-0.413,
19,1.106,-0.06,
20,1.422,-0.571,
21,1.476,-0.642,
22,1.323,-0.502,
23,0.846,-0.694,
24,1.353,-0.52,
25,1.195,-0.063,
26,1.764,-0.035,
27,1.793,-0.559,
28,1.657,-0.28,
29,1.552,-0.044,
30,1.232,0.142,
31,1.432,0.2,
32,1.493,-0.682,
33,1.718,-0.615,
34,0.628,-0.618,
35,1.849,0.753,
36,0.748,-0.331,
37,1.503,-0.46,
38,1.305,-0.058,
39,1.368,-0.272,
40,1.36,-0.44,
41,1.889,-0.083,
42,1.887,0.183,
43,1.557,-0.228,
44,1.648,-0.011,
45,1.474,0.022,
46,1.202,-0.44,
47,0.902,-0.832,
48,2.233,-0.153,
49,1.131,-0.996,
50,0.892,-0.9,
51,1.511,-0.298,
52,1.321,-0.22,
53,1.499,-0.442,
54,1.518,0.162,
55,1.121,-0.942,
56,1.209,-0.055,
57,1.307,-0.103,
58,1.146,-0.014,
59,1.363,-0.89,
60,1.328,-0.356,
61,1.77,0,
62,1.837,-0.171,
63,1.425,-0.009,
64,0.785,-1.081,
65,1.836,-0.528,
66,1.637,0.226,
67,1.223,-0.7,
68,1.441,-0.361,
69,1.541,0.131,
70,1.539,-0.702,
71,1.251,-0.628,
72,1.675,-0.281,
73,1.342,-0.217,
74,1.833,-0.307,
75,1.222,-0.515,
76,1.498,-0.634,
77,1.403,-0.366,
78,1.162,-0.251,
79,0.532,-0.406,
80,1.216,-1.084,
81,1.325,-0.451,
82,1.665,-0.375,
83,1.572,-0.453,
84,1.313,-0.414,
85,1.814,-0.273,
86,1.131,-0.181,
87,1.421,-0.972,
88,1.578,-0.685,
89,1.875,-0.341,
90,1.156,-0.519,
91,1.587,0.143,
92,1.544,-0.676,
93,0.974,0.085,
94,1.189,-0.358,
95,1.425,-0.677,
96,1.705,-0.91,
97,1.721,-0.605,
98,0.786,-1.042,
99,1.607,-0.46,
100,1.139,-0.547,
101,1.204,-0.176,
102,1.299,-0.638,
103,1.235,0.216,
104,1.398,-0.546,
105,1.34,-0.633,
106,1.916,-0.1,
107,1.899,0.477,
108,1.285,-0.578,
109,1.413,-0.344,
110,1.933,-0.203,
111,1.216,-0.329,
112,0.513,-0.732,
113,1.327,-0.382,
114,1.374,-0.754,
115,1.247,-1.608,
116,1.607,-0.803,
117,1.806,-0.177,
118,1.322,-0.533,
119,1.397,-0.384,
120,1.358,-0.598,
121,1.258,-0.232,
122,1.939,-0.221,
123,1.232,-1.24,
124,1.892,-0.711,
125,0.856,-0.846,
126,1.769,-0.612,
127,1.7,-0.742,
128,1.253,-0.135,
129,1.606,-0.317,
130,2.057,-0.442,
131,1.742,0.554,
132,1.033,-0.393,
133,1.179,-0.665,
134,0.972,-0.206,
135,1.032,-0.914,
136,1.575,-0.531,
137,0.833,-0.287,
138,1.137,-0.555,
139,0.942,-0.931,
140,1.465,-0.131,
141,1.283,-1.053,
142,1.152,-0.932,
143,1.247,0.018,
144,1.126,-0.135,
145,1.164,-0.704,
146,2.179,0.016,
147,1.371,-0.445,
148,1.042,-0.389,
149,1.23,-2.697,
150,0.485,-0.243,
151,2.087,0.093,
152,1.132,-0.012,
153,1.567,-0.749,
154,1.009,-0.667,
155,0.834,-0.579,
156,1.123,-0.493,
157,1.066,-0.807,
158,1.72,-0.216,
159,1.556,-0.649,
160,1.112,0.104,
161,1.575,-0.635,
162,1.033,-0.285,
163,2.061,-1.098,
