1,0.819,-0.419,
2,0.427,-0.927,
3,1.399,-0.187,
4,0.765,0.305,
5,-0.751,-0.178,
6,-2.864,2.057,
7,0.252,-0.568,
8,-0.777,-0.747,
9,-0.011,-0.74,
10,-0.03,1.052,
11,1.236,-0.951,
12,0.031,-1.684,
13,-0.955,0.853,
14,-2.199,-0.335,
15,-1.022,-2.639,
16,0.436,-0.595,
17,-1.379,-0.224,
18,1.125,-0.136,
19,0.731,-0.512,
20,-0.984,-0.734,
21,1.296,0.199,
22,-0.848,-1.548,
23,0.228,0.924,
24,-0.243,0.296,
25,0.014,0.084,
26,-1.064,0.31,
27,0.669,-0.391,
28,1.437,-1.673,
29,-0.453,0.263,
30,1.249,-0.722,
31,-0.01,-0.246,
32,0.052,-0.831,
33,-0.485,-0.191,
34,-0.372,-0.445,
35,0.195,1.274,
36,1.644,-0.599,
37,-0.095,0.053,
38,2.013,-0.64,
39,1.989,-0.504,
40,0.158,-1.05,
41,0.244,0.238,
42,1.579,0.169,
43,-0.287,-0.084,
44,0.358,0.224,
45,-1.699,1.29,
46,0.446,0.139,
47,-0.639,-0.204,
48,0.722,-1.336,
49,0.61,-0.301,
50,1.295,-0.611,
51,-0.124,-1.849,
52,-0.248,-0.431,
53,1.587,-0.502,
54,0.444,0.33,
55,-0.847,-0.402,
56,1.394,0.237,
57,0.23,-0.008,
58,0.188,0.97,
59,0.13,-0.011,
60,0.399,0.014,
61,-0.253,-0.429,
62,2.984,-1.199,
63,0.842,-0.403,
64,-0.305,-1.751,
65,1.392,0.747,
66,-0.181,0.351,
67,0.793,-0.323,
68,1.662,-0.943,
69,1.337,0.144,
70,0.455,-0.007,
71,2.255,0.598,
72,0.343,-0.932,
73,-1.257,-0.363,
74,0.107,0.137,
75,-1.647,-1.927,
76,-0.503,-1.656,
77,0.156,-0.037,
78,0.23,-0.015,
79,-0.432,0.992,
80,-0.474,-1.539,
81,-0.559,0.02,
82,-2.34,-0.556,
83,-0.7,-1.139,
84,0.909,2.015,
85,0.569,-0.497,
86,0.263,-1.952,
87,-1.129,0.147,
88,1.084,-2.824,
89,2.405,-2.446,
90,0.645,-1.171,
91,0.015,-0.097,
92,0.43,0.322,
93,0.698,-2.124,
94,1.152,0.042,
95,-0.789,-1.817,
96,-0.179,1.143,
97,0.765,-0.538,
98,0.124,1.744,
99,0.836,0.385,
100,1.13,0.2,
101,0.19,-0.051,
102,-0.425,0.045,
103,1.69,1.05,
104,-0.123,-0.231,
105,-0.839,-0.23,
106,-0.39,-0.502,
107,0.541,1.164,
108,1.553,-2.265,
109,0.389,-0.673,
110,0.514,-0.132,
111,0.692,0.249,
112,0.054,-0.58,
113,0.608,-0.391,
114,-1.532,-0.464,
115,-0.047,0.104,
116,-0.193,-0.335,
117,1.148,0.489,
118,0.502,1.547,
119,-0.621,-0.884,
120,0.722,-1.41,
121,-0.439,-0.899,
122,1.16,-0.651,
123,-0.973,-0.582,
124,0.225,-0.088,
125,0.288,-2.805,
126,0.48,-1.095,
127,-0.127,-1.584,
128,-0.281,0.644,
129,-0.322,-1.128,
130,2.051,-0.554,
131,0.272,-0.698,
132,-0.389,0.027,
133,0.053,0.51,
134,-0.801,-0.849,
135,0.549,-2.086,
136,1.454,0.058,
137,0.924,0.053,
138,-0.093,-0.212,
139,0.651,1.014,
140,-0.371,0.038,
141,0.768,0.957,
142,1.401,-0.213,
143,1.219,-0.634,
144,0.383,-0.68,
145,0.254,-0.888,
146,0.13,0.725,
147,0.926,-0.632,
148,0.945,-0.71,
149,1.292,-0.374,
150,1.04,-1.003,
151,-0.081,-0.428,
152,-0.265,-0.823,
153,1.015,-0.549,
154,0.344,-0.54,
155,0.085,-0.603,
156,-0.361,0.036,
157,0.713,-1.924,
158,0.404,-1.54,
159,0.215,-0.008,
160,-0.161,0.003,
161,0.003,-1.462,
162,-0.565,-0.133,
163,0.986,-1.656,
