1,-0.984,-0.244,
2,-0.075,-0.019,
3,0.396,-0.012,
4,0.034,0.029,
5,-0.604,-0.597,
6,0.069,-0.21,
7,0.246,-0.211,
8,0.104,-0.361,
9,0.147,-0.217,
10,-0.452,-0.039,
11,-0.183,0.132,
12,0.745,-0.043,
13,-0.045,-0.172,
14,0.174,-0.301,
15,0.051,-0.306,
16,0.13,-0.127,
17,-0.286,0.33,
18,-0.314,0.397,
19,-0.239,0.294,
20,-0.696,-0.083,
21,0.095,0.109,
22,-0.002,0.267,
23,-0.019,-0.204,
24,-0.2,0.237,
25,0.218,0.194,
26,0.313,-0.182,
27,0.025,0.351,
28,0.037,0.075,
29,-0.29,0.273,
30,0.622,0.442,
31,-0.075,-0.446,
32,0.313,0.03,
33,0.318,-0.143,
34,0.058,-0.081,
35,-0.188,0.035,
36,0.137,0.273,
37,0.052,0.089,
38,0.014,0.02,
39,0.707,0.102,
40,-0.347,-0.364,
41,0.028,-0.089,
42,-0.111,-0.059,
43,0.335,-0.156,
44,-0.096,-0.103,
45,0.179,0.008,
46,0.125,-0.067,
47,-0.057,-0.046,
48,0.216,-0.096,
49,-0.272,0.152,
50,-0.098,-0.099,
51,-0.307,-0.162,
52,0.257,-0.166,
53,0.128,0.155,
54,0.37,0.499,
55,0.323,-0.14,
56,-0.214,0.535,
57,-0.45,0.237,
58,-0.232,-0.308,
59,0.191,-0.016,
60,-0.185,0.157,
61,-0.061,0.102,
62,0.42,-0.139,
63,-0.741,-0.407,
64,0.011,-0.046,
65,0.115,-0.341,
66,0.244,-0.068,
67,-0.157,0.084,
68,0.12,0.025,
69,0.745,0.198,
70,-0.373,0.377,
71,0.108,0.089,
72,0.298,-0.093,
73,0.518,0.041,
74,0.369,0.131,
75,0.144,0.326,
76,0.216,-0.135,
77,0.103,0.302,
78,0.164,0.309,
79,0.118,0.048,
80,-0.14,0.108,
81,0.398,-0.166,
82,0.049,0.055,
83,0.163,0.099,
84,0.313,0.027,
85,-0.716,-0.242,
86,-0.309,-0.282,
87,-0.281,-0.219,
88,0.207,0.108,
89,0.199,0.036,
90,-0.068,0.066,
91,0.209,0.151,
92,-0.07,0.204,
93,-0.038,0.402,
94,0.214,0.183,
95,-0.435,0.391,
96,0.272,-0.296,
97,-0.01,-0.194,
98,-0.041,-0.265,
99,0.023,-0.488,
100,0.791,0.426,
101,0.264,0.021,
102,-0.224,0.214,
103,-0.653,-0.452,
104,0.184,0.284,
105,-0.115,0.056,
106,-0.951,-0.891,
107,-0.209,-0.063,
108,0.122,-0.098,
109,0.112,-0.399,
110,-0.049,-0.101,
111,-0.044,-0.326,
112,-0.346,0.056,
113,0.166,0.238,
114,0.41,0.633,
115,-0.072,0.339,
116,0.363,0.416,
117,0.207,-0.277,
118,0.17,-0.042,
119,0.016,-0.08,
120,0.066,-0.122,
121,-0.05,-0.248,
122,0.239,0.136,
123,-0.177,0.342,
124,-0.031,-0.459,
125,0.095,-0.15,
126,0.329,-0.053,
127,0.179,0.188,
128,-0.11,0.404,
129,0.455,0.189,
130,0.327,0.007,
131,-0.359,0.187,
132,0.417,-0.423,
133,0.031,-0.665,
134,-0.289,-0.079,
135,0.082,0.184,
136,0.141,0.201,
137,0.247,0.318,
138,0.478,0.132,
139,-0.061,-0.115,
140,-0.163,-0.083,
141,-0.5,0.562,
142,0.094,0.344,
143,-0.26,0.058,
144,0.991,-0.826,
145,0.072,-0.047,
146,-0.431,-0.148,
147,-0.01,0.177,
148,0.015,-0.047,
149,0.066,0.092,
150,-0.252,-0.24,
151,0.103,0.42,
152,0.326,-0.446,
153,0.191,-0.711,
154,-0.03,0.07,
155,-0.043,0.061,
156,-0.191,0.624,
157,0.088,-0.114,
158,-0.089,0.188,
159,-0.545,0.114,
160,-0.189,0.274,
161,0.092,-0.197,
162,-0.266,0.267,
163,0.268,-0.238,
