1,1.464,-0.383,
2,1.358,-0.515,
3,1.292,-0.386,
4,1.5,-0.455,
5,1.438,-0.142,
6,0.132,-0.229,
7,1.535,0.139,
8,1.702,-0.14,
9,1.192,-0.889,
10,0.875,0.258,
11,1.767,-0.014,
12,1.712,-0.577,
13,1.876,-0.118,
14,0.974,-0.26,
15,1.189,-0.668,
16,1.252,-0.83,
17,0.924,-0.186,
18,1.219,-0.397,
19,1.05,-0.07,
20,1.357,-0.486,
21,1.539,-0.614,
22,1.205,-0.44,
23,0.993,-0.671,
24,1.289,-0.486,
25,1.091,-0.198,
26,1.673,0.048,
27,1.77,-0.44,
28,1.365,-0.306,
29,1.426,-0.177,
30,1.262,0.15,
31,1.339,0.17,
32,1.463,-0.733,
33,1.571,-0.506,
34,0.594,-0.612,
35,1.69,0.601,
36,0.797,-0.277,
37,1.436,-0.419,
38,1.284,-0.152,
39,1.167,-0.496,
40,1.255,-0.424,
41,1.779,-0.143,
42,1.673,-0.03,
43,1.615,-0.103,
44,1.607,0.002,
45,1.426,-0.097,
46,1.179,-0.409,
47,0.817,-0.81,
48,2.07,-0.222,
49,1.138,-0.873,
50,0.915,-0.814,
51,1.384,-0.401,
52,1.309,-0.269,
53,1.673,-0.62,
54,1.447,0.04,
55,1.035,-0.993,
56,1.249,-0.105,
57,1.333,-0.229,
58,1.13,-0.004,
59,1.281,-0.872,
60,1.231,-0.342,
61,1.62,-0.019,
62,1.625,-0.223,
63,1.399,-0.107,
64,0.894,-0.942,
65,1.649,-0.502,
66,1.713,0.132,
67,1.086,-0.697,
68,1.478,-0.244,
69,1.552,0.121,
70,1.412,-0.525,
71,1.151,-0.581,
72,1.643,-0.294,
73,1.294,-0.249,
74,1.684,-0.289,
75,1.355,-0.543,
76,1.317,-0.558,
77,1.285,-0.43,
78,1.073,-0.394,
79,0.488,-0.336,
80,1.13,-1,
81,1.225,-0.381,
82,1.53,-0.306,
83,1.517,-0.377,
84,1.394,-0.347,
85,1.637,-0.221,
86,1.18,-0.114,
87,1.359,-0.931,
88,1.387,-0.505,
89,1.432,-0.359,
90,1.277,-0.556,
91,1.462,0.05,
92,1.442,-0.658,
93,0.969,0.214,
94,1.166,-0.179,
95,1.26,-0.668,
96,1.609,-0.751,
97,1.704,-0.478,
98,0.931,-0.942,
99,1.515,-0.44,
100,1.059,-0.478,
101,1.156,-0.142,
102,1.494,-0.663,
103,1.12,0.099,
104,1.377,-0.477,
105,1.156,-0.571,
106,1.606,-0.162,
107,1.754,0.307,
108,1.181,-0.599,
109,1.293,-0.422,
110,1.79,-0.285,
111,1.034,-0.246,
112,0.512,-0.697,
113,1.415,-0.431,
114,1.225,-0.683,
115,1.276,-1.602,
116,1.531,-0.768,
117,1.603,-0.132,
118,1.259,-0.393,
119,1.364,-0.377,
120,1.313,-0.585,
121,1.119,-0.231,
122,1.846,-0.274,
123,1.088,-1.205,
124,1.734,-0.657,
125,1.048,-0.818,
126,1.679,-0.52,
127,1.63,-0.721,
128,1.275,-0.119,
129,1.477,-0.36,
130,1.766,-0.374,
131,1.652,0.468,
132,0.953,-0.376,
133,1.096,-0.561,
134,1.079,-0.118,
135,1.024,-0.698,
136,1.577,-0.381,
137,0.838,-0.278,
138,1.076,-0.489,
139,1.036,-0.743,
140,1.296,-0.17,
141,1.161,-0.99,
142,1.077,-0.81,
143,1.39,0.104,
144,0.994,0.017,
145,1.139,-0.581,
146,2.016,0.018,
147,1.269,-0.396,
148,0.993,-0.347,
149,1.201,-2.382,
150,0.552,-0.335,
151,2.05,0.073,
152,1.067,0.018,
153,1.48,-0.568,
154,1.026,-0.589,
155,0.912,-0.58,
156,1.062,-0.374,
157,1.162,-0.472,
158,1.576,0.002,
159,1.418,-0.503,
160,1.12,-0.027,
161,1.508,-0.6,
162,1.119,-0.237,
163,2.189,-0.933,
