1,-0.262,-0.193,
2,-0.206,0.022,
3,0.518,-0.056,
4,-0.075,0.138,
5,-0.066,-0.284,
6,0.029,0.031,
7,0.236,-0.226,
8,0.068,-0.405,
9,1.132,-0.198,
10,-0.051,-0.144,
11,-0.194,-0.149,
12,0.419,0.061,
13,-0.063,-0.023,
14,0.16,-0.433,
15,-0.141,0.077,
16,0.493,-0.288,
17,-0.284,0.083,
18,-0.069,0.407,
19,-0.565,0.438,
20,-0.117,0.066,
21,0.056,0.084,
22,0.134,0.026,
23,0.188,-0.634,
24,-0.31,-0.058,
25,0.372,-0.176,
26,-0.282,-0.456,
27,-0.447,-0.083,
28,0.145,0.055,
29,-0.137,0.394,
30,0.61,0.341,
31,-0.046,-0.262,
32,0.129,-0.163,
33,-0.241,-0.017,
34,0.117,-0.496,
35,-0.161,0.167,
36,0.351,0.353,
37,0.351,0.089,
38,0.066,-0.156,
39,0.506,-0.372,
40,0.161,-0.165,
41,0.115,0.48,
42,0.138,-0.058,
43,0.38,0.273,
44,0.141,-0.329,
45,-0.095,0.03,
46,0.043,-0.036,
47,0.042,0.348,
48,-0.198,-0.357,
49,0.002,-0.123,
50,0.351,0.249,
51,-0.485,-0.416,
52,-0.131,0.332,
53,-0.224,0.434,
54,-0.047,-0.079,
55,-0.082,0.096,
56,-0.365,0.412,
57,0.134,0.012,
58,-0.514,0.158,
59,0.1,-0.177,
60,-0.064,0.123,
61,-0.364,-0.114,
62,0.254,-0.08,
63,0.306,0.528,
64,0.127,0.468,
65,0.068,0.107,
66,0.197,0.138,
67,0.427,0.448,
68,0.228,-0.143,
69,0.348,-0.006,
70,0.139,-0.345,
71,0.368,-0.17,
72,0.006,-0.362,
73,0.621,0.188,
74,0.697,0.011,
75,0.118,0.489,
76,0.222,-0.542,
77,-0.017,0.543,
78,0.259,0.417,
79,0.233,0.513,
80,-0.27,0.344,
81,-0.083,-0.37,
82,-0.014,0.434,
83,0.141,0.131,
84,0.38,0.185,
85,-0.376,0.004,
86,0.355,-0.406,
87,0.048,-0.24,
88,0.012,0.171,
89,-0.467,0.252,
90,-0.47,0.352,
91,0.149,0.279,
92,-0.011,0.011,
93,0.387,0.754,
94,-0.248,0.357,
95,0.342,-0.071,
96,0.197,-0.366,
97,-0.242,-0.256,
98,0.011,-0.557,
99,0.212,0.039,
100,0.206,-0.483,
101,-0.236,-0.129,
102,-0.153,0.013,
103,0.107,-0.51,
104,0.331,-0.102,
105,-0.076,0.549,
106,-0.246,-1.033,
107,-0.236,-0.364,
108,0.388,-0.397,
109,-0.054,-0.648,
110,-0.468,-0.86,
111,0.027,-0.3,
112,0.628,0.03,
113,0.118,0.177,
114,-0.002,0.111,
115,-0.172,0.5,
116,-0.206,-0.049,
117,0.815,-0.27,
118,-0.034,-0.037,
119,0.134,0.125,
120,-0.139,-0.036,
121,-0.079,-0.285,
122,0.186,0.075,
123,0.029,0.004,
124,-0.262,0.096,
125,0.205,0.01,
126,0.121,-0.251,
127,0.08,0.005,
128,-0.353,0.412,
129,0.393,0.125,
130,0.043,0.093,
131,0.213,-0.276,
132,-0.09,0.24,
133,-0.057,-0.508,
134,-0.481,0.321,
135,-0.158,0.04,
136,0.014,-0.179,
137,0.22,0.074,
138,0.052,0.092,
139,-0.085,0.235,
140,-0.374,-0.091,
141,-0.429,0.418,
142,0.265,-0.246,
143,0.174,-0.299,
144,0.819,-0.708,
145,-0.171,0.298,
146,-0.355,0.013,
147,-0.098,0.197,
148,-0.58,-0.315,
149,0.001,-0.096,
150,0.255,-0.601,
151,-0.068,0.199,
152,0.403,-0.258,
153,-0.017,-0.051,
154,-0.447,0.143,
155,0.17,-0.222,
156,0.026,0.533,
157,0.198,0.092,
158,-0.102,0.193,
159,0.01,0.346,
160,-0.229,0.177,
161,0.011,-0.166,
162,0.297,0.425,
163,0.224,-0.273,
