1,-1.076,-0.049,
2,0.441,0.073,
3,0.697,-0.098,
4,0.282,0.432,
5,-1.548,-0.541,
6,-1.405,0.059,
7,1.962,1.04,
8,0.765,-0.576,
9,0.601,-1.022,
10,-1.411,-0.825,
11,0.051,0.682,
12,1.414,0.212,
13,0.447,-0.518,
14,0.066,0.937,
15,-0.551,-0.479,
16,0.673,0.544,
17,0.478,0.511,
18,0.078,0.208,
19,0.154,-0.105,
20,-1.887,-1.022,
21,0.163,-0.503,
22,0.004,0.817,
23,0.275,-0.756,
24,-0.024,0.204,
25,0.144,1.328,
26,0.55,-0.185,
27,-0.03,0.293,
28,0.251,-0.092,
29,-0.198,0.91,
30,-0.154,0.196,
31,-0.115,-1.801,
32,1.427,0.599,
33,1.495,-0.585,
34,0.356,-0.532,
35,0.111,-0.525,
36,-0.022,0.332,
37,0.697,0.126,
38,-0.161,0.847,
39,1.702,1.352,
40,-0.421,-0.818,
41,0.106,-0.761,
42,0.59,0.401,
43,0.932,0.026,
44,-0.453,0.155,
45,0.384,0.199,
46,0.312,-0.633,
47,-0.406,-0.163,
48,0.944,0.324,
49,0.592,-0.164,
50,0.287,-0.137,
51,0.022,-0.638,
52,0.674,-0.496,
53,1.09,-0.856,
54,0.665,2.114,
55,0.971,-0.946,
56,0.454,-0.204,
57,-1.128,0.387,
58,-0.426,-1.164,
59,-0.085,0.023,
60,-0.097,0.204,
61,-0.461,0.272,
62,1.449,-0.471,
63,-0.67,-1.626,
64,-0.103,-0.586,
65,0.955,-1.361,
66,1.373,-0.268,
67,0.279,-0.24,
68,-0.269,0.291,
69,1.875,0.557,
70,-0.243,0.818,
71,0.353,0.439,
72,1.915,-0.816,
73,1.655,-1.144,
74,0.374,-0.279,
75,-0.595,-0.094,
76,1.985,-0.629,
77,0.928,0.374,
78,0.575,-0.748,
79,1.008,-0.884,
80,0.849,-0.287,
81,0.727,-1.074,
82,0.41,-0.185,
83,-0.204,-0.178,
84,0.434,-0.108,
85,-0.152,-0.604,
86,-1.042,-0.182,
87,-1.437,-1.487,
88,0.418,0.43,
89,1.602,0.18,
90,1.649,0.018,
91,0.411,0.042,
92,0.148,-0.656,
93,-0.537,0.689,
94,0.9,0.336,
95,-0.662,1.651,
96,0.902,-1.435,
97,0.897,-0.121,
98,0.118,-1.652,
99,-0.025,-1.881,
100,3.094,1.81,
101,1.053,0.913,
102,-0.404,-0.426,
103,-0.812,-0.89,
104,1.653,0.141,
105,-0.248,-0.143,
106,-2.02,-0.696,
107,0.277,0.169,
108,0.051,-0.389,
109,0.907,-0.529,
110,-0.489,-0.329,
111,-0.372,-1.556,
112,-0.619,-0.292,
113,0.741,0.233,
114,1.982,1.034,
115,0.279,0.299,
116,1.203,-0.057,
117,0.521,-1.45,
118,1.292,0.129,
119,-0.111,-1.126,
120,0.069,-1.177,
121,0.879,0.201,
122,1.137,-0.129,
123,-0.206,0.29,
124,0.151,-2.301,
125,0.382,-0.474,
126,1.409,0.768,
127,0.653,0.702,
128,0.49,0.048,
129,1.251,0.079,
130,0.815,-0.465,
131,-0.059,0.82,
132,1.816,-1.708,
133,0.685,-1.455,
134,0.176,-0.554,
135,0.261,0.335,
136,0.769,0.765,
137,0.429,0.38,
138,0.844,-0.362,
139,0.391,-1.401,
140,-0.095,-0.779,
141,-0.333,0.098,
142,0.27,1.343,
143,-0.676,0.66,
144,1.269,-0.855,
145,-0.595,-0.529,
146,-0.463,-0.769,
147,0.162,-0.21,
148,-0.21,-1.655,
149,1.117,-0.433,
150,0.286,-0.302,
151,1.724,-0.029,
152,0.493,-1.136,
153,0.92,-2.465,
154,0.229,-0.115,
155,-0.429,-0.369,
156,0.016,0.363,
157,-0.219,-1.591,
158,0.296,-1.831,
159,-0.257,-1.213,
160,0.192,-0.679,
161,-0.011,-0.56,
162,-0.18,-0.287,
163,0.239,-1.375,
