1,-1.082,-0.271,
2,0.232,-0.247,
3,0.78,-0.106,
4,0.297,0.223,
5,-1.124,-0.638,
6,-0.928,-0.551,
7,1.657,0.273,
8,0.442,-1.117,
9,0.868,-1.038,
10,-0.642,-1.051,
11,0.334,0.087,
12,0.511,0.106,
13,0.452,-0.477,
14,0.362,0.705,
15,-0.221,-1.327,
16,0.549,0.175,
17,0.433,0.355,
18,-0.194,-0.043,
19,0.509,0.221,
20,-0.999,-1.163,
21,0.754,-0.415,
22,0.283,-0.036,
23,0.465,-1.041,
24,-0.11,0.051,
25,0.345,0.879,
26,0.467,-0.233,
27,-1.039,-0.52,
28,0.89,0.249,
29,0.263,0.647,
30,0.031,-0.137,
31,0.031,-1.555,
32,1.152,0.411,
33,1.908,-0.525,
34,0.599,-0.519,
35,0.839,-0.213,
36,0.099,0.286,
37,0.61,0.098,
38,0.437,0.232,
39,1.265,1.485,
40,0.028,-0.813,
41,0.06,-0.848,
42,1.059,-0.236,
43,1.139,-0.351,
44,0.016,-0.05,
45,0.079,0.213,
46,-0.53,-0.4,
47,-0.507,-0.217,
48,0.886,0.345,
49,0.289,-0.11,
50,0.9,0.147,
51,-0.538,0.075,
52,0.502,-0.573,
53,1.548,-0.748,
54,1.568,1.418,
55,0.63,-0.831,
56,0.671,-0.774,
57,-0.444,-0.115,
58,-0.096,-1.1,
59,0.147,-0.943,
60,-0.348,-0.233,
61,-0.105,0.204,
62,1.278,-0.033,
63,-0.877,-1.128,
64,-0.863,-0.924,
65,0.739,-1.069,
66,1.122,0.164,
67,0.289,-0.418,
68,-0.325,0.162,
69,1.891,0.016,
70,-0.281,0.092,
71,0.432,-0.709,
72,1.621,-0.2,
73,0.959,-0.977,
74,0.457,-0.311,
75,0.141,-0.008,
76,1.399,-0.568,
77,0.753,-0.308,
78,0.32,-1.477,
79,0.444,-1.262,
80,1.131,0.557,
81,1.04,0.034,
82,0.354,0.439,
83,-0.163,-0.137,
84,0.834,-0.44,
85,0.12,-0.076,
86,-0.185,-0.072,
87,-0.348,-1.102,
88,0.776,0.133,
89,0.914,-0.118,
90,1.568,-0.08,
91,0.332,0.226,
92,-0.829,-0.377,
93,-0.197,0.512,
94,0.73,0.163,
95,-0.509,1.945,
96,1.053,-1.669,
97,0.725,-0.37,
98,0.67,-1.027,
99,0.075,-1.693,
100,2.597,1.002,
101,0.628,0.821,
102,0.584,-0.514,
103,-0.653,-0.919,
104,0.975,-0.055,
105,-0.028,-0.263,
106,-1.296,-0.877,
107,0.631,-0.187,
108,-0.299,-0.421,
109,0.657,-0.537,
110,-0.065,-0.392,
111,-0.637,-1.28,
112,-0.508,-0.043,
113,1.767,-0.001,
114,1.528,0.223,
115,0.567,0.171,
116,0.9,-0.417,
117,0.591,-1.434,
118,1.461,0.008,
119,0.172,-0.676,
120,0.6,-1.46,
121,0.677,0.735,
122,0.843,0.255,
123,0.727,0.184,
124,0.695,-1.64,
125,0.429,-0.383,
126,0.378,0.21,
127,0.659,0.511,
128,0.452,0.093,
129,0.642,0.096,
130,0.909,-0.696,
131,-0.485,0.803,
132,1.137,-1.365,
133,0.457,-1.11,
134,0.213,-0.408,
135,-0.157,0.121,
136,0.683,0.08,
137,0.352,0.236,
138,0.726,-0.331,
139,0.295,-1.007,
140,-0.076,-0.756,
141,-0.467,0.681,
142,-0.32,0.898,
143,-0.167,0.657,
144,1.368,-1.3,
145,-0.016,-0.735,
146,0.55,0.026,
147,0.121,-0.153,
148,-0.228,-1.646,
149,0.757,0.185,
150,0.669,-0.192,
151,1.723,-0.029,
152,0.236,-0.916,
153,0.812,-1.099,
154,-0.079,0.099,
155,-0.233,-0.36,
156,0.338,0.75,
157,0.095,-0.69,
158,-0.298,-1.622,
159,-0.385,-1.096,
160,0.09,-0.611,
161,0.112,-0.509,
162,0.065,-0.025,
163,0.832,-0.736,
