1,0.989,-0.163,
2,-0.647,0.768,
3,1.042,-1.079,
4,-0.182,-0.617,
5,1.036,-0.44,
6,-0.132,1.693,
7,1.659,-0.058,
8,1.127,-0.357,
9,1.524,-0.318,
10,-0.176,-0.289,
11,-2.293,0.214,
12,0.65,1.23,
13,0.622,-0.163,
14,1.08,1.212,
15,-0.764,-0.097,
16,0.106,-0.253,
17,-0.838,0.086,
18,0.01,0.232,
19,-1.096,-1.011,
20,-0.397,-0.351,
21,-0.473,-1.505,
22,-0.028,-0.501,
23,-0.749,-0.871,
24,-0.178,0.21,
25,0.095,0.022,
26,0.604,-0.444,
27,1.551,0.075,
28,1.367,-0.17,
29,1.278,1.175,
30,0.951,0.174,
31,-0.35,0.198,
32,1.391,-0.835,
33,-0.676,-2.564,
34,-0.967,0.597,
35,0.451,0.572,
36,0.362,0.225,
37,-0.999,-0.887,
38,0.148,-1.406,
39,-0.569,0.075,
40,-0.742,-0.072,
41,0.791,-0.801,
42,-0.211,-0.818,
43,0.949,-0.263,
44,0.318,0.503,
45,0.362,0.264,
46,0.633,0.272,
47,-1.001,-0.118,
48,-0.11,0.502,
49,-0.785,-0.121,
50,0.319,-0.497,
51,0.848,-0.449,
52,0.368,-0.143,
53,-0.427,1.53,
54,2.166,-0.133,
55,0.108,-0.59,
56,1.586,-0.019,
57,-0.343,1.55,
58,1.348,1.283,
59,0.685,-0.872,
60,0.102,1.162,
61,-1.023,-0.615,
62,1.716,0.055,
63,0.041,0.167,
64,-0.323,-1.661,
65,0.007,0.431,
66,-0.877,0.059,
67,-0.154,-0.757,
68,0.047,-0.004,
69,-1.914,0.795,
70,0.962,1.444,
71,-0.171,-0.201,
72,-0.08,-0.016,
73,-0.244,-0.616,
74,1.131,-0.05,
75,-0.178,1.146,
76,0.64,-0.446,
77,-0.507,-0.024,
78,0.359,1.03,
79,-0.266,0.328,
80,-0.835,-0.291,
81,-0.215,-0.285,
82,-1.214,0.199,
83,0.71,0.014,
84,0.285,-0.27,
85,-0.654,1.595,
86,-0.447,-0.748,
87,0.55,-1.446,
88,0.188,0.296,
89,1.254,-1.251,
90,-0.197,-0.63,
91,0.906,1.817,
92,0.707,-0.131,
93,1.062,0.646,
94,0.892,0.151,
95,-0.228,1.733,
96,2.356,-1.325,
97,1.274,0.637,
98,-0.49,0.113,
99,-0.626,1.654,
100,2.565,-2.287,
101,0.519,-1.614,
102,-0.111,-0.937,
103,-0.29,0.523,
104,0.526,-0.464,
105,0.953,-0.475,
106,0.278,-1.383,
107,0.457,0.937,
108,-0.281,-0.415,
109,-0.644,-0.466,
110,-0.16,-0.367,
111,0.966,1.037,
112,0.122,-0.346,
113,0.185,0.543,
114,0.382,0.871,
115,-0.605,-0.915,
116,0.553,-1.08,
117,0.388,-0.249,
118,1.023,-1.215,
119,1.118,0.615,
120,0.2,0.112,
121,0.245,0.328,
122,-1.038,0.913,
123,0.786,0.943,
124,0.612,-0.019,
125,-0.057,1.417,
126,1.14,-0.614,
127,1.024,1.017,
128,0.303,0.964,
129,0.69,0.575,
130,1.323,0.405,
131,0.914,1.063,
132,0.166,0.166,
133,0.198,-0.686,
134,0.237,0.495,
135,-0.743,0.395,
136,-0.017,-0.495,
137,-0.112,-0.238,
138,0.817,0.837,
139,-0.2,-0.948,
140,-0.484,1.498,
141,-0.738,-0.389,
142,0.539,-0.817,
143,0.733,-1.094,
144,0.7,-0.159,
145,-0.296,-0.087,
146,0.46,0.196,
147,-1.103,0.384,
148,-1.256,-0.42,
149,0.161,-0.452,
150,1.15,-1.729,
151,0.049,1.464,
152,0.452,0.165,
153,1.253,-0.965,
154,-0.554,0.208,
155,1.04,-0.548,
156,-0.301,-0.995,
157,-1.952,-0.559,
158,0.395,0.108,
159,0.455,0.27,
160,0.087,2.074,
161,0.607,0.411,
162,-1.298,-0.325,
163,-0.258,-1.263,
