1,0.755,1.574,
2,-0.584,-0.89,
3,-2.706,-1.874,
4,0.183,0.576,
5,-1.531,-0.314,
6,-3.404,0.235,
7,-1.87,1.884,
8,-1.836,0.481,
9,-3.248,1.439,
10,-0.436,0.761,
11,-0.222,1.685,
12,1.788,-0.74,
13,0.12,0.156,
14,-1.82,1.167,
15,-3.941,-0.646,
16,1.146,1.181,
17,-0.957,0.394,
18,1.089,1.494,
19,0.049,0.786,
20,-0.559,1.103,
21,2.07,-1.594,
22,0.061,-0.88,
23,-1.719,-1.224,
24,-1.662,1.19,
25,-1.398,-0.556,
26,-0.33,0.443,
27,-1.839,0.581,
28,0.772,0.665,
29,-0.477,0.341,
30,-0.561,0.834,
31,1.255,0.062,
32,0.309,-0.198,
33,-1.807,0.775,
34,0.814,0.921,
35,-0.379,0.732,
36,-2.498,0.92,
37,-0.241,0.148,
38,0.792,-0.292,
39,0.503,2.121,
40,-0.81,-0.394,
41,-1.715,-1.27,
42,0.639,-1.226,
43,0.121,0.428,
44,0.475,0.997,
45,-0.428,-0.11,
46,0.56,0.608,
47,-0.114,0.789,
48,0.011,-0.482,
49,-1.134,-1.145,
50,1.165,-0.054,
51,-0.956,-0.462,
52,0.114,0.4,
53,-0.411,0.798,
54,-1.192,-1.232,
55,0.781,0.154,
56,0.297,1.988,
57,1.335,1.742,
58,-0.783,0.485,
59,-2.17,1.714,
60,0.665,-0.145,
61,-1.455,2.092,
62,1.461,-1.409,
63,0.921,-1.25,
64,-0.094,-0.086,
65,-0.337,-0.494,
66,0.607,0.034,
67,-1.455,0.449,
68,0.228,0.956,
69,-0.146,1.333,
70,1.207,-0.492,
71,-0.351,0.308,
72,-1.673,1.096,
73,-0.996,-0.761,
74,-1.164,-0.108,
75,-3.21,0.662,
76,0.669,-0.155,
77,0.044,-0.651,
78,1.49,1.388,
79,-0.248,-0.075,
80,-1.665,2.019,
81,0.302,-0.124,
82,-1.719,0.686,
83,0.437,0.222,
84,-0.374,0.327,
85,0.487,1.141,
86,-0.588,-0.603,
87,-0.608,-0.711,
88,-1.168,1.78,
89,0.242,0.095,
90,-1.262,0.179,
91,-0.143,1.28,
92,-0.898,0.611,
93,0.402,1.74,
94,-1.201,-0.293,
95,-1.42,-1.279,
96,0.497,-0.796,
97,-0.171,-0.117,
98,-0.081,0.092,
99,-0.27,-0.605,
100,0.097,1.191,
101,-0.364,0.211,
102,-2.47,0.328,
103,1.5,0.436,
104,-0.099,0.042,
105,-0.645,1.934,
106,0.341,0.409,
107,2.132,0.621,
108,0.188,0.272,
109,-1.487,-1.278,
110,-0.136,0.738,
111,0.422,-2.065,
112,-0.918,1.674,
113,-1.534,-0.693,
114,1.149,-0.166,
115,-0.763,-0.589,
116,0.339,1.544,
117,-1.687,-1.112,
118,-0.328,0.047,
119,1.227,0.645,
120,-0.806,-0.027,
121,0.1,-1.254,
122,-1.599,-0.913,
123,-2.106,1.313,
124,-1.143,-0.799,
125,-0.19,1.025,
126,-2.314,0.707,
127,-0.046,-1.079,
128,-0.035,0.103,
129,0.966,0.305,
130,1.394,-1.707,
131,-0.155,1.492,
132,-0.066,1.186,
133,-0.803,1.115,
134,-2.751,-1.492,
135,-0.383,-2.127,
136,0.365,-1.087,
137,-0.073,0.409,
138,2.282,0.395,
139,-0.912,-0.266,
140,-0.373,-0.772,
141,-0.278,1.221,
142,1.692,-0.247,
143,0.282,1.998,
144,-0.063,0.052,
145,0.417,-1.23,
146,-1.3,0.802,
147,0.513,-0.49,
148,0.202,-0.552,
149,1.52,-2.121,
150,0.399,-0.089,
151,1.628,0.431,
152,0.49,-0.158,
153,-0.278,-0.127,
154,-0.826,2.496,
155,-0.104,-0.512,
156,-2.225,-1.112,
157,0.014,0.156,
158,0.818,-2.23,
159,0.542,-1.007,
160,-0.057,-0.079,
161,-0.038,0.506,
162,-0.53,-0.124,
163,-0.275,-2.43,
