1,-0.221,-0.251,
2,0.032,0.015,
3,0.846,0.211,
4,0.139,0.289,
5,0.135,0.028,
6,-0.346,0.265,
7,0.1,-0.352,
8,-0.174,-0.177,
9,0.267,-0.283,
10,0.043,0.162,
11,0.182,-0.295,
12,0.273,-0.208,
13,-0.273,-0.348,
14,0.128,-0.89,
15,-0.059,-0.822,
16,0.192,-0.19,
17,-0.543,0.2,
18,-0.223,0.335,
19,-0.197,0.394,
20,-0.168,0.018,
21,0.124,0.349,
22,-0.088,0.043,
23,-0.077,-0.048,
24,-0.348,0.454,
25,0.48,-0.136,
26,0.289,-0.074,
27,0.114,0.39,
28,0.332,-0.05,
29,-0.411,0.169,
30,0.571,0.438,
31,0.15,-0.093,
32,-0.019,-0.12,
33,0.139,0.05,
34,-0.046,0.027,
35,-0.108,0.154,
36,0.619,0.55,
37,0.014,0.096,
38,0.076,-0.153,
39,0.479,-0.236,
40,-0.166,-0.217,
41,0.162,0.044,
42,0.384,-0.375,
43,-0.394,-0.073,
44,0.103,-0.155,
45,-0.163,0.195,
46,0.122,-0.067,
47,-0.042,-0.042,
48,0.066,-0.51,
49,-0.22,0.137,
50,0.405,0.046,
51,-0.807,-0.136,
52,0.149,0.267,
53,0.013,0.157,
54,0.236,0.093,
55,-0.086,0.109,
56,0.149,0.269,
57,-0.158,-0.001,
58,-0.087,0.224,
59,-0.15,-0.255,
60,-0.264,-0.035,
61,-0.08,-0.229,
62,0.587,-0.242,
63,0.05,0.221,
64,0.13,-0.197,
65,0.562,0.147,
66,-0.133,0.05,
67,-0.057,0.042,
68,0.498,-0.09,
69,0.639,0.134,
70,-0.068,-0.129,
71,0.511,-0.149,
72,-0.067,-0.172,
73,-0.056,0.376,
74,0.116,0.217,
75,-0.049,-0.145,
76,0.082,-0.08,
77,-0.024,0.175,
78,0.044,0.483,
79,-0.067,0.591,
80,-0.533,-0.077,
81,0.05,0.05,
82,-0.077,0.082,
83,-0.062,-0.043,
84,0.472,0.202,
85,-0.434,-0.249,
86,-0.026,-0.56,
87,-0.155,-0.147,
88,0.399,-0.498,
89,-0.005,0.163,
90,-0.127,0.077,
91,0.113,0.303,
92,-0.033,0.13,
93,0.205,0.067,
94,0.255,-0.04,
95,-0.165,0.043,
96,0.053,-0.3,
97,-0.191,-0.368,
98,0.125,0.002,
99,0.099,0.195,
100,0.595,-0.121,
101,-0.21,-0.09,
102,-0.19,0.634,
103,0.442,-0.061,
104,-0.443,0.088,
105,-0.119,0.096,
106,-0.577,-0.905,
107,0.052,0.204,
108,0.011,-0.334,
109,-0.071,-0.407,
110,0.107,-0.249,
111,0.23,-0.25,
112,0.133,-0.17,
113,0.035,0.222,
114,-0.18,0.045,
115,-0.319,0.426,
116,-0.025,-0.052,
117,0.37,0.157,
118,0.011,0.122,
119,-0.046,-0.164,
120,0.119,-0.208,
121,-0.356,-0.538,
122,0.146,-0.293,
123,-0.149,0.209,
124,-0.052,0.269,
125,0.168,-0.666,
126,-0.076,-0.378,
127,0.15,-0.152,
128,-0.064,0.492,
129,0.134,-0.189,
130,0.508,-0.028,
131,-0.272,-0.192,
132,-0.14,0.111,
133,-0.207,-0.084,
134,-0.629,-0.251,
135,0.237,-0.234,
136,-0.013,0.02,
137,0.095,0.036,
138,0.147,-0.009,
139,0.013,0.238,
140,-0.044,0.043,
141,-0.381,0.756,
142,0.154,-0.082,
143,0.149,-0.403,
144,0.871,-0.735,
145,0.348,-0.183,
146,-0.117,-0.065,
147,0.249,0.068,
148,0.121,-0.094,
149,-0.238,-0.034,
150,-0.102,-0.15,
151,-0.276,0.057,
152,-0.103,-0.22,
153,-0.065,-0.023,
154,0.169,0.275,
155,0.188,-0.092,
156,-0.245,0.545,
157,-0.131,-0.08,
158,-0.114,0.507,
159,-0.266,0.107,
160,-0.147,0.289,
161,0.294,-0.262,
162,-0.244,0.208,
163,0.539,-0.288,
