1,-1.371,-0.169,
2,0.096,0.019,
3,0.514,-0.061,
4,0.092,0.225,
5,-1.326,-0.741,
6,-0.686,-0.112,
7,1.092,0.471,
8,0.38,-0.453,
9,0.317,-0.528,
10,-1.041,-0.382,
11,-0.148,0.436,
12,1.183,0.192,
13,0.176,-0.371,
14,0.089,0.434,
15,-0.197,-0.441,
16,0.362,0.271,
17,0.066,0.47,
18,-0.213,0.408,
19,-0.087,0.16,
20,-1.551,-0.546,
21,0.14,-0.082,
22,-0.036,0.641,
23,0.103,-0.567,
24,-0.135,0.316,
25,0.087,0.88,
26,0.364,-0.178,
27,-0.125,0.417,
28,0.178,0.069,
29,-0.222,0.647,
30,0.108,0.418,
31,-0.224,-1.214,
32,0.97,0.351,
33,1.036,-0.343,
34,0.222,-0.267,
35,-0.111,-0.271,
36,0.005,0.324,
37,0.344,0.155,
38,-0.028,0.518,
39,1.355,1.175,
40,-0.515,-0.646,
41,-0.033,-0.475,
42,0.005,0.275,
43,0.657,-0.096,
44,-0.304,0.02,
45,0.341,0.131,
46,0.103,-0.289,
47,-0.271,-0.059,
48,0.591,0.134,
49,0.059,0.028,
50,0.101,-0.101,
51,-0.219,-0.32,
52,0.507,-0.417,
53,0.668,-0.261,
54,0.717,1.506,
55,0.716,-0.507,
56,-0.002,0.184,
57,-0.888,0.445,
58,-0.426,-1.13,
59,0.082,-0.036,
60,-0.261,0.193,
61,-0.274,0.329,
62,1.026,-0.335,
63,-1.081,-1.171,
64,-0.176,-0.339,
65,0.52,-0.934,
66,0.814,-0.146,
67,0.051,-0.032,
68,-0.102,0.23,
69,1.497,0.412,
70,-0.489,0.807,
71,0.261,0.304,
72,1.147,-0.458,
73,1.176,-0.581,
74,0.337,-0.041,
75,-0.264,0.205,
76,1.102,-0.382,
77,0.551,0.391,
78,0.466,-0.182,
79,0.625,-0.486,
80,0.42,0.051,
81,0.846,-0.566,
82,0.182,0.016,
83,-0.013,0.035,
84,0.349,-0.039,
85,-0.47,-0.416,
86,-0.792,-0.12,
87,-0.935,-0.726,
88,0.313,0.307,
89,0.983,0.149,
90,0.785,0.058,
91,0.294,0.103,
92,-0.105,-0.11,
93,-0.281,0.58,
94,0.611,0.352,
95,-0.766,1.321,
96,0.595,-0.858,
97,0.453,-0.1,
98,0.119,-0.931,
99,0.003,-1.329,
100,2.112,1.424,
101,0.753,0.583,
102,-0.414,-0.063,
103,-1.071,-0.762,
104,0.944,0.334,
105,-0.244,0.097,
106,-1.692,-0.745,
107,-0.052,0.137,
108,0.04,-0.234,
109,0.574,-0.466,
110,-0.327,-0.193,
111,-0.253,-1.004,
112,-0.654,-0.007,
113,0.575,0.338,
114,1.326,1.103,
115,0.205,0.514,
116,0.909,0.33,
117,0.366,-1.001,
118,0.753,0.055,
119,-0.101,-0.651,
120,0.195,-0.658,
121,0.299,0.115,
122,0.619,0.182,
123,-0.239,0.481,
124,0.123,-1.54,
125,0.267,-0.256,
126,0.826,0.4,
127,0.392,0.578,
128,0.177,0.279,
129,0.8,0.23,
130,0.724,-0.332,
131,-0.391,0.667,
132,1.26,-1.146,
133,0.412,-1.273,
134,-0.09,-0.345,
135,0.114,0.318,
136,0.477,0.632,
137,0.396,0.533,
138,0.757,-0.05,
139,0.092,-0.741,
140,-0.171,-0.467,
141,-0.476,0.497,
142,0.089,1.06,
143,-0.742,0.526,
144,1.224,-0.937,
145,-0.148,-0.28,
146,-0.534,-0.49,
147,0.068,0.037,
148,-0.142,-0.795,
149,0.577,-0.077,
150,0.014,-0.281,
151,0.907,0.316,
152,0.525,-0.935,
153,0.607,-1.748,
154,0.081,0.072,
155,-0.404,-0.037,
156,-0.094,0.595,
157,-0.05,-0.92,
158,0,-0.973,
159,-0.582,-0.481,
160,-0.06,-0.167,
161,-0.078,-0.337,
162,-0.321,0.07,
163,0.207,-0.776,
