1,0.721,-0.777,
2,0.343,-0.871,
3,0.496,-0.119,
4,0.479,-0.021,
5,0.186,-0.429,
6,-1.188,0.099,
7,-0.319,-0.322,
8,-0.541,-1.06,
9,0.202,-0.623,
10,-0.126,0.642,
11,1.199,-0.24,
12,0.37,-0.911,
13,0.106,0.746,
14,-0.941,-0.056,
15,0.181,-1.985,
16,0.414,-0.727,
17,-0.754,0.054,
18,0.679,-0.246,
19,0.966,-0.575,
20,-0.201,-1.042,
21,1.123,-0.078,
22,-0.048,-1.284,
23,0.266,0.77,
24,-0.099,-0.087,
25,-0.044,0.409,
26,-0.175,0.306,
27,0.6,-0.598,
28,1.041,-1.049,
29,-0.141,-0.463,
30,0.795,-0.698,
31,0.11,-0.24,
32,0.347,-0.854,
33,-1.21,-0.921,
34,-0.575,-0.862,
35,0.136,0.898,
36,0.263,-0.523,
37,0.287,-0.179,
38,0.75,-0.06,
39,1.281,-1.045,
40,0.201,-0.898,
41,0.378,-0.095,
42,1.348,-0.445,
43,0.629,-0.336,
44,0.377,0.196,
45,-0.803,0.281,
46,0.905,-0.12,
47,-0.328,-0.881,
48,0.448,-0.536,
49,0.808,-0.308,
50,0.378,-0.729,
51,0.123,-1.438,
52,-0.01,-0.668,
53,1.323,-0.916,
54,0.351,0.101,
55,-0.227,-0.881,
56,0.562,0.59,
57,0.021,-0.132,
58,0.115,0.209,
59,0.592,0.189,
60,0.306,-0.092,
61,-0.002,-0.288,
62,1.81,-0.834,
63,0.082,-0.437,
64,-0.424,-1.395,
65,0.193,-0.063,
66,0.293,0,
67,0.284,-0.42,
68,0.713,-0.305,
69,1.178,-0.179,
70,0.216,-0.029,
71,1.165,0.128,
72,0.537,-0.508,
73,-0.072,0.073,
74,0.205,-0.016,
75,0.117,-1.415,
76,-0.888,-1.338,
77,0.306,-0.431,
78,-0.036,-0.132,
79,-0.537,0.056,
80,0.289,-0.808,
81,-0.096,-0.466,
82,-1.127,-0.522,
83,-0.313,-0.528,
84,0.381,0.231,
85,0.187,-0.401,
86,0.619,-1.025,
87,-0.583,-0.423,
88,1.217,-1.938,
89,1.206,-1.771,
90,0.883,-0.983,
91,0.494,-0.58,
92,0.281,-0.466,
93,0.252,-1.296,
94,0.544,0.25,
95,-0.848,-1.239,
96,0.041,0.659,
97,0.582,-0.585,
98,-0.136,0.715,
99,0.589,-0.205,
100,0.44,-0.151,
101,-0.033,-0.052,
102,0.685,-0.52,
103,1.655,-0.12,
104,0.168,-0.428,
105,0.074,-1.053,
106,-0.111,-0.562,
107,0.451,0.196,
108,1.799,-1.229,
109,0.22,-0.619,
110,0.824,-0.784,
111,0.309,0.003,
112,-0.344,-0.666,
113,0.825,-0.039,
114,-1.015,-0.662,
115,0.033,-0.519,
116,0.086,-0.629,
117,0.766,0.526,
118,0.611,0.599,
119,-0.119,-0.414,
120,0.249,-1.18,
121,-0.13,-0.494,
122,1.354,0.156,
123,-0.587,-0.866,
124,0.325,-0.238,
125,-0.083,-1.303,
126,0.652,-1.377,
127,-0.177,-1.484,
128,0.112,-0.146,
129,0.171,-0.924,
130,1.064,-0.452,
131,0.262,0.035,
132,-0.224,-0.309,
133,-0.183,0.219,
134,-0.043,-0.219,
135,0.646,-0.702,
136,0.864,-0.488,
137,0.457,-0.067,
138,-0.295,-0.398,
139,0.624,-0.297,
140,-0.072,-0.584,
141,0.401,0.315,
142,0.628,0.189,
143,0.961,-0.134,
144,-0.349,-0.346,
145,0.288,-0.689,
146,0.196,0.463,
147,0.149,-0.684,
148,0.499,-0.698,
149,0.993,-0.044,
150,0.63,-0.712,
151,0.655,-0.46,
152,-0.032,-0.49,
153,0.762,-0.891,
154,0.025,-0.946,
155,-0.088,-0.856,
156,-0.058,0.075,
157,1.383,-0.674,
158,0.332,-0.565,
159,0.418,-0.369,
160,-0.29,-0.24,
161,0.086,-1.746,
162,-0.398,-0.379,
163,1.094,-1.257,
