1,1.602,-0.183,
2,1.357,-0.59,
3,1.392,-0.375,
4,1.592,-0.536,
5,1.417,-0.075,
6,-0.082,0.018,
7,1.778,0.312,
8,1.869,-0.08,
9,1.194,-0.928,
10,0.887,0.226,
11,1.92,-0.07,
12,1.787,-0.657,
13,1.928,0.018,
14,0.95,-0.142,
15,1.086,-0.488,
16,1.292,-0.773,
17,0.966,-0.206,
18,1.199,-0.416,
19,1.112,-0.052,
20,1.416,-0.565,
21,1.461,-0.641,
22,1.31,-0.495,
23,0.853,-0.691,
24,1.353,-0.528,
25,1.191,-0.074,
26,1.745,-0.044,
27,1.787,-0.555,
28,1.65,-0.278,
29,1.544,-0.048,
30,1.235,0.143,
31,1.425,0.197,
32,1.488,-0.685,
33,1.709,-0.618,
34,0.629,-0.608,
35,1.84,0.738,
36,0.764,-0.34,
37,1.481,-0.462,
38,1.295,-0.063,
39,1.367,-0.275,
40,1.352,-0.435,
41,1.883,-0.084,
42,1.879,0.175,
43,1.548,-0.221,
44,1.643,-0.011,
45,1.472,0.016,
46,1.196,-0.427,
47,0.894,-0.828,
48,2.239,-0.161,
49,1.117,-0.986,
50,0.89,-0.893,
51,1.507,-0.305,
52,1.319,-0.224,
53,1.502,-0.444,
54,1.52,0.155,
55,1.119,-0.946,
56,1.211,-0.055,
57,1.301,-0.099,
58,1.146,-0.012,
59,1.344,-0.893,
60,1.325,-0.355,
61,1.77,-0.012,
62,1.838,-0.178,
63,1.419,-0.016,
64,0.788,-1.079,
65,1.826,-0.529,
66,1.623,0.225,
67,1.211,-0.703,
68,1.436,-0.352,
69,1.529,0.137,
70,1.535,-0.69,
71,1.249,-0.627,
72,1.671,-0.286,
73,1.333,-0.22,
74,1.835,-0.308,
75,1.202,-0.514,
76,1.481,-0.629,
77,1.392,-0.372,
78,1.159,-0.249,
79,0.53,-0.401,
80,1.212,-1.082,
81,1.322,-0.44,
82,1.657,-0.372,
83,1.561,-0.448,
84,1.315,-0.413,
85,1.801,-0.269,
86,1.125,-0.177,
87,1.42,-0.966,
88,1.562,-0.678,
89,1.876,-0.339,
90,1.156,-0.52,
91,1.582,0.136,
92,1.537,-0.673,
93,0.968,0.092,
94,1.188,-0.347,
95,1.427,-0.661,
96,1.702,-0.912,
97,1.725,-0.594,
98,0.779,-1.04,
99,1.596,-0.454,
100,1.14,-0.551,
101,1.212,-0.175,
102,1.281,-0.637,
103,1.213,0.213,
104,1.391,-0.54,
105,1.34,-0.635,
106,1.894,-0.103,
107,1.899,0.478,
108,1.278,-0.577,
109,1.405,-0.347,
110,1.929,-0.199,
111,1.216,-0.325,
112,0.513,-0.73,
113,1.314,-0.381,
114,1.369,-0.748,
115,1.254,-1.605,
116,1.585,-0.796,
117,1.795,-0.175,
118,1.323,-0.537,
119,1.393,-0.385,
120,1.357,-0.598,
121,1.256,-0.23,
122,1.938,-0.223,
123,1.219,-1.239,
124,1.879,-0.709,
125,0.855,-0.836,
126,1.765,-0.606,
127,1.712,-0.735,
128,1.241,-0.122,
129,1.592,-0.316,
130,2.045,-0.436,
131,1.74,0.54,
132,1.03,-0.391,
133,1.174,-0.659,
134,0.976,-0.199,
135,1.033,-0.909,
136,1.556,-0.528,
137,0.836,-0.283,
138,1.144,-0.538,
139,0.933,-0.922,
140,1.459,-0.143,
141,1.272,-1.045,
142,1.148,-0.933,
143,1.251,0.012,
144,1.116,-0.144,
145,1.159,-0.702,
146,2.17,0.015,
147,1.369,-0.433,
148,1.04,-0.373,
149,1.229,-2.683,
150,0.489,-0.239,
151,2.08,0.102,
152,1.127,-0.004,
153,1.566,-0.747,
154,1.011,-0.657,
155,0.842,-0.569,
156,1.112,-0.478,
157,1.059,-0.807,
158,1.722,-0.217,
159,1.544,-0.636,
160,1.103,0.118,
161,1.574,-0.615,
162,1.046,-0.266,
163,2.04,-1.104,
