1,0.917,-0.147,
2,0.289,-1.069,
3,0.314,-0.765,
4,0.591,-0.472,
5,-0.098,-0.304,
6,-1.17,-0.246,
7,0.445,0.407,
8,0.592,-0.331,
9,-0.034,-1.013,
10,-0.223,0.386,
11,0.79,-0.227,
12,0.472,-1.493,
13,0.532,0.195,
14,-0.138,-0.324,
15,-0.027,-0.734,
16,0.749,-0.946,
17,-0.367,-0.405,
18,0.683,-0.608,
19,0.476,-0.433,
20,0.068,-0.642,
21,0.838,-0.781,
22,0.05,-1.211,
23,0.46,0.018,
24,0.238,-0.814,
25,-0.083,-0.079,
26,-0.108,-0.176,
27,0.644,-0.931,
28,0.584,-1.125,
29,0.122,-0.327,
30,0.83,-0.344,
31,0.206,-0.014,
32,0.295,-0.88,
33,-0.156,-0.55,
34,-0.226,-0.942,
35,0.504,0.738,
36,0.493,-0.818,
37,0.223,-0.477,
38,1.111,-0.66,
39,0.51,-0.791,
40,0.282,-0.86,
41,0.33,0.027,
42,0.77,0.071,
43,0.459,-0.307,
44,0.521,0.207,
45,-0.425,0.113,
46,0.637,0.056,
47,-0.333,-0.902,
48,1.007,-0.606,
49,0.624,-0.871,
50,0.34,-0.917,
51,0.491,-0.979,
52,-0.014,-0.919,
53,1.007,-0.937,
54,0.631,-0.242,
55,-0.341,-1.326,
56,0.195,-0.001,
57,0.275,-0.602,
58,0.264,0.333,
59,0.349,-0.86,
60,0.525,-0.191,
61,0.313,-0.35,
62,1.626,-0.483,
63,-0.042,-0.793,
64,0.032,-1.089,
65,0.439,-0.349,
66,0.508,0.102,
67,0.186,-1.092,
68,0.694,-0.487,
69,0.584,0.003,
70,0.269,-0.793,
71,0.696,-0.615,
72,0.603,-0.464,
73,-0.227,-0.368,
74,0.87,-0.101,
75,-0.228,-0.981,
76,0.077,-0.659,
77,0.04,-0.506,
78,0.411,-0.643,
79,-0.648,-0.175,
80,0.097,-1.241,
81,-0.121,-0.459,
82,0.301,-0.605,
83,0.433,-1.009,
84,0.345,-0.066,
85,0.562,-0.272,
86,0.391,-0.339,
87,0.041,-0.685,
88,0.508,-0.425,
89,1.072,-0.544,
90,0.61,-1.132,
91,0.121,-0.036,
92,0.259,-0.322,
93,-0.445,-0.868,
94,0.161,-0.18,
95,0.041,-1.039,
96,0.366,-0.495,
97,1.039,-0.532,
98,-0.386,-0.934,
99,0.521,-0.64,
100,0.019,-0.609,
101,0.322,-0.127,
102,0.11,-0.82,
103,0.566,0.285,
104,0.277,-0.388,
105,-0.003,-1.109,
106,0.125,-0.461,
107,0.594,0.324,
108,0.615,-1.095,
109,0.277,-0.599,
110,0.871,-0.425,
111,-0.126,-0.251,
112,-0.679,-0.723,
113,0.508,-0.855,
114,-0.44,-0.689,
115,0.488,-1.885,
116,0.291,-0.772,
117,0.796,-0.358,
118,0.268,-0.367,
119,0.035,-0.396,
120,0.306,-1.148,
121,0.403,-0.751,
122,0.908,-0.47,
123,-0.368,-1.341,
124,0.427,-0.631,
125,0.126,-1.521,
126,0.548,-0.67,
127,0.225,-1.189,
128,-0.303,0.02,
129,-0.003,-0.908,
130,0.594,-0.386,
131,0.642,0.177,
132,-0.182,-0.623,
133,0.128,-0.436,
134,0.125,-0.341,
135,0.334,-1.035,
136,0.692,-0.781,
137,0.049,-0.418,
138,-0.023,-0.334,
139,0.031,-0.852,
140,-0.151,-0.473,
141,0.224,-0.931,
142,0.41,-1.021,
143,0.607,-0.374,
144,0.278,-0.629,
145,0.112,-1.044,
146,0.557,0.315,
147,0.284,-0.531,
148,0.102,-0.5,
149,0.723,-1.913,
150,-0.28,-0.832,
151,0.876,-0.192,
152,-0.204,-0.246,
153,0.622,-0.531,
154,-0.005,-1.165,
155,0.023,-0.703,
156,-0.074,-0.507,
157,0.292,-1.156,
158,0.882,-0.866,
159,0.174,-0.671,
160,-0.22,-0.368,
161,0.112,-1.053,
162,-0.071,-0.547,
163,0.653,-1.875,
