1,0.315,-0.154,
2,-0.406,0.588,
3,0.802,-0.314,
4,-0.22,0.02,
5,0.523,-0.237,
6,-0.022,0.6,
7,0.455,-0.748,
8,0.385,-0.784,
9,1.004,-0.081,
10,-0.187,-0.083,
11,-1.296,-0.107,
12,0.283,0.813,
13,0,-0.077,
14,0.664,0.157,
15,-0.301,0.068,
16,0.268,-0.176,
17,-0.708,0.339,
18,-0.206,0.342,
19,-0.507,-0.339,
20,-0.376,-0.11,
21,-0.679,-0.695,
22,-0.014,-0.156,
23,-0.383,-0.565,
24,-0.411,0.414,
25,0.2,0.058,
26,0.507,-0.109,
27,0.834,0.254,
28,0.703,-0.1,
29,0.394,0.641,
30,0.788,0.253,
31,-0.341,0.055,
32,0.853,-0.561,
33,-0.481,-1.466,
34,-0.388,0.31,
35,-0.034,0.295,
36,0.154,0.505,
37,-0.402,-0.438,
38,-0.124,-0.811,
39,-0.057,-0.286,
40,-0.725,-0.134,
41,0.332,-0.524,
42,-0.043,-0.591,
43,0.457,-0.2,
44,0.102,0.35,
45,0.161,0.109,
46,0.599,0.118,
47,-0.499,-0.192,
48,-0.362,0.314,
49,-0.613,0.291,
50,0.12,-0.076,
51,0.048,-0.259,
52,0.156,-0.022,
53,-0.421,0.945,
54,1.262,-0.163,
55,-0.149,-0.379,
56,0.55,0.374,
57,-0.394,0.766,
58,0.791,0.879,
59,0.377,-0.289,
60,-0.194,0.61,
61,-0.616,-0.685,
62,0.672,-0.427,
63,-0.208,0.096,
64,-0.072,-0.913,
65,-0.262,0.34,
66,-0.803,0.07,
67,-0.495,-0.426,
68,0.266,-0.062,
69,-0.636,0.403,
70,0.35,0.947,
71,-0.194,-0.136,
72,-0.196,0.07,
73,-0.152,0.017,
74,0.531,0.054,
75,0.077,0.353,
76,-0.023,-0.15,
77,-0.522,0.049,
78,0.152,1.141,
79,-0.263,0.371,
80,-0.584,0.003,
81,-0.214,-0.114,
82,-0.787,0.263,
83,0.349,0.346,
84,0.259,-0.091,
85,-1.062,0.829,
86,-0.123,-0.378,
87,0.17,-0.756,
88,0.357,-0.02,
89,0.858,-0.761,
90,0.108,-0.204,
91,0.396,1.063,
92,0.228,0.036,
93,0.559,0.413,
94,0.451,0.333,
95,-0.032,1.309,
96,1.055,-0.746,
97,0.754,0.464,
98,-0.486,0.043,
99,-0.676,1.139,
100,1.704,-1.223,
101,0.117,-1.253,
102,-0.13,-0.086,
103,-0.158,-0.023,
104,0.326,-0.178,
105,0.439,-0.334,
106,-0.354,-1.274,
107,-0.09,0.375,
108,-0.129,-0.087,
109,-0.713,-0.522,
110,-0.047,-0.125,
111,0.559,0.313,
112,0.002,-0.412,
113,-0.126,0.492,
114,0.061,0.684,
115,-0.427,-0.112,
116,0.496,-0.62,
117,0.034,0.287,
118,0.38,-0.855,
119,0.66,0.34,
120,0.061,0.254,
121,0.039,-0.227,
122,-0.63,0.804,
123,0.297,0.74,
124,0.146,0.224,
125,0.018,0.951,
126,0.482,-0.367,
127,0.31,0.634,
128,0.035,0.632,
129,0.485,0.32,
130,0.568,0.463,
131,0.471,0.541,
132,-0.072,0.108,
133,-0.046,-0.441,
134,0.045,0.371,
135,-0.299,0.492,
136,-0.418,-0.202,
137,-0.145,-0.096,
138,0.274,0.351,
139,-0.38,-0.515,
140,-0.4,0.666,
141,-0.914,0.164,
142,0.243,-0.402,
143,0.488,-0.895,
144,0.755,-0.739,
145,-0.184,-0.202,
146,-0.132,0.214,
147,-0.929,0.226,
148,-0.556,0.064,
149,0.044,-0.202,
150,0.109,-0.752,
151,-0.06,0.654,
152,0.099,0.047,
153,0.896,-0.343,
154,-0.415,0.142,
155,0.657,-0.451,
156,-0.331,0.104,
157,-0.281,-0.256,
158,-0.039,0.466,
159,-0.062,0.175,
160,-0.206,1.151,
161,0.308,-0.107,
162,-0.523,-0.074,
163,-0.689,-0.649,
