1,1.887,-0.429,
2,-0.209,1.171,
3,2.071,-0.998,
4,0.068,-0.657,
5,1.328,-0.132,
6,0.757,2.001,
7,2.99,0.038,
8,2.221,-0.2,
9,1.63,-0.231,
10,-0.405,-0.319,
11,-2.08,0.35,
12,1.271,1.002,
13,0.871,0.114,
14,1.505,2.124,
15,-0.639,-0.635,
16,0.003,-0.304,
17,-0.348,0.389,
18,0.291,0.312,
19,-0.715,-1.314,
20,-0.618,-1.244,
21,-0.587,-2.516,
22,0.581,-1.041,
23,-1.296,-1.093,
24,-0.094,0.621,
25,-0.245,0.437,
26,1.786,-0.397,
27,3.042,-0.118,
28,2.449,-0.516,
29,2.655,1.533,
30,1.165,-0.002,
31,-0.228,0.527,
32,1.821,-1.257,
33,-0.279,-2.986,
34,-2.029,0.982,
35,0.919,0.936,
36,-0.285,0.436,
37,-0.302,-1.302,
38,0.067,-1.767,
39,-1.172,0.699,
40,-0.524,-0.092,
41,2.081,-0.639,
42,-0.074,-0.933,
43,1.765,-0.504,
44,0.735,0.854,
45,0.602,0.815,
46,0.563,0.6,
47,-0.873,-0.5,
48,-0.443,1.184,
49,-0.645,-1.191,
50,0.859,-1.708,
51,1.798,-0.08,
52,0.78,-0.184,
53,-0.668,2.702,
54,3.287,-0.165,
55,1.173,-0.803,
56,2.325,-0.145,
57,0.209,2.569,
58,2.033,1.466,
59,1.249,-1.706,
60,0.742,1.702,
61,-1.247,0.315,
62,2.977,0.411,
63,0.932,0.572,
64,-0.991,-3.097,
65,0.741,0.803,
66,-0.597,0.333,
67,0.939,-0.693,
68,-1.209,0.036,
69,-3.364,1.871,
70,1.855,1.613,
71,0.265,0.102,
72,0.055,0.145,
73,-0.059,-1.192,
74,1.489,-0.296,
75,0.542,2.193,
76,0.986,-0.953,
77,0.06,0.066,
78,0.595,1.126,
79,-0.279,0.112,
80,-1.366,-0.998,
81,-0.255,-1.043,
82,-2.307,-0.019,
83,1.887,-0.695,
84,0.71,-0.17,
85,0.418,3.106,
86,-0.906,-1.758,
87,1.114,-2.975,
88,1.19,0.506,
89,2.178,-1.429,
90,0.088,-1.282,
91,1.992,2.521,
92,1.995,-0.365,
93,1.872,0.833,
94,1.751,-0.744,
95,-0.063,1.983,
96,4.16,-1.848,
97,2.013,0.891,
98,-0.146,0.445,
99,-0.322,2.22,
100,3.179,-4.22,
101,1.089,-1.92,
102,0.605,-1.153,
103,-0.016,1.426,
104,1.011,-0.498,
105,2.307,-0.078,
106,2.142,-1.457,
107,1.736,1.971,
108,-0.368,-0.605,
109,-0.419,-0.201,
110,-0.467,-0.781,
111,1.758,1.99,
112,0.267,0.264,
113,0.895,0.85,
114,1.033,0.837,
115,-1.02,-1.721,
116,1.939,-1.953,
117,1.73,-2.266,
118,1.792,-1.491,
119,2.061,0.879,
120,0.575,0.236,
121,0.712,1.71,
122,-1.437,0.928,
123,1.733,0.708,
124,1.723,-0.413,
125,-0.134,1.443,
126,2.421,-0.744,
127,1.059,1.121,
128,1.364,0.245,
129,1.75,1.197,
130,2.813,-0.151,
131,1.112,1.885,
132,0.744,0.25,
133,0.417,-0.453,
134,0.341,0.482,
135,-1.462,0.036,
136,0.816,-0.526,
137,-0.277,-0.654,
138,1.181,0.185,
139,0.884,-1.651,
140,0.878,1.207,
141,-0.073,-0.956,
142,1.459,-0.795,
143,0.655,-0.929,
144,1.11,0.808,
145,-0.31,0.624,
146,0.757,-0.39,
147,-1.374,-0.247,
148,-1.971,-1.26,
149,-0.116,-1.699,
150,1.875,-1.673,
151,0.677,2.138,
152,1.42,-0.14,
153,1.331,-1.48,
154,-0.752,-0.181,
155,1.273,-1.526,
156,-0.627,-1.99,
157,-2.637,-0.692,
158,0.866,0.404,
159,1.486,-0.118,
160,0.99,2.007,
161,0.224,-0.243,
162,-1.907,-1.737,
163,-0.107,-1.553,
