1,1.03,-0.305,
2,0.393,-1.052,
3,1.103,-0.541,
4,0.803,-0.045,
5,-0.377,-0.315,
6,-2.254,1.461,
7,0.011,-0.119,
8,-0.601,-0.795,
9,-0.061,-0.918,
10,-0.103,0.859,
11,1.297,-0.742,
12,0.142,-1.729,
13,-0.575,0.731,
14,-1.717,-0.137,
15,-0.558,-2.138,
16,0.631,-0.701,
17,-1.289,-0.371,
18,1.043,-0.287,
19,0.72,-0.549,
20,-0.706,-0.772,
21,1.437,-0.036,
22,-0.552,-1.641,
23,0.316,0.828,
24,-0.036,-0.094,
25,-0.082,0.163,
26,-1.029,0.013,
27,0.617,-0.65,
28,1.301,-1.592,
29,-0.316,0.093,
30,1.203,-0.641,
31,0.042,-0.196,
32,0.123,-0.857,
33,-0.545,-0.278,
34,-0.392,-0.587,
35,0.331,1.126,
36,1.564,-0.844,
37,-0.251,-0.1,
38,1.884,-0.567,
39,1.661,-0.658,
40,0.168,-1.015,
41,0.234,0.198,
42,1.439,0.115,
43,-0.116,-0.097,
44,0.401,0.241,
45,-1.494,1.038,
46,0.496,0.048,
47,-0.545,-0.449,
48,0.992,-1.265,
49,0.576,-0.376,
50,1.016,-0.7,
51,0.025,-1.713,
52,-0.207,-0.624,
53,1.598,-0.624,
54,0.601,0.185,
55,-0.736,-0.653,
56,1.06,0.138,
57,0.222,-0.157,
58,0.22,0.817,
59,0.252,-0.19,
60,0.524,-0.033,
61,0.077,-0.361,
62,2.656,-1.051,
63,0.509,-0.543,
64,-0.144,-1.567,
65,1.082,0.468,
66,-0.026,0.272,
67,0.623,-0.51,
68,1.389,-0.811,
69,1.207,0.133,
70,0.424,-0.209,
71,1.926,0.283,
72,0.389,-0.82,
73,-1.008,-0.251,
74,0.454,0.047,
75,-1.247,-1.712,
76,-0.632,-1.56,
77,0.107,-0.161,
78,0.401,-0.157,
79,-0.475,0.728,
80,-0.267,-1.462,
81,-0.431,-0.091,
82,-1.754,-0.65,
83,-0.46,-1.201,
84,0.79,1.713,
85,0.564,-0.437,
86,0.358,-1.612,
87,-0.783,-0.056,
88,1.054,-2.459,
89,2.328,-2.311,
90,0.562,-1.159,
91,0.103,-0.107,
92,0.407,0.173,
93,0.391,-2.127,
94,0.921,0.011,
95,-0.658,-1.638,
96,-0.011,0.758,
97,0.878,-0.594,
98,0.123,1.143,
99,0.774,0.138,
100,0.832,-0.006,
101,0.365,-0.048,
102,-0.218,-0.197,
103,1.549,0.914,
104,-0.006,-0.245,
105,-0.549,-0.523,
106,-0.236,-0.478,
107,0.622,0.96,
108,1.533,-1.97,
109,0.368,-0.646,
110,0.7,-0.318,
111,0.349,0.042,
112,-0.175,-0.665,
113,0.7,-0.503,
114,-1.321,-0.549,
115,0.235,-0.465,
116,-0.278,-0.355,
117,1.211,0.279,
118,0.539,1.161,
119,-0.47,-0.742,
120,0.575,-1.425,
121,-0.166,-0.872,
122,1.209,-0.624,
123,-0.836,-0.779,
124,0.268,-0.207,
125,0.257,-2.537,
126,0.447,-1.026,
127,0.149,-1.556,
128,-0.413,0.638,
129,-0.32,-1.098,
130,1.718,-0.549,
131,0.385,-0.5,
132,-0.305,-0.148,
133,0.068,0.34,
134,-0.573,-0.718,
135,0.643,-1.763,
136,1.31,-0.247,
137,0.811,-0.007,
138,0.046,-0.078,
139,0.495,0.549,
140,-0.385,0.007,
141,0.633,0.627,
142,1.184,-0.441,
143,1.178,-0.599,
144,0.32,-0.697,
145,0.332,-0.981,
146,0.211,0.779,
147,0.832,-0.495,
148,0.954,-0.585,
149,1.336,-0.505,
150,0.884,-1.013,
151,0.074,-0.299,
152,-0.28,-0.639,
153,0.973,-0.54,
154,0.26,-0.677,
155,0.122,-0.51,
156,-0.317,-0.063,
157,0.979,-1.694,
158,0.561,-1.36,
159,0.239,-0.054,
160,-0.267,0.149,
161,0.075,-1.276,
162,-0.479,-0.159,
163,0.815,-1.824,
