1,0.902,-0.509,
2,0.727,-0.422,
3,1.083,-0.443,
4,0.738,-0.002,
5,-0.306,0.194,
6,-2.11,0.967,
7,-0.102,-0.368,
8,-0.661,-0.933,
9,-0.189,-1.278,
10,-0.103,0.579,
11,1.301,-0.832,
12,0.181,-1.864,
13,-0.347,0.01,
14,-1.634,0.057,
15,-0.383,-2.157,
16,0.757,-0.07,
17,-1.395,-0.668,
18,0.779,-0.481,
19,0.723,-0.38,
20,-0.631,-0.642,
21,1.413,-0.044,
22,-0.525,-1.484,
23,0.4,0.59,
24,0.157,-0.21,
25,-0.34,0.796,
26,-0.753,0.224,
27,0.405,-0.611,
28,1.385,-1.457,
29,-0.275,0.116,
30,1.069,-0.25,
31,0.1,-0.033,
32,0.137,-0.735,
33,-0.521,-0.153,
34,-0.48,-0.53,
35,0.521,0.751,
36,1.321,-0.571,
37,-0.166,-0.123,
38,1.868,-0.539,
39,1.617,-0.65,
40,0.133,-0.846,
41,0.332,0.222,
42,1.46,0.204,
43,-0.195,0.032,
44,0.415,0.172,
45,-1.4,1.157,
46,0.511,0.102,
47,-0.453,-0.452,
48,0.617,-1.163,
49,1.211,-0.259,
50,0.857,-0.754,
51,-0.081,-1.64,
52,-0.042,-0.269,
53,1.809,-0.501,
54,0.821,0.17,
55,-0.712,-0.566,
56,1.017,-0.238,
57,0.232,-0.255,
58,0.024,0.853,
59,0.133,-0.284,
60,0.608,-0.249,
61,-0.449,-0.355,
62,2.26,-1.04,
63,0.114,-0.384,
64,-0.007,-1.495,
65,1.359,0.442,
66,0.074,0.201,
67,0.511,-0.468,
68,1.42,-0.593,
69,1.193,0.137,
70,0.481,-0.18,
71,1.904,-0.099,
72,0.303,-0.921,
73,-0.935,-0.182,
74,0.637,0.09,
75,-0.912,-1.653,
76,-0.8,-1.638,
77,-0.137,-0.173,
78,0.606,-0.021,
79,-0.397,0.773,
80,-0.356,-1.499,
81,-0.133,-0.008,
82,-1.464,-0.686,
83,-0.337,-1.259,
84,0.865,1.838,
85,0.478,-0.531,
86,0.266,-1.583,
87,-0.452,-0.044,
88,1.2,-2.497,
89,2.001,-2.383,
90,0.107,-0.991,
91,0.182,-0.084,
92,0.547,0.053,
93,0.57,-2.154,
94,0.94,0.002,
95,-0.601,-1.541,
96,0.052,0.541,
97,0.84,-0.503,
98,0.456,0.866,
99,0.624,0.34,
100,0.844,-0.096,
101,0.676,-0.063,
102,0.089,-0.232,
103,1.914,0.646,
104,-0.09,-0.193,
105,-0.513,-0.435,
106,-0.216,-0.415,
107,0.681,0.942,
108,1.563,-1.931,
109,0.445,-0.555,
110,0.749,-0.321,
111,0.298,-0.313,
112,-0.135,-0.784,
113,0.808,-0.559,
114,-1.11,-0.511,
115,-0.323,-0.503,
116,-0.255,-0.41,
117,1.319,0.221,
118,0.61,1.067,
119,-0.43,-0.995,
120,0.667,-1.443,
121,-0.106,-0.843,
122,1.202,-0.879,
123,-0.837,-0.776,
124,0.247,-0.275,
125,0.3,-2.597,
126,0.328,-0.834,
127,0.204,-1.469,
128,-0.246,0.482,
129,-0.61,-0.953,
130,1.81,-0.67,
131,0.485,-0.611,
132,-0.327,-0.186,
133,0.059,0.214,
134,-0.78,-0.974,
135,0.709,-1.822,
136,1.185,-0.302,
137,0.968,0.29,
138,-0.003,-0.191,
139,0.789,-0.057,
140,-0.426,0.335,
141,0.393,0.912,
142,1.205,-0.565,
143,1.153,-0.664,
144,0.361,-0.825,
145,0.386,-1.039,
146,0.463,0.888,
147,1.106,-0.277,
148,0.696,-1.177,
149,1.223,-0.197,
150,0.816,-0.803,
151,-0.29,0.036,
152,-0.402,-0.411,
153,0.779,-0.549,
154,0.443,-0.112,
155,0.257,-0.172,
156,-0.401,0.043,
157,1.178,-1.338,
158,0.472,-1.113,
159,0.649,-0.622,
160,-0.193,0.068,
161,0.039,-1.412,
162,-0.856,-0.716,
163,0.948,-1.549,
