1,0.363,-1.185,
2,0.414,-0.675,
3,0.796,0.196,
4,0.466,0.278,
5,-0.096,-0.487,
6,-2.199,0.906,
7,-0.284,-1.392,
8,-1.042,-1.449,
9,0.291,-0.428,
10,-0.067,0.802,
11,1.192,-0.371,
12,0.245,-0.728,
13,-0.269,0.634,
14,-1.902,0.034,
15,-0.365,-2.881,
16,0.061,-0.452,
17,-0.962,0.252,
18,0.683,-0.001,
19,1.021,-0.558,
20,-0.623,-1.031,
21,0.975,0.522,
22,-0.5,-1.218,
23,0.143,0.874,
24,-0.303,0.377,
25,0.072,0.511,
26,-0.377,0.508,
27,0.541,-0.294,
28,1.264,-1.003,
29,-0.396,-0.235,
30,0.892,-0.915,
31,0.039,-0.365,
32,0.275,-0.82,
33,-1.248,-0.939,
34,-0.621,-0.556,
35,-0.046,0.998,
36,0.544,-0.237,
37,0.229,0.013,
38,0.845,0.05,
39,1.873,-0.809,
40,0.109,-0.906,
41,0.344,-0.083,
42,1.654,-0.575,
43,0.372,-0.382,
44,0.262,0.2,
45,-1.019,0.538,
46,0.75,-0.088,
47,-0.502,-0.439,
48,0.211,-0.728,
49,0.501,0.09,
50,0.568,-0.561,
51,-0.229,-1.686,
52,-0.054,-0.428,
53,1.239,-0.756,
54,-0.101,0.364,
55,-0.265,-0.519,
56,1.139,1.02,
57,-0.056,0.228,
58,0.045,0.301,
59,0.42,0.726,
60,0.206,0.02,
61,-0.314,-0.276,
62,2.171,-1.138,
63,0.119,-0.21,
64,-0.762,-1.616,
65,0.427,0.178,
66,-0.065,0.129,
67,0.433,-0.05,
68,0.887,-0.481,
69,1.363,-0.082,
70,0.217,0.377,
71,1.614,0.861,
72,0.414,-0.59,
73,-0.508,0.177,
74,-0.103,0.118,
75,-0.424,-1.808,
76,-1.232,-1.673,
77,0.371,-0.268,
78,-0.445,0.126,
79,-0.418,0.416,
80,0.023,-0.798,
81,-0.357,-0.265,
82,-2.293,-0.3,
83,-0.997,-0.393,
84,0.444,0.672,
85,0.038,-0.452,
86,0.512,-1.632,
87,-1.035,-0.128,
88,1.611,-3.058,
89,1.306,-2.619,
90,0.853,-0.882,
91,0.535,-0.742,
92,0.245,-0.328,
93,0.721,-1.197,
94,0.888,0.468,
95,-1.071,-1.465,
96,-0.248,1.349,
97,0.339,-0.579,
98,-0.237,1.947,
99,0.595,0.145,
100,0.793,0.351,
101,-0.129,-0.013,
102,0.606,-0.109,
103,2.105,0.012,
104,-0.008,-0.359,
105,-0.178,-0.693,
106,-0.325,-0.615,
107,0.368,0.622,
108,1.79,-1.685,
109,0.194,-0.611,
110,0.482,-0.533,
111,0.898,0.512,
112,-0.056,-0.596,
113,0.708,0.551,
114,-1.434,-0.566,
115,-0.532,0.662,
116,-0.116,-0.44,
117,0.649,1.143,
118,0.576,1.182,
119,-0.308,-0.459,
120,0.254,-1.221,
121,-0.704,-0.488,
122,1.341,0.362,
123,-0.798,-0.489,
124,0.24,0.059,
125,-0.097,-1.632,
126,0.683,-1.693,
127,-0.362,-1.392,
128,0.216,-0.008,
129,0.125,-0.957,
130,1.56,-0.399,
131,-0.177,-0.224,
132,-0.233,-0.072,
133,-0.282,0.534,
134,-0.341,-0.28,
135,0.46,-1.054,
136,0.947,-0.042,
137,0.7,0.154,
138,-0.352,-0.395,
139,0.947,0.438,
140,-0.127,-0.447,
141,0.54,1.189,
142,0.87,0.783,
143,1.035,-0.139,
144,-0.454,-0.235,
145,0.11,-0.456,
146,0.011,0.481,
147,0.269,-0.681,
148,0.668,-0.72,
149,0.813,0.653,
150,1.023,-0.679,
151,0.316,-0.558,
152,0.018,-0.642,
153,0.801,-1.01,
154,0.128,-0.634,
155,-0.079,-0.811,
156,-0.489,0.549,
157,1.404,-0.797,
158,0.127,-0.617,
159,0.355,-0.06,
160,-0.222,-0.12,
161,0.066,-1.747,
162,-0.454,-0.04,
163,1.42,-0.779,
