1,-0.005,-0.574,
2,0.389,-0.098,
3,1.805,0.413,
4,0.458,0.751,
5,-0.832,0.325,
6,-2.94,1.83,
7,0.758,-1.117,
8,-1.355,-0.046,
9,0.175,-0.45,
10,0.093,0.888,
11,1.052,-1.271,
12,-0.054,-0.916,
13,-1.299,0.338,
14,-1.808,-0.802,
15,-1.442,-2.589,
16,0.418,-0.023,
17,-1.334,0.057,
18,0.544,0.326,
19,0.284,0.255,
20,-1.213,-0.111,
21,0.369,0.709,
22,-1.264,-0.47,
23,-0.086,0.63,
24,-0.547,1.116,
25,0.335,0.118,
26,-0.514,0.419,
27,0.517,0.62,
28,1.336,-0.891,
29,-0.606,0.551,
30,0.81,-0.417,
31,0.042,-0.226,
32,-0.067,-0.635,
33,-0.128,0.114,
34,-0.271,0.087,
35,-0.122,0.745,
36,1.607,0.333,
37,0.004,0.257,
38,1.272,-0.455,
39,1.701,0.005,
40,-0.041,-0.698,
41,0.312,0.113,
42,1.095,-0.128,
43,-1.018,-0.002,
44,0.209,-0.137,
45,-1.129,1.095,
46,0.303,0.467,
47,-0.496,0.295,
48,0.313,-1.358,
49,0.228,-0.005,
50,1.31,-0.26,
51,-0.801,-1.1,
52,-0.013,0.43,
53,0.783,-0.134,
54,0.376,0.431,
55,-0.657,0.285,
56,1.376,-0.002,
57,0.173,0.098,
58,-0.057,0.862,
59,-0.569,0.067,
60,-0.216,0.026,
61,-0.421,-0.305,
62,2.753,-0.881,
63,0.766,0.233,
64,-0.223,-1.326,
65,1.719,0.892,
66,-0.387,0.268,
67,0.769,0.114,
68,1.776,-0.397,
69,1.195,0.297,
70,0.286,0.345,
71,2.013,0.514,
72,0.103,-0.917,
73,-1.13,-0.048,
74,-0.447,0.4,
75,-1.785,-1.213,
76,0.013,-1.04,
77,0.17,0.181,
78,-0.055,0.532,
79,-0.129,1.437,
80,-0.917,-1.071,
81,-0.175,0.261,
82,-1.672,-0.13,
83,-0.894,-0.703,
84,0.758,1.787,
85,0.3,-0.591,
86,-0.142,-1.878,
87,-1.575,0.441,
88,0.618,-2.263,
89,1.198,-0.602,
90,0.216,-0.558,
91,-0.036,0.101,
92,0.301,0.33,
93,0.956,-1.213,
94,1.225,0.143,
95,-0.573,-1.14,
96,-0.286,0.633,
97,0.106,-0.415,
98,0.37,1.424,
99,0.633,0.831,
100,1.521,0.224,
101,-0.067,-0.116,
102,-0.936,0.59,
103,1.544,0.658,
104,-0.569,-0.112,
105,-0.972,0.265,
106,-0.762,-0.569,
107,0.379,1.399,
108,0.722,-1.81,
109,0.241,-0.594,
110,0.286,-0.358,
111,1.082,-0.045,
112,0.479,-0.519,
113,0.266,-0.031,
114,-1.489,-0.184,
115,-0.467,0.717,
116,-0.156,-0.1,
117,0.612,1.027,
118,0.273,1.21,
119,-0.704,-0.982,
120,0.599,-0.983,
121,-0.795,-0.715,
122,0.72,-0.347,
123,-1.088,0.087,
124,0.11,0.269,
125,0.359,-2.409,
126,0.024,-0.986,
127,-0.158,-0.957,
128,0.078,0.789,
129,-0.314,-0.878,
130,2.073,-0.555,
131,-0.027,-1.057,
132,-0.467,0.445,
133,-0.129,0.49,
134,-1.228,-0.843,
135,0.844,-1.575,
136,0.762,0.723,
137,0.621,0.215,
138,-0.126,-0.261,
139,0.561,1.344,
140,-0.166,0.248,
141,0.576,1.467,
142,1.248,0.055,
143,0.55,-0.62,
144,0.776,-0.787,
145,0.673,-0.504,
146,0.045,0.108,
147,1.057,-0.399,
148,0.637,-0.673,
149,0.713,-0.053,
150,0.828,-0.768,
151,-0.598,-0.292,
152,-0.217,-0.887,
153,0.395,-0.436,
154,0.535,0.383,
155,0.089,-0.358,
156,-0.639,-0.008,
157,-0.121,-1.617,
158,0.122,-1.073,
159,0.028,-0.009,
160,-0.024,0.161,
161,0.149,-0.895,
162,-0.57,0.017,
163,0.968,-1.364,
