1,0.794,-0.151,
2,0.347,-0.982,
3,0.298,-0.71,
4,0.567,-0.437,
5,-0.19,-0.211,
6,-1.184,-0.135,
7,0.452,0.316,
8,0.657,-0.461,
9,-0.031,-0.915,
10,-0.247,0.451,
11,0.753,-0.18,
12,0.478,-1.515,
13,0.542,0.283,
14,-0.06,-0.431,
15,-0.189,-0.862,
16,0.744,-0.877,
17,-0.276,-0.336,
18,0.812,-0.593,
19,0.445,-0.552,
20,0.033,-0.672,
21,0.815,-0.823,
22,0.024,-1.241,
23,0.461,0.07,
24,0.184,-0.841,
25,-0.206,-0.01,
26,-0.099,-0.11,
27,0.719,-1.004,
28,0.463,-1.242,
29,0.125,-0.332,
30,0.901,-0.433,
31,0.19,-0.029,
32,0.286,-0.903,
33,-0.112,-0.599,
34,-0.129,-0.993,
35,0.469,0.874,
36,0.405,-0.862,
37,0.34,-0.452,
38,1.17,-0.726,
39,0.486,-0.778,
40,0.352,-0.931,
41,0.29,0.085,
42,0.683,0.093,
43,0.496,-0.357,
44,0.503,0.28,
45,-0.502,0.112,
46,0.61,0.031,
47,-0.379,-0.891,
48,0.914,-0.514,
49,0.78,-0.845,
50,0.438,-0.934,
51,0.591,-0.993,
52,-0.075,-1.055,
53,0.917,-0.985,
54,0.565,-0.257,
55,-0.377,-1.408,
56,0.198,0.16,
57,0.268,-0.571,
58,0.326,0.389,
59,0.411,-0.866,
60,0.541,-0.112,
61,0.087,-0.321,
62,1.695,-0.509,
63,-0.087,-0.873,
64,-0.042,-1.1,
65,0.357,-0.297,
66,0.523,0.163,
67,0.263,-1.163,
68,0.682,-0.635,
69,0.55,0.002,
70,0.263,-0.883,
71,0.638,-0.45,
72,0.648,-0.405,
73,-0.298,-0.419,
74,0.894,-0.011,
75,-0.308,-1.051,
76,0.019,-0.641,
77,0.067,-0.471,
78,0.341,-0.75,
79,-0.686,-0.21,
80,0.111,-1.275,
81,-0.323,-0.498,
82,0.237,-0.612,
83,0.416,-1.026,
84,0.348,-0.103,
85,0.607,-0.223,
86,0.453,-0.354,
87,-0.021,-0.69,
88,0.754,-0.38,
89,1.043,-0.612,
90,0.752,-1.236,
91,0.029,-0.008,
92,0.23,-0.247,
93,-0.556,-0.794,
94,0.148,-0.208,
95,0.057,-1.076,
96,0.359,-0.445,
97,1.126,-0.535,
98,-0.622,-0.909,
99,0.573,-0.753,
100,-0.048,-0.584,
101,0.253,-0.141,
102,0.115,-0.861,
103,0.555,0.329,
104,0.416,-0.388,
105,-0.032,-1.187,
106,0.146,-0.496,
107,0.572,0.35,
108,0.508,-1.146,
109,0.265,-0.611,
110,0.86,-0.392,
111,-0.152,-0.069,
112,-0.733,-0.705,
113,0.489,-0.868,
114,-0.494,-0.678,
115,0.218,-1.868,
116,0.446,-0.815,
117,0.739,-0.355,
118,0.192,-0.375,
119,0.055,-0.316,
120,0.306,-1.202,
121,0.411,-0.811,
122,0.88,-0.42,
123,-0.398,-1.391,
124,0.391,-0.633,
125,0.134,-1.524,
126,0.635,-0.732,
127,0.07,-1.244,
128,-0.315,-0.032,
129,0.031,-0.979,
130,0.493,-0.27,
131,0.585,0.24,
132,-0.206,-0.668,
133,0.182,-0.469,
134,0.21,-0.316,
135,0.261,-1.002,
136,0.781,-0.76,
137,-0.005,-0.528,
138,-0.084,-0.386,
139,0.152,-0.999,
140,-0.163,-0.555,
141,0.248,-1.056,
142,0.402,-1.01,
143,0.606,-0.354,
144,0.3,-0.581,
145,0.062,-1.015,
146,0.498,0.324,
147,0.205,-0.64,
148,-0.046,-0.625,
149,0.681,-1.855,
150,-0.372,-0.754,
151,1.002,-0.257,
152,-0.188,-0.299,
153,0.755,-0.478,
154,-0.053,-1.392,
155,-0.004,-0.825,
156,0.009,-0.425,
157,0.264,-1.128,
158,0.858,-0.947,
159,0.191,-0.85,
160,-0.197,-0.513,
161,0.036,-1.204,
162,-0.095,-0.675,
163,0.733,-1.932,
