1,0.031,-0.549,
2,0.334,-0.188,
3,1.751,0.378,
4,0.466,0.728,
5,-0.775,0.239,
6,-2.881,1.749,
7,0.784,-1.078,
8,-1.329,0.016,
9,0.164,-0.49,
10,0.094,0.855,
11,1.024,-1.217,
12,-0.039,-0.924,
13,-1.215,0.269,
14,-1.792,-0.73,
15,-1.394,-2.512,
16,0.357,-0.12,
17,-1.321,0.025,
18,0.49,0.301,
19,0.272,0.273,
20,-1.173,-0.17,
21,0.403,0.641,
22,-1.201,-0.479,
23,-0.075,0.586,
24,-0.505,1.043,
25,0.407,0.019,
26,-0.486,0.39,
27,0.479,0.588,
28,1.326,-0.835,
29,-0.608,0.501,
30,0.79,-0.37,
31,0.053,-0.209,
32,-0.054,-0.617,
33,-0.115,0.089,
34,-0.283,0.088,
35,-0.092,0.703,
36,1.585,0.349,
37,-0.012,0.238,
38,1.223,-0.431,
39,1.639,-0.053,
40,-0.079,-0.671,
41,0.312,0.102,
42,1.102,-0.129,
43,-1.01,0.006,
44,0.225,-0.136,
45,-1.1,1.061,
46,0.34,0.415,
47,-0.472,0.251,
48,0.316,-1.356,
49,0.118,-0.003,
50,1.257,-0.215,
51,-0.854,-1.089,
52,0.002,0.422,
53,0.772,-0.131,
54,0.384,0.419,
55,-0.641,0.298,
56,1.318,0.01,
57,0.165,0.071,
58,-0.07,0.821,
59,-0.507,0.043,
60,-0.192,0.011,
61,-0.318,-0.318,
62,2.696,-0.838,
63,0.728,0.23,
64,-0.21,-1.309,
65,1.694,0.827,
66,-0.399,0.258,
67,0.723,0.108,
68,1.732,-0.4,
69,1.185,0.306,
70,0.274,0.33,
71,1.972,0.476,
72,0.074,-0.886,
73,-1.084,-0.004,
74,-0.398,0.346,
75,-1.772,-1.167,
76,0.08,-1.037,
77,0.151,0.166,
78,-0.061,0.526,
79,-0.112,1.403,
80,-0.886,-1.039,
81,-0.147,0.25,
82,-1.598,-0.098,
83,-0.864,-0.691,
84,0.72,1.724,
85,0.256,-0.588,
86,-0.106,-1.832,
87,-1.482,0.405,
88,0.579,-2.249,
89,1.202,-0.584,
90,0.161,-0.524,
91,-0.002,0.096,
92,0.292,0.302,
93,0.913,-1.18,
94,1.231,0.164,
95,-0.563,-1.12,
96,-0.278,0.609,
97,0.104,-0.434,
98,0.393,1.389,
99,0.6,0.803,
100,1.471,0.226,
101,-0.024,-0.11,
102,-0.953,0.611,
103,1.467,0.653,
104,-0.648,-0.106,
105,-0.951,0.272,
106,-0.746,-0.576,
107,0.387,1.351,
108,0.693,-1.76,
109,0.247,-0.613,
110,0.29,-0.366,
111,1.039,-0.072,
112,0.458,-0.512,
113,0.301,0.008,
114,-1.438,-0.21,
115,-0.342,0.704,
116,-0.186,-0.118,
117,0.615,1.029,
118,0.221,1.176,
119,-0.659,-0.942,
120,0.559,-0.977,
121,-0.766,-0.704,
122,0.723,-0.358,
123,-1.065,0.075,
124,0.091,0.292,
125,0.361,-2.374,
126,0.017,-0.957,
127,-0.123,-0.922,
128,0.066,0.773,
129,-0.318,-0.872,
130,2.029,-0.547,
131,-0.064,-1.001,
132,-0.442,0.41,
133,-0.139,0.453,
134,-1.204,-0.818,
135,0.84,-1.523,
136,0.708,0.664,
137,0.612,0.228,
138,-0.11,-0.246,
139,0.48,1.399,
140,-0.179,0.268,
141,0.581,1.448,
142,1.202,0.032,
143,0.526,-0.559,
144,0.765,-0.747,
145,0.657,-0.506,
146,0.057,0.113,
147,1.043,-0.348,
148,0.675,-0.586,
149,0.706,-0.073,
150,0.819,-0.784,
151,-0.627,-0.294,
152,-0.218,-0.823,
153,0.363,-0.425,
154,0.526,0.405,
155,0.109,-0.31,
156,-0.707,-0.04,
157,-0.106,-1.615,
158,0.154,-1.052,
159,-0.015,0.079,
160,-0.037,0.181,
161,0.165,-0.863,
162,-0.525,0.09,
163,0.933,-1.36,
