1,-0.203,-0.979,
2,0.012,-1.225,
3,-0.51,-1.206,
4,-0.616,-0.618,
5,0.142,-0.478,
6,-1.302,-0.617,
7,-0.199,-0.402,
8,0.036,-0.947,
9,-0.467,-1.264,
10,-0.96,-0.089,
11,0.328,-0.614,
12,0.321,-0.582,
13,0.118,-0.076,
14,-0.869,-0.681,
15,-0.455,-0.878,
16,-0.28,-0.935,
17,-1.319,-1.528,
18,-0.067,-1.099,
19,-0.022,-0.622,
20,-0.02,-0.642,
21,-0.219,-1.312,
22,-0.281,-0.72,
23,-0.679,-1.228,
24,0.618,-0.949,
25,-0.558,-0.599,
26,-0.456,-0.187,
27,0.137,-0.854,
28,0.269,-0.666,
29,0.282,-0.571,
30,0.589,-0.267,
31,-0.233,-0.569,
32,0.019,-1.018,
33,-1.008,-1.298,
34,-0.788,-1.547,
35,0.007,-0.333,
36,-0.339,-0.386,
37,-0.041,-0.679,
38,0.009,-0.805,
39,-0.671,-0.89,
40,-0.088,-1.58,
41,0.176,-0.281,
42,-0.124,0.03,
43,-0.258,0.194,
44,-0.417,-0.661,
45,-0.073,-1.031,
46,-0.501,-0.596,
47,-0.694,-1.087,
48,0.326,-0.454,
49,-0.216,-1.019,
50,-0.636,-1.196,
51,-0.153,-0.945,
52,-0.342,-0.743,
53,-0.233,-0.601,
54,-0.407,-0.372,
55,-0.915,-1.518,
56,-0.178,-0.638,
57,-0.11,-0.999,
58,-0.518,-0.448,
59,-0.537,-1.204,
60,-0.25,-0.898,
61,-0.528,-0.477,
62,-0.035,-0.753,
63,0.159,-0.744,
64,-0.903,-1.139,
65,0.295,-1.034,
66,0.138,-0.246,
67,-1.65,-0.488,
68,-0.292,-0.767,
69,-0.348,-0.163,
70,-0.087,-0.566,
71,-0.311,-1.016,
72,-0.063,-0.89,
73,-0.265,-0.916,
74,-0.106,-0.748,
75,0.382,-0.785,
76,-0.812,-0.762,
77,-0.065,-0.948,
78,-0.516,0.285,
79,-1.093,-0.658,
80,0.295,-1.484,
81,-0.219,-0.974,
82,-0.197,-0.233,
83,-0.118,-0.587,
84,-0.352,-0.766,
85,0.107,-0.862,
86,-0.255,0.342,
87,-0.362,-1.092,
88,0.237,-0.256,
89,-0.304,-0.815,
90,-0.251,-0.894,
91,-0.812,-0.296,
92,-0.451,-0.863,
93,-0.506,-0.178,
94,-0.463,0.306,
95,0.006,-0.945,
96,-0.393,-0.962,
97,-0.037,-0.693,
98,-1.035,-1.571,
99,-0.533,-0.779,
100,-0.643,-1.053,
101,-0.286,-0.31,
102,-0.394,-1.075,
103,-0.469,-0.783,
104,-0.855,-0.459,
105,-0.833,-1.226,
106,0.057,-0.32,
107,-0.166,0.243,
108,-0.693,-1.075,
109,-0.195,-1.16,
110,0.04,-0.672,
111,-0.297,0.08,
112,-0.961,-1.576,
113,-0.128,-0.884,
114,-0.353,-1.161,
115,-0.447,-2.176,
116,0.03,-1.336,
117,0.327,-0.862,
118,-0.107,-0.906,
119,-0.054,-0.986,
120,-0.191,-0.878,
121,-0.264,-0.854,
122,0.141,-0.423,
123,-0.563,-1.587,
124,-0.053,-1.053,
125,-0.493,-1.221,
126,0.061,-0.65,
127,0.012,-1.526,
128,-0.172,-0.819,
129,-0.441,-0.804,
130,-0.364,-0.607,
131,-0.408,0.093,
132,-0.226,-0.102,
133,-0.771,-0.565,
134,-0.39,-0.865,
135,-0.948,-1.292,
136,-0.443,-0.858,
137,-0.288,-0.433,
138,-0.529,-0.649,
139,-1.009,-1.35,
140,-0.151,-1.195,
141,-0.979,-1.447,
142,-0.403,-1.419,
143,-0.469,-0.147,
144,-0.886,-0.81,
145,-0.731,-1.419,
146,0.388,0.079,
147,-0.225,-1.035,
148,-0.886,-0.463,
149,-0.484,-1.869,
150,-2.061,-1.808,
151,0.53,-0.427,
152,-1.349,-0.32,
153,-0.002,-1.019,
154,-0.721,-0.77,
155,-0.852,-1.133,
156,-0.279,-0.567,
157,-0.789,-1.002,
158,-0.111,-0.667,
159,-0.352,-0.789,
160,-0.858,-0.566,
161,-0.47,-0.662,
162,-0.192,-0.283,
163,0.669,-1.068,
