1,2.028,-0.191,
2,0.054,0.828,
3,1.658,-1.08,
4,0.516,-0.883,
5,1.472,-0.562,
6,0.466,1.924,
7,2.556,0.622,
8,2.102,0.085,
9,1.985,-0.462,
10,0.159,-0.277,
11,-0.78,0.64,
12,1.547,0.872,
13,1.379,0.233,
14,1.491,1.665,
15,-0.443,-0.207,
16,-0.187,-0.91,
17,-0.069,0.119,
18,0.509,0.014,
19,-0.533,-1.282,
20,0.039,-1.167,
21,0.19,-2.157,
22,0.658,-0.589,
23,-0.964,-0.885,
24,0.346,0.023,
25,0.252,-0.156,
26,1.555,-0.392,
27,2.37,-0.321,
28,1.98,-0.344,
29,2.225,1.239,
30,1.194,0.045,
31,0.321,0.341,
32,1.889,-0.93,
33,0.134,-2.623,
34,-1.096,0.529,
35,1.242,0.899,
36,0.166,0.068,
37,-0.062,-1.029,
38,0.275,-1.044,
39,-0.609,0.588,
40,0.062,-0.144,
41,1.688,-0.726,
42,0.463,-0.658,
43,1.468,-0.26,
44,0.894,0.492,
45,0.732,0.498,
46,0.653,0.396,
47,-0.695,-0.454,
48,0.413,0.694,
49,-0.847,-1.147,
50,0.819,-1.163,
51,1.685,-0.534,
52,0.899,-0.245,
53,0.2,1.912,
54,2.899,0.186,
55,0.819,-0.761,
56,2.074,0.021,
57,0.184,2.252,
58,1.681,1.083,
59,1.34,-1.754,
60,0.757,1.232,
61,-0.174,0.461,
62,3.431,0.065,
63,1.298,0.363,
64,-0.664,-2.251,
65,1.024,0.277,
66,0.239,0.11,
67,1.032,-0.887,
68,-0.161,-0.204,
69,-1.773,1.122,
70,1.791,0.923,
71,0.308,-0.289,
72,0.509,-0.079,
73,0.461,-1.079,
74,1.615,-0.266,
75,0.285,1.261,
76,1.167,-1.1,
77,0.404,-0.071,
78,0.704,0.541,
79,-0.022,-0.005,
80,-0.662,-0.943,
81,0.052,-0.595,
82,-0.974,-0.156,
83,1.391,-0.477,
84,0.791,-0.467,
85,0.718,1.877,
86,-0.42,-1.535,
87,1.108,-2.007,
88,0.462,0.562,
89,2.275,-1.062,
90,0.134,-0.992,
91,1.756,2.018,
92,1.608,-0.39,
93,1.355,0.799,
94,1.413,-0.669,
95,0.335,1.522,
96,3.44,-1.66,
97,1.602,0.236,
98,-0.038,-0.031,
99,0.177,1.341,
100,2.754,-3.076,
101,0.823,-1.342,
102,0.255,-0.939,
103,-0.459,1.122,
104,1.096,-0.681,
105,1.667,-0.399,
106,1.804,-1.135,
107,2.105,1.339,
108,0.176,-0.871,
109,0.087,-0.355,
110,0.217,-0.548,
111,1.317,1.17,
112,0.501,-0.04,
113,0.879,0.4,
114,1.023,0.418,
115,-0.041,-1.591,
116,1.456,-1.439,
117,1.654,-1.634,
118,1.524,-1.038,
119,1.65,0.434,
120,0.704,-0.291,
121,0.98,1.125,
122,-0.531,0.928,
123,1.435,0.212,
124,1.524,-0.509,
125,-0.053,0.957,
126,2.125,-0.624,
127,1.36,0.594,
128,1.16,0.318,
129,1.461,0.715,
130,2.467,-0.002,
131,1.266,1.218,
132,0.812,0.047,
133,0.71,-0.832,
134,0.418,0.246,
135,-0.654,-0.324,
136,0.974,-0.722,
137,0.129,-0.484,
138,1.261,0.16,
139,0.637,-0.839,
140,0.862,0.927,
141,0.108,-1.009,
142,1.04,-1.119,
143,0.803,-0.582,
144,0.803,0.759,
145,0.272,0.084,
146,1.389,-0.141,
147,-0.66,-0.128,
148,-1.041,-0.612,
149,0.069,-1.998,
150,1.683,-1.688,
151,0.941,1.583,
152,1.251,0.001,
153,1.414,-1.359,
154,-0.294,-0.199,
155,1.167,-0.943,
156,-0.081,-1.744,
157,-1.82,-0.948,
158,1.284,-0.023,
159,1.082,0.417,
160,0.912,1.687,
161,1.054,-0.093,
162,-1.064,-0.96,
163,0.203,-1.864,
