1,-0.467,-1.246,
2,-0.191,-1.216,
3,-0.287,-1.708,
4,-1.096,-0.29,
5,0.289,-0.357,
6,-0.753,-0.233,
7,0.027,-0.545,
8,-0.166,-1.489,
9,0.321,-0.607,
10,-0.963,-0.162,
11,0.272,-0.945,
12,0.551,-0.347,
13,0.06,0.342,
14,-0.943,-0.55,
15,-0.795,-0.592,
16,-0.025,-0.65,
17,-1.34,-2.148,
18,0.22,-1.029,
19,0.31,-0.325,
20,0.092,-0.35,
21,-0.143,-1.314,
22,-0.084,-0.445,
23,-0.703,-1.47,
24,1.106,-1.462,
25,-0.271,-0.817,
26,-1.274,-0.735,
27,-0.363,-0.972,
28,0.892,-0.631,
29,0.716,-0.051,
30,1.672,-0.304,
31,-0.278,-0.934,
32,0.39,-0.923,
33,-1.491,-1.548,
34,-0.413,-2.054,
35,-0.005,-0.751,
36,0.097,-0.254,
37,0.402,-0.264,
38,0.596,-0.872,
39,-0.685,-0.731,
40,0.435,-1.721,
41,0.414,0.242,
42,-0.242,0.728,
43,-0.124,0.926,
44,-0.728,-0.987,
45,-0.158,-0.998,
46,-0.797,-0.306,
47,-0.44,-0.483,
48,0.036,-0.425,
49,0.077,-1.122,
50,-0.208,-0.825,
51,-0.244,-1.225,
52,-0.576,-0.42,
53,-0.603,0.233,
54,-0.902,-0.235,
55,-1.237,-1.133,
56,-0.275,-0.468,
57,0.054,-0.87,
58,-0.876,-0.447,
59,-0.354,-1.371,
60,-0.045,-0.853,
61,-0.849,-0.273,
62,0.067,-0.689,
63,0.799,-0.046,
64,-0.876,-0.685,
65,0.655,-0.748,
66,0.607,-0.171,
67,-1.399,0.248,
68,-0.205,-0.754,
69,-0.379,-0.139,
70,0.562,-0.559,
71,0.121,-0.984,
72,-0.069,-1.264,
73,0.542,-0.927,
74,0.511,-0.722,
75,1.063,-0.303,
76,-0.832,-1.186,
77,0.159,-0.131,
78,-0.179,0.983,
79,-0.342,-0.234,
80,0.99,-0.864,
81,-0.719,-1.054,
82,-0.307,0.319,
83,-0.044,-0.375,
84,-0.326,-0.531,
85,0.553,-0.803,
86,0.399,0.402,
87,-0.293,-0.904,
88,0.459,0.189,
89,-0.907,-0.741,
90,-0.505,-0.393,
91,-1.212,-0.388,
92,-0.554,-0.535,
93,0.244,0.427,
94,-0.635,1.168,
95,0.747,-0.826,
96,-0.392,-1.046,
97,-0.645,-0.625,
98,-0.95,-1.931,
99,-0.312,-0.826,
100,-0.308,-1.555,
101,-0.104,-0.365,
102,-0.453,-1.254,
103,-0.419,-1.183,
104,-0.695,-0.495,
105,-1.286,-0.832,
106,0.533,-0.179,
107,-0.274,0.279,
108,-0.391,-1.115,
109,0.163,-1.763,
110,-0.503,-1.518,
111,-0.097,0.369,
112,-0.154,-1.476,
113,0.128,-0.863,
114,-0.157,-1.041,
115,-0.411,-2.029,
116,0.128,-1.289,
117,1.07,-0.703,
118,0.309,-0.706,
119,0.408,-1.125,
120,-0.138,-0.551,
121,-0.084,-0.677,
122,0.258,-0.294,
123,-0.301,-1.543,
124,-0.503,-1.209,
125,-0.306,-0.877,
126,0.261,-0.406,
127,0.296,-1.693,
128,-0.007,-0.671,
129,-0.442,-0.608,
130,-0.512,-0.36,
131,-0.121,-0.147,
132,0.206,0.73,
133,-0.617,-0.624,
134,-0.138,-0.703,
135,-1.443,-1.316,
136,-0.319,-0.799,
137,0.626,-0.213,
138,-0.452,-0.444,
139,-1.025,-0.9,
140,-0.431,-1.235,
141,-1.057,-1.177,
142,0.233,-1.427,
143,-0.463,0.093,
144,-0.794,-0.969,
145,-0.894,-1.015,
146,0.401,0.334,
147,-0.147,-0.9,
148,-1.216,-0.312,
149,-0.42,-1.431,
150,-1.653,-2.87,
151,0.172,-0.262,
152,-1.566,-0.6,
153,0.198,-0.778,
154,-1.137,-0.306,
155,-0.897,-1.284,
156,0.479,-0.256,
157,-0.517,-0.829,
158,-0.158,-0.684,
159,-0.236,-0.271,
160,-1.167,-0.502,
161,-0.605,-0.342,
162,0.327,0.141,
163,0.829,-0.924,
