1,1.61,-0.1,
2,1.422,-0.014,
3,1.4,-0.607,
4,1.415,-0.716,
5,1.268,0.04,
6,-0.041,0.481,
7,1.795,0.517,
8,1.88,0.109,
9,1.307,-0.942,
10,0.756,-0.022,
11,1.801,-0.214,
12,1.865,-0.472,
13,1.946,-0.09,
14,0.865,0.146,
15,0.9,-0.33,
16,1.186,-0.478,
17,0.706,-0.279,
18,1.066,-0.436,
19,0.852,0.023,
20,1.166,-0.721,
21,1.236,-1.036,
22,1.156,-0.374,
23,0.478,-0.828,
24,1.256,-0.665,
25,0.851,0.144,
26,1.679,-0.145,
27,1.864,-0.62,
28,1.728,-0.277,
29,1.574,0.092,
30,1.272,0.072,
31,1.245,0.226,
32,1.56,-0.689,
33,1.663,-0.934,
34,0.469,-0.329,
35,1.855,0.758,
36,0.694,-0.296,
37,1.186,-0.569,
38,0.965,0.047,
39,1.122,-0.281,
40,1.138,-0.316,
41,1.875,-0.217,
42,1.881,0.187,
43,1.315,-0.062,
44,1.464,0.071,
45,1.313,0.147,
46,1.033,-0.148,
47,0.687,-0.902,
48,1.971,-0.03,
49,1.206,-0.94,
50,0.76,-1,
51,1.404,-0.394,
52,1.276,-0.247,
53,1.215,-0.137,
54,1.647,0.085,
55,1.055,-0.925,
56,1.277,0.013,
57,1.03,0.575,
58,1.228,0.136,
59,1.222,-1.096,
60,1.317,-0.117,
61,1.153,0.202,
62,2.147,-0.174,
63,1.304,0.042,
64,0.626,-1.248,
65,1.762,-0.399,
66,1.236,0.235,
67,1.234,-0.733,
68,1.303,-0.198,
69,1.193,0.274,
70,1.657,-0.479,
71,1.153,-0.618,
72,1.441,-0.266,
73,1.194,-0.387,
74,1.974,-0.334,
75,0.968,-0.43,
76,1.572,-0.826,
77,1.176,-0.325,
78,1.056,-0.112,
79,0.438,-0.316,
80,0.831,-1.146,
81,0.567,-0.375,
82,1.179,-0.388,
83,1.341,-0.429,
84,1.347,-0.363,
85,1.659,0.137,
86,0.808,-0.524,
87,1.458,-1.125,
88,0.929,-0.423,
89,1.829,-0.339,
90,0.775,-0.628,
91,1.791,0.43,
92,1.597,-0.6,
93,0.888,0.249,
94,1.209,-0.497,
95,1.337,-0.242,
96,2.019,-1.151,
97,1.632,-0.475,
98,0.621,-0.876,
99,1.346,-0.179,
100,1.344,-0.935,
101,1.225,-0.343,
102,1.054,-0.721,
103,1.233,0.307,
104,1.237,-0.532,
105,1.35,-0.63,
106,1.909,-0.284,
107,2.197,0.639,
108,1.211,-0.516,
109,1.188,-0.304,
110,1.765,-0.108,
111,1.209,-0.175,
112,0.495,-0.489,
113,1.045,-0.223,
114,1.407,-0.514,
115,0.567,-1.639,
116,1.486,-0.881,
117,1.693,-0.182,
118,1.335,-0.585,
119,1.446,-0.276,
120,1.257,-0.629,
121,1.319,0.007,
122,1.768,-0.199,
123,1.22,-1.003,
124,1.818,-0.72,
125,0.59,-0.528,
126,1.965,-0.504,
127,1.713,-0.513,
128,1.224,-0.068,
129,1.483,-0.011,
130,2.169,-0.379,
131,1.667,0.324,
132,1.042,-0.322,
133,1.151,-0.733,
134,0.819,-0.143,
135,0.912,-0.814,
136,1.198,-0.542,
137,0.787,-0.224,
138,1.223,-0.387,
139,1.024,-0.936,
140,1.281,0.145,
141,1.062,-0.986,
142,1.064,-1.035,
143,1.107,-0.048,
144,0.958,-0.07,
145,1.089,-0.594,
146,2.107,0.094,
147,1.12,-0.233,
148,0.543,-0.77,
149,1.092,-2.479,
150,0.914,-0.581,
151,1.798,0.527,
152,1.163,0.112,
153,1.419,-0.86,
154,0.814,-0.469,
155,1.057,-0.461,
156,0.885,-0.788,
157,0.841,-0.703,
158,1.67,-0.305,
159,1.541,-0.765,
160,1.177,0.235,
161,1.55,-0.437,
162,0.877,-0.366,
163,1.814,-1.306,
