1,0.733,-0.021,
2,-0.601,0.684,
3,1.005,-0.532,
4,-0.314,-0.116,
5,0.859,-0.388,
6,-0.175,1.387,
7,1.154,-0.365,
8,0.775,-0.595,
9,1.353,-0.143,
10,-0.217,-0.136,
11,-2.061,0.045,
12,0.433,1.099,
13,0.258,-0.034,
14,0.842,0.81,
15,-0.642,0.126,
16,0.141,-0.32,
17,-0.749,0.317,
18,-0.098,0.319,
19,-0.88,-0.712,
20,-0.415,-0.241,
21,-0.643,-1.161,
22,-0.027,-0.368,
23,-0.623,-0.708,
24,-0.379,0.435,
25,0.165,0.022,
26,0.712,-0.117,
27,1.268,0.217,
28,1.074,-0.158,
29,0.893,0.959,
30,0.856,0.209,
31,-0.361,0.135,
32,1.215,-0.73,
33,-0.631,-2.226,
34,-0.72,0.463,
35,0.182,0.476,
36,0.106,0.524,
37,-0.548,-0.653,
38,0,-1.215,
39,-0.369,-0.119,
40,-0.788,-0.112,
41,0.571,-0.705,
42,-0.179,-0.743,
43,0.718,-0.246,
44,0.207,0.459,
45,0.26,0.19,
46,0.669,0.183,
47,-0.78,-0.159,
48,-0.462,0.482,
49,-0.88,0.092,
50,0.273,-0.268,
51,0.481,-0.346,
52,0.249,-0.079,
53,-0.486,1.301,
54,1.801,-0.134,
55,-0.048,-0.499,
56,1.137,0.15,
57,-0.39,1.186,
58,1.141,1.175,
59,0.613,-0.575,
60,-0.117,0.967,
61,-0.756,-0.668,
62,1.355,-0.334,
63,-0.007,0.149,
64,-0.264,-1.384,
65,-0.17,0.432,
66,-0.918,0.061,
67,-0.345,-0.616,
68,0.181,-0.071,
69,-1.329,0.606,
70,0.676,1.308,
71,-0.232,-0.166,
72,-0.172,0.023,
73,-0.206,-0.346,
74,0.708,0.006,
75,-0.185,0.79,
76,0.371,-0.266,
77,-0.531,0.013,
78,0.262,1.144,
79,-0.278,0.361,
80,-0.742,-0.141,
81,-0.254,-0.229,
82,-1.076,0.248,
83,0.554,0.199,
84,0.235,-0.191,
85,-0.917,1.291,
86,-0.314,-0.569,
87,0.326,-1.139,
88,0.248,0.106,
89,1.309,-1.112,
90,0.095,-0.441,
91,0.659,1.508,
92,0.476,-0.056,
93,0.855,0.532,
94,0.702,0.27,
95,-0.204,1.612,
96,1.771,-1.069,
97,1.096,0.607,
98,-0.546,0.078,
99,-0.704,1.498,
100,2.23,-1.842,
101,0.277,-1.566,
102,-0.294,-0.592,
103,-0.388,0.254,
104,0.47,-0.338,
105,0.709,-0.428,
106,-0.031,-1.36,
107,0.153,0.694,
108,-0.25,-0.259,
109,-0.736,-0.512,
110,-0.129,-0.262,
111,0.803,0.73,
112,0.065,-0.404,
113,0.031,0.546,
114,0.16,0.83,
115,-0.402,-0.554,
116,0.742,-0.934,
117,0.151,0.127,
118,0.728,-1.095,
119,0.927,0.522,
120,0.126,0.223,
121,0.13,0.054,
122,-0.93,0.969,
123,0.58,0.964,
124,0.394,0.111,
125,-0.01,1.277,
126,0.866,-0.537,
127,0.492,0.827,
128,0.315,0.665,
129,0.627,0.428,
130,0.962,0.47,
131,0.736,0.872,
132,0.025,0.146,
133,0.07,-0.588,
134,0.17,0.459,
135,-0.566,0.478,
136,-0.231,-0.342,
137,-0.186,-0.221,
138,0.43,0.49,
139,-0.341,-0.715,
140,-0.402,1.061,
141,-0.879,-0.119,
142,0.396,-0.614,
143,0.628,-1.05,
144,0.725,-0.424,
145,-0.262,-0.167,
146,0.166,0.199,
147,-1.165,0.219,
148,-0.86,-0.077,
149,0.21,-0.46,
150,0.692,-1.358,
151,0.029,0.995,
152,0.286,0.082,
153,1.186,-0.65,
154,-0.566,0.148,
155,0.822,-0.628,
156,-0.309,-0.531,
157,-1.147,-0.574,
158,0.219,0.177,
159,0.138,0.357,
160,0.018,1.473,
161,0.409,-0.024,
162,-0.948,-0.214,
163,-0.643,-1.132,
