1,0.241,1.436,
2,-0.014,0.184,
3,-0.966,0.595,
4,-0.21,0.9,
5,-0.263,0.986,
6,-1.842,0.582,
7,-0.484,1.706,
8,0.249,0.503,
9,-0.4,-0.073,
10,-0.79,1.012,
11,0.54,1.445,
12,0.376,-0.325,
13,0.438,0.883,
14,-1.33,0.657,
15,-1.133,0.479,
16,0.084,0.785,
17,-1.675,0.805,
18,0.009,0.643,
19,-0.37,0.808,
20,-0.133,0.604,
21,0.215,0.554,
22,-0.341,0.272,
23,-0.19,0.05,
24,-0.529,0.391,
25,-1.117,0.953,
26,-0.404,0.763,
27,-0.278,0.16,
28,0.307,0.552,
29,-0.281,0.431,
30,0.107,1.829,
31,-0.222,1.389,
32,-0.182,0.165,
33,-0.612,1.13,
34,-0.72,0.396,
35,-0.371,1.739,
36,-0.944,1.121,
37,0.01,0.354,
38,-0.258,0.194,
39,-0.305,1.289,
40,-0.685,0.266,
41,-0.202,0.449,
42,0.589,0.294,
43,-0.18,0.711,
44,0.084,1.709,
45,-0.587,0.528,
46,-0.196,0.969,
47,-0.818,0.233,
48,0.616,0.173,
49,-0.383,-0.217,
50,-0.559,-0.179,
51,-0.419,0.54,
52,-0.188,0.595,
53,0.142,-0.035,
54,-0.337,0.834,
55,-0.298,-0.297,
56,-0.381,0.611,
57,0.032,0.424,
58,-0.546,0.817,
59,-1.266,0.793,
60,-0.514,0.156,
61,-0.586,1.09,
62,0.466,0.566,
63,-0.344,0.697,
64,-0.824,-0.469,
65,-0.174,0.202,
66,0.476,0.963,
67,-0.937,0.082,
68,-0.892,0.69,
69,-0.258,1.184,
70,-0.088,0.576,
71,-0.535,1.041,
72,-0.191,1.016,
73,-0.599,0.764,
74,-0.096,0.828,
75,-0.792,1.412,
76,0.141,0.853,
77,-0.465,0.085,
78,-0.151,0.774,
79,-1.211,0.349,
80,-0.389,-0.017,
81,0.307,0.621,
82,-0.549,0.501,
83,0.273,0.458,
84,-0.522,0.53,
85,0.066,0.986,
86,-0.923,1.01,
87,-0.552,-0.369,
88,-0.166,0.387,
89,0.39,0.238,
90,-0.35,0.69,
91,-0.191,0.587,
92,-0.868,0.435,
93,-0.21,1.321,
94,-0.509,0.916,
95,-0.313,0.649,
96,0.166,-0.089,
97,0.466,0.657,
98,-1.445,0.224,
99,-0.411,0.315,
100,-0.906,0.784,
101,-0.141,1.173,
102,-0.494,-0.184,
103,-0.117,0.387,
104,-0.398,0.359,
105,-0.065,0.773,
106,-0.387,1.078,
107,0.523,1.573,
108,-0.144,0.76,
109,-0.456,0.207,
110,0.301,0.86,
111,-0.082,0.481,
112,-1.265,0.53,
113,-0.562,0.494,
114,-0.399,0.263,
115,-0.192,-0.869,
116,0.131,0.346,
117,-0.156,0.43,
118,-0.231,1.019,
119,0.28,0.83,
120,0.126,0.297,
121,-0.399,0.472,
122,0.291,0.765,
123,-0.665,-0.367,
124,-0.267,0.079,
125,-0.454,0.333,
126,-0.151,0.716,
127,-0.054,-0.084,
128,-0.264,0.708,
129,-0.11,0.471,
130,0.713,0.501,
131,-0.461,1.692,
132,-0.755,0.621,
133,-0.528,0.958,
134,-0.563,0.667,
135,-1.01,-0.274,
136,-0.275,0.173,
137,-0.742,1.02,
138,-0.248,0.961,
139,-0.625,-0.225,
140,-0.507,0.489,
141,-0.422,-0.563,
142,-0.604,-0.126,
143,-0.641,1.439,
144,-0.633,0.695,
145,-0.753,-0.208,
146,0.086,1.055,
147,-0.473,0.547,
148,-0.828,0.292,
149,0.127,-1.653,
150,-0.747,0.437,
151,1.045,0.62,
152,-0.468,0.954,
153,-0.193,0.286,
154,-1.015,0.866,
155,-0.736,0.391,
156,-1.17,0.315,
157,-0.525,0.165,
158,0.441,0.569,
159,0.029,-0.11,
160,-0.612,0.518,
161,0.039,0.789,
162,-0.552,0.706,
163,0.371,-0.484,
