1,0.396,-0.855,
2,0.764,-0.456,
3,1.741,0.059,
4,0.702,0.391,
5,-1.036,0.231,
6,-2.921,2.127,
7,-0.023,-1.268,
8,-0.907,-1.267,
9,-0.023,-0.551,
10,-0.076,1.103,
11,1.295,-1.249,
12,-0.064,-1.637,
13,-1.236,0.853,
14,-2.443,-0.47,
15,-1.244,-3.468,
16,0.661,-0.067,
17,-1.463,-0.14,
18,1.678,-0.017,
19,0.744,-0.816,
20,-1.223,-0.703,
21,1.102,0.267,
22,-1.035,-1.503,
23,0.194,1.367,
24,-0.458,0.551,
25,-0.458,0.654,
26,-1.266,0.589,
27,0.878,-0.395,
28,1.391,-2.298,
29,-0.487,0.389,
30,1.588,-1.057,
31,-0.107,-0.368,
32,-0.083,-0.949,
33,-0.496,-0.189,
34,-0.188,-0.558,
35,0.034,1.606,
36,1.738,-0.682,
37,0.144,0.224,
38,2.278,-0.993,
39,2.313,-0.488,
40,0.398,-1.299,
41,0.155,0.435,
42,1.633,0.323,
43,-0.332,-0.101,
44,0.125,0.337,
45,-2.014,1.595,
46,0.462,0.098,
47,-0.684,-0.085,
48,0.504,-1.328,
49,1.256,-0.169,
50,1.705,-0.898,
51,0.068,-2.189,
52,-0.468,-0.605,
53,1.672,-0.525,
54,0.386,0.454,
55,-0.966,-0.6,
56,1.786,0.385,
57,0.147,0.372,
58,0.303,1.357,
59,0.258,0.096,
60,0.41,0.165,
61,-0.951,-0.312,
62,2.826,-1.402,
63,0.964,-0.499,
64,-0.476,-1.995,
65,1.563,1.31,
66,-0.131,0.445,
67,1.179,-0.316,
68,1.847,-1.385,
69,1.676,-0.009,
70,0.562,0.014,
71,2.559,0.974,
72,0.558,-1.125,
73,-1.51,-0.898,
74,-0.054,0.395,
75,-1.447,-2.219,
76,-0.65,-1.861,
77,0.254,0.139,
78,0.1,-0.075,
79,-0.66,1.067,
80,-0.567,-1.765,
81,-1.096,-0.075,
82,-2.986,-0.81,
83,-0.802,-1.048,
84,1.296,2.487,
85,0.931,-0.393,
86,0.299,-2.323,
87,-1.658,0.375,
88,1.635,-2.907,
89,1.927,-2.836,
90,0.998,-1.496,
91,-0.33,0.005,
92,0.509,0.687,
93,1.071,-2.398,
94,1.042,-0.107,
95,-1.064,-1.981,
96,-0.27,1.662,
97,0.804,-0.263,
98,-0.229,2.21,
99,1.123,0.558,
100,1.475,0.316,
101,0.032,-0.083,
102,0.089,-0.088,
103,2.213,1.176,
104,0.288,-0.223,
105,-1.354,-0.055,
106,-0.448,-0.507,
107,0.457,1.346,
108,1.877,-2.746,
109,0.319,-0.47,
110,0.468,0.022,
111,0.946,0.747,
112,0.2,-0.493,
113,0.538,-0.591,
114,-1.601,-0.265,
115,-0.836,0.193,
116,0.251,-0.164,
117,1.076,0.582,
118,0.624,2.127,
119,-0.946,-1.122,
120,1.113,-1.5,
121,-0.603,-1.055,
122,1.065,-0.805,
123,-1.074,-0.568,
124,0.279,-0.224,
125,0.542,-2.933,
126,0.785,-1.305,
127,-0.594,-1.889,
128,-0.218,0.661,
129,-0.485,-0.983,
130,2.275,-0.465,
131,0.395,-0.825,
132,-0.548,0.168,
133,0.199,0.813,
134,-0.949,-1.043,
135,0.455,-2.42,
136,2.157,0.404,
137,1.156,-0.008,
138,-0.302,-0.393,
139,1.148,0.703,
140,-0.466,0.018,
141,0.899,1.125,
142,1.688,-0.081,
143,1.506,-0.645,
144,0.476,-0.555,
145,0.254,-0.83,
146,-0.03,0.899,
147,1.062,-0.92,
148,0.725,-1.259,
149,1.174,0.206,
150,1.078,-0.839,
151,0.008,-0.48,
152,-0.276,-1.123,
153,1.483,-0.515,
154,0.402,-0.82,
155,0.033,-0.852,
156,-0.029,0.218,
157,0.945,-1.523,
158,-0.005,-1.405,
159,0.444,-0.52,
160,-0.083,-0.299,
161,-0.123,-1.837,
162,-0.86,-0.594,
163,1.471,-1.386,
