1,1.003,-0.559,
2,0.976,-1.131,
3,0.287,-1.242,
4,1.26,-0.19,
5,0.863,-0.862,
6,-0.704,-0.699,
7,1.661,-0.059,
8,1.394,-0.857,
9,0.988,-1.936,
10,-0.269,-0.627,
11,1.449,-0.291,
12,1.126,-1.121,
13,1.629,-1.07,
14,0.578,-0.576,
15,0.145,-0.718,
16,0.814,-1.177,
17,0.706,-0.392,
18,1.103,-1.018,
19,1.296,-0.853,
20,0.852,-1.285,
21,0.711,-1.365,
22,0.068,-0.953,
23,1.072,-1.083,
24,0.894,-1.078,
25,1.012,-0.587,
26,1.167,-0.77,
27,1.348,-0.748,
28,0.969,-0.669,
29,0.66,-0.494,
30,0.33,-0.857,
31,1.168,-0.716,
32,0.937,-0.629,
33,1.024,-1.046,
34,0.388,-1.033,
35,1.386,-0.225,
36,0.687,-0.859,
37,0.903,-0.644,
38,0.466,-0.724,
39,1.004,-0.791,
40,1.156,-0.726,
41,1.582,-0.533,
42,2.293,-0.573,
43,1.494,-0.252,
44,1.221,-0.324,
45,0.711,-0.41,
46,0.955,-1.046,
47,0.299,-1.229,
48,2.059,-0.759,
49,0.624,-1.056,
50,0.956,-1.052,
51,1.071,-1.025,
52,0.35,-0.903,
53,1.359,-1.868,
54,0.926,-0.163,
55,0.832,-1.912,
56,1.271,-1.084,
57,0.657,-1.173,
58,0.637,-0.484,
59,0.497,-1.216,
60,0.872,-0.732,
61,1.093,-0.768,
62,1.983,-0.71,
63,0.644,-0.853,
64,0.558,-1.07,
65,1.257,-1.174,
66,1.334,-0.178,
67,0.582,-1.141,
68,0.559,-0.649,
69,1.378,-0.217,
70,0.605,-0.782,
71,0.578,-0.685,
72,1.714,-0.947,
73,1.028,-0.989,
74,1.27,-0.811,
75,0.467,-1.338,
76,1.193,-0.765,
77,0.921,-1.056,
78,0.733,-1.078,
79,0.468,-1.219,
80,0.844,-1.484,
81,0.51,-0.805,
82,1.223,-0.527,
83,0.775,-0.99,
84,0.695,-0.731,
85,1.143,-0.755,
86,0.672,-0.586,
87,0.266,-2.032,
88,1.251,-0.339,
89,1.209,-0.7,
90,1.521,-0.609,
91,1.195,-0.024,
92,0.848,-1.285,
93,0.185,-0.298,
94,0.666,-0.431,
95,1.026,-0.392,
96,1.026,-1.646,
97,1.578,-0.62,
98,0.354,-1.748,
99,0.639,-1.146,
100,1.088,-0.647,
101,1.121,-0.164,
102,0.498,-1.243,
103,0.456,-0.422,
104,1.239,-1.017,
105,0.595,-1.075,
106,0.154,-0.675,
107,1.742,0.226,
108,0.884,-1.282,
109,1.02,-0.807,
110,1.042,-0.507,
111,0.677,-0.977,
112,0.159,-1.125,
113,0.916,-0.657,
114,0.935,-1.265,
115,1.043,-1.645,
116,0.951,-1.035,
117,1.247,-1.034,
118,1.261,-0.749,
119,0.724,-0.968,
120,0.761,-1.544,
121,1.029,-0.399,
122,1.563,-0.975,
123,0.653,-1.658,
124,1.181,-1.441,
125,0.526,-1.393,
126,1.436,-0.71,
127,1.614,-0.916,
128,0.811,-0.409,
129,1.288,-0.921,
130,0.96,-0.466,
131,1.392,0.288,
132,0.811,-1.15,
133,0.763,-0.203,
134,0.774,-0.325,
135,1.029,-1.012,
136,0.755,-0.962,
137,0.486,-0.822,
138,0.997,-0.873,
139,0.452,-1.398,
140,0.794,-0.79,
141,0.696,-1.573,
142,1.117,-1.164,
143,1.331,-0.197,
144,0.896,-0.646,
145,0.107,-1.199,
146,1.364,-0.62,
147,0.993,-0.779,
148,0.459,-1.391,
149,1.496,-2.018,
150,-0.265,-0.88,
151,2.096,-0.647,
152,0.817,-0.824,
153,1.232,-1.413,
154,0.68,-1.154,
155,1.083,-1.462,
156,0.488,-0.499,
157,0.351,-1.862,
158,1.526,-0.854,
159,0.704,-1.022,
160,1.127,-0.788,
161,1.23,-0.656,
162,1.277,-0.619,
163,1.276,-1.694,
