1,-1.069,-0.283,
2,0.172,-0.586,
3,0.356,-1.252,
4,0.487,-0.19,
5,-1.639,-1.571,
6,-1.354,-0.135,
7,2.289,1.052,
8,0.723,-1.057,
9,0.411,-1.813,
10,-1.557,-1.095,
11,0.317,0.623,
12,1.262,0.134,
13,1.08,-1.141,
14,0.264,0.368,
15,-0.732,-0.422,
16,0.31,-0.09,
17,0.406,-0.065,
18,0.205,-0.01,
19,0.419,-0.279,
20,-1.708,-1.298,
21,0.266,-0.718,
22,-0.117,0.69,
23,0.505,-0.845,
24,0.399,-0.48,
25,0.515,0.87,
26,-0.042,-0.966,
27,-0.016,-0.021,
28,0.423,-0.118,
29,-0.206,0.889,
30,-0.264,-0.176,
31,0.016,-2.08,
32,1.513,0.676,
33,1.774,-0.69,
34,0.44,-0.602,
35,0.473,-0.496,
36,0.578,-0.46,
37,-0.047,-0.091,
38,-0.016,0.734,
39,1.714,1.251,
40,-0.095,-0.845,
41,0.324,-0.888,
42,1.202,0.247,
43,1.128,0.114,
44,-0.247,0.117,
45,0.265,0.315,
46,0.303,-0.738,
47,-0.47,-0.251,
48,2.161,-0.042,
49,-0.145,-0.319,
50,0.67,-0.132,
51,0.149,-0.744,
52,0.672,-0.595,
53,1.277,-1.153,
54,0.524,2.351,
55,1.23,-1.171,
56,0.7,-0.45,
57,-1.114,0.222,
58,-0.482,-1.152,
59,0.017,-0.157,
60,-0.081,0.046,
61,0.432,0.5,
62,1.171,-0.661,
63,-0.936,-2.012,
64,-0.237,-0.742,
65,1.125,-1.504,
66,1.566,-0.27,
67,0.33,-0.195,
68,-0.29,0.371,
69,1.938,0.639,
70,-0.18,1.228,
71,0.31,0.612,
72,2.192,-0.828,
73,1.791,-1.322,
74,1.069,-0.292,
75,-0.453,-0.211,
76,1.719,-0.83,
77,1.099,0.068,
78,0.647,-1.059,
79,1.144,-1.22,
80,1.007,-0.52,
81,0.593,-1.326,
82,0.543,-0.405,
83,-0.342,-0.369,
84,0.447,-0.15,
85,-0.03,-0.741,
86,-1.019,-0.212,
87,-1.489,-1.831,
88,1.152,0.691,
89,1.41,-0.05,
90,1.109,-0.013,
91,0.57,0.127,
92,0.036,-0.827,
93,-0.666,0.654,
94,1.095,0.385,
95,-0.554,1.581,
96,1.015,-1.705,
97,1.135,-0.069,
98,0.209,-1.945,
99,-0.018,-1.995,
100,3.545,1.83,
101,1.765,0.882,
102,-0.374,-0.589,
103,-2.04,-0.523,
104,1.831,-0.081,
105,-0.289,-0.277,
106,-2.419,-0.627,
107,0.573,0.193,
108,0.07,-0.507,
109,1.178,-0.614,
110,-0.491,-0.384,
111,-0.401,-1.637,
112,-0.674,-0.432,
113,0.804,0.272,
114,2.028,0.738,
115,1.135,0.246,
116,0.926,0.788,
117,0.695,-1.627,
118,1.525,0.11,
119,-0.046,-1.232,
120,0.307,-1.481,
121,1.16,0.313,
122,1.422,-0.284,
123,0.08,0.153,
124,0.321,-2.31,
125,0.37,-0.642,
126,1.369,0.683,
127,1.646,1.242,
128,-0.027,0.537,
129,1.361,-0.04,
130,0.936,-0.505,
131,0.08,0.967,
132,1.83,-1.757,
133,0.846,-1.532,
134,0.238,-0.502,
135,0.314,0.269,
136,0.819,0.651,
137,0.528,0.442,
138,1.891,0.141,
139,-0.114,-1.019,
140,-0.302,-0.184,
141,-0.202,-0.066,
142,0.44,1.24,
143,-0.388,0.714,
144,1.279,-0.88,
145,-0.838,-0.731,
146,-0.299,-0.946,
147,0.452,0.173,
148,0.024,-1.424,
149,1.45,-0.354,
150,-0.334,-0.02,
151,1.635,0.43,
152,0.479,-1.232,
153,1.07,-2.502,
154,0.19,-0.306,
155,-0.069,-0.021,
156,0.305,0.786,
157,-0.233,-1.891,
158,0.522,-1.772,
159,-0.865,-0.582,
160,0.246,-0.035,
161,0.098,0.362,
162,0.171,0.377,
163,0.221,-1.545,
