1,0.349,-0.925,
2,0.782,-0.483,
3,1.801,0.056,
4,0.698,0.363,
5,-1.069,0.206,
6,-2.925,2.125,
7,-0.055,-1.37,
8,-0.896,-1.29,
9,-0.029,-0.531,
10,-0.067,1.077,
11,1.362,-1.284,
12,-0.095,-1.649,
13,-1.299,0.82,
14,-2.544,-0.413,
15,-1.276,-3.593,
16,0.628,-0.06,
17,-1.496,-0.141,
18,1.789,0.001,
19,0.705,-0.878,
20,-1.25,-0.709,
21,1.062,0.304,
22,-1.077,-1.518,
23,0.19,1.467,
24,-0.494,0.602,
25,-0.464,0.661,
26,-1.335,0.622,
27,0.908,-0.395,
28,1.386,-2.457,
29,-0.503,0.423,
30,1.675,-1.134,
31,-0.131,-0.396,
32,-0.115,-0.976,
33,-0.52,-0.181,
34,-0.144,-0.6,
35,0.012,1.672,
36,1.791,-0.718,
37,0.152,0.256,
38,2.336,-1.109,
39,2.393,-0.484,
40,0.459,-1.351,
41,0.136,0.479,
42,1.64,0.305,
43,-0.343,-0.109,
44,0.063,0.359,
45,-2.076,1.667,
46,0.481,0.096,
47,-0.656,-0.051,
48,0.499,-1.342,
49,1.264,-0.172,
50,1.767,-0.98,
51,0.111,-2.296,
52,-0.518,-0.622,
53,1.699,-0.527,
54,0.37,0.495,
55,-0.934,-0.664,
56,1.875,0.404,
57,0.13,0.471,
58,0.291,1.397,
59,0.279,0.116,
60,0.422,0.188,
61,-0.972,-0.322,
62,2.765,-1.416,
63,1.018,-0.513,
64,-0.54,-2.018,
65,1.599,1.453,
66,-0.129,0.432,
67,1.26,-0.301,
68,1.835,-1.501,
69,1.796,-0.047,
70,0.594,0.033,
71,2.611,1.046,
72,0.594,-1.141,
73,-1.473,-0.997,
74,-0.095,0.415,
75,-1.437,-2.252,
76,-0.63,-1.925,
77,0.266,0.179,
78,0.088,-0.077,
79,-0.716,1.089,
80,-0.572,-1.78,
81,-1.207,-0.106,
82,-3.079,-0.883,
83,-0.807,-1.015,
84,1.393,2.617,
85,1.02,-0.362,
86,0.311,-2.44,
87,-1.739,0.381,
88,1.6,-2.969,
89,1.881,-2.943,
90,1.049,-1.561,
91,-0.43,0.008,
92,0.538,0.771,
93,1.181,-2.474,
94,1.002,-0.117,
95,-1.113,-2.043,
96,-0.263,1.785,
97,0.805,-0.19,
98,-0.276,2.299,
99,1.18,0.628,
100,1.549,0.358,
101,0.023,-0.086,
102,0.154,-0.084,
103,2.233,1.239,
104,0.328,-0.224,
105,-1.461,0.009,
106,-0.465,-0.505,
107,0.43,1.391,
108,1.892,-2.778,
109,0.281,-0.368,
110,0.456,0.051,
111,1.001,0.882,
112,0.247,-0.476,
113,0.546,-0.624,
114,-1.592,-0.208,
115,-0.838,0.215,
116,0.298,-0.113,
117,1.036,0.603,
118,0.68,2.244,
119,-1.039,-1.205,
120,1.194,-1.519,
121,-0.627,-1.084,
122,1.05,-0.832,
123,-1.091,-0.556,
124,0.303,-0.268,
125,0.619,-2.947,
126,0.836,-1.259,
127,-0.676,-1.918,
128,-0.225,0.693,
129,-0.56,-0.942,
130,2.35,-0.426,
131,0.435,-0.866,
132,-0.581,0.209,
133,0.224,0.905,
134,-1.004,-1.094,
135,0.436,-2.504,
136,2.335,0.529,
137,1.234,0.008,
138,-0.318,-0.406,
139,1.164,0.766,
140,-0.498,0.038,
141,0.953,1.157,
142,1.717,-0.051,
143,1.59,-0.655,
144,0.487,-0.536,
145,0.283,-0.785,
146,-0.057,0.956,
147,1.112,-0.965,
148,0.765,-1.282,
149,1.18,0.278,
150,1.125,-0.879,
151,0.002,-0.472,
152,-0.256,-1.129,
153,1.511,-0.53,
154,0.426,-0.845,
155,0.03,-0.879,
156,-0.065,0.191,
157,0.993,-1.497,
158,-0.066,-1.381,
159,0.451,-0.497,
160,-0.076,-0.322,
161,-0.116,-1.849,
162,-0.893,-0.577,
163,1.521,-1.363,
