1,0.171,-0.755,
2,0.664,-0.188,
3,2.043,0.39,
4,0.618,0.68,
5,-1.397,0.38,
6,-3.475,2.387,
7,0.619,-1.471,
8,-1.134,-0.509,
9,0.086,-0.481,
10,0.018,1.134,
11,1.048,-1.415,
12,-0.129,-1.33,
13,-1.719,0.961,
14,-2.579,-0.587,
15,-1.788,-3.415,
16,0.562,0.099,
17,-1.556,-0.03,
18,1.248,0.226,
19,0.675,-0.2,
20,-1.448,-0.394,
21,0.695,0.43,
22,-1.406,-1.021,
23,0.017,1.129,
24,-0.593,1.09,
25,-0.073,0.51,
26,-1.048,0.678,
27,0.771,0.258,
28,1.579,-1.694,
29,-0.543,0.622,
30,1.264,-0.939,
31,-0.078,-0.363,
32,-0.115,-0.841,
33,-0.417,-0.003,
34,-0.344,-0.123,
35,-0.092,1.31,
36,1.882,-0.118,
37,0.106,0.311,
38,2.031,-0.833,
39,2.325,-0.143,
40,0.196,-1.099,
41,0.263,0.281,
42,1.592,0.365,
43,-0.536,-0.04,
44,0.17,0.096,
45,-1.763,1.569,
46,0.507,0.556,
47,-0.751,0.353,
48,0.376,-1.511,
49,0.882,-0.12,
50,1.681,-0.627,
51,-0.394,-1.891,
52,-0.28,0.043,
53,1.373,-0.287,
54,0.294,0.571,
55,-0.936,-0.055,
56,1.877,0.151,
57,0.225,0.338,
58,0.119,1.255,
59,-0.213,0.264,
60,0.077,0.097,
61,-0.818,-0.244,
62,3.207,-1.227,
63,1.137,-0.086,
64,-0.421,-1.868,
65,1.857,1.305,
66,-0.271,0.421,
67,1.115,-0.007,
68,2.066,-0.775,
69,1.399,0.066,
70,0.484,0.381,
71,2.545,0.879,
72,0.417,-1.195,
73,-1.582,-0.786,
74,-0.477,0.395,
75,-2.008,-2.009,
76,-0.417,-1.59,
77,0.267,0.196,
78,-0.092,0.301,
79,-0.398,1.467,
80,-0.882,-1.594,
81,-0.638,0.286,
82,-2.764,-0.444,
83,-1.077,-0.956,
84,1.085,2.501,
85,0.76,-0.544,
86,-0.066,-2.36,
87,-1.949,0.58,
88,0.919,-2.771,
89,1.898,-2.198,
90,0.665,-1.133,
91,-0.152,-0.053,
92,0.457,0.586,
93,1.297,-1.965,
94,1.278,-0.001,
95,-0.849,-1.794,
96,-0.319,1.416,
97,0.435,-0.327,
98,0.092,2.244,
99,0.977,0.901,
100,1.665,0.326,
101,-0.07,-0.097,
102,-0.615,0.312,
103,2.116,1.043,
104,-0.011,-0.189,
105,-1.509,0.369,
106,-0.699,-0.482,
107,0.391,1.555,
108,1.539,-2.605,
109,0.325,-0.556,
110,0.292,-0.114,
111,1.269,0.468,
112,0.54,-0.469,
113,0.426,-0.418,
114,-1.701,-0.184,
115,-0.83,0.675,
116,0.014,-0.093,
117,0.946,0.747,
118,0.484,1.976,
119,-1.03,-1.254,
120,1.021,-1.262,
121,-0.871,-0.84,
122,0.924,-0.71,
123,-1.203,-0.162,
124,0.294,-0.039,
125,0.439,-2.863,
126,0.464,-1.109,
127,-0.474,-1.56,
128,-0.001,0.786,
129,-0.441,-0.907,
130,2.521,-0.675,
131,0.397,-1.162,
132,-0.585,0.463,
133,0.034,0.824,
134,-1.274,-1.07,
135,0.564,-2.333,
136,1.557,0.738,
137,1.019,0.186,
138,-0.278,-0.402,
139,1.048,1.302,
140,-0.354,0.182,
141,0.903,1.344,
142,1.793,0.061,
143,1.107,-0.671,
144,0.652,-0.644,
145,0.269,-0.76,
146,0.002,0.493,
147,1.223,-0.765,
148,0.741,-1.132,
149,1.053,0.049,
150,1.149,-0.871,
151,-0.368,-0.376,
152,-0.266,-1.209,
153,0.984,-0.653,
154,0.559,-0.132,
155,0.04,-0.655,
156,-0.439,0.1,
157,0.176,-1.869,
158,-0.038,-1.721,
159,0.305,-0.29,
160,0.001,-0.099,
161,-0.044,-1.498,
162,-0.807,-0.313,
163,1.334,-1.327,
