1,0.734,-0.204,
2,0.374,-0.948,
3,0.31,-0.672,
4,0.559,-0.406,
5,-0.232,-0.19,
6,-1.172,-0.143,
7,0.405,0.224,
8,0.721,-0.479,
9,-0.032,-0.877,
10,-0.264,0.458,
11,0.725,-0.169,
12,0.473,-1.53,
13,0.543,0.308,
14,-0.054,-0.362,
15,-0.237,-0.92,
16,0.751,-0.835,
17,-0.235,-0.312,
18,0.875,-0.586,
19,0.428,-0.593,
20,0.018,-0.678,
21,0.821,-0.861,
22,0.021,-1.274,
23,0.464,0.1,
24,0.165,-0.852,
25,-0.266,0.029,
26,-0.088,-0.071,
27,0.748,-1.034,
28,0.411,-1.302,
29,0.137,-0.328,
30,0.945,-0.473,
31,0.185,-0.038,
32,0.272,-0.917,
33,-0.096,-0.607,
34,-0.086,-1.018,
35,0.451,0.913,
36,0.372,-0.865,
37,0.408,-0.435,
38,1.19,-0.767,
39,0.47,-0.784,
40,0.377,-0.958,
41,0.264,0.115,
42,0.636,0.115,
43,0.512,-0.374,
44,0.485,0.308,
45,-0.533,0.126,
46,0.609,0.009,
47,-0.384,-0.885,
48,0.86,-0.486,
49,0.824,-0.817,
50,0.484,-0.953,
51,0.621,-0.993,
52,-0.105,-1.117,
53,0.89,-1.002,
54,0.539,-0.265,
55,-0.389,-1.461,
56,0.196,0.224,
57,0.256,-0.55,
58,0.356,0.421,
59,0.457,-0.876,
60,0.549,-0.073,
61,0.015,-0.305,
62,1.657,-0.49,
63,-0.124,-0.913,
64,-0.062,-1.101,
65,0.331,-0.269,
66,0.531,0.19,
67,0.298,-1.201,
68,0.663,-0.705,
69,0.552,-0.005,
70,0.266,-0.929,
71,0.609,-0.386,
72,0.666,-0.385,
73,-0.324,-0.456,
74,0.903,0.019,
75,-0.294,-1.061,
76,0.037,-0.643,
77,0.075,-0.451,
78,0.326,-0.802,
79,-0.706,-0.219,
80,0.117,-1.287,
81,-0.423,-0.524,
82,0.227,-0.618,
83,0.417,-1.033,
84,0.352,-0.105,
85,0.646,-0.189,
86,0.474,-0.356,
87,-0.046,-0.687,
88,0.797,-0.357,
89,0.959,-0.66,
90,0.812,-1.283,
91,-0.02,0.011,
92,0.221,-0.204,
93,-0.606,-0.78,
94,0.13,-0.222,
95,0.051,-1.076,
96,0.363,-0.425,
97,1.17,-0.534,
98,-0.725,-0.911,
99,0.598,-0.794,
100,-0.064,-0.57,
101,0.226,-0.148,
102,0.168,-0.893,
103,0.573,0.36,
104,0.478,-0.385,
105,-0.07,-1.214,
106,0.158,-0.508,
107,0.576,0.361,
108,0.468,-1.182,
109,0.255,-0.599,
110,0.853,-0.378,
111,-0.174,0.014,
112,-0.754,-0.699,
113,0.49,-0.879,
114,-0.509,-0.681,
115,0.128,-1.88,
116,0.545,-0.837,
117,0.716,-0.338,
118,0.163,-0.387,
119,0.053,-0.293,
120,0.311,-1.231,
121,0.412,-0.841,
122,0.868,-0.418,
123,-0.41,-1.409,
124,0.378,-0.635,
125,0.153,-1.522,
126,0.682,-0.755,
127,-0.016,-1.28,
128,-0.305,-0.063,
129,0.012,-0.99,
130,0.453,-0.22,
131,0.576,0.26,
132,-0.212,-0.681,
133,0.212,-0.478,
134,0.235,-0.314,
135,0.237,-1.002,
136,0.83,-0.749,
137,-0.023,-0.572,
138,-0.129,-0.428,
139,0.199,-1.054,
140,-0.172,-0.585,
141,0.26,-1.109,
142,0.402,-1.015,
143,0.607,-0.331,
144,0.322,-0.546,
145,0.049,-1.01,
146,0.473,0.335,
147,0.18,-0.686,
148,-0.101,-0.663,
149,0.669,-1.828,
150,-0.387,-0.779,
151,1.049,-0.286,
152,-0.188,-0.325,
153,0.816,-0.453,
154,-0.068,-1.483,
155,-0.011,-0.876,
156,-0.026,-0.447,
157,0.301,-1.087,
158,0.849,-0.939,
159,0.188,-0.914,
160,-0.185,-0.595,
161,0.004,-1.27,
162,-0.102,-0.721,
163,0.758,-1.945,
