1,0.66,-0.587,
2,0.621,-0.709,
3,1.294,-0.188,
4,0.696,0.205,
5,-0.677,0.107,
6,-2.345,1.681,
7,-0.163,-0.565,
8,-0.796,-1.346,
9,-0.042,-0.658,
10,-0.153,1.056,
11,1.36,-0.894,
12,0.114,-1.789,
13,-0.735,0.888,
14,-1.686,-0.642,
15,-0.759,-2.786,
16,0.756,-0.367,
17,-1.287,-0.201,
18,1.47,-0.209,
19,0.75,-0.879,
20,-0.886,-0.866,
21,1.376,-0.073,
22,-0.736,-1.584,
23,0.294,1.137,
24,-0.251,0.063,
25,-0.457,0.484,
26,-1.036,0.366,
27,0.815,-0.712,
28,1.199,-2.069,
29,-0.381,0.099,
30,1.447,-0.879,
31,-0.031,-0.266,
32,0.046,-0.924,
33,-0.498,-0.341,
34,-0.203,-0.702,
35,0.195,1.489,
36,1.394,-0.857,
37,0.139,0.056,
38,2.156,-0.819,
39,1.815,-0.654,
40,0.348,-1.21,
41,0.161,0.365,
42,1.441,0.265,
43,-0.155,-0.138,
44,0.288,0.376,
45,-1.836,1.268,
46,0.518,-0.027,
47,-0.624,-0.375,
48,0.621,-1.093,
49,1.193,-0.35,
50,1.391,-0.811,
51,0.199,-1.975,
52,-0.391,-0.869,
53,1.6,-0.668,
54,0.548,0.261,
55,-0.923,-0.743,
56,1.259,0.333,
57,0.173,0.042,
58,0.341,1.082,
59,0.41,-0.193,
60,0.519,0.123,
61,-0.612,-0.305,
62,2.687,-1.235,
63,0.635,-0.661,
64,-0.312,-1.748,
65,1.136,0.849,
66,0.018,0.416,
67,0.918,-0.553,
68,1.576,-1.192,
69,1.336,0.057,
70,0.479,-0.279,
71,2.102,0.642,
72,0.523,-0.863,
73,-1.225,-0.562,
74,0.322,0.309,
75,-1.155,-1.975,
76,-0.875,-1.622,
77,0.193,-0.024,
78,0.271,-0.283,
79,-0.611,0.767,
80,-0.317,-1.651,
81,-0.859,-0.128,
82,-2.257,-0.808,
83,-0.534,-1.223,
84,1.012,2.002,
85,0.756,-0.373,
86,0.484,-1.834,
87,-1.131,0.078,
88,1.713,-2.457,
89,2.027,-2.422,
90,0.963,-1.443,
91,-0.174,-0.017,
92,0.435,0.444,
93,0.485,-2.307,
94,0.946,-0.118,
95,-0.822,-1.819,
96,-0.094,1.128,
97,0.985,-0.461,
98,-0.223,1.484,
99,0.976,0.131,
100,0.987,0.06,
101,0.133,-0.081,
102,0.106,-0.282,
103,1.877,1.04,
104,0.258,-0.251,
105,-0.873,-0.462,
106,-0.248,-0.535,
107,0.574,1.057,
108,1.702,-2.295,
109,0.371,-0.639,
110,0.679,-0.231,
111,0.44,0.422,
112,-0.157,-0.581,
113,0.679,-0.628,
114,-1.429,-0.444,
115,-0.461,-0.33,
116,0.224,-0.395,
117,1.177,0.3,
118,0.466,1.567,
119,-0.604,-0.792,
120,0.791,-1.548,
121,-0.234,-1.021,
122,1.141,-0.707,
123,-0.938,-0.819,
124,0.23,-0.255,
125,0.405,-2.686,
126,0.646,-1.188,
127,-0.387,-1.854,
128,-0.312,0.482,
129,-0.33,-1.174,
130,1.788,-0.402,
131,0.367,-0.49,
132,-0.419,-0.129,
133,0.195,0.464,
134,-0.575,-0.816,
135,0.592,-1.897,
136,1.787,-0.061,
137,0.883,-0.169,
138,-0.225,-0.323,
139,0.893,0.279,
140,-0.416,-0.135,
141,0.717,0.633,
142,1.363,-0.335,
143,1.37,-0.552,
144,0.387,-0.563,
145,0.329,-0.932,
146,0.054,0.891,
147,0.781,-0.831,
148,0.656,-1.049,
149,1.227,-0.088,
150,0.766,-0.684,
151,0.275,-0.467,
152,-0.277,-0.904,
153,1.372,-0.402,
154,0.236,-1.071,
155,0.04,-0.834,
156,0.194,0.253,
157,1.077,-1.44,
158,0.275,-1.32,
159,0.382,-0.539,
160,-0.163,-0.31,
161,-0.148,-1.888,
162,-0.691,-0.596,
163,1.185,-1.631,
