1,-0.475,-0.341,
2,0.302,-0.983,
3,0.331,-1.531,
4,0.824,-0.148,
5,-1.134,-1.733,
6,-1.335,-0.319,
7,2.582,0.856,
8,0.955,-1.236,
9,0.77,-2.275,
10,-1.389,-1.316,
11,0.751,0.528,
12,1.115,-0.218,
13,1.336,-1.209,
14,0.394,0.048,
15,-0.744,-0.535,
16,0.346,-0.601,
17,0.657,-0.15,
18,0.566,-0.44,
19,0.865,-0.599,
20,-1.059,-1.515,
21,0.403,-1.135,
22,-0.348,0.239,
23,0.794,-0.933,
24,0.564,-0.747,
25,0.897,0.429,
26,0.192,-1.173,
27,0.406,-0.377,
28,0.599,-0.317,
29,-0.029,0.596,
30,-0.258,-0.623,
31,0.447,-2.104,
32,1.529,0.537,
33,1.75,-0.884,
34,0.495,-0.782,
35,0.887,-0.472,
36,0.766,-0.775,
37,0.138,-0.239,
38,0.042,0.41,
39,1.682,0.746,
40,0.361,-0.862,
41,0.794,-1.009,
42,2.192,-0.027,
43,1.46,0.126,
44,0.104,0.017,
45,0.238,0.222,
46,0.583,-0.968,
47,-0.328,-0.53,
48,2.498,-0.188,
49,-0.166,-0.556,
50,0.894,-0.4,
51,0.511,-0.981,
52,0.442,-0.836,
53,1.406,-1.659,
54,0.646,2.019,
55,1.243,-1.563,
56,1.206,-0.91,
57,-0.695,-0.239,
58,-0.2,-0.955,
59,0.094,-0.406,
60,0.23,-0.108,
61,0.934,0.276,
62,1.598,-0.724,
63,-0.523,-1.934,
64,0.02,-0.887,
65,1.354,-1.551,
66,1.735,-0.271,
67,0.452,-0.474,
68,-0.269,0.14,
69,2.019,0.456,
70,-0.053,0.762,
71,0.336,0.347,
72,2.506,-0.966,
73,1.768,-1.571,
74,1.207,-0.52,
75,-0.211,-0.588,
76,1.708,-0.972,
77,1.204,-0.346,
78,0.668,-1.36,
79,1.088,-1.431,
80,1.136,-0.88,
81,0.425,-1.11,
82,0.742,-0.406,
83,-0.337,-0.653,
84,0.527,-0.296,
85,0.383,-0.775,
86,-0.606,-0.386,
87,-1.275,-2.241,
88,1.464,0.62,
89,1.432,-0.191,
90,1.412,-0.09,
91,0.82,0.154,
92,0.326,-1.152,
93,-0.62,0.461,
94,1.067,0.141,
95,-0.203,1.245,
96,1.155,-2.056,
97,1.427,-0.18,
98,0.202,-2.219,
99,0.093,-1.917,
100,3.395,1.295,
101,1.79,0.714,
102,-0.175,-0.916,
103,-1.849,-0.524,
104,1.915,-0.475,
105,-0.135,-0.514,
106,-1.975,-0.689,
107,1.096,0.042,
108,0.293,-0.893,
109,1.261,-0.661,
110,-0.161,-0.483,
111,-0.157,-1.618,
112,-0.447,-0.614,
113,0.843,0.037,
114,1.842,0.003,
115,1.464,-0.266,
116,0.929,0.362,
117,0.93,-1.667,
118,1.673,-0.025,
119,0.11,-1.275,
120,0.465,-1.934,
121,1.416,0.44,
122,1.804,-0.674,
123,0.415,-0.391,
124,0.58,-2.366,
125,0.344,-0.949,
126,1.545,0.402,
127,1.944,0.89,
128,0.185,0.34,
129,1.616,-0.38,
130,0.886,-0.447,
131,0.498,0.946,
132,1.707,-1.774,
133,0.902,-1.086,
134,0.459,-0.438,
135,0.547,-0.049,
136,0.872,0.195,
137,0.49,0.009,
138,1.894,-0.099,
139,-0.11,-1.044,
140,-0.095,-0.35,
141,0.072,-0.665,
142,0.741,0.661,
143,0.19,0.684,
144,1.129,-0.732,
145,-1.012,-1.019,
146,0.174,-0.963,
147,0.624,-0.13,
148,0.25,-1.683,
149,1.712,-0.724,
150,-0.37,-0.344,
151,2.073,0.041,
152,0.583,-1.353,
153,1.211,-2.369,
154,0.306,-0.643,
155,0.315,-0.554,
156,0.467,0.546,
157,-0.137,-2.118,
158,0.859,-1.722,
159,-0.71,-0.675,
160,0.594,-0.291,
161,0.456,0.283,
162,0.665,0.342,
163,0.492,-1.748,
