1,-0.07,-0.438,
2,0.28,0.017,
3,1.635,0.428,
4,0.354,0.694,
5,-0.269,0.348,
6,-2.374,1.37,
7,0.558,-0.899,
8,-1.138,-0.086,
9,0.214,-0.404,
10,0.095,0.668,
11,0.944,-1.021,
12,0.019,-0.653,
13,-0.958,-0.126,
14,-1.057,-1.053,
15,-0.994,-2.121,
16,0.393,-0.029,
17,-1.15,0.088,
18,0.263,0.368,
19,0.06,0.397,
20,-0.828,0.016,
21,0.231,0.749,
22,-0.97,-0.207,
23,-0.121,0.414,
24,-0.519,1.05,
25,0.413,0.015,
26,-0.219,0.289,
27,0.4,0.707,
28,1.058,-0.579,
29,-0.577,0.443,
30,0.657,-0.07,
31,0.089,-0.167,
32,-0.069,-0.496,
33,0.076,0.152,
34,-0.197,0.131,
35,-0.142,0.488,
36,1.387,0.542,
37,0.015,0.234,
38,0.882,-0.368,
39,1.272,-0.006,
40,-0.099,-0.512,
41,0.3,0.071,
42,0.848,-0.29,
43,-1.176,0.011,
44,0.184,-0.221,
45,-0.799,0.846,
46,0.212,0.287,
47,-0.349,0.242,
48,0.209,-1.21,
49,0.035,0.067,
50,1.139,-0.154,
51,-0.968,-0.696,
52,0.078,0.52,
53,0.488,-0.03,
54,0.424,0.338,
55,-0.49,0.318,
56,1.041,-0.02,
57,0.078,0.049,
58,-0.108,0.69,
59,-0.584,-0.142,
60,-0.325,-0.027,
61,-0.325,-0.312,
62,2.085,-0.727,
63,0.515,0.322,
64,-0.062,-0.962,
65,1.549,0.72,
66,-0.352,0.201,
67,0.546,0.133,
68,1.431,-0.259,
69,1.034,0.298,
70,0.185,0.237,
71,1.608,0.259,
72,0.02,-0.748,
73,-0.828,0.185,
74,-0.374,0.398,
75,-1.249,-0.871,
76,0.046,-0.633,
77,0.116,0.193,
78,-0.045,0.578,
79,-0.07,1.295,
80,-0.871,-0.772,
81,-0.033,0.238,
82,-1.043,-0.045,
83,-0.675,-0.51,
84,0.73,1.23,
85,0.112,-0.519,
86,-0.128,-1.484,
87,-1.226,0.304,
88,0.734,-1.765,
89,0.643,-0.01,
90,0.049,-0.299,
91,-0.026,0.227,
92,0.22,0.267,
93,0.763,-0.811,
94,0.984,0.085,
95,-0.398,-0.68,
96,-0.195,0.183,
97,-0.04,-0.388,
98,0.354,0.874,
99,0.473,0.742,
100,1.36,0.094,
101,-0.138,-0.127,
102,-0.763,0.705,
103,1.273,0.448,
104,-0.733,-0.058,
105,-0.734,0.286,
106,-0.757,-0.644,
107,0.326,1.147,
108,0.39,-1.361,
109,0.152,-0.538,
110,0.257,-0.398,
111,0.908,-0.196,
112,0.429,-0.461,
113,0.133,0.094,
114,-1.12,-0.117,
115,-0.482,0.715,
116,-0.11,-0.088,
117,0.534,0.935,
118,0.165,0.829,
119,-0.536,-0.825,
120,0.459,-0.766,
121,-0.753,-0.734,
122,0.481,-0.31,
123,-0.848,0.178,
124,0.048,0.313,
125,0.386,-1.951,
126,-0.203,-0.84,
127,-0.037,-0.689,
128,0.102,0.735,
129,-0.289,-0.752,
130,1.687,-0.429,
131,-0.215,-0.793,
132,-0.408,0.411,
133,-0.173,0.328,
134,-1.148,-0.724,
135,0.758,-1.161,
136,0.451,0.585,
137,0.435,0.185,
138,-0.068,-0.21,
139,0.355,1.036,
140,-0.078,0.226,
141,0.272,1.445,
142,0.88,0.009,
143,0.334,-0.55,
144,0.854,-0.793,
145,0.747,-0.418,
146,0.024,-0.025,
147,0.908,-0.239,
148,0.453,-0.496,
149,0.297,-0.036,
150,0.477,-0.502,
151,-0.624,-0.234,
152,-0.206,-0.722,
153,0.17,-0.287,
154,0.488,0.523,
155,0.114,-0.246,
156,-0.465,0.157,
157,-0.202,-1.12,
158,0.08,-0.42,
159,-0.08,0.012,
160,-0.044,0.216,
161,0.224,-0.656,
162,-0.485,0.054,
163,0.857,-1.052,
