1,-1.726,-0.371,
2,-0.213,-0.406,
3,0.336,-0.349,
4,0.116,0.164,
5,-1.355,-1.495,
6,-0.445,-0.228,
7,1.132,0.237,
8,0.232,-0.724,
9,0.194,-0.615,
10,-1.133,-0.421,
11,-0.141,0.458,
12,1.206,0.22,
13,0.32,-0.522,
14,0.238,-0.031,
15,-0.242,-0.566,
16,0.086,-0.138,
17,0.057,0.435,
18,-0.212,0.42,
19,-0.093,0.128,
20,-1.668,-0.6,
21,0.106,-0.081,
22,-0.079,0.719,
23,0.122,-0.578,
24,-0.097,0.271,
25,0.238,0.613,
26,0.205,-0.419,
27,-0.123,0.431,
28,0.161,0.084,
29,-0.272,0.7,
30,0.049,0.379,
31,-0.274,-1.307,
32,0.995,0.402,
33,1.106,-0.349,
34,0.231,-0.269,
35,-0.092,-0.279,
36,0.096,0.136,
37,0.15,0.179,
38,-0.005,0.517,
39,1.41,1.262,
40,-0.49,-0.652,
41,-0.037,-0.498,
42,0.002,0.307,
43,0.662,-0.048,
44,-0.301,0.021,
45,0.329,0.195,
46,0.097,-0.289,
47,-0.303,-0.046,
48,0.883,0.068,
49,-0.545,0.026,
50,0.167,-0.081,
51,-0.197,-0.373,
52,0.563,-0.389,
53,0.679,-0.283,
54,0.621,1.683,
55,0.848,-0.528,
56,-0.017,0.211,
57,-0.991,0.495,
58,-0.502,-1.194,
59,0.105,-0.018,
60,-0.314,0.199,
61,0.213,0.533,
62,0.813,-0.507,
63,-1.288,-1.417,
64,-0.234,-0.365,
65,0.538,-0.997,
66,0.865,-0.182,
67,0.05,0.034,
68,-0.117,0.259,
69,1.531,0.503,
70,-0.517,1.129,
71,0.236,0.481,
72,1.197,-0.46,
73,1.286,-0.655,
74,0.412,-0.03,
75,-0.028,0.372,
76,0.747,-0.432,
77,0.598,0.379,
78,0.501,-0.185,
79,0.704,-0.55,
80,0.418,-0.021,
81,0.821,-0.74,
82,0.185,-0.075,
83,-0.037,0.006,
84,0.314,-0.004,
85,-0.509,-0.486,
86,-0.906,-0.107,
87,-1.054,-0.767,
88,0.689,0.415,
89,0.643,0.162,
90,0.666,0.09,
91,0.301,0.114,
92,-0.192,-0.097,
93,-0.349,0.602,
94,0.69,0.437,
95,-0.836,1.383,
96,0.578,-0.844,
97,0.501,-0.056,
98,0.128,-1.017,
99,-0.015,-1.376,
100,2.33,1.603,
101,1.02,0.642,
102,-0.481,-0.161,
103,-1.986,-0.596,
104,1.01,0.329,
105,-0.331,0.11,
106,-1.941,-0.705,
107,-0.068,0.211,
108,0.062,-0.237,
109,0.686,-0.494,
110,-0.409,-0.183,
111,-0.247,-1.038,
112,-0.77,-0.004,
113,0.513,0.412,
114,1.42,1.183,
115,0.704,0.596,
116,0.976,0.695,
117,0.386,-1.076,
118,0.774,0.076,
119,-0.12,-0.689,
120,0.223,-0.665,
121,0.338,0.131,
122,0.659,0.171,
123,-0.252,0.529,
124,0.15,-1.61,
125,0.275,-0.264,
126,0.831,0.446,
127,0.573,0.775,
128,0.079,0.421,
129,0.81,0.254,
130,0.757,-0.344,
131,-0.397,0.712,
132,1.31,-1.179,
133,0.45,-1.403,
134,-0.118,-0.333,
135,0.122,0.364,
136,0.494,0.715,
137,0.49,0.699,
138,1.065,0.117,
139,-0.244,-0.341,
140,-0.218,-0.37,
141,-0.472,0.534,
142,0.146,1.143,
143,-0.805,0.576,
144,1.27,-0.939,
145,-0.257,-0.269,
146,-0.617,-0.601,
147,0.139,0.179,
148,-0.015,-0.464,
149,0.665,0.261,
150,-0.473,0.118,
151,0.913,0.496,
152,0.548,-0.988,
153,0.652,-1.86,
154,0.059,0.059,
155,-0.44,0.06,
156,0.047,0.924,
157,-0.062,-0.921,
158,0.054,-0.625,
159,-1.085,-0.014,
160,-0.071,-0.024,
161,-0.128,-0.075,
162,-0.153,0.526,
163,0.249,-0.644,
