1,-0.522,-0.453,
2,0.438,-1.286,
3,0.367,-1.187,
4,1.027,0.392,
5,-0.342,-1.899,
6,-0.93,-0.404,
7,2.673,0.29,
8,0.992,-1.449,
9,1.044,-2.259,
10,-1.087,-1.331,
11,1.004,0.433,
12,1.036,-0.432,
13,1.373,-1.082,
14,0.751,-0.446,
15,-0.644,-0.945,
16,0.376,-0.968,
17,0.919,0.141,
18,0.79,-0.668,
19,1.111,-0.798,
20,-0.517,-1.597,
21,0.486,-1.331,
22,-0.436,-0.129,
23,0.946,-0.951,
24,0.474,-0.626,
25,1.13,0.183,
26,0.77,-0.991,
27,0.675,-0.573,
28,0.75,-0.373,
29,0.165,0.331,
30,-0.247,-0.873,
31,0.78,-1.924,
32,1.453,0.395,
33,1.681,-0.956,
34,0.516,-0.83,
35,1.136,-0.417,
36,0.571,-0.593,
37,0.707,-0.234,
38,0.111,0.143,
39,1.546,0.39,
40,0.685,-0.834,
41,1.084,-1.04,
42,2.741,-0.292,
43,1.701,0.115,
44,0.413,-0.056,
45,0.243,0.162,
46,0.719,-1.063,
47,-0.207,-0.701,
48,2.202,-0.146,
49,-0.196,-0.725,
50,1.061,-0.549,
51,0.696,-1.067,
52,0.25,-0.858,
53,1.445,-1.881,
54,0.797,1.572,
55,1.2,-1.76,
56,1.464,-1.242,
57,-0.343,-0.545,
58,0.091,-0.808,
59,0.181,-0.637,
60,0.412,-0.26,
61,1.129,-0.083,
62,1.94,-0.915,
63,-0.2,-1.757,
64,0.164,-0.949,
65,1.435,-1.528,
66,1.715,-0.222,
67,0.53,-0.736,
68,-0.205,-0.021,
69,2.009,0.249,
70,0.113,0.277,
71,0.37,0.038,
72,2.563,-0.991,
73,1.648,-1.631,
74,0.972,-0.715,
75,0.262,-0.618,
76,1.373,-0.994,
77,1.225,-0.663,
78,0.716,-1.45,
79,0.997,-1.555,
80,1.155,-0.961,
81,0.399,-0.883,
82,0.868,-0.293,
83,-0.26,-0.813,
84,0.574,-0.404,
85,0.685,-0.733,
86,-0.243,-0.461,
87,-1.056,-2.383,
88,1.578,0.39,
89,1.045,-0.293,
90,1.986,-0.11,
91,0.992,0.211,
92,0.428,-1.281,
93,-0.505,0.301,
94,0.943,-0.048,
95,0.097,1.025,
96,1.219,-2.213,
97,1.55,-0.309,
98,0.286,-2.201,
99,0.168,-1.799,
100,2.992,0.837,
101,1.499,0.643,
102,0.069,-1.201,
103,-1.493,-0.328,
104,1.87,-0.703,
105,0.041,-0.673,
106,-1.487,-0.773,
107,1.401,-0.027,
108,0.383,-1.065,
109,1.215,-0.665,
110,0.11,-0.504,
111,0.024,-1.531,
112,-0.224,-0.789,
113,0.902,-0.057,
114,1.637,-0.437,
115,1.463,-0.54,
116,1.105,-0.336,
117,1.062,-1.624,
118,1.692,-0.163,
119,0.213,-1.243,
120,0.623,-2.044,
121,1.447,0.489,
122,1.923,-0.818,
123,0.623,-0.714,
124,0.763,-2.253,
125,0.315,-1.126,
126,1.557,0.188,
127,1.694,0.304,
128,0.648,-0.131,
129,1.71,-0.561,
130,0.888,-0.43,
131,0.762,0.882,
132,1.526,-1.655,
133,0.822,-0.597,
134,0.548,-0.354,
135,0.711,-0.251,
136,0.829,-0.143,
137,0.457,-0.253,
138,1.394,-0.576,
139,-0.029,-1.023,
140,0.213,-0.757,
141,0.249,-1.016,
142,0.914,0.176,
143,0.587,0.552,
144,1.093,-0.663,
145,-0.951,-1.165,
146,0.516,-0.917,
147,0.691,-0.458,
148,0.336,-2.045,
149,1.71,-0.537,
150,-0.433,0.019,
151,2.545,-0.465,
152,0.664,-1.341,
153,1.27,-2.19,
154,0.377,-0.86,
155,0.473,-1.254,
156,0.543,0.345,
157,-0.136,-1.996,
158,1.14,-1.176,
159,-0.47,-0.761,
160,0.946,-0.891,
161,0.704,-0.229,
162,1.034,0.156,
163,0.968,-1.613,
