1,0.917,-0.743,
2,1.064,-1.086,
3,0.281,-1.111,
4,1.26,-0.304,
5,1.192,-0.736,
6,-0.282,-1.007,
7,1.169,-0.446,
8,1.368,-0.814,
9,0.839,-1.63,
10,0.031,-0.371,
11,1.495,-0.543,
12,1.24,-1.249,
13,1.66,-0.997,
14,0.684,-0.738,
15,0.568,-1.067,
16,0.91,-1.211,
17,0.639,-0.46,
18,1.09,-1.001,
19,1.233,-0.788,
20,1.016,-1.142,
21,0.786,-1.228,
22,0.422,-1.105,
23,1.082,-1.105,
24,0.954,-1.059,
25,0.877,-0.767,
26,1.351,-0.582,
27,1.4,-0.791,
28,1.077,-0.684,
29,0.804,-0.737,
30,0.551,-0.729,
31,1.178,-0.296,
32,0.879,-0.91,
33,0.965,-1.056,
34,0.369,-1.076,
35,1.377,-0.189,
36,0.6,-0.822,
37,1.056,-0.723,
38,0.668,-0.904,
39,0.887,-0.941,
40,1.174,-0.769,
41,1.617,-0.345,
42,1.753,-0.566,
43,1.309,-0.393,
44,1.4,-0.412,
45,0.909,-0.571,
46,0.917,-0.988,
47,0.392,-1.355,
48,1.864,-0.91,
49,0.784,-1.146,
50,0.892,-1.189,
51,1.119,-0.933,
52,0.508,-0.868,
53,1.375,-1.505,
54,1.119,-0.544,
55,0.775,-1.873,
56,1.011,-0.897,
57,0.838,-1.169,
58,0.747,-0.416,
59,0.67,-1.346,
60,0.918,-0.913,
61,1.028,-0.936,
62,1.621,-0.774,
63,0.902,-0.694,
64,0.5,-1.149,
65,1.183,-1.123,
66,1.218,-0.153,
67,0.578,-1.213,
68,0.846,-0.678,
69,1.257,-0.338,
70,0.762,-0.891,
71,0.685,-0.89,
72,1.436,-0.89,
73,0.872,-0.755,
74,1.232,-0.817,
75,0.814,-1.372,
76,0.936,-0.668,
77,0.872,-1.095,
78,0.795,-0.889,
79,0.367,-1.147,
80,0.823,-1.512,
81,0.845,-0.84,
82,1.331,-0.615,
83,1.093,-0.939,
84,0.729,-0.832,
85,1.189,-0.805,
86,0.817,-0.51,
87,0.626,-1.746,
88,1.212,-0.724,
89,1.022,-0.798,
90,1.398,-0.789,
91,1.215,-0.128,
92,0.917,-1.178,
93,0.425,-0.429,
94,0.617,-0.461,
95,1.14,-0.787,
96,0.979,-1.44,
97,1.561,-0.685,
98,0.41,-1.618,
99,0.808,-1.042,
100,0.72,-0.897,
101,1.034,-0.416,
102,0.936,-1.335,
103,0.844,-0.421,
104,1.042,-0.99,
105,0.782,-1.126,
106,0.565,-0.611,
107,1.583,0.328,
108,0.931,-1.195,
109,1.007,-0.867,
110,1.307,-0.479,
111,0.835,-0.825,
112,0.173,-1.221,
113,1.033,-0.763,
114,0.815,-1.266,
115,0.91,-1.964,
116,1.045,-1.16,
117,1.274,-0.864,
118,1.121,-0.929,
119,0.884,-0.902,
120,0.903,-1.181,
121,0.928,-0.727,
122,1.4,-0.843,
123,0.625,-1.783,
124,1.312,-1.267,
125,0.65,-1.408,
126,1.341,-0.979,
127,1.395,-1.283,
128,0.945,-0.553,
129,1.078,-0.93,
130,1.138,-0.57,
131,1.409,0.188,
132,0.658,-1.034,
133,0.746,-0.293,
134,0.823,-0.36,
135,1.025,-1.183,
136,0.789,-1.046,
137,0.513,-0.879,
138,0.813,-0.99,
139,0.566,-1.474,
140,1.007,-0.881,
141,0.798,-1.515,
142,1.062,-1.328,
143,1.316,-0.384,
144,0.893,-0.733,
145,0.589,-1.196,
146,1.597,-0.536,
147,1.053,-0.893,
148,0.486,-1.014,
149,1.288,-2.004,
150,-0.299,-0.683,
151,1.959,-0.668,
152,0.898,-0.685,
153,1.307,-1.236,
154,0.744,-1.323,
155,1.083,-1.48,
156,0.502,-0.625,
157,0.609,-1.385,
158,1.435,-0.483,
159,1.046,-1.029,
160,1.138,-0.826,
161,1.307,-0.897,
162,1.27,-0.847,
163,1.659,-1.425,
