1,-1.396,-0.226,
2,0.072,-0.246,
3,0.39,-0.703,
4,0.209,-0.073,
5,-1.637,-1.223,
6,-1.004,-0.085,
7,1.613,0.798,
8,0.482,-0.71,
9,0.144,-1.138,
10,-1.379,-0.656,
11,-0.024,0.545,
12,1.27,0.256,
13,0.665,-0.847,
14,0.147,0.394,
15,-0.455,-0.343,
16,0.282,0.165,
17,0.107,0.109,
18,-0.099,0.313,
19,0.07,0.018,
20,-1.843,-0.868,
21,0.151,-0.277,
22,-0.017,0.821,
23,0.231,-0.729,
24,0.16,-0.126,
25,0.216,0.947,
26,0.043,-0.59,
27,-0.156,0.314,
28,0.232,0.013,
29,-0.277,0.866,
30,-0.124,0.244,
31,-0.242,-1.654,
32,1.22,0.526,
33,1.378,-0.458,
34,0.301,-0.395,
35,0.065,-0.386,
36,0.29,-0.053,
37,0.01,0.05,
38,-0.022,0.673,
39,1.586,1.445,
40,-0.411,-0.737,
41,0.024,-0.644,
42,0.315,0.355,
43,0.823,0.013,
44,-0.348,0.107,
45,0.32,0.247,
46,0.149,-0.447,
47,-0.395,-0.092,
48,1.398,0.008,
49,-0.12,-0.101,
50,0.342,-0.047,
51,-0.11,-0.501,
52,0.673,-0.462,
53,0.937,-0.573,
54,0.532,2.08,
55,1.013,-0.712,
56,0.194,0.033,
57,-1.131,0.462,
58,-0.56,-1.212,
59,0.033,-0.058,
60,-0.284,0.198,
61,0.02,0.498,
62,0.886,-0.528,
63,-1.241,-1.665,
64,-0.267,-0.501,
65,0.753,-1.203,
66,1.152,-0.227,
67,0.164,-0.008,
68,-0.204,0.304,
69,1.693,0.627,
70,-0.419,1.283,
71,0.266,0.615,
72,1.566,-0.598,
73,1.541,-0.917,
74,0.806,-0.063,
75,-0.412,0.117,
76,1.341,-0.58,
77,0.791,0.336,
78,0.579,-0.491,
79,0.912,-0.78,
80,0.646,-0.209,
81,0.725,-1.104,
82,0.289,-0.227,
83,-0.157,-0.104,
84,0.349,-0.039,
85,-0.377,-0.594,
86,-1.049,-0.121,
87,-1.272,-1.158,
88,0.708,0.529,
89,1.161,0.087,
90,0.693,0.019,
91,0.359,0.092,
92,-0.168,-0.358,
93,-0.485,0.647,
94,0.896,0.465,
95,-0.8,1.615,
96,0.728,-1.13,
97,0.72,-0.038,
98,0.164,-1.383,
99,-0.031,-1.674,
100,2.891,1.843,
101,1.406,0.773,
102,-0.55,-0.209,
103,-1.777,-0.618,
104,1.363,0.222,
105,-0.352,-0.012,
106,-2.255,-0.633,
107,0.11,0.231,
108,0.072,-0.32,
109,0.896,-0.556,
110,-0.533,-0.26,
111,-0.363,-1.348,
112,-0.805,-0.118,
113,0.607,0.365,
114,1.765,1.129,
115,0.672,0.572,
116,0.882,0.779,
117,0.473,-1.326,
118,1.066,0.119,
119,-0.108,-0.92,
120,0.224,-0.94,
121,0.593,0.233,
122,0.923,0.027,
123,-0.184,0.444,
124,0.207,-1.94,
125,0.332,-0.37,
126,1.036,0.606,
127,1.042,1.058,
128,-0.059,0.515,
129,0.997,0.193,
130,0.842,-0.441,
131,-0.215,0.788,
132,1.585,-1.462,
133,0.638,-1.595,
134,0.006,-0.438,
135,0.169,0.366,
136,0.635,0.779,
137,0.531,0.685,
138,1.44,0.177,
139,-0.076,-0.828,
140,-0.33,-0.137,
141,-0.405,0.377,
142,0.22,1.308,
143,-0.731,0.643,
144,1.309,-0.932,
145,-0.496,-0.411,
146,-0.574,-0.753,
147,0.267,0.312,
148,-0.109,-1.02,
149,0.971,-0.13,
150,-0.282,0.006,
151,1.042,0.651,
152,0.499,-1.076,
153,0.802,-2.171,
154,0.121,-0.027,
155,-0.294,0.255,
156,0.075,0.806,
157,-0.174,-1.41,
158,0.238,-1.358,
159,-0.84,-0.429,
160,0.001,0.084,
161,-0.09,0.132,
162,-0.194,0.304,
163,0.109,-1.129,
