1,-0.2,-0.238,
2,0.042,0.035,
3,0.913,0.22,
4,0.151,0.319,
5,0.153,0.079,
6,-0.374,0.324,
7,0.122,-0.319,
8,-0.182,-0.127,
9,0.258,-0.303,
10,0.063,0.177,
11,0.192,-0.344,
12,0.253,-0.226,
13,-0.3,-0.406,
14,0.127,-0.948,
15,-0.074,-0.85,
16,0.239,-0.174,
17,-0.586,0.167,
18,-0.22,0.342,
19,-0.209,0.428,
20,-0.174,0.042,
21,0.134,0.339,
22,-0.1,0.054,
23,-0.087,-0.044,
24,-0.359,0.503,
25,0.482,-0.135,
26,0.276,-0.072,
27,0.125,0.445,
28,0.367,-0.064,
29,-0.415,0.189,
30,0.55,0.487,
31,0.153,-0.081,
32,-0.032,-0.113,
33,0.176,0.102,
34,-0.049,0.035,
35,-0.108,0.138,
36,0.687,0.577,
37,0.001,0.106,
38,0.118,-0.162,
39,0.474,-0.226,
40,-0.167,-0.209,
41,0.177,0.046,
42,0.4,-0.343,
43,-0.458,-0.045,
44,0.114,-0.186,
45,-0.18,0.233,
46,0.124,-0.053,
47,-0.029,-0.04,
48,0.083,-0.573,
49,-0.192,0.122,
50,0.464,0.045,
51,-0.844,-0.143,
52,0.16,0.322,
53,0.053,0.182,
54,0.287,0.095,
55,-0.108,0.142,
56,0.161,0.19,
57,-0.142,-0.019,
58,-0.102,0.255,
59,-0.183,-0.301,
60,-0.293,-0.065,
61,-0.081,-0.235,
62,0.622,-0.262,
63,0.08,0.25,
64,0.169,-0.201,
65,0.65,0.185,
66,-0.137,0.043,
67,-0.043,0.05,
68,0.545,-0.083,
69,0.665,0.149,
70,-0.054,-0.123,
71,0.555,-0.209,
72,-0.078,-0.209,
73,-0.067,0.378,
74,0.082,0.235,
75,-0.089,-0.153,
76,0.097,-0.055,
77,-0.028,0.184,
78,0.087,0.508,
79,-0.052,0.655,
80,-0.563,-0.104,
81,0.087,0.061,
82,-0.043,0.065,
83,-0.036,-0.073,
84,0.502,0.267,
85,-0.399,-0.268,
86,-0.036,-0.593,
87,-0.171,-0.133,
88,0.374,-0.525,
89,0.034,0.166,
90,-0.157,0.087,
91,0.088,0.341,
92,-0.013,0.145,
93,0.229,0,
94,0.278,-0.06,
95,-0.168,0.045,
96,0.055,-0.325,
97,-0.195,-0.363,
98,0.192,-0.027,
99,0.111,0.246,
100,0.642,-0.146,
101,-0.215,-0.099,
102,-0.208,0.66,
103,0.47,-0.029,
104,-0.505,0.085,
105,-0.161,0.141,
106,-0.597,-0.887,
107,0.076,0.248,
108,0.02,-0.352,
109,-0.06,-0.41,
110,0.115,-0.244,
111,0.228,-0.311,
112,0.159,-0.19,
113,0.04,0.182,
114,-0.19,0.046,
115,-0.292,0.388,
116,-0.032,-0.051,
117,0.414,0.158,
118,0.023,0.14,
119,-0.07,-0.223,
120,0.142,-0.227,
121,-0.346,-0.55,
122,0.138,-0.362,
123,-0.158,0.221,
124,-0.053,0.272,
125,0.208,-0.726,
126,-0.108,-0.332,
127,0.177,-0.158,
128,-0.055,0.529,
129,0.084,-0.222,
130,0.564,-0.064,
131,-0.239,-0.228,
132,-0.164,0.139,
133,-0.205,-0.075,
134,-0.685,-0.303,
135,0.273,-0.294,
136,-0.002,0.032,
137,0.1,0.046,
138,0.154,-0.011,
139,0.001,0.26,
140,-0.032,0.073,
141,-0.392,0.807,
142,0.184,-0.131,
143,0.148,-0.425,
144,0.917,-0.763,
145,0.387,-0.208,
146,-0.098,-0.084,
147,0.315,0.074,
148,0.131,-0.117,
149,-0.231,-0.081,
150,-0.092,-0.173,
151,-0.333,0.05,
152,-0.122,-0.24,
153,-0.09,-0.005,
154,0.202,0.34,
155,0.19,-0.074,
156,-0.233,0.555,
157,-0.161,-0.114,
158,-0.139,0.494,
159,-0.25,0.093,
160,-0.141,0.303,
161,0.308,-0.238,
162,-0.272,0.177,
163,0.55,-0.317,
