1,0.677,-0.51,
2,0.597,-0.776,
3,0.966,-0.379,
4,0.685,-0.02,
5,-0.578,0.062,
6,-1.664,0.952,
7,-0.208,-0.23,
8,-0.285,-1.056,
9,-0.076,-0.668,
10,-0.213,0.875,
11,1.205,-0.69,
12,0.191,-1.809,
13,-0.312,0.913,
14,-1.052,-0.424,
15,-0.52,-2.348,
16,0.858,-0.467,
17,-0.965,-0.211,
18,1.519,-0.351,
19,0.605,-0.954,
20,-0.625,-0.861,
21,1.428,-0.478,
22,-0.437,-1.646,
23,0.384,1.152,
24,-0.138,-0.33,
25,-0.584,0.47,
26,-0.853,0.255,
27,0.849,-1.014,
28,0.861,-2.137,
29,-0.177,-0.049,
30,1.497,-0.906,
31,0.006,-0.224,
32,0.092,-0.969,
33,-0.584,-0.434,
34,-0.049,-0.947,
35,0.235,1.428,
36,1.061,-1.045,
37,0.271,-0.064,
38,1.954,-0.85,
39,1.405,-0.822,
40,0.461,-1.238,
41,0.101,0.405,
42,1.123,0.247,
43,0.125,-0.207,
44,0.276,0.478,
45,-1.646,1.007,
46,0.59,-0.069,
47,-0.472,-0.648,
48,0.665,-0.83,
49,1.349,-0.464,
50,1.184,-0.949,
51,0.48,-1.794,
52,-0.429,-1.234,
53,1.444,-0.826,
54,0.698,0.057,
55,-0.773,-1.143,
56,0.85,0.319,
57,0.18,-0.096,
58,0.451,0.978,
59,0.623,-0.411,
60,0.634,0.176,
61,-0.518,-0.25,
62,2.307,-0.949,
63,0.289,-0.882,
64,-0.226,-1.554,
65,0.733,0.665,
66,0.234,0.347,
67,0.853,-0.846,
68,1.309,-1.233,
69,1.301,0.013,
70,0.446,-0.602,
71,1.622,0.372,
72,0.634,-0.682,
73,-0.909,-0.623,
74,0.627,0.307,
75,-0.671,-1.715,
76,-0.646,-1.349,
77,0.161,-0.094,
78,0.423,-0.552,
79,-0.722,0.428,
80,-0.089,-1.558,
81,-0.977,-0.395,
82,-1.48,-0.894,
83,-0.135,-1.206,
84,0.911,1.533,
85,0.821,-0.219,
86,0.626,-1.443,
87,-0.845,-0.138,
88,1.514,-1.707,
89,1.651,-2.005,
90,1.097,-1.558,
91,-0.272,0.077,
92,0.409,0.393,
93,0.033,-2.16,
94,0.612,-0.189,
95,-0.726,-1.626,
96,0.088,0.792,
97,1.182,-0.461,
98,-0.463,0.705,
99,0.976,-0.245,
100,0.652,-0.18,
101,0.18,-0.102,
102,0.299,-0.563,
103,1.573,0.932,
104,0.476,-0.27,
105,-0.668,-0.853,
106,-0.056,-0.579,
107,0.575,0.768,
108,1.53,-1.963,
109,0.304,-0.542,
110,0.859,-0.363,
111,0.033,0.387,
112,-0.461,-0.613,
113,0.71,-0.867,
114,-1.224,-0.477,
115,-0.3,-1.019,
116,0.469,-0.54,
117,1.102,0.07,
118,0.45,1.058,
119,-0.43,-0.573,
120,0.69,-1.587,
121,0.127,-1.034,
122,1.12,-0.635,
123,-0.802,-1.078,
124,0.239,-0.408,
125,0.396,-2.349,
126,0.799,-1.077,
127,-0.446,-1.873,
128,-0.392,0.307,
129,-0.277,-1.134,
130,1.272,-0.237,
131,0.533,-0.232,
132,-0.356,-0.369,
133,0.305,0.192,
134,-0.252,-0.67,
135,0.615,-1.523,
136,1.787,-0.301,
137,0.672,-0.383,
138,-0.24,-0.353,
139,0.776,-0.28,
140,-0.423,-0.299,
141,0.615,0.029,
142,1.111,-0.599,
143,1.265,-0.5,
144,0.445,-0.562,
145,0.361,-0.945,
146,0.092,0.906,
147,0.547,-0.874,
148,0.423,-1.045,
149,1.21,-0.341,
150,0.485,-0.806,
151,0.634,-0.428,
152,-0.244,-0.739,
153,1.474,-0.337,
154,0.089,-1.489,
155,0.028,-0.947,
156,0.234,-0.027,
157,1.138,-1.186,
158,0.383,-1.166,
159,0.369,-0.801,
160,-0.223,-0.496,
161,-0.14,-1.883,
162,-0.605,-0.811,
163,1.08,-1.86,
