1,0.587,-0.675,
2,0.671,-0.652,
3,1.353,-0.15,
4,0.707,0.208,
5,-0.728,0.133,
6,-2.327,1.669,
7,-0.221,-0.705,
8,-0.784,-1.376,
9,-0.051,-0.632,
10,-0.17,1.038,
11,1.33,-0.983,
12,0.078,-1.783,
13,-0.773,0.876,
14,-1.751,-0.57,
15,-0.804,-2.936,
16,0.763,-0.289,
17,-1.289,-0.196,
18,1.569,-0.195,
19,0.759,-0.909,
20,-0.943,-0.86,
21,1.389,-0.086,
22,-0.75,-1.587,
23,0.294,1.221,
24,-0.279,0.091,
25,-0.522,0.556,
26,-1.078,0.41,
27,0.847,-0.724,
28,1.197,-2.169,
29,-0.355,0.146,
30,1.521,-0.939,
31,-0.046,-0.285,
32,0.018,-0.945,
33,-0.518,-0.313,
34,-0.189,-0.711,
35,0.16,1.525,
36,1.42,-0.878,
37,0.171,0.082,
38,2.147,-0.866,
39,1.864,-0.698,
40,0.381,-1.252,
41,0.138,0.408,
42,1.442,0.304,
43,-0.154,-0.138,
44,0.241,0.401,
45,-1.899,1.332,
46,0.529,-0.083,
47,-0.592,-0.399,
48,0.592,-1.096,
49,1.283,-0.313,
50,1.449,-0.85,
51,0.21,-2.034,
52,-0.437,-0.912,
53,1.614,-0.671,
54,0.541,0.269,
55,-0.935,-0.804,
56,1.319,0.368,
57,0.15,0.109,
58,0.363,1.15,
59,0.478,-0.163,
60,0.529,0.153,
61,-0.71,-0.292,
62,2.624,-1.234,
63,0.629,-0.683,
64,-0.319,-1.793,
65,1.165,0.951,
66,0.025,0.431,
67,0.987,-0.556,
68,1.598,-1.306,
69,1.454,0.025,
70,0.5,-0.282,
71,2.15,0.718,
72,0.557,-0.895,
73,-1.29,-0.654,
74,0.306,0.343,
75,-1.105,-2.023,
76,-0.852,-1.66,
77,0.204,0.011,
78,0.276,-0.298,
79,-0.652,0.781,
80,-0.326,-1.682,
81,-0.986,-0.189,
82,-2.357,-0.844,
83,-0.549,-1.186,
84,1.075,2.097,
85,0.827,-0.338,
86,0.482,-1.889,
87,-1.218,0.123,
88,1.779,-2.485,
89,1.928,-2.532,
90,1.021,-1.504,
91,-0.225,-0.009,
92,0.453,0.516,
93,0.541,-2.376,
94,0.907,-0.142,
95,-0.92,-1.839,
96,-0.122,1.244,
97,1,-0.414,
98,-0.286,1.576,
99,1.025,0.162,
100,1.041,0.093,
101,0.121,-0.086,
102,0.212,-0.302,
103,1.953,1.077,
104,0.316,-0.249,
105,-0.995,-0.445,
106,-0.253,-0.54,
107,0.574,1.084,
108,1.775,-2.394,
109,0.354,-0.585,
110,0.673,-0.211,
111,0.471,0.515,
112,-0.138,-0.568,
113,0.681,-0.661,
114,-1.437,-0.432,
115,-0.563,-0.318,
116,0.3,-0.37,
117,1.14,0.37,
118,0.493,1.684,
119,-0.66,-0.832,
120,0.864,-1.563,
121,-0.26,-1.053,
122,1.133,-0.746,
123,-0.953,-0.819,
124,0.237,-0.276,
125,0.451,-2.7,
126,0.751,-1.219,
127,-0.464,-1.916,
128,-0.311,0.491,
129,-0.382,-1.122,
130,1.832,-0.39,
131,0.418,-0.52,
132,-0.441,-0.109,
133,0.225,0.519,
134,-0.603,-0.855,
135,0.577,-1.957,
136,1.9,-0.02,
137,0.933,-0.178,
138,-0.259,-0.35,
139,0.961,0.249,
140,-0.44,-0.13,
141,0.748,0.657,
142,1.41,-0.337,
143,1.407,-0.536,
144,0.431,-0.512,
145,0.331,-0.954,
146,0.026,0.936,
147,0.807,-0.873,
148,0.628,-1.127,
149,1.208,0.02,
150,0.811,-0.723,
151,0.285,-0.472,
152,-0.287,-0.958,
153,1.476,-0.377,
154,0.247,-1.123,
155,0.037,-0.87,
156,0.187,0.233,
157,1.142,-1.369,
158,0.197,-1.28,
159,0.41,-0.605,
160,-0.155,-0.352,
161,-0.15,-1.92,
162,-0.74,-0.667,
163,1.265,-1.6,
