1,0.108,-0.829,
2,0.748,-0.123,
3,2.212,0.37,
4,0.601,0.639,
5,-1.526,0.421,
6,-3.578,2.505,
7,0.632,-1.647,
8,-1.067,-0.434,
9,0.079,-0.427,
10,0.039,1.129,
11,1.138,-1.439,
12,-0.262,-1.302,
13,-2,1,
14,-2.887,-0.348,
15,-1.947,-3.644,
16,0.516,0.195,
17,-1.608,-0.004,
18,1.516,0.292,
19,0.597,-0.303,
20,-1.529,-0.388,
21,0.551,0.541,
22,-1.575,-1.036,
23,-0.016,1.352,
24,-0.699,1.3,
25,-0.142,0.616,
26,-1.217,0.795,
27,0.861,0.321,
28,1.603,-2.034,
29,-0.525,0.726,
30,1.424,-1.141,
31,-0.142,-0.446,
32,-0.204,-0.926,
33,-0.485,0.07,
34,-0.242,-0.199,
35,-0.157,1.472,
36,2.017,-0.198,
37,0.139,0.388,
38,2.119,-1.035,
39,2.506,-0.1,
40,0.381,-1.19,
41,0.245,0.357,
42,1.586,0.358,
43,-0.541,-0.067,
44,0.055,0.119,
45,-1.919,1.747,
46,0.528,0.65,
47,-0.748,0.431,
48,0.377,-1.551,
49,1.013,-0.093,
50,1.795,-0.882,
51,-0.289,-2.098,
52,-0.379,0.082,
53,1.434,-0.292,
54,0.264,0.641,
55,-0.86,-0.243,
56,2.154,0.158,
57,0.254,0.567,
58,0.097,1.391,
59,-0.249,0.385,
60,0.079,0.154,
61,-1.004,-0.26,
62,3.224,-1.263,
63,1.332,-0.093,
64,-0.551,-1.982,
65,1.919,1.678,
66,-0.209,0.38,
67,1.334,0.047,
68,2.044,-1.022,
69,1.684,-0.026,
70,0.57,0.479,
71,2.677,1.042,
72,0.55,-1.307,
73,-1.54,-1.082,
74,-0.656,0.426,
75,-2.107,-2.079,
76,-0.245,-1.715,
77,0.319,0.278,
78,-0.159,0.34,
79,-0.531,1.56,
80,-0.916,-1.625,
81,-0.865,0.185,
82,-2.964,-0.583,
83,-1.132,-0.853,
84,1.311,2.811,
85,1.025,-0.458,
86,-0.096,-2.677,
87,-2.196,0.56,
88,0.788,-2.861,
89,1.907,-2.43,
90,0.799,-1.288,
91,-0.386,-0.053,
92,0.542,0.776,
93,1.609,-2.129,
94,1.14,-0.029,
95,-0.987,-1.895,
96,-0.341,1.746,
97,0.416,-0.161,
98,-0.012,2.422,
99,1.13,1.123,
100,1.83,0.428,
101,-0.118,-0.103,
102,-0.598,0.296,
103,2.271,1.16,
104,0.147,-0.193,
105,-1.832,0.515,
106,-0.766,-0.456,
107,0.295,1.702,
108,1.602,-2.727,
109,0.238,-0.321,
110,0.252,-0.029,
111,1.452,0.814,
112,0.693,-0.44,
113,0.43,-0.533,
114,-1.696,0.011,
115,-0.948,0.692,
116,0.112,0.021,
117,0.831,0.845,
118,0.638,2.295,
119,-1.312,-1.528,
120,1.213,-1.28,
121,-0.917,-0.895,
122,0.89,-0.762,
123,-1.235,-0.109,
124,0.402,-0.184,
125,0.632,-2.858,
126,0.606,-1.095,
127,-0.694,-1.613,
128,0.013,0.862,
129,-0.573,-0.786,
130,2.717,-0.68,
131,0.591,-1.333,
132,-0.684,0.626,
133,0.104,1.043,
134,-1.441,-1.209,
135,0.515,-2.569,
136,1.974,1.092,
137,1.214,0.239,
138,-0.333,-0.453,
139,1.173,1.41,
140,-0.41,0.23,
141,1.062,1.324,
142,1.856,0.104,
143,1.225,-0.685,
144,0.71,-0.61,
145,0.324,-0.659,
146,-0.049,0.582,
147,1.368,-0.895,
148,0.756,-1.279,
149,1.107,0.139,
150,1.273,-1.01,
151,-0.361,-0.305,
152,-0.162,-1.185,
153,1.127,-0.725,
154,0.639,-0.149,
155,0.019,-0.742,
156,-0.563,-0.063,
157,0.177,-1.898,
158,-0.134,-1.792,
159,0.369,-0.349,
160,0.032,-0.157,
161,-0.048,-1.547,
162,-0.915,-0.387,
163,1.441,-1.359,
