1,0.779,-0.225,
2,0.471,-0.883,
3,0.539,-0.572,
4,0.618,-0.253,
5,-0.425,-0.042,
6,-1.308,0.218,
7,0.169,0.225,
8,0.395,-0.606,
9,-0.061,-0.75,
10,-0.268,0.66,
11,0.907,-0.316,
12,0.361,-1.706,
13,0.188,0.751,
14,-0.352,-0.317,
15,-0.371,-1.421,
16,0.888,-0.676,
17,-0.511,-0.234,
18,1.222,-0.498,
19,0.481,-0.766,
20,-0.233,-0.767,
21,1.163,-0.83,
22,-0.116,-1.513,
23,0.45,0.754,
24,0.038,-0.71,
25,-0.473,0.263,
26,-0.45,0.071,
27,0.807,-1.139,
28,0.556,-1.729,
29,0.031,-0.225,
30,1.261,-0.738,
31,0.098,-0.126,
32,0.197,-0.956,
33,-0.379,-0.558,
34,-0.025,-1.038,
35,0.364,1.219,
36,0.628,-1.028,
37,0.38,-0.27,
38,1.606,-0.802,
39,0.806,-0.84,
40,0.445,-1.119,
41,0.145,0.282,
42,0.765,0.199,
43,0.424,-0.309,
44,0.38,0.45,
45,-1.081,0.506,
46,0.652,0.048,
47,-0.428,-0.818,
48,0.755,-0.571,
49,1.179,-0.672,
50,0.785,-0.961,
51,0.659,-1.331,
52,-0.291,-1.301,
53,1.141,-0.949,
54,0.666,-0.161,
55,-0.564,-1.404,
56,0.375,0.318,
57,0.248,-0.388,
58,0.448,0.674,
59,0.622,-0.695,
60,0.644,0.107,
61,-0.23,-0.251,
62,2.052,-0.623,
63,-0.053,-0.981,
64,-0.087,-1.24,
65,0.373,0.134,
66,0.441,0.251,
67,0.569,-1.109,
68,0.937,-0.919,
69,0.842,0.004,
70,0.339,-0.867,
71,0.984,-0.135,
72,0.67,-0.449,
73,-0.547,-0.528,
74,0.871,0.175,
75,-0.439,-1.297,
76,-0.199,-0.902,
77,0.11,-0.279,
78,0.443,-0.767,
79,-0.733,0.02,
80,0.083,-1.384,
81,-0.728,-0.486,
82,-0.358,-0.771,
83,0.258,-1.187,
84,0.584,0.558,
85,0.726,-0.154,
86,0.614,-0.797,
87,-0.378,-0.462,
88,1.026,-0.762,
89,1.317,-1.135,
90,1.013,-1.464,
91,-0.153,0.072,
92,0.307,0.099,
93,-0.493,-1.413,
94,0.319,-0.206,
95,-0.27,-1.307,
96,0.319,0.057,
97,1.256,-0.53,
98,-0.652,-0.349,
99,0.791,-0.659,
100,0.138,-0.468,
101,0.216,-0.125,
102,0.162,-0.822,
103,1.004,0.631,
104,0.556,-0.32,
105,-0.286,-1.187,
106,0.102,-0.572,
107,0.569,0.458,
108,0.924,-1.46,
109,0.266,-0.568,
110,0.905,-0.415,
111,-0.241,0.158,
112,-0.703,-0.657,
113,0.629,-0.96,
114,-0.868,-0.588,
115,-0.029,-1.663,
116,0.566,-0.731,
117,0.97,-0.278,
118,0.288,0.134,
119,-0.126,-0.317,
120,0.436,-1.443,
121,0.425,-0.942,
122,1.017,-0.475,
123,-0.595,-1.304,
124,0.288,-0.532,
125,0.253,-1.864,
126,0.731,-0.85,
127,-0.277,-1.591,
128,-0.391,0.077,
129,-0.099,-1.092,
130,0.712,-0.178,
131,0.603,0.085,
132,-0.256,-0.602,
133,0.294,-0.225,
134,0.104,-0.427,
135,0.467,-1.122,
136,1.282,-0.623,
137,0.263,-0.551,
138,-0.192,-0.39,
139,0.479,-0.804,
140,-0.315,-0.493,
141,0.429,-0.704,
142,0.721,-0.906,
143,0.906,-0.416,
144,0.424,-0.587,
145,0.216,-1.001,
146,0.264,0.641,
147,0.268,-0.804,
148,0.113,-0.863,
149,1.039,-1.258,
150,0.022,-0.879,
151,0.95,-0.364,
152,-0.2,-0.49,
153,1.148,-0.377,
154,-0.05,-1.655,
155,0.007,-0.956,
156,0.112,-0.374,
157,0.705,-1.175,
158,0.72,-1.147,
159,0.274,-0.947,
160,-0.266,-0.604,
161,-0.099,-1.624,
162,-0.341,-0.844,
163,0.815,-2.092,
