1,0.07,-0.68,
2,0.529,-0.143,
3,1.972,0.432,
4,0.534,0.761,
5,-1.214,0.387,
6,-3.323,2.212,
7,0.768,-1.321,
8,-1.35,-0.223,
9,0.137,-0.464,
10,0.069,1.053,
11,1.086,-1.37,
12,-0.093,-1.158,
13,-1.612,0.757,
14,-2.29,-0.702,
15,-1.723,-3.074,
16,0.507,0.04,
17,-1.495,0.022,
18,0.9,0.289,
19,0.501,0.023,
20,-1.388,-0.228,
21,0.484,0.584,
22,-1.428,-0.771,
23,-0.045,0.889,
24,-0.587,1.158,
25,0.148,0.315,
26,-0.796,0.58,
27,0.653,0.479,
28,1.502,-1.307,
29,-0.616,0.601,
30,1.027,-0.743,
31,-0.022,-0.302,
32,-0.091,-0.746,
33,-0.285,0.042,
34,-0.298,-0.011,
35,-0.111,1.041,
36,1.778,0.13,
37,0.063,0.297,
38,1.745,-0.645,
39,2.096,-0.004,
40,0.067,-0.909,
41,0.3,0.187,
42,1.361,0.136,
43,-0.758,-0.018,
44,0.194,-0.028,
45,-1.472,1.368,
46,0.415,0.618,
47,-0.678,0.413,
48,0.34,-1.469,
49,0.553,-0.09,
50,1.532,-0.446,
51,-0.592,-1.528,
52,-0.142,0.275,
53,1.097,-0.221,
54,0.327,0.524,
55,-0.831,0.177,
56,1.681,0.042,
57,0.227,0.209,
58,0.025,1.073,
59,-0.467,0.213,
60,-0.081,0.062,
61,-0.613,-0.261,
62,3.123,-1.053,
63,1.008,0.092,
64,-0.375,-1.644,
65,1.8,1.119,
66,-0.318,0.364,
67,0.963,0.073,
68,1.998,-0.51,
69,1.274,0.211,
70,0.393,0.405,
71,2.344,0.727,
72,0.248,-1.085,
73,-1.369,-0.45,
74,-0.501,0.412,
75,-2.014,-1.662,
76,-0.225,-1.362,
77,0.227,0.188,
78,-0.096,0.437,
79,-0.243,1.515,
80,-0.935,-1.365,
81,-0.372,0.336,
82,-2.293,-0.276,
83,-1.053,-0.888,
84,0.888,2.255,
85,0.541,-0.6,
86,-0.133,-2.182,
87,-1.836,0.548,
88,0.679,-2.551,
89,1.636,-1.4,
90,0.441,-0.855,
91,-0.11,0.009,
92,0.386,0.454,
93,1.158,-1.622,
94,1.336,0.092,
95,-0.704,-1.527,
96,-0.301,1.049,
97,0.268,-0.39,
98,0.282,1.929,
99,0.816,0.902,
100,1.663,0.305,
101,-0.07,-0.107,
102,-0.862,0.455,
103,1.845,0.868,
104,-0.275,-0.154,
105,-1.249,0.324,
106,-0.752,-0.511,
107,0.388,1.541,
108,1.141,-2.241,
109,0.306,-0.61,
110,0.291,-0.26,
111,1.218,0.197,
112,0.531,-0.523,
113,0.374,-0.266,
114,-1.699,-0.187,
115,-0.623,0.708,
116,-0.09,-0.104,
117,0.81,0.85,
118,0.394,1.597,
119,-0.899,-1.149,
120,0.81,-1.151,
121,-0.844,-0.737,
122,0.867,-0.526,
123,-1.21,-0.021,
124,0.207,0.133,
125,0.361,-2.716,
126,0.215,-1.079,
127,-0.336,-1.274,
128,0.061,0.794,
129,-0.37,-0.911,
130,2.331,-0.636,
131,0.211,-1.203,
132,-0.537,0.482,
133,-0.054,0.676,
134,-1.284,-0.97,
135,0.784,-1.979,
136,1.18,0.803,
137,0.829,0.217,
138,-0.214,-0.348,
139,0.823,1.433,
140,-0.263,0.23,
141,0.753,1.407,
142,1.592,0.115,
143,0.835,-0.681,
144,0.689,-0.754,
145,0.503,-0.589,
146,0.03,0.284,
147,1.172,-0.598,
148,0.71,-0.913,
149,0.952,-0.021,
150,1.03,-0.826,
151,-0.492,-0.315,
152,-0.238,-1.075,
153,0.664,-0.607,
154,0.566,0.16,
155,0.06,-0.511,
156,-0.583,0.042,
157,0.003,-1.857,
158,0.023,-1.524,
159,0.167,-0.132,
160,0.001,0.025,
161,0.035,-1.224,
162,-0.69,-0.123,
163,1.144,-1.407,
