1,0.599,-0.356,
2,0.306,-0.935,
3,0.187,-0.729,
4,0.504,-0.506,
5,-0.008,-0.338,
6,-0.988,-0.44,
7,0.426,-0.016,
8,0.847,-0.45,
9,0.001,-1.016,
10,-0.201,0.265,
11,0.644,-0.146,
12,0.541,-1.326,
13,0.838,-0.266,
14,0.076,-0.477,
15,-0.043,-0.764,
16,0.53,-0.961,
17,-0.05,-0.412,
18,0.549,-0.643,
19,0.379,-0.467,
20,0.196,-0.605,
21,0.507,-0.764,
22,0.086,-1.014,
23,0.453,-0.601,
24,0.254,-0.856,
25,-0.04,-0.192,
26,0.252,-0.182,
27,0.698,-0.814,
28,0.34,-0.95,
29,0.185,-0.416,
30,0.61,-0.165,
31,0.265,0.04,
32,0.323,-0.868,
33,0.144,-0.625,
34,-0.155,-0.992,
35,0.503,0.564,
36,0.204,-0.631,
37,0.416,-0.569,
38,0.753,-0.742,
39,0.29,-0.709,
40,0.312,-0.788,
41,0.412,-0.056,
42,0.642,0.002,
43,0.488,-0.405,
44,0.584,0.105,
45,-0.021,-0.177,
46,0.451,-0.237,
47,-0.321,-0.927,
48,0.967,-0.5,
49,0.428,-0.922,
50,0.273,-0.973,
51,0.494,-0.762,
52,0.089,-0.871,
53,0.681,-1.03,
54,0.475,-0.319,
55,-0.223,-1.434,
56,0.139,-0.025,
57,0.228,-0.636,
58,0.245,0.198,
59,0.216,-1.013,
60,0.392,-0.308,
61,0.217,-0.379,
62,1.042,-0.493,
63,0,-0.767,
64,-0.106,-1.062,
65,0.438,-0.569,
66,0.567,0.128,
67,0.057,-1.22,
68,0.458,-0.579,
69,0.444,-0.017,
70,0.219,-0.903,
71,0.389,-0.53,
72,0.656,-0.408,
73,-0.113,-0.416,
74,0.81,-0.134,
75,0.014,-0.843,
76,0.143,-0.504,
77,0.055,-0.606,
78,0.165,-0.74,
79,-0.673,-0.366,
80,0.093,-1.237,
81,-0.11,-0.569,
82,0.528,-0.508,
83,0.507,-0.808,
84,0.223,-0.524,
85,0.607,-0.269,
86,0.306,-0.049,
87,0.215,-0.87,
88,0.707,-0.262,
89,0.596,-0.601,
90,0.586,-1.078,
91,0.071,-0.046,
92,0.162,-0.494,
93,-0.501,-0.338,
94,-0.024,-0.249,
95,0.247,-0.902,
96,0.314,-0.734,
97,1.02,-0.494,
98,-0.697,-1.241,
99,0.429,-0.791,
100,-0.069,-0.605,
101,0.206,-0.179,
102,0.322,-0.845,
103,0.251,0.119,
104,0.338,-0.458,
105,0.067,-1.108,
106,0.184,-0.425,
107,0.59,0.357,
108,0.199,-0.984,
109,0.251,-0.61,
110,0.808,-0.32,
111,0.008,-0.109,
112,-0.745,-0.741,
113,0.35,-0.762,
114,-0.161,-0.75,
115,0.24,-1.926,
116,0.502,-0.908,
117,0.536,-0.465,
118,0.111,-0.668,
119,0.159,-0.388,
120,0.275,-1.012,
121,0.273,-0.737,
122,0.711,-0.439,
123,-0.23,-1.462,
124,0.482,-0.745,
125,0.099,-1.265,
126,0.652,-0.739,
127,0.26,-0.981,
128,-0.17,-0.163,
129,0.077,-0.877,
130,0.329,-0.296,
131,0.523,0.363,
132,-0.206,-0.69,
133,0.125,-0.669,
134,0.247,-0.288,
135,0.027,-1.008,
136,0.498,-0.762,
137,-0.244,-0.537,
138,-0.071,-0.476,
139,-0.055,-1.178,
140,-0.007,-0.638,
141,0.097,-1.362,
142,0.117,-1.011,
143,0.383,-0.271,
144,0.181,-0.5,
145,-0.076,-0.968,
146,0.692,0.023,
147,0.198,-0.566,
148,-0.248,-0.48,
149,0.244,-2.126,
150,-0.748,-0.593,
151,1.051,-0.219,
152,-0.19,-0.198,
153,0.539,-0.56,
154,-0.026,-1.173,
155,-0.035,-0.778,
156,-0.117,-0.349,
157,0.044,-0.839,
158,0.767,-0.509,
159,0.127,-0.81,
160,-0.035,-0.547,
161,0.152,-0.872,
162,0.095,-0.554,
163,0.833,-1.578,
