1,-1.022,-0.257,
2,-0.111,-0.048,
3,0.372,-0.043,
4,0.025,0.017,
5,-0.645,-0.684,
6,0.071,-0.193,
7,0.262,-0.202,
8,0.104,-0.357,
9,0.107,-0.211,
10,-0.499,-0.025,
11,-0.2,0.163,
12,0.789,-0.037,
13,-0.031,-0.191,
14,0.167,-0.34,
15,0.031,-0.277,
16,0.101,-0.15,
17,-0.296,0.328,
18,-0.302,0.413,
19,-0.258,0.283,
20,-0.753,-0.074,
21,0.064,0.105,
22,-0.019,0.316,
23,-0.032,-0.19,
24,-0.193,0.249,
25,0.21,0.196,
26,0.291,-0.2,
27,0.071,0.402,
28,-0.005,0.056,
29,-0.316,0.293,
30,0.618,0.464,
31,-0.108,-0.476,
32,0.327,0.038,
33,0.298,-0.146,
34,0.048,-0.086,
35,-0.23,0.02,
36,0.135,0.254,
37,0.029,0.094,
38,-0.015,0.051,
39,0.739,0.108,
40,-0.378,-0.367,
41,0.022,-0.091,
42,-0.143,-0.028,
43,0.319,-0.144,
44,-0.121,-0.099,
45,0.197,0.005,
46,0.167,-0.076,
47,-0.053,-0.042,
48,0.245,-0.109,
49,-0.338,0.154,
50,-0.137,-0.114,
51,-0.281,-0.201,
52,0.276,-0.181,
53,0.101,0.149,
54,0.315,0.546,
55,0.359,-0.138,
56,-0.224,0.568,
57,-0.486,0.264,
58,-0.271,-0.323,
59,0.173,0.032,
60,-0.181,0.191,
61,-0.023,0.142,
62,0.416,-0.179,
63,-0.811,-0.456,
64,0.048,-0.034,
65,0.123,-0.357,
66,0.259,-0.096,
67,-0.163,0.108,
68,0.12,0.022,
69,0.755,0.235,
70,-0.401,0.457,
71,0.103,0.157,
72,0.314,-0.125,
73,0.561,0.023,
74,0.37,0.143,
75,0.134,0.34,
76,0.206,-0.141,
77,0.112,0.342,
78,0.166,0.339,
79,0.138,0.073,
80,-0.16,0.059,
81,0.371,-0.23,
82,0.048,0.015,
83,0.164,0.096,
84,0.298,0.044,
85,-0.734,-0.271,
86,-0.358,-0.286,
87,-0.339,-0.237,
88,0.224,0.13,
89,0.198,0.06,
90,-0.102,0.069,
91,0.205,0.139,
92,-0.023,0.194,
93,-0.059,0.415,
94,0.236,0.211,
95,-0.456,0.385,
96,0.259,-0.272,
97,0.002,-0.165,
98,-0.074,-0.299,
99,0.02,-0.498,
100,0.832,0.481,
101,0.329,0.02,
102,-0.28,0.206,
103,-0.771,-0.448,
104,0.223,0.297,
105,-0.14,0.064,
106,-1.022,-0.872,
107,-0.234,-0.044,
108,0.15,-0.106,
109,0.143,-0.404,
110,-0.072,-0.097,
111,-0.026,-0.337,
112,-0.392,0.067,
113,0.104,0.244,
114,0.437,0.681,
115,-0.024,0.351,
116,0.392,0.491,
117,0.201,-0.278,
118,0.158,-0.032,
119,0,-0.101,
120,0.029,-0.109,
121,-0.042,-0.268,
122,0.251,0.115,
123,-0.224,0.351,
124,-0.054,-0.509,
125,0.096,-0.151,
126,0.384,-0.024,
127,0.197,0.228,
128,-0.122,0.426,
129,0.482,0.186,
130,0.313,0.02,
131,-0.347,0.185,
132,0.454,-0.445,
133,0.052,-0.724,
134,-0.289,-0.088,
135,0.098,0.195,
136,0.152,0.239,
137,0.267,0.352,
138,0.527,0.16,
139,-0.102,-0.084,
140,-0.174,-0.069,
141,-0.498,0.541,
142,0.126,0.377,
143,-0.301,0.087,
144,0.99,-0.803,
145,0.026,-0.028,
146,-0.49,-0.192,
147,0.001,0.201,
148,0.027,0.006,
149,0.089,0.089,
150,-0.32,-0.215,
151,0.086,0.462,
152,0.349,-0.476,
153,0.191,-0.786,
154,-0.018,0.066,
155,-0.078,0.098,
156,-0.192,0.637,
157,0.074,-0.156,
158,-0.055,0.217,
159,-0.61,0.17,
160,-0.197,0.301,
161,0.068,-0.167,
162,-0.273,0.311,
163,0.241,-0.254,
