1,-0.148,-0.659,
2,0.874,-0.96,
3,0.314,-1.137,
4,1.195,0.49,
5,0.081,-1.198,
6,-0.588,-0.639,
7,2.469,-0.105,
8,1.263,-1.177,
9,1.154,-2.288,
10,-0.835,-1.207,
11,1.247,0.263,
12,1.005,-0.696,
13,1.496,-1.038,
14,0.713,-0.352,
15,-0.329,-1.132,
16,0.698,-0.84,
17,0.993,0.104,
18,1.003,-0.887,
19,1.304,-0.952,
20,0.103,-1.592,
21,0.567,-1.478,
22,-0.457,-0.492,
23,1.063,-0.986,
24,0.558,-0.769,
25,1.091,0.14,
26,1.075,-0.951,
27,0.988,-0.72,
28,0.858,-0.479,
29,0.346,0.027,
30,-0.173,-1.07,
31,1.09,-1.576,
32,1.274,0.107,
33,1.479,-1.011,
34,0.492,-0.887,
35,1.348,-0.345,
36,0.557,-0.626,
37,0.925,-0.335,
38,0.19,-0.196,
39,1.356,-0.074,
40,0.999,-0.783,
41,1.376,-0.97,
42,3.118,-0.532,
43,1.804,0.08,
44,0.759,-0.134,
45,0.325,0.021,
46,0.902,-1.137,
47,-0.027,-0.9,
48,2.153,-0.303,
49,0.497,-0.864,
50,1.162,-0.719,
51,0.903,-1.151,
52,0.098,-0.886,
53,1.439,-2.055,
54,0.858,0.977,
55,1.113,-1.861,
56,1.618,-1.431,
57,0.041,-0.878,
58,0.383,-0.647,
59,0.284,-0.874,
60,0.633,-0.441,
61,0.82,-0.408,
62,2.014,-0.867,
63,-0.007,-1.433,
64,0.368,-0.978,
65,1.422,-1.435,
66,1.642,-0.183,
67,0.61,-0.917,
68,-0.039,-0.272,
69,1.848,0.046,
70,0.269,-0.192,
71,0.403,-0.214,
72,2.432,-0.999,
73,1.454,-1.56,
74,1.017,-0.807,
75,0.596,-0.934,
76,1.526,-0.967,
77,1.154,-0.932,
78,0.745,-1.42,
79,0.861,-1.559,
80,1.07,-1.151,
81,0.332,-0.795,
82,1.007,-0.293,
83,0.011,-0.967,
84,0.597,-0.504,
85,0.937,-0.722,
86,0.139,-0.561,
87,-0.681,-2.425,
88,1.327,0.27,
89,0.915,-0.374,
90,2.094,-0.224,
91,1.144,0.217,
92,0.542,-1.371,
93,-0.324,0.08,
94,0.839,-0.249,
95,0.482,0.627,
96,1.186,-2.159,
97,1.611,-0.457,
98,0.335,-2.104,
99,0.3,-1.573,
100,2.342,0.278,
101,1.318,0.448,
102,0.484,-1.456,
103,-0.361,-0.409,
104,1.684,-0.916,
105,0.237,-0.848,
106,-0.873,-0.804,
107,1.69,-0.058,
108,0.563,-1.236,
109,1.157,-0.717,
110,0.418,-0.515,
111,0.244,-1.375,
112,0.02,-0.957,
113,0.843,-0.241,
114,1.366,-0.87,
115,0.938,-0.91,
116,1.079,-0.746,
117,1.17,-1.484,
118,1.61,-0.344,
119,0.349,-1.15,
120,0.756,-2,
121,1.369,0.329,
122,1.92,-0.983,
123,0.732,-1.094,
124,0.957,-1.976,
125,0.318,-1.29,
126,1.549,-0.083,
127,1.717,-0.182,
128,0.834,-0.349,
129,1.71,-0.741,
130,0.875,-0.397,
131,1.081,0.717,
132,1.265,-1.463,
133,0.765,-0.167,
134,0.637,-0.262,
135,0.903,-0.507,
136,0.759,-0.505,
137,0.429,-0.546,
138,1.157,-0.838,
139,0.37,-1.474,
140,0.463,-0.869,
141,0.435,-1.366,
142,1.091,-0.409,
143,1.004,0.313,
144,1.002,-0.574,
145,-0.731,-1.241,
146,0.858,-0.839,
147,0.776,-0.683,
148,0.212,-2.427,
149,1.75,-0.691,
150,-0.379,-0.373,
151,2.584,-0.775,
152,0.739,-1.221,
153,1.283,-1.897,
154,0.478,-1.043,
155,0.794,-1.633,
156,0.428,-0.158,
157,0.062,-1.779,
158,1.257,-0.88,
159,0.157,-1.264,
160,1.152,-1.08,
161,0.952,-0.45,
162,1.116,-0.444,
163,1.285,-1.477,
