1,-1.618,-0.329,
2,-0.279,-0.78,
3,0.333,-0.67,
4,0.247,0.097,
5,-1.466,-1.932,
6,-0.907,-0.134,
7,1.593,0.633,
8,0.328,-0.974,
9,0.275,-1.015,
10,-1.333,-0.68,
11,-0.019,0.556,
12,1.272,0.28,
13,0.598,-0.784,
14,0.28,0.059,
15,-0.439,-0.516,
16,-0.02,-0.369,
17,0.207,0.319,
18,-0.091,0.321,
19,0.083,0.004,
20,-1.831,-0.904,
21,0.16,-0.281,
22,-0.018,0.776,
23,0.239,-0.726,
24,0.048,0.062,
25,0.466,0.514,
26,0.089,-0.638,
27,-0.181,0.293,
28,0.283,0.066,
29,-0.236,0.839,
30,-0.151,0.222,
31,-0.211,-1.63,
32,1.236,0.566,
33,1.452,-0.458,
34,0.328,-0.376,
35,0.095,-0.386,
36,0.259,-0.059,
37,0.09,0.116,
38,-0.009,0.683,
39,1.574,1.501,
40,-0.392,-0.738,
41,0.026,-0.664,
42,0.345,0.321,
43,0.852,0.013,
44,-0.327,0.105,
45,0.309,0.285,
46,0.098,-0.442,
47,-0.416,-0.083,
48,1.348,0.085,
49,-0.786,-0.085,
50,0.4,-0.034,
51,-0.135,-0.472,
52,0.659,-0.408,
53,0.967,-0.575,
54,0.615,2.067,
55,1.021,-0.77,
56,0.208,-0.045,
57,-1.115,0.462,
58,-0.518,-1.213,
59,0.056,-0.081,
60,-0.304,0.168,
61,0.607,0.61,
62,1.003,-0.609,
63,-1.1,-1.719,
64,-0.322,-0.528,
65,0.772,-1.239,
66,1.14,-0.207,
67,0.164,-0.073,
68,-0.221,0.341,
69,1.744,0.565,
70,-0.365,1.212,
71,0.279,0.53,
72,1.586,-0.595,
73,1.537,-0.944,
74,0.606,-0.142,
75,-0.24,0.208,
76,1.038,-0.587,
77,0.827,0.293,
78,0.615,-0.537,
79,0.922,-0.856,
80,0.69,-0.116,
81,0.799,-1.03,
82,0.302,-0.152,
83,-0.176,-0.099,
84,0.367,-0.059,
85,-0.328,-0.572,
86,-1.018,-0.095,
87,-1.3,-1.166,
88,0.975,0.518,
89,0.912,0.04,
90,0.957,0.074,
91,0.378,0.129,
92,-0.21,-0.355,
93,-0.488,0.663,
94,0.853,0.455,
95,-0.807,1.686,
96,0.772,-1.205,
97,0.745,-0.055,
98,0.234,-1.359,
99,-0.048,-1.708,
100,2.918,1.855,
101,1.373,0.859,
102,-0.614,-0.263,
103,-2.457,-0.467,
104,1.393,0.223,
105,-0.324,-0.011,
106,-2.222,-0.677,
107,0.126,0.243,
108,-0.003,-0.289,
109,0.881,-0.525,
110,-0.52,-0.252,
111,-0.37,-1.361,
112,-0.78,-0.151,
113,0.698,0.421,
114,1.783,1.141,
115,1.266,0.594,
116,0.994,0.668,
117,0.485,-1.368,
118,1.105,0.105,
119,-0.116,-0.949,
120,0.275,-0.952,
121,0.625,0.261,
122,0.915,0.087,
123,-0.153,0.477,
124,0.226,-1.981,
125,0.331,-0.376,
126,1.02,0.624,
127,0.925,0.998,
128,0.048,0.464,
129,1.005,0.206,
130,0.883,-0.473,
131,-0.241,0.835,
132,1.601,-1.457,
133,0.597,-1.503,
134,-0.008,-0.435,
135,0.16,0.388,
136,0.63,0.776,
137,0.528,0.69,
138,1.377,0.145,
139,-0.4,-0.3,
140,-0.249,-0.373,
141,-0.401,0.387,
142,0.207,1.31,
143,-0.739,0.635,
144,1.339,-0.962,
145,-0.446,-0.437,
146,-0.543,-0.751,
147,0.262,0.236,
148,0.129,-0.549,
149,0.923,0.102,
150,-0.523,0.291,
151,1.295,0.519,
152,0.503,-1.085,
153,0.833,-2.204,
154,0.107,-0.043,
155,-0.383,0.02,
156,0.211,1.04,
157,-0.188,-1.392,
158,0.232,-1.134,
159,-1.295,0.028,
160,0.031,-0.068,
161,-0.09,0.078,
162,0.094,0.801,
163,0.201,-0.993,
