1,-1.464,-0.382,
2,-0.157,-1.18,
3,0.349,-0.974,
4,0.54,0.273,
5,-1.31,-2.35,
6,-1.149,-0.185,
7,2.291,0.751,
8,0.532,-1.414,
9,0.588,-1.616,
10,-1.467,-1.138,
11,0.329,0.642,
12,1.265,0.165,
13,0.956,-0.983,
14,0.523,-0.071,
15,-0.705,-0.745,
16,0.009,-0.652,
17,0.598,0.312,
18,0.223,-0.006,
19,0.437,-0.306,
20,-1.689,-1.353,
21,0.276,-0.732,
22,-0.128,0.634,
23,0.521,-0.832,
24,0.208,-0.168,
25,0.791,0.484,
26,0.231,-0.872,
27,-0.045,-0.059,
28,0.494,-0.048,
29,-0.156,0.853,
30,-0.311,-0.222,
31,0.067,-2.052,
32,1.54,0.741,
33,1.879,-0.691,
34,0.476,-0.573,
35,0.52,-0.499,
36,0.39,-0.281,
37,0.291,0.028,
38,-0.001,0.751,
39,1.701,1.316,
40,-0.06,-0.852,
41,0.334,-0.915,
42,1.264,0.192,
43,1.173,0.127,
44,-0.218,0.115,
45,0.246,0.367,
46,0.24,-0.738,
47,-0.499,-0.239,
48,1.897,0.136,
49,-0.832,-0.325,
50,0.755,-0.113,
51,0.123,-0.712,
52,0.641,-0.523,
53,1.318,-1.163,
54,0.639,2.33,
55,1.247,-1.244,
56,0.728,-0.559,
57,-1.1,0.221,
58,-0.422,-1.147,
59,0.049,-0.179,
60,-0.098,0.001,
61,0.977,0.528,
62,1.365,-0.794,
63,-0.754,-2.078,
64,-0.307,-0.775,
65,1.153,-1.555,
66,1.557,-0.242,
67,0.339,-0.284,
68,-0.315,0.433,
69,2.012,0.56,
70,-0.111,1.131,
71,0.327,0.503,
72,2.236,-0.826,
73,1.787,-1.364,
74,0.729,-0.404,
75,-0.17,-0.026,
76,1.32,-0.834,
77,1.15,0.004,
78,0.697,-1.124,
79,1.168,-1.331,
80,1.07,-0.394,
81,0.691,-1.226,
82,0.569,-0.298,
83,-0.379,-0.368,
84,0.468,-0.173,
85,0.037,-0.718,
86,-0.982,-0.178,
87,-1.538,-1.851,
88,1.434,0.607,
89,1.048,-0.052,
90,1.614,0.063,
91,0.604,0.183,
92,-0.018,-0.833,
93,-0.676,0.675,
94,1.043,0.371,
95,-0.563,1.678,
96,1.079,-1.824,
97,1.166,-0.103,
98,0.3,-1.926,
99,-0.042,-2.046,
100,3.594,1.851,
101,1.635,1.002,
102,-0.42,-0.652,
103,-2.713,-0.307,
104,1.876,-0.087,
105,-0.251,-0.279,
106,-2.381,-0.686,
107,0.601,0.211,
108,-0.03,-0.466,
109,1.163,-0.579,
110,-0.479,-0.37,
111,-0.411,-1.65,
112,-0.64,-0.486,
113,0.923,0.351,
114,2.053,0.75,
115,1.673,0.288,
116,1.156,0.463,
117,0.714,-1.685,
118,1.583,0.092,
119,-0.06,-1.269,
120,0.375,-1.497,
121,1.22,0.344,
122,1.424,-0.213,
123,0.125,0.199,
124,0.346,-2.368,
125,0.361,-0.655,
126,1.352,0.712,
127,1.327,1.054,
128,0.273,0.295,
129,1.382,-0.025,
130,0.994,-0.544,
131,0.048,1.034,
132,1.848,-1.747,
133,0.79,-1.396,
134,0.222,-0.489,
135,0.309,0.304,
136,0.809,0.649,
137,0.519,0.445,
138,1.6,-0.078,
139,-0.413,-0.491,
140,-0.15,-0.558,
141,-0.194,-0.062,
142,0.432,1.242,
143,-0.389,0.702,
144,1.323,-0.917,
145,-0.784,-0.771,
146,-0.257,-0.95,
147,0.416,0.005,
148,0.257,-1.113,
149,1.405,0.06,
150,-0.584,0.471,
151,2.055,0.176,
152,0.488,-1.246,
153,1.12,-2.545,
154,0.172,-0.338,
155,-0.208,-0.425,
156,0.456,1.026,
157,-0.268,-1.825,
158,0.527,-1.398,
159,-1.274,-0.178,
160,0.377,-0.455,
161,0.11,0.062,
162,0.506,0.809,
163,0.428,-1.337,
