1,0.819,-0.47,
2,0.859,-1.164,
3,0.296,-1.346,
4,1.232,-0.08,
5,0.48,-1.053,
6,-0.926,-0.527,
7,2.085,0.175,
8,1.361,-0.964,
9,1.077,-2.183,
10,-0.563,-0.879,
11,1.369,-0.031,
12,1.042,-0.96,
13,1.592,-1.128,
14,0.542,-0.466,
15,-0.186,-0.593,
16,0.705,-1.123,
17,0.767,-0.304,
18,1.079,-0.989,
19,1.316,-0.901,
20,0.584,-1.409,
21,0.642,-1.447,
22,-0.227,-0.759,
23,1.057,-1.052,
24,0.815,-1.05,
25,1.104,-0.373,
26,0.984,-0.93,
27,1.233,-0.708,
28,0.872,-0.63,
29,0.509,-0.241,
30,0.125,-0.943,
31,1.142,-1.124,
32,1.048,-0.331,
33,1.15,-1.033,
34,0.421,-0.991,
35,1.365,-0.272,
36,0.743,-0.872,
37,0.761,-0.55,
38,0.304,-0.508,
39,1.149,-0.545,
40,1.092,-0.72,
41,1.501,-0.74,
42,2.756,-0.544,
43,1.641,-0.116,
44,1.007,-0.237,
45,0.53,-0.238,
46,0.987,-1.102,
47,0.177,-1.091,
48,2.226,-0.606,
49,0.439,-0.963,
50,1.01,-0.911,
51,1.015,-1.119,
52,0.234,-0.922,
53,1.365,-2.057,
54,0.807,0.305,
55,0.92,-1.911,
56,1.479,-1.247,
57,0.419,-1.096,
58,0.509,-0.559,
59,0.352,-1.066,
60,0.79,-0.563,
61,1.131,-0.571,
62,2.112,-0.716,
63,0.349,-1.073,
64,0.548,-1.012,
65,1.331,-1.254,
66,1.475,-0.201,
67,0.583,-1.042,
68,0.284,-0.553,
69,1.541,-0.078,
70,0.439,-0.562,
71,0.484,-0.463,
72,2.011,-0.986,
73,1.209,-1.243,
74,1.274,-0.793,
75,0.287,-1.229,
76,1.372,-0.864,
77,0.995,-0.991,
78,0.69,-1.246,
79,0.598,-1.307,
80,0.904,-1.403,
81,0.298,-0.798,
82,1.109,-0.442,
83,0.439,-1.001,
84,0.658,-0.627,
85,1.054,-0.724,
86,0.465,-0.616,
87,-0.126,-2.255,
88,1.328,0.009,
89,1.257,-0.578,
90,1.626,-0.442,
91,1.152,0.066,
92,0.758,-1.353,
93,-0.048,-0.142,
94,0.739,-0.362,
95,0.831,0.026,
96,1.078,-1.845,
97,1.589,-0.538,
98,0.302,-1.897,
99,0.482,-1.294,
100,1.575,-0.301,
101,1.246,0.083,
102,0.248,-1.226,
103,-0.031,-0.431,
104,1.441,-0.998,
105,0.409,-0.991,
106,-0.282,-0.73,
107,1.782,0.06,
108,0.796,-1.321,
109,1.061,-0.758,
110,0.765,-0.532,
111,0.503,-1.145,
112,0.113,-1.028,
113,0.793,-0.539,
114,1.096,-1.166,
115,1.174,-1.321,
116,0.906,-0.84,
117,1.207,-1.213,
118,1.392,-0.556,
119,0.56,-1.039,
120,0.692,-1.806,
121,1.154,-0.072,
122,1.723,-1.048,
123,0.678,-1.466,
124,1.056,-1.651,
125,0.429,-1.352,
126,1.514,-0.436,
127,1.793,-0.524,
128,0.694,-0.269,
129,1.489,-0.877,
130,0.834,-0.393,
131,1.3,0.43,
132,0.992,-1.285,
133,0.776,-0.186,
134,0.722,-0.305,
135,0.989,-0.814,
136,0.754,-0.806,
137,0.468,-0.72,
138,1.189,-0.749,
139,0.324,-1.316,
140,0.582,-0.714,
141,0.578,-1.546,
142,1.126,-0.888,
143,1.247,0.024,
144,0.907,-0.565,
145,-0.342,-1.195,
146,1.12,-0.71,
147,0.924,-0.663,
148,0.425,-1.713,
149,1.66,-1.779,
150,-0.302,-0.869,
151,2.22,-0.6,
152,0.749,-0.977,
153,1.198,-1.61,
154,0.601,-1.041,
155,1.013,-1.407,
156,0.486,-0.318,
157,0.163,-2.098,
158,1.504,-1.082,
159,0.354,-0.993,
160,1.088,-0.752,
161,1.117,-0.431,
162,1.243,-0.385,
163,1.053,-1.799,
