1,-0.153,-0.357,
2,0.151,0.076,
3,1.296,0.336,
4,0.25,0.522,
5,0.193,0.271,
6,-1.238,0.725,
7,0.246,-0.571,
8,-0.63,-0.088,
9,0.243,-0.358,
10,0.105,0.399,
11,0.586,-0.669,
12,0.121,-0.381,
13,-0.559,-0.46,
14,-0.246,-1.169,
15,-0.394,-1.527,
16,0.338,-0.082,
17,-0.868,0.112,
18,-0.031,0.373,
19,-0.145,0.496,
20,-0.394,0.048,
21,0.157,0.575,
22,-0.489,0.015,
23,-0.123,0.163,
24,-0.451,0.828,
25,0.462,-0.09,
26,0.077,0.092,
27,0.253,0.655,
28,0.706,-0.253,
29,-0.502,0.292,
30,0.548,0.306,
31,0.134,-0.107,
32,-0.057,-0.278,
33,0.215,0.164,
34,-0.129,0.117,
35,-0.137,0.248,
36,1.059,0.642,
37,-0.001,0.175,
38,0.415,-0.246,
39,0.759,-0.12,
40,-0.14,-0.32,
41,0.256,0.043,
42,0.598,-0.355,
43,-0.992,0.004,
44,0.155,-0.252,
45,-0.439,0.521,
46,0.154,0.05,
47,-0.145,0.065,
48,0.133,-0.934,
49,-0.113,0.109,
50,0.825,-0.04,
51,-1.038,-0.338,
52,0.153,0.499,
53,0.215,0.095,
54,0.39,0.209,
55,-0.266,0.255,
56,0.563,0.002,
57,-0.052,-0.001,
58,-0.136,0.459,
59,-0.425,-0.323,
60,-0.364,-0.086,
61,-0.188,-0.285,
62,1.183,-0.511,
63,0.265,0.34,
64,0.124,-0.522,
65,1.161,0.46,
66,-0.241,0.1,
67,0.225,0.113,
68,0.959,-0.163,
69,0.875,0.246,
70,0.06,0.064,
71,1.058,-0.071,
72,-0.053,-0.487,
73,-0.414,0.348,
74,-0.184,0.334,
75,-0.505,-0.516,
76,0.045,-0.224,
77,0.042,0.192,
78,0.017,0.581,
79,-0.038,1.009,
80,-0.736,-0.406,
81,0.076,0.127,
82,-0.381,0.018,
83,-0.311,-0.247,
84,0.654,0.652,
85,-0.145,-0.4,
86,-0.083,-0.966,
87,-0.66,0.062,
88,0.663,-1.095,
89,0.151,0.252,
90,-0.103,-0.046,
91,0.024,0.337,
92,0.11,0.192,
93,0.494,-0.375,
94,0.609,0.004,
95,-0.263,-0.218,
96,-0.085,-0.186,
97,-0.16,-0.364,
98,0.315,0.263,
99,0.274,0.536,
100,1.01,-0.063,
101,-0.202,-0.122,
102,-0.435,0.763,
103,0.876,0.199,
104,-0.731,0.011,
105,-0.452,0.27,
106,-0.696,-0.759,
107,0.222,0.704,
108,0.109,-0.795,
109,0.034,-0.454,
110,0.195,-0.35,
111,0.562,-0.321,
112,0.312,-0.344,
113,0.069,0.171,
114,-0.617,-0.029,
115,-0.408,0.551,
116,-0.074,-0.067,
117,0.474,0.599,
118,0.051,0.443,
119,-0.296,-0.559,
120,0.293,-0.48,
121,-0.587,-0.695,
122,0.229,-0.416,
123,-0.473,0.23,
124,-0.013,0.308,
125,0.373,-1.296,
126,-0.243,-0.559,
127,0.111,-0.377,
128,0.051,0.648,
129,-0.145,-0.509,
130,1.127,-0.27,
131,-0.287,-0.459,
132,-0.299,0.3,
133,-0.207,0.118,
134,-0.957,-0.54,
135,0.538,-0.682,
136,0.143,0.29,
137,0.24,0.129,
138,0.052,-0.107,
139,0.125,0.595,
140,-0.019,0.164,
141,-0.116,1.205,
142,0.457,-0.11,
143,0.173,-0.466,
144,0.937,-0.766,
145,0.645,-0.336,
146,-0.022,-0.102,
147,0.644,-0.053,
148,0.239,-0.291,
149,-0.132,-0.05,
150,0.091,-0.249,
151,-0.539,-0.107,
152,-0.168,-0.463,
153,-0.023,-0.09,
154,0.371,0.529,
155,0.153,-0.131,
156,-0.298,0.43,
157,-0.176,-0.468,
158,-0.093,0.286,
159,-0.179,0.044,
160,-0.093,0.286,
161,0.303,-0.385,
162,-0.386,0.091,
163,0.737,-0.563,
