1,-0.073,-0.642,
2,0.459,0.023,
3,1.927,0.5,
4,0.468,0.766,
5,-0.934,0.437,
6,-3.041,1.914,
7,0.715,-1.242,
8,-1.398,-0.15,
9,0.181,-0.419,
10,0.071,0.896,
11,1.109,-1.282,
12,-0.089,-0.903,
13,-1.447,0.399,
14,-1.85,-0.853,
15,-1.524,-2.737,
16,0.473,0.103,
17,-1.365,0.083,
18,0.647,0.366,
19,0.308,0.295,
20,-1.299,-0.086,
21,0.311,0.729,
22,-1.377,-0.414,
23,-0.103,0.714,
24,-0.595,1.229,
25,0.251,0.241,
26,-0.551,0.507,
27,0.57,0.671,
28,1.388,-0.967,
29,-0.593,0.597,
30,0.859,-0.519,
31,0.019,-0.257,
32,-0.104,-0.684,
33,-0.108,0.112,
34,-0.303,0.116,
35,-0.159,0.8,
36,1.629,0.313,
37,0.065,0.296,
38,1.4,-0.535,
39,1.769,0.029,
40,-0.002,-0.748,
41,0.313,0.134,
42,1.079,-0.082,
43,-1.035,-0.006,
44,0.172,-0.142,
45,-1.191,1.189,
46,0.341,0.512,
47,-0.565,0.42,
48,0.289,-1.35,
49,0.364,0.033,
50,1.36,-0.326,
51,-0.751,-1.175,
52,-0.046,0.459,
53,0.797,-0.144,
54,0.371,0.474,
55,-0.688,0.264,
56,1.489,0.009,
57,0.185,0.178,
58,-0.04,0.949,
59,-0.578,0.099,
60,-0.236,0.058,
61,-0.569,-0.284,
62,2.785,-0.914,
63,0.788,0.231,
64,-0.21,-1.375,
65,1.779,1.028,
66,-0.334,0.285,
67,0.864,0.133,
68,1.788,-0.376,
69,1.169,0.256,
70,0.316,0.385,
71,2.1,0.578,
72,0.158,-0.998,
73,-1.252,-0.163,
74,-0.533,0.442,
75,-1.787,-1.29,
76,-0.052,-1.057,
77,0.201,0.21,
78,-0.126,0.536,
79,-0.164,1.503,
80,-0.951,-1.126,
81,-0.208,0.343,
82,-1.765,-0.148,
83,-0.999,-0.753,
84,0.819,1.912,
85,0.413,-0.571,
86,-0.16,-1.969,
87,-1.765,0.52,
88,0.746,-2.267,
89,1.145,-0.663,
90,0.278,-0.621,
91,-0.048,0.081,
92,0.33,0.4,
93,1.058,-1.273,
94,1.215,0.105,
95,-0.554,-1.152,
96,-0.258,0.645,
97,0.102,-0.369,
98,0.313,1.526,
99,0.694,0.916,
100,1.593,0.221,
101,-0.105,-0.122,
102,-0.881,0.567,
103,1.658,0.681,
104,-0.455,-0.119,
105,-1.134,0.338,
106,-0.794,-0.554,
107,0.383,1.477,
108,0.813,-1.932,
109,0.229,-0.551,
110,0.281,-0.362,
111,1.207,0.033,
112,0.543,-0.518,
113,0.269,-0.085,
114,-1.524,-0.157,
115,-0.622,0.734,
116,-0.075,-0.078,
117,0.633,1.018,
118,0.296,1.32,
119,-0.816,-1.093,
120,0.694,-0.994,
121,-0.866,-0.724,
122,0.702,-0.38,
123,-1.143,0.111,
124,0.149,0.229,
125,0.42,-2.435,
126,-0.019,-1.039,
127,-0.257,-1.029,
128,0.119,0.79,
129,-0.382,-0.835,
130,2.178,-0.617,
131,0.062,-1.114,
132,-0.515,0.523,
133,-0.109,0.578,
134,-1.299,-0.895,
135,0.883,-1.637,
136,0.832,0.822,
137,0.675,0.221,
138,-0.183,-0.32,
139,0.67,1.32,
140,-0.173,0.252,
141,0.608,1.486,
142,1.343,0.035,
143,0.585,-0.601,
144,0.788,-0.749,
145,0.71,-0.567,
146,0.025,0.113,
147,1.112,-0.472,
148,0.586,-0.801,
149,0.709,0.035,
150,0.843,-0.708,
151,-0.579,-0.267,
152,-0.223,-0.982,
153,0.428,-0.537,
154,0.57,0.379,
155,0.071,-0.411,
156,-0.573,0.023,
157,-0.113,-1.592,
158,0.054,-1.088,
159,0.08,-0.128,
160,0.004,0.101,
161,0.119,-0.968,
162,-0.641,-0.094,
163,1.044,-1.347,
