1,0.229,-0.899,
2,0.786,-0.3,
3,2.097,0.233,
4,0.639,0.505,
5,-1.389,0.313,
6,-3.388,2.429,
7,0.321,-1.61,
8,-0.904,-0.844,
9,0.017,-0.468,
10,-0.024,1.114,
11,1.238,-1.39,
12,-0.208,-1.468,
13,-1.763,0.93,
14,-2.918,-0.305,
15,-1.722,-3.732,
16,0.54,0.094,
17,-1.594,-0.078,
18,1.754,0.167,
19,0.681,-0.625,
20,-1.428,-0.536,
21,0.783,0.481,
22,-1.351,-1.296,
23,0.076,1.491,
24,-0.635,1.028,
25,-0.314,0.674,
26,-1.37,0.759,
27,0.91,-0.015,
28,1.571,-2.358,
29,-0.526,0.605,
30,1.617,-1.187,
31,-0.162,-0.455,
32,-0.19,-0.974,
33,-0.538,-0.006,
34,-0.185,-0.403,
35,-0.091,1.65,
36,1.996,-0.471,
37,0.144,0.353,
38,2.29,-1.174,
39,2.582,-0.28,
40,0.448,-1.296,
41,0.182,0.448,
42,1.697,0.375,
43,-0.426,-0.091,
44,0.027,0.253,
45,-2.073,1.78,
46,0.51,0.399,
47,-0.732,0.251,
48,0.431,-1.503,
49,1.171,-0.121,
50,1.857,-1.009,
51,-0.063,-2.276,
52,-0.489,-0.254,
53,1.643,-0.372,
54,0.283,0.602,
55,-0.901,-0.497,
56,2.154,0.307,
57,0.188,0.622,
58,0.177,1.446,
59,0.023,0.295,
60,0.267,0.18,
61,-1.054,-0.308,
62,3.063,-1.406,
63,1.279,-0.302,
64,-0.576,-2.064,
65,1.858,1.699,
66,-0.213,0.408,
67,1.373,-0.094,
68,1.946,-1.314,
69,1.793,-0.093,
70,0.617,0.313,
71,2.743,1.134,
72,0.608,-1.265,
73,-1.528,-1.171,
74,-0.46,0.395,
75,-1.854,-2.273,
76,-0.402,-1.866,
77,0.307,0.26,
78,-0.061,0.155,
79,-0.671,1.36,
80,-0.772,-1.731,
81,-1.097,0.062,
82,-3.196,-0.809,
83,-1.019,-0.921,
84,1.451,2.827,
85,1.109,-0.385,
86,0.075,-2.677,
87,-2.06,0.503,
88,1.153,-2.998,
89,1.987,-2.896,
90,0.965,-1.481,
91,-0.456,-0.049,
92,0.573,0.845,
93,1.542,-2.375,
94,1.062,-0.08,
95,-1.069,-2.046,
96,-0.296,1.893,
97,0.604,-0.122,
98,-0.205,2.502,
99,1.213,0.967,
100,1.771,0.43,
101,-0.062,-0.093,
102,-0.238,0.124,
103,2.331,1.251,
104,0.269,-0.209,
105,-1.791,0.374,
106,-0.646,-0.466,
107,0.32,1.596,
108,1.805,-2.85,
109,0.233,-0.26,
110,0.293,0.115,
111,1.344,0.97,
112,0.559,-0.401,
113,0.47,-0.595,
114,-1.636,-0.065,
115,-0.952,0.541,
116,0.215,0.011,
117,0.929,0.735,
118,0.718,2.423,
119,-1.273,-1.462,
120,1.286,-1.412,
121,-0.825,-1.031,
122,0.961,-0.857,
123,-1.167,-0.308,
124,0.388,-0.267,
125,0.681,-2.934,
126,0.756,-1.145,
127,-0.748,-1.803,
128,-0.105,0.818,
129,-0.624,-0.813,
130,2.691,-0.573,
131,0.554,-1.137,
132,-0.668,0.475,
133,0.192,1.052,
134,-1.296,-1.215,
135,0.36,-2.744,
136,2.297,0.905,
137,1.318,0.16,
138,-0.345,-0.445,
139,1.233,1.184,
140,-0.482,0.162,
141,1.084,1.317,
142,1.846,0.083,
143,1.468,-0.676,
144,0.604,-0.554,
145,0.229,-0.723,
146,-0.07,0.812,
147,1.311,-0.968,
148,0.805,-1.323,
149,1.169,0.22,
150,1.279,-1.005,
151,-0.218,-0.395,
152,-0.203,-1.197,
153,1.382,-0.667,
154,0.567,-0.49,
155,0.022,-0.831,
156,-0.35,0.043,
157,0.538,-1.762,
158,-0.113,-1.682,
159,0.427,-0.41,
160,-0.011,-0.251,
161,-0.096,-1.744,
162,-0.934,-0.484,
163,1.541,-1.326,
