1,-1.576,-0.359,
2,-0.249,-1.02,
3,0.339,-0.838,
4,0.387,0.185,
5,-1.446,-2.207,
6,-1.1,-0.141,
7,1.984,0.755,
8,0.422,-1.225,
9,0.43,-1.326,
10,-1.448,-0.929,
11,0.138,0.62,
12,1.292,0.266,
13,0.787,-0.904,
14,0.398,0.024,
15,-0.594,-0.623,
16,-0.028,-0.517,
17,0.412,0.321,
18,0.056,0.177,
19,0.256,-0.147,
20,-1.842,-1.163,
21,0.215,-0.504,
22,-0.031,0.755,
23,0.375,-0.789,
24,0.128,-0.047,
25,0.634,0.512,
26,0.131,-0.768,
27,-0.159,0.127,
28,0.393,0.022,
29,-0.199,0.897,
30,-0.25,0.012,
31,-0.098,-1.889,
32,1.424,0.687,
33,1.721,-0.573,
34,0.413,-0.477,
35,0.303,-0.463,
36,0.324,-0.168,
37,0.179,0.083,
38,-0.014,0.771,
39,1.651,1.464,
40,-0.249,-0.808,
41,0.147,-0.806,
42,0.776,0.281,
43,1.025,0.077,
44,-0.303,0.138,
45,0.279,0.347,
46,0.146,-0.596,
47,-0.485,-0.145,
48,1.657,0.132,
49,-0.857,-0.2,
50,0.599,-0.037,
51,-0.029,-0.589,
52,0.698,-0.428,
53,1.182,-0.874,
54,0.612,2.292,
55,1.159,-1.015,
56,0.462,-0.308,
57,-1.161,0.373,
58,-0.492,-1.199,
59,0.03,-0.126,
60,-0.23,0.098,
61,0.821,0.608,
62,1.182,-0.712,
63,-0.93,-1.957,
64,-0.35,-0.667,
65,0.98,-1.432,
66,1.377,-0.229,
67,0.263,-0.178,
68,-0.291,0.404,
69,1.9,0.584,
70,-0.214,1.215,
71,0.309,0.545,
72,1.946,-0.722,
73,1.708,-1.187,
74,0.666,-0.277,
75,-0.243,0.101,
76,1.216,-0.723,
77,1.016,0.169,
78,0.668,-0.86,
79,1.084,-1.124,
80,0.912,-0.24,
81,0.75,-1.204,
82,0.437,-0.234,
83,-0.296,-0.227,
84,0.42,-0.114,
85,-0.141,-0.652,
86,-1.049,-0.122,
87,-1.473,-1.541,
88,1.235,0.586,
89,0.994,-0.025,
90,1.333,0.075,
91,0.48,0.156,
92,-0.148,-0.609,
93,-0.606,0.694,
94,0.974,0.435,
95,-0.687,1.747,
96,0.944,-1.539,
97,0.972,-0.074,
98,0.29,-1.673,
99,-0.059,-1.937,
100,3.356,1.927,
101,1.542,0.996,
102,-0.551,-0.455,
103,-2.677,-0.349,
104,1.688,0.084,
105,-0.291,-0.155,
106,-2.377,-0.672,
107,0.351,0.246,
108,-0.057,-0.332,
109,1.047,-0.553,
110,-0.548,-0.314,
111,-0.431,-1.566,
112,-0.72,-0.344,
113,0.836,0.405,
114,2.003,1,
115,1.548,0.47,
116,1.097,0.58,
117,0.588,-1.564,
118,1.384,0.113,
119,-0.101,-1.148,
120,0.313,-1.218,
121,0.941,0.32,
122,1.177,-0.042,
123,-0.027,0.374,
124,0.275,-2.213,
125,0.359,-0.508,
126,1.205,0.73,
127,1.142,1.081,
128,0.153,0.395,
129,1.203,0.113,
130,0.963,-0.539,
131,-0.09,0.934,
132,1.783,-1.641,
133,0.712,-1.502,
134,0.106,-0.485,
135,0.222,0.376,
136,0.737,0.757,
137,0.537,0.607,
138,1.526,0.048,
139,-0.436,-0.376,
140,-0.214,-0.477,
141,-0.308,0.189,
142,0.305,1.349,
143,-0.595,0.669,
144,1.358,-0.955,
145,-0.632,-0.605,
146,-0.427,-0.873,
147,0.34,0.139,
148,0.199,-0.815,
149,1.188,0.095,
150,-0.585,0.448,
151,1.715,0.372,
152,0.473,-1.157,
153,0.991,-2.443,
154,0.141,-0.179,
155,-0.328,-0.18,
156,0.354,1.08,
157,-0.247,-1.649,
158,0.382,-1.315,
159,-1.343,-0.056,
160,0.191,-0.264,
161,-0.017,0.088,
162,0.306,0.862,
163,0.291,-1.189,
