1,-0.2,-0.237,
2,0.04,0.032,
3,0.911,0.22,
4,0.151,0.32,
5,0.152,0.075,
6,-0.374,0.323,
7,0.121,-0.317,
8,-0.182,-0.131,
9,0.258,-0.303,
10,0.063,0.177,
11,0.193,-0.338,
12,0.254,-0.226,
13,-0.299,-0.404,
14,0.129,-0.948,
15,-0.074,-0.846,
16,0.238,-0.177,
17,-0.585,0.167,
18,-0.222,0.341,
19,-0.207,0.435,
20,-0.174,0.044,
21,0.134,0.338,
22,-0.098,0.058,
23,-0.086,-0.045,
24,-0.358,0.5,
25,0.482,-0.138,
26,0.277,-0.074,
27,0.124,0.442,
28,0.37,-0.058,
29,-0.415,0.189,
30,0.551,0.487,
31,0.153,-0.081,
32,-0.031,-0.112,
33,0.175,0.098,
34,-0.054,0.038,
35,-0.107,0.138,
36,0.685,0.577,
37,0.001,0.106,
38,0.126,-0.161,
39,0.476,-0.225,
40,-0.168,-0.21,
41,0.176,0.046,
42,0.401,-0.343,
43,-0.454,-0.045,
44,0.114,-0.184,
45,-0.179,0.232,
46,0.122,-0.052,
47,-0.034,-0.033,
48,0.083,-0.572,
49,-0.195,0.122,
50,0.463,0.046,
51,-0.84,-0.142,
52,0.16,0.319,
53,0.052,0.181,
54,0.285,0.095,
55,-0.108,0.142,
56,0.159,0.192,
57,-0.144,-0.02,
58,-0.1,0.255,
59,-0.182,-0.3,
60,-0.291,-0.065,
61,-0.078,-0.235,
62,0.624,-0.261,
63,0.078,0.249,
64,0.176,-0.197,
65,0.647,0.182,
66,-0.138,0.044,
67,-0.045,0.049,
68,0.541,-0.075,
69,0.654,0.15,
70,-0.055,-0.125,
71,0.553,-0.21,
72,-0.078,-0.208,
73,-0.074,0.381,
74,0.086,0.235,
75,-0.089,-0.153,
76,0.094,-0.056,
77,-0.029,0.183,
78,0.087,0.506,
79,-0.052,0.653,
80,-0.562,-0.105,
81,0.09,0.069,
82,-0.043,0.066,
83,-0.039,-0.08,
84,0.5,0.265,
85,-0.401,-0.268,
86,-0.037,-0.589,
87,-0.169,-0.131,
88,0.376,-0.523,
89,0.035,0.167,
90,-0.157,0.087,
91,0.097,0.338,
92,-0.014,0.145,
93,0.226,0.003,
94,0.278,-0.061,
95,-0.159,0.045,
96,0.059,-0.333,
97,-0.195,-0.363,
98,0.191,-0.027,
99,0.11,0.243,
100,0.636,-0.149,
101,-0.214,-0.098,
102,-0.209,0.659,
103,0.464,-0.03,
104,-0.503,0.085,
105,-0.156,0.139,
106,-0.596,-0.887,
107,0.077,0.245,
108,0.021,-0.352,
109,-0.06,-0.411,
110,0.115,-0.244,
111,0.226,-0.311,
112,0.157,-0.189,
113,0.038,0.182,
114,-0.191,0.045,
115,-0.29,0.389,
116,-0.032,-0.052,
117,0.42,0.149,
118,0.024,0.137,
119,-0.067,-0.219,
120,0.142,-0.227,
121,-0.346,-0.549,
122,0.138,-0.36,
123,-0.157,0.22,
124,-0.054,0.272,
125,0.203,-0.726,
126,-0.115,-0.333,
127,0.178,-0.158,
128,-0.056,0.529,
129,0.086,-0.221,
130,0.563,-0.067,
131,-0.24,-0.227,
132,-0.163,0.137,
133,-0.205,-0.077,
134,-0.683,-0.302,
135,0.272,-0.292,
136,-0.009,0.025,
137,0.099,0.045,
138,0.154,-0.011,
139,-0.001,0.26,
140,-0.032,0.073,
141,-0.394,0.805,
142,0.186,-0.137,
143,0.15,-0.428,
144,0.914,-0.766,
145,0.383,-0.214,
146,-0.098,-0.083,
147,0.313,0.076,
148,0.132,-0.113,
149,-0.231,-0.081,
150,-0.092,-0.171,
151,-0.331,0.051,
152,-0.122,-0.24,
153,-0.093,-0.013,
154,0.2,0.338,
155,0.191,-0.073,
156,-0.231,0.558,
157,-0.16,-0.114,
158,-0.136,0.493,
159,-0.252,0.095,
160,-0.141,0.303,
161,0.308,-0.238,
162,-0.27,0.18,
163,0.548,-0.318,
