1,-1.211,-0.6,
2,0.469,-0.86,
3,0.351,-1.016,
4,0.878,0.63,
5,-0.928,-1.707,
6,-0.71,-0.524,
7,2.661,0.169,
8,0.945,-1.365,
9,0.889,-2.075,
10,-1.25,-1.421,
11,0.788,0.562,
12,1.129,-0.175,
13,1.223,-0.981,
14,0.663,-0.056,
15,-0.642,-1.263,
16,0.463,-0.502,
17,0.959,0.372,
18,0.612,-0.457,
19,0.904,-0.672,
20,-1.056,-1.623,
21,0.407,-1.184,
22,-0.402,0.196,
23,0.846,-0.913,
24,0.3,-0.363,
25,0.898,0.659,
26,0.709,-0.952,
27,0.382,-0.452,
28,0.689,-0.232,
29,0.012,0.555,
30,-0.382,-0.763,
31,0.541,-2.118,
32,1.593,0.654,
33,1.918,-0.896,
34,0.543,-0.737,
35,0.979,-0.487,
36,0.398,-0.394,
37,0.713,-0.062,
38,0.047,0.436,
39,1.69,0.831,
40,0.429,-0.897,
41,0.838,-1.051,
42,2.35,-0.11,
43,1.55,0.196,
44,0.146,0.018,
45,0.206,0.302,
46,0.529,-0.991,
47,-0.366,-0.516,
48,2.092,0.058,
49,0.058,-0.585,
50,1.046,-0.375,
51,0.509,-0.971,
52,0.36,-0.744,
53,1.467,-1.707,
54,0.788,2.036,
55,1.306,-1.63,
56,1.269,-1.066,
57,-0.725,-0.237,
58,-0.115,-0.942,
59,0.146,-0.411,
60,0.241,-0.196,
61,0.644,0.153,
62,1.674,-0.871,
63,-0.466,-2.031,
64,-0.065,-0.921,
65,1.392,-1.651,
66,1.757,-0.237,
67,0.501,-0.531,
68,-0.324,0.245,
69,2.115,0.354,
70,0.016,0.713,
71,0.345,0.28,
72,2.653,-0.983,
73,1.784,-1.67,
74,0.771,-0.645,
75,0.377,-0.356,
76,1.657,-0.98,
77,1.28,-0.438,
78,0.757,-1.449,
79,1.173,-1.62,
80,1.223,-0.747,
81,0.542,-1.032,
82,0.786,-0.287,
83,-0.386,-0.676,
84,0.526,-0.301,
85,0.473,-0.776,
86,-0.596,-0.357,
87,-1.386,-2.29,
88,1.381,0.546,
89,0.921,-0.086,
90,2.126,0.008,
91,0.896,0.252,
92,0.228,-1.177,
93,-0.666,0.489,
94,1.052,0.122,
95,-0.22,1.389,
96,1.224,-2.217,
97,1.472,-0.246,
98,0.313,-2.258,
99,0.067,-1.998,
100,3.524,1.381,
101,1.57,0.89,
102,0.248,-1.261,
103,-1.602,-0.443,
104,1.953,-0.497,
105,-0.094,-0.512,
106,-1.975,-0.752,
107,1.155,0.081,
108,0.164,-0.841,
109,1.283,-0.653,
110,-0.177,-0.451,
111,-0.18,-1.654,
112,-0.396,-0.707,
113,0.974,0.17,
114,1.899,0.033,
115,1.099,-0.215,
116,1.286,-0.053,
117,0.961,-1.774,
118,1.776,-0.037,
119,0.065,-1.323,
120,0.567,-1.957,
121,1.536,0.515,
122,1.861,-0.617,
123,0.48,-0.308,
124,0.629,-2.453,
125,0.307,-0.988,
126,1.554,0.481,
127,1.523,0.641,
128,0.671,-0.077,
129,1.685,-0.358,
130,0.978,-0.488,
131,0.474,1.063,
132,1.754,-1.769,
133,0.847,-0.886,
134,0.447,-0.379,
135,0.566,0.022,
136,0.852,0.219,
137,0.464,-0.003,
138,1.433,-0.535,
139,0.088,-1.258,
140,0.119,-0.822,
141,0.083,-0.68,
142,0.771,0.671,
143,0.188,0.684,
144,1.168,-0.769,
145,-0.972,-1.089,
146,0.214,-0.995,
147,0.542,-0.422,
148,0.075,-2.256,
149,1.712,0.144,
150,-0.424,0.116,
151,2.577,-0.434,
152,0.625,-1.391,
153,1.312,-2.434,
154,0.281,-0.72,
155,0.178,-1.15,
156,0.427,0.448,
157,-0.118,-1.665,
158,0.785,-1.141,
159,-0.531,-1.032,
160,0.832,-0.972,
161,0.463,-0.206,
162,0.716,0,
163,1.013,-1.311,
