1,0.215,-0.924,
2,0.787,-0.296,
3,2.044,0.241,
4,0.664,0.517,
5,-1.364,0.313,
6,-3.344,2.374,
7,0.304,-1.607,
8,-0.931,-0.895,
9,0.024,-0.48,
10,-0.01,1.119,
11,1.202,-1.415,
12,-0.174,-1.458,
13,-1.684,0.93,
14,-2.825,-0.388,
15,-1.662,-3.713,
16,0.566,0.093,
17,-1.565,-0.078,
18,1.664,0.152,
19,0.69,-0.595,
20,-1.418,-0.53,
21,0.807,0.447,
22,-1.325,-1.331,
23,0.089,1.426,
24,-0.606,0.975,
25,-0.312,0.661,
26,-1.311,0.728,
27,0.889,-0.026,
28,1.528,-2.26,
29,-0.549,0.609,
30,1.569,-1.149,
31,-0.144,-0.428,
32,-0.16,-0.948,
33,-0.515,-0.057,
34,-0.216,-0.373,
35,-0.075,1.597,
36,1.948,-0.443,
37,0.14,0.332,
38,2.268,-1.123,
39,2.538,-0.274,
40,0.41,-1.301,
41,0.193,0.419,
42,1.699,0.373,
43,-0.416,-0.077,
44,0.068,0.241,
45,-2.027,1.735,
46,0.504,0.393,
47,-0.727,0.229,
48,0.43,-1.487,
49,1.148,-0.114,
50,1.821,-0.937,
51,-0.088,-2.224,
52,-0.454,-0.257,
53,1.614,-0.38,
54,0.285,0.604,
55,-0.908,-0.461,
56,2.076,0.305,
57,0.176,0.545,
58,0.201,1.424,
59,0.028,0.26,
60,0.255,0.162,
61,-1.021,-0.287,
62,3.025,-1.399,
63,1.224,-0.299,
64,-0.548,-2.029,
65,1.835,1.574,
66,-0.216,0.407,
67,1.304,-0.112,
68,1.991,-1.247,
69,1.752,-0.05,
70,0.588,0.283,
71,2.707,1.067,
72,0.571,-1.254,
73,-1.563,-1.099,
74,-0.402,0.408,
75,-1.787,-2.251,
76,-0.485,-1.833,
77,0.296,0.233,
78,-0.051,0.139,
79,-0.622,1.343,
80,-0.763,-1.738,
81,-1.056,0.062,
82,-3.138,-0.75,
83,-0.982,-0.925,
84,1.383,2.739,
85,1.023,-0.424,
86,0.085,-2.589,
87,-2.009,0.526,
88,1.207,-2.983,
89,1.937,-2.847,
90,0.925,-1.432,
91,-0.383,-0.019,
92,0.542,0.782,
93,1.454,-2.315,
94,1.089,-0.069,
95,-1.042,-2.006,
96,-0.314,1.806,
97,0.604,-0.17,
98,-0.167,2.438,
99,1.164,0.895,
100,1.726,0.416,
101,-0.053,-0.092,
102,-0.197,0.131,
103,2.301,1.218,
104,0.244,-0.21,
105,-1.681,0.333,
106,-0.626,-0.474,
107,0.358,1.564,
108,1.795,-2.834,
109,0.252,-0.327,
110,0.316,0.077,
111,1.296,0.862,
112,0.515,-0.416,
113,0.458,-0.573,
114,-1.655,-0.098,
115,-0.945,0.533,
116,0.192,-0.027,
117,0.97,0.705,
118,0.675,2.322,
119,-1.185,-1.377,
120,1.251,-1.403,
121,-0.846,-0.995,
122,0.963,-0.823,
123,-1.169,-0.324,
124,0.356,-0.223,
125,0.62,-2.939,
126,0.75,-1.175,
127,-0.686,-1.778,
128,-0.103,0.79,
129,-0.567,-0.857,
130,2.604,-0.563,
131,0.476,-1.094,
132,-0.639,0.428,
133,0.153,1.005,
134,-1.245,-1.169,
135,0.39,-2.666,
136,2.181,0.795,
137,1.245,0.139,
138,-0.328,-0.433,
139,1.207,1.116,
140,-0.458,0.14,
141,1.023,1.328,
142,1.862,0.052,
143,1.457,-0.702,
144,0.57,-0.584,
145,0.192,-0.741,
146,-0.053,0.772,
147,1.261,-0.937,
148,0.783,-1.312,
149,1.131,0.232,
150,1.232,-0.961,
151,-0.213,-0.423,
152,-0.231,-1.203,
153,1.334,-0.64,
154,0.541,-0.485,
155,0.024,-0.811,
156,-0.308,0.119,
157,0.561,-1.71,
158,-0.112,-1.631,
159,0.427,-0.419,
160,-0.015,-0.237,
161,-0.087,-1.714,
162,-0.922,-0.48,
163,1.54,-1.275,
