1,-0.109,-0.688,
2,0.524,0.114,
3,2.012,0.499,
4,0.483,0.757,
5,-1.013,0.518,
6,-3.125,2,
7,0.729,-1.331,
8,-1.382,-0.132,
9,0.187,-0.389,
10,0.091,0.914,
11,1.18,-1.28,
12,-0.155,-0.888,
13,-1.602,0.442,
14,-1.984,-0.782,
15,-1.602,-2.852,
16,0.503,0.193,
17,-1.389,0.111,
18,0.758,0.409,
19,0.288,0.32,
20,-1.373,-0.085,
21,0.24,0.786,
22,-1.535,-0.388,
23,-0.123,0.81,
24,-0.649,1.359,
25,0.184,0.328,
26,-0.614,0.575,
27,0.624,0.727,
28,1.418,-1.067,
29,-0.595,0.668,
30,0.916,-0.638,
31,-0.011,-0.292,
32,-0.143,-0.734,
33,-0.122,0.125,
34,-0.298,0.136,
35,-0.194,0.867,
36,1.679,0.278,
37,0.093,0.333,
38,1.469,-0.611,
39,1.847,0.067,
40,0.079,-0.803,
41,0.318,0.153,
42,1.05,-0.098,
43,-1.063,-0.018,
44,0.134,-0.149,
45,-1.262,1.281,
46,0.355,0.57,
47,-0.592,0.485,
48,0.294,-1.358,
49,0.471,0.068,
50,1.408,-0.425,
51,-0.704,-1.268,
52,-0.078,0.507,
53,0.809,-0.159,
54,0.362,0.527,
55,-0.664,0.203,
56,1.626,0.005,
57,0.213,0.268,
58,-0.04,1.024,
59,-0.611,0.152,
60,-0.257,0.088,
61,-0.705,-0.271,
62,2.816,-0.929,
63,0.887,0.237,
64,-0.232,-1.441,
65,1.826,1.192,
66,-0.288,0.259,
67,0.97,0.161,
68,1.831,-0.468,
69,1.285,0.223,
70,0.353,0.438,
71,2.188,0.649,
72,0.21,-1.073,
73,-1.305,-0.303,
74,-0.635,0.472,
75,-1.84,-1.331,
76,-0.002,-1.117,
77,0.236,0.241,
78,-0.18,0.558,
79,-0.206,1.583,
80,-0.977,-1.159,
81,-0.296,0.301,
82,-1.852,-0.186,
83,-1.04,-0.715,
84,0.908,2.063,
85,0.535,-0.554,
86,-0.191,-2.098,
87,-1.922,0.52,
88,0.715,-2.294,
89,1.148,-0.756,
90,0.34,-0.686,
91,-0.099,0.082,
92,0.368,0.476,
93,1.193,-1.343,
94,1.177,0.097,
95,-0.611,-1.195,
96,-0.286,0.766,
97,0.092,-0.31,
98,0.281,1.611,
99,0.761,1.026,
100,1.632,0.288,
101,-0.139,-0.128,
102,-0.887,0.559,
103,1.766,0.72,
104,-0.348,-0.128,
105,-1.291,0.4,
106,-0.83,-0.536,
107,0.359,1.576,
108,0.837,-2.005,
109,0.195,-0.462,
110,0.277,-0.354,
111,1.323,0.158,
112,0.617,-0.526,
113,0.286,-0.14,
114,-1.564,-0.075,
115,-0.737,0.738,
116,-0.027,-0.038,
117,0.597,1.058,
118,0.349,1.463,
119,-0.952,-1.234,
120,0.796,-1.002,
121,-0.926,-0.733,
122,0.692,-0.375,
123,-1.193,0.144,
124,0.197,0.172,
125,0.509,-2.45,
126,0.021,-1.076,
127,-0.359,-1.054,
128,0.142,0.818,
129,-0.423,-0.794,
130,2.27,-0.672,
131,0.157,-1.21,
132,-0.569,0.615,
133,-0.091,0.688,
134,-1.385,-0.957,
135,0.915,-1.729,
136,0.97,0.962,
137,0.746,0.241,
138,-0.214,-0.353,
139,0.761,1.327,
140,-0.182,0.264,
141,0.678,1.48,
142,1.421,0.009,
143,0.629,-0.611,
144,0.807,-0.735,
145,0.74,-0.576,
146,0.007,0.126,
147,1.178,-0.547,
148,0.557,-0.925,
149,0.731,0.08,
150,0.9,-0.762,
151,-0.567,-0.239,
152,-0.18,-0.997,
153,0.477,-0.598,
154,0.611,0.385,
155,0.051,-0.463,
156,-0.622,-0.042,
157,-0.122,-1.609,
158,0.01,-1.13,
159,0.13,-0.22,
160,0.027,0.07,
161,0.116,-0.988,
162,-0.711,-0.183,
163,1.097,-1.358,
