1,0.845,-0.155,
2,0.429,-0.925,
3,0.518,-0.591,
4,0.614,-0.273,
5,-0.365,-0.059,
6,-1.324,0.256,
7,0.242,0.361,
8,0.317,-0.617,
9,-0.052,-0.797,
10,-0.273,0.657,
11,0.927,-0.311,
12,0.39,-1.69,
13,0.189,0.737,
14,-0.315,-0.425,
15,-0.317,-1.306,
16,0.886,-0.734,
17,-0.549,-0.26,
18,1.115,-0.507,
19,0.53,-0.703,
20,-0.199,-0.779,
21,1.139,-0.811,
22,-0.107,-1.471,
23,0.445,0.667,
24,0.067,-0.707,
25,-0.393,0.206,
26,-0.424,0.033,
27,0.768,-1.097,
28,0.619,-1.601,
29,0.013,-0.25,
30,1.182,-0.674,
31,0.109,-0.111,
32,0.22,-0.937,
33,-0.367,-0.559,
34,-0.099,-0.984,
35,0.398,1.167,
36,0.634,-0.996,
37,0.323,-0.294,
38,1.57,-0.758,
39,0.777,-0.83,
40,0.394,-1.074,
41,0.184,0.231,
42,0.817,0.197,
43,0.405,-0.291,
44,0.414,0.409,
45,-1.016,0.469,
46,0.671,0.063,
47,-0.439,-0.819,
48,0.797,-0.591,
49,1.104,-0.71,
50,0.716,-0.915,
51,0.601,-1.306,
52,-0.243,-1.215,
53,1.166,-0.925,
54,0.679,-0.148,
55,-0.568,-1.33,
56,0.351,0.256,
57,0.256,-0.427,
58,0.408,0.617,
59,0.582,-0.711,
60,0.627,0.056,
61,-0.132,-0.27,
62,2.129,-0.647,
63,-0.029,-0.933,
64,-0.046,-1.222,
65,0.404,0.061,
66,0.435,0.235,
67,0.504,-1.067,
68,0.947,-0.793,
69,0.758,0.014,
70,0.326,-0.817,
71,0.987,-0.21,
72,0.639,-0.459,
73,-0.539,-0.459,
74,0.86,0.13,
75,-0.483,-1.28,
76,-0.241,-0.884,
77,0.1,-0.314,
78,0.443,-0.716,
79,-0.696,0.023,
80,0.075,-1.366,
81,-0.573,-0.423,
82,-0.318,-0.74,
83,0.24,-1.198,
84,0.542,0.508,
85,0.663,-0.199,
86,0.583,-0.754,
87,-0.328,-0.475,
88,1.006,-0.771,
89,1.44,-1.038,
90,0.927,-1.392,
91,-0.059,0.029,
92,0.303,0.026,
93,-0.458,-1.383,
94,0.36,-0.19,
95,-0.22,-1.291,
96,0.317,-0.021,
97,1.201,-0.55,
98,-0.543,-0.368,
99,0.742,-0.628,
100,0.117,-0.485,
101,0.238,-0.116,
102,0.06,-0.788,
103,0.97,0.575,
104,0.475,-0.326,
105,-0.244,-1.139,
106,0.089,-0.556,
107,0.579,0.438,
108,0.938,-1.412,
109,0.288,-0.616,
110,0.899,-0.441,
111,-0.212,0.04,
112,-0.68,-0.663,
113,0.638,-0.913,
114,-0.827,-0.607,
115,0.073,-1.636,
116,0.46,-0.726,
117,0.995,-0.303,
118,0.271,0.105,
119,-0.105,-0.333,
120,0.402,-1.4,
121,0.411,-0.905,
122,1.022,-0.477,
123,-0.581,-1.285,
124,0.302,-0.518,
125,0.229,-1.845,
126,0.655,-0.818,
127,-0.17,-1.545,
128,-0.381,0.086,
129,-0.073,-1.084,
130,0.753,-0.249,
131,0.592,0.083,
132,-0.243,-0.588,
133,0.247,-0.232,
134,0.09,-0.411,
135,0.484,-1.109,
136,1.152,-0.663,
137,0.255,-0.503,
138,-0.153,-0.359,
139,0.415,-0.746,
140,-0.293,-0.47,
141,0.403,-0.661,
142,0.711,-0.911,
143,0.879,-0.4,
144,0.383,-0.593,
145,0.206,-1.032,
146,0.302,0.602,
147,0.28,-0.746,
148,0.165,-0.802,
149,1.036,-1.299,
150,0.015,-0.815,
151,0.901,-0.335,
152,-0.205,-0.467,
153,1.054,-0.385,
154,-0.037,-1.538,
155,0.014,-0.893,
156,0.161,-0.323,
157,0.635,-1.234,
158,0.755,-1.185,
159,0.268,-0.868,
160,-0.27,-0.529,
161,-0.086,-1.584,
162,-0.317,-0.777,
163,0.793,-2.033,
