1,0.726,-0.183,
2,0.391,-0.924,
3,0.314,-0.669,
4,0.55,-0.39,
5,-0.281,-0.176,
6,-1.183,-0.173,
7,0.386,0.188,
8,0.799,-0.462,
9,-0.035,-0.837,
10,-0.26,0.473,
11,0.732,-0.101,
12,0.461,-1.559,
13,0.537,0.338,
14,-0.063,-0.293,
15,-0.304,-0.911,
16,0.755,-0.81,
17,-0.198,-0.288,
18,0.948,-0.579,
19,0.385,-0.611,
20,0.011,-0.692,
21,0.827,-0.885,
22,0.019,-1.288,
23,0.465,0.139,
24,0.142,-0.859,
25,-0.325,0.056,
26,-0.103,-0.051,
27,0.78,-1.065,
28,0.385,-1.368,
29,0.137,-0.34,
30,0.995,-0.508,
31,0.178,-0.047,
32,0.255,-0.928,
33,-0.078,-0.619,
34,-0.04,-1.044,
35,0.434,0.966,
36,0.362,-0.889,
37,0.456,-0.418,
38,1.252,-0.803,
39,0.459,-0.782,
40,0.414,-0.979,
41,0.234,0.148,
42,0.583,0.101,
43,0.52,-0.402,
44,0.465,0.336,
45,-0.571,0.142,
46,0.601,0.005,
47,-0.406,-0.856,
48,0.829,-0.468,
49,0.863,-0.797,
50,0.542,-0.982,
51,0.662,-1.003,
52,-0.136,-1.178,
53,0.855,-1.024,
54,0.519,-0.28,
55,-0.384,-1.508,
56,0.2,0.276,
57,0.264,-0.53,
58,0.375,0.445,
59,0.481,-0.886,
60,0.559,-0.032,
61,-0.052,-0.294,
62,1.596,-0.465,
63,-0.123,-0.953,
64,-0.074,-1.09,
65,0.299,-0.228,
66,0.53,0.202,
67,0.337,-1.241,
68,0.627,-0.787,
69,0.559,-0.012,
70,0.274,-0.977,
71,0.593,-0.327,
72,0.68,-0.35,
73,-0.326,-0.476,
74,0.905,0.045,
75,-0.322,-1.062,
76,0.068,-0.645,
77,0.083,-0.427,
78,0.304,-0.847,
79,-0.733,-0.227,
80,0.123,-1.291,
81,-0.515,-0.544,
82,0.228,-0.637,
83,0.428,-1.051,
84,0.373,-0.097,
85,0.693,-0.155,
86,0.514,-0.378,
87,-0.057,-0.706,
88,0.789,-0.335,
89,0.902,-0.708,
90,0.878,-1.335,
91,-0.073,0.026,
92,0.22,-0.156,
93,-0.662,-0.768,
94,0.108,-0.227,
95,0.062,-1.093,
96,0.387,-0.401,
97,1.221,-0.528,
98,-0.82,-0.922,
99,0.626,-0.83,
100,-0.102,-0.575,
101,0.201,-0.158,
102,0.163,-0.922,
103,0.579,0.406,
104,0.531,-0.381,
105,-0.092,-1.249,
106,0.169,-0.521,
107,0.561,0.378,
108,0.396,-1.183,
109,0.242,-0.571,
110,0.853,-0.354,
111,-0.2,0.11,
112,-0.775,-0.694,
113,0.497,-0.898,
114,-0.537,-0.674,
115,0.051,-1.91,
116,0.624,-0.852,
117,0.706,-0.353,
118,0.148,-0.394,
119,0.046,-0.274,
120,0.311,-1.264,
121,0.439,-0.87,
122,0.86,-0.407,
123,-0.416,-1.425,
124,0.364,-0.645,
125,0.18,-1.529,
126,0.685,-0.755,
127,-0.099,-1.302,
128,-0.315,-0.072,
129,-0.004,-1.024,
130,0.439,-0.181,
131,0.563,0.285,
132,-0.222,-0.696,
133,0.251,-0.489,
134,0.255,-0.32,
135,0.221,-0.994,
136,0.882,-0.733,
137,-0.036,-0.614,
138,-0.155,-0.451,
139,0.242,-1.09,
140,-0.183,-0.611,
141,0.282,-1.17,
142,0.386,-1.031,
143,0.61,-0.328,
144,0.351,-0.535,
145,0.056,-1.008,
146,0.446,0.352,
147,0.16,-0.733,
148,-0.15,-0.693,
149,0.694,-1.873,
150,-0.404,-0.821,
151,1.092,-0.318,
152,-0.178,-0.327,
153,0.85,-0.48,
154,-0.08,-1.578,
155,-0.018,-0.929,
156,-0.08,-0.493,
157,0.323,-1.09,
158,0.86,-0.928,
159,0.174,-0.972,
160,-0.182,-0.659,
161,-0.013,-1.302,
162,-0.101,-0.761,
163,0.721,-2.055,
