1,0.77,-0.66,
2,1.076,-1.048,
3,0.27,-1.134,
4,1.304,0.032,
5,0.98,-0.788,
6,-0.438,-0.797,
7,1.665,-0.296,
8,1.398,-0.903,
9,1.043,-1.925,
10,-0.232,-0.649,
11,1.487,-0.306,
12,1.114,-1.121,
13,1.638,-1.018,
14,0.699,-0.611,
15,0.235,-0.972,
16,0.868,-1.129,
17,0.797,-0.264,
18,1.138,-1.037,
19,1.353,-0.892,
20,0.926,-1.328,
21,0.726,-1.387,
22,0.058,-1.017,
23,1.105,-1.066,
24,0.843,-1.029,
25,1.02,-0.534,
26,1.319,-0.742,
27,1.353,-0.822,
28,1.046,-0.627,
29,0.689,-0.548,
30,0.276,-0.949,
31,1.24,-0.668,
32,0.92,-0.609,
33,1.068,-1.048,
34,0.396,-1,
35,1.454,-0.212,
36,0.616,-0.775,
37,1.044,-0.615,
38,0.496,-0.756,
39,0.982,-0.778,
40,1.253,-0.723,
41,1.644,-0.509,
42,2.385,-0.623,
43,1.545,-0.206,
44,1.288,-0.313,
45,0.679,-0.373,
46,0.929,-1.053,
47,0.288,-1.237,
48,1.983,-0.722,
49,0.767,-1.076,
50,1.059,-1.042,
51,1.077,-1.004,
52,0.269,-0.893,
53,1.392,-1.882,
54,1.03,-0.185,
55,0.83,-1.952,
56,1.285,-1.149,
57,0.682,-1.209,
58,0.703,-0.458,
59,0.557,-1.259,
60,0.876,-0.778,
61,0.972,-0.847,
62,1.96,-0.795,
63,0.638,-0.823,
64,0.529,-1.07,
65,1.264,-1.185,
66,1.316,-0.135,
67,0.616,-1.182,
68,0.543,-0.634,
69,1.422,-0.277,
70,0.62,-0.866,
71,0.574,-0.733,
72,1.718,-0.918,
73,1.006,-0.986,
74,1.193,-0.848,
75,0.683,-1.337,
76,1.171,-0.766,
77,0.946,-1.133,
78,0.793,-1.081,
79,0.511,-1.316,
80,0.877,-1.428,
81,0.576,-0.751,
82,1.256,-0.472,
83,0.762,-1.017,
84,0.677,-0.739,
85,1.186,-0.752,
86,0.719,-0.583,
87,0.264,-2.05,
88,1.19,-0.355,
89,1.039,-0.674,
90,1.705,-0.591,
91,1.255,0.026,
92,0.793,-1.296,
93,0.188,-0.318,
94,0.64,-0.472,
95,1.051,-0.35,
96,1.051,-1.718,
97,1.596,-0.651,
98,0.422,-1.732,
99,0.631,-1.147,
100,1.049,-0.692,
101,1.061,-0.129,
102,0.715,-1.389,
103,0.655,-0.406,
104,1.223,-1.054,
105,0.643,-1.088,
106,0.189,-0.704,
107,1.815,0.275,
108,0.852,-1.292,
109,1.012,-0.808,
110,1.062,-0.491,
111,0.661,-0.981,
112,0.205,-1.16,
113,0.987,-0.597,
114,0.906,-1.305,
115,0.87,-1.641,
116,0.986,-1.175,
117,1.28,-1.053,
118,1.297,-0.775,
119,0.737,-0.96,
120,0.844,-1.558,
121,1.036,-0.383,
122,1.577,-0.959,
123,0.702,-1.667,
124,1.237,-1.405,
125,0.503,-1.422,
126,1.388,-0.729,
127,1.545,-1.012,
128,0.926,-0.528,
129,1.297,-0.921,
130,1.023,-0.482,
131,1.422,0.327,
132,0.783,-1.125,
133,0.728,-0.062,
134,0.763,-0.282,
135,1.06,-1.011,
136,0.713,-0.995,
137,0.451,-0.878,
138,0.875,-0.995,
139,0.556,-1.51,
140,0.871,-0.884,
141,0.727,-1.61,
142,1.144,-1.226,
143,1.385,-0.223,
144,0.928,-0.665,
145,0.162,-1.246,
146,1.438,-0.616,
147,0.976,-0.861,
148,0.398,-1.592,
149,1.526,-1.686,
150,-0.314,-0.674,
151,2.218,-0.804,
152,0.846,-0.858,
153,1.274,-1.363,
154,0.673,-1.22,
155,1.126,-1.679,
156,0.449,-0.581,
157,0.369,-1.652,
158,1.508,-0.641,
159,0.824,-1.182,
160,1.218,-0.963,
161,1.271,-0.762,
162,1.307,-0.772,
163,1.503,-1.54,
