1,0.643,-0.557,
2,0.606,-0.8,
3,0.993,-0.382,
4,0.685,-0.031,
5,-0.601,0.038,
6,-1.655,0.922,
7,-0.244,-0.295,
8,-0.272,-1.077,
9,-0.082,-0.648,
10,-0.205,0.861,
11,1.253,-0.692,
12,0.173,-1.842,
13,-0.33,0.901,
14,-1.09,-0.39,
15,-0.539,-2.423,
16,0.839,-0.469,
17,-0.981,-0.21,
18,1.602,-0.344,
19,0.568,-0.993,
20,-0.64,-0.877,
21,1.43,-0.479,
22,-0.454,-1.653,
23,0.386,1.232,
24,-0.161,-0.32,
25,-0.598,0.468,
26,-0.896,0.271,
27,0.87,-1.036,
28,0.851,-2.25,
29,-0.188,-0.042,
30,1.567,-0.956,
31,-0.008,-0.239,
32,0.072,-0.986,
33,-0.606,-0.44,
34,-0.015,-0.981,
35,0.218,1.472,
36,1.087,-1.077,
37,0.284,-0.042,
38,2.012,-0.918,
39,1.44,-0.831,
40,0.5,-1.275,
41,0.076,0.444,
42,1.109,0.227,
43,0.12,-0.215,
44,0.233,0.505,
45,-1.702,1.056,
46,0.606,-0.084,
47,-0.453,-0.623,
48,0.654,-0.83,
49,1.355,-0.464,
50,1.235,-0.992,
51,0.514,-1.865,
52,-0.469,-1.28,
53,1.453,-0.833,
54,0.695,0.076,
55,-0.759,-1.179,
56,0.882,0.341,
57,0.168,-0.044,
58,0.456,1.005,
59,0.659,-0.413,
60,0.648,0.201,
61,-0.528,-0.254,
62,2.241,-0.954,
63,0.303,-0.906,
64,-0.255,-1.555,
65,0.732,0.753,
66,0.236,0.348,
67,0.907,-0.853,
68,1.3,-1.319,
69,1.369,-0.002,
70,0.465,-0.615,
71,1.647,0.426,
72,0.652,-0.674,
73,-0.892,-0.666,
74,0.621,0.329,
75,-0.649,-1.734,
76,-0.649,-1.383,
77,0.165,-0.063,
78,0.422,-0.571,
79,-0.76,0.43,
80,-0.087,-1.571,
81,-1.064,-0.414,
82,-1.531,-0.944,
83,-0.133,-1.206,
84,0.972,1.616,
85,0.875,-0.193,
86,0.658,-1.508,
87,-0.883,-0.136,
88,1.503,-1.738,
89,1.592,-2.073,
90,1.143,-1.61,
91,-0.339,0.081,
92,0.424,0.455,
93,0.064,-2.219,
94,0.593,-0.197,
95,-0.754,-1.669,
96,0.1,0.866,
97,1.201,-0.42,
98,-0.505,0.752,
99,1.015,-0.228,
100,0.677,-0.165,
101,0.175,-0.107,
102,0.348,-0.567,
103,1.576,0.986,
104,0.507,-0.268,
105,-0.721,-0.836,
106,-0.055,-0.586,
107,0.561,0.786,
108,1.537,-1.979,
109,0.285,-0.488,
110,0.861,-0.353,
111,0.03,0.476,
112,-0.456,-0.606,
113,0.729,-0.89,
114,-1.235,-0.45,
115,-0.303,-1.018,
116,0.514,-0.521,
117,1.09,0.068,
118,0.47,1.123,
119,-0.472,-0.597,
120,0.73,-1.615,
121,0.133,-1.06,
122,1.117,-0.648,
123,-0.817,-1.081,
124,0.238,-0.426,
125,0.443,-2.369,
126,0.824,-1.05,
127,-0.509,-1.905,
128,-0.405,0.323,
129,-0.321,-1.131,
130,1.302,-0.198,
131,0.548,-0.239,
132,-0.372,-0.364,
133,0.331,0.229,
134,-0.269,-0.697,
135,0.621,-1.549,
136,1.897,-0.245,
137,0.711,-0.389,
138,-0.253,-0.361,
139,0.786,-0.249,
140,-0.448,-0.293,
141,0.647,0.036,
142,1.122,-0.595,
143,1.321,-0.503,
144,0.46,-0.546,
145,0.391,-0.926,
146,0.067,0.954,
147,0.565,-0.907,
148,0.442,-1.049,
149,1.221,-0.298,
150,0.505,-0.831,
151,0.642,-0.436,
152,-0.236,-0.745,
153,1.499,-0.353,
154,0.095,-1.539,
155,0.027,-0.973,
156,0.214,-0.039,
157,1.188,-1.155,
158,0.346,-1.131,
159,0.365,-0.789,
160,-0.223,-0.525,
161,-0.136,-1.895,
162,-0.619,-0.8,
163,1.098,-1.87,
