1,0.309,-0.792,
2,0.711,-0.335,
3,1.919,0.248,
4,0.656,0.546,
5,-1.262,0.297,
6,-3.321,2.334,
7,0.345,-1.392,
8,-0.975,-0.896,
9,0.033,-0.524,
10,-0.044,1.146,
11,1.124,-1.345,
12,-0.083,-1.486,
13,-1.523,0.958,
14,-2.584,-0.552,
15,-1.575,-3.458,
16,0.602,0.015,
17,-1.533,-0.093,
18,1.452,0.108,
19,0.77,-0.489,
20,-1.353,-0.559,
21,0.92,0.35,
22,-1.215,-1.288,
23,0.104,1.24,
24,-0.527,0.841,
25,-0.242,0.581,
26,-1.178,0.649,
27,0.823,-0.05,
28,1.548,-1.965,
29,-0.529,0.517,
30,1.418,-0.987,
31,-0.095,-0.369,
32,-0.095,-0.892,
33,-0.465,-0.075,
34,-0.314,-0.304,
35,-0.023,1.474,
36,1.844,-0.38,
37,0.117,0.271,
38,2.173,-0.944,
39,2.361,-0.313,
40,0.266,-1.202,
41,0.218,0.349,
42,1.683,0.398,
43,-0.41,-0.065,
44,0.173,0.211,
45,-1.912,1.603,
46,0.503,0.34,
47,-0.743,0.166,
48,0.438,-1.454,
49,1.052,-0.148,
50,1.715,-0.733,
51,-0.182,-2.047,
52,-0.37,-0.254,
53,1.571,-0.37,
54,0.317,0.532,
55,-0.986,-0.291,
56,1.866,0.282,
57,0.19,0.352,
58,0.203,1.306,
59,0.04,0.177,
60,0.246,0.118,
61,-0.883,-0.289,
62,3.098,-1.376,
63,1.091,-0.282,
64,-0.439,-1.957,
65,1.766,1.297,
66,-0.231,0.457,
67,1.141,-0.144,
68,1.998,-1.033,
69,1.489,0.01,
70,0.525,0.229,
71,2.611,0.951,
72,0.474,-1.17,
73,-1.602,-0.864,
74,-0.298,0.362,
75,-1.793,-2.19,
76,-0.575,-1.716,
77,0.263,0.162,
78,-0.006,0.127,
79,-0.52,1.282,
80,-0.749,-1.708,
81,-0.831,0.16,
82,-2.958,-0.629,
83,-0.975,-1.027,
84,1.195,2.488,
85,0.837,-0.487,
86,0.088,-2.344,
87,-1.814,0.494,
88,1.268,-2.884,
89,2.02,-2.627,
90,0.819,-1.31,
91,-0.197,-0.06,
92,0.483,0.627,
93,1.219,-2.181,
94,1.206,-0.049,
95,-0.932,-1.917,
96,-0.299,1.557,
97,0.611,-0.306,
98,-0.065,2.297,
99,1.046,0.746,
100,1.572,0.347,
101,-0.023,-0.086,
102,-0.309,0.139,
103,2.195,1.126,
104,0.125,-0.21,
105,-1.475,0.224,
106,-0.585,-0.485,
107,0.422,1.455,
108,1.741,-2.74,
109,0.34,-0.542,
110,0.336,0.004,
111,1.163,0.597,
112,0.41,-0.443,
113,0.478,-0.478,
114,-1.653,-0.259,
115,-0.856,0.523,
116,0.098,-0.127,
117,1.038,0.646,
118,0.535,2.086,
119,-0.99,-1.196,
120,1.071,-1.374,
121,-0.776,-0.955,
122,0.994,-0.792,
123,-1.139,-0.354,
124,0.287,-0.116,
125,0.471,-2.942,
126,0.622,-1.174,
127,-0.511,-1.745,
128,-0.102,0.731,
129,-0.458,-0.954,
130,2.486,-0.601,
131,0.383,-0.983,
132,-0.569,0.327,
133,0.106,0.823,
134,-1.13,-1.066,
135,0.439,-2.491,
136,1.817,0.548,
137,1.095,0.109,
138,-0.29,-0.4,
139,1.116,1.056,
140,-0.407,0.105,
141,0.928,1.283,
142,1.778,0.003,
143,1.311,-0.649,
144,0.55,-0.583,
145,0.173,-0.842,
146,-0.007,0.685,
147,1.159,-0.841,
148,0.763,-1.194,
149,1.126,0.09,
150,1.143,-0.855,
151,-0.215,-0.457,
152,-0.288,-1.202,
153,1.224,-0.583,
154,0.49,-0.449,
155,0.036,-0.745,
156,-0.231,0.197,
157,0.495,-1.768,
158,0.011,-1.653,
159,0.377,-0.373,
160,-0.036,-0.189,
161,-0.099,-1.697,
162,-0.835,-0.427,
163,1.412,-1.314,
