1,0.652,-0.536,
2,0.601,-0.795,
3,1.016,-0.388,
4,0.673,-0.033,
5,-0.617,0.045,
6,-1.665,0.947,
7,-0.246,-0.289,
8,-0.262,-1.068,
9,-0.091,-0.634,
10,-0.214,0.864,
11,1.297,-0.633,
12,0.157,-1.871,
13,-0.36,0.918,
14,-1.122,-0.353,
15,-0.579,-2.425,
16,0.845,-0.464,
17,-1,-0.21,
18,1.671,-0.343,
19,0.566,-0.983,
20,-0.65,-0.888,
21,1.444,-0.477,
22,-0.454,-1.621,
23,0.382,1.286,
24,-0.177,-0.314,
25,-0.628,0.483,
26,-0.935,0.284,
27,0.883,-1.056,
28,0.896,-2.297,
29,-0.184,-0.059,
30,1.614,-0.982,
31,-0.016,-0.253,
32,0.055,-1,
33,-0.625,-0.427,
34,-0.001,-0.977,
35,0.205,1.508,
36,1.11,-1.104,
37,0.292,-0.028,
38,2.072,-0.945,
39,1.462,-0.846,
40,0.524,-1.28,
41,0.054,0.475,
42,1.097,0.218,
43,0.115,-0.224,
44,0.198,0.526,
45,-1.747,1.091,
46,0.61,-0.097,
47,-0.475,-0.584,
48,0.648,-0.834,
49,1.386,-0.459,
50,1.275,-1.025,
51,0.547,-1.9,
52,-0.499,-1.318,
53,1.465,-0.834,
54,0.703,0.068,
55,-0.764,-1.194,
56,0.915,0.352,
57,0.166,-0.005,
58,0.454,1.025,
59,0.678,-0.401,
60,0.667,0.223,
61,-0.557,-0.255,
62,2.248,-0.953,
63,0.316,-0.923,
64,-0.233,-1.565,
65,0.726,0.83,
66,0.235,0.357,
67,0.953,-0.857,
68,1.263,-1.361,
69,1.372,-0.023,
70,0.482,-0.619,
71,1.673,0.475,
72,0.667,-0.666,
73,-0.913,-0.685,
74,0.611,0.335,
75,-0.692,-1.749,
76,-0.625,-1.402,
77,0.167,-0.04,
78,0.424,-0.578,
79,-0.795,0.427,
80,-0.087,-1.573,
81,-1.1,-0.397,
82,-1.574,-0.986,
83,-0.154,-1.238,
84,1.017,1.671,
85,0.919,-0.167,
86,0.671,-1.55,
87,-0.902,-0.143,
88,1.5,-1.739,
89,1.619,-2.103,
90,1.181,-1.65,
91,-0.351,0.062,
92,0.441,0.503,
93,0.082,-2.267,
94,0.585,-0.206,
95,-0.757,-1.698,
96,0.128,0.9,
97,1.219,-0.393,
98,-0.539,0.785,
99,1.05,-0.21,
100,0.66,-0.171,
101,0.173,-0.11,
102,0.322,-0.579,
103,1.594,1.012,
104,0.524,-0.263,
105,-0.77,-0.835,
106,-0.057,-0.589,
107,0.544,0.795,
108,1.552,-1.99,
109,0.282,-0.459,
110,0.862,-0.335,
111,0.028,0.54,
112,-0.452,-0.595,
113,0.739,-0.908,
114,-1.239,-0.44,
115,-0.322,-1.025,
116,0.541,-0.51,
117,1.095,0.058,
118,0.488,1.185,
119,-0.509,-0.619,
120,0.749,-1.636,
121,0.158,-1.089,
122,1.121,-0.663,
123,-0.819,-1.081,
124,0.238,-0.439,
125,0.473,-2.381,
126,0.792,-1.044,
127,-0.556,-1.938,
128,-0.417,0.339,
129,-0.359,-1.124,
130,1.356,-0.214,
131,0.575,-0.25,
132,-0.384,-0.358,
133,0.363,0.244,
134,-0.282,-0.721,
135,0.625,-1.572,
136,1.954,-0.23,
137,0.75,-0.391,
138,-0.266,-0.366,
139,0.809,-0.223,
140,-0.47,-0.283,
141,0.677,0.034,
142,1.119,-0.604,
143,1.341,-0.497,
144,0.48,-0.532,
145,0.417,-0.954,
146,0.047,0.998,
147,0.585,-0.927,
148,0.449,-1.064,
149,1.249,-0.299,
150,0.528,-0.844,
151,0.648,-0.429,
152,-0.229,-0.747,
153,1.534,-0.404,
154,0.102,-1.575,
155,0.03,-0.99,
156,0.207,-0.072,
157,1.184,-1.189,
158,0.347,-1.153,
159,0.353,-0.806,
160,-0.226,-0.545,
161,-0.144,-1.923,
162,-0.618,-0.821,
163,1.089,-1.917,
