1,0.536,-0.75,
2,0.707,-0.629,
3,1.396,-0.155,
4,0.715,0.208,
5,-0.77,0.141,
6,-2.309,1.655,
7,-0.274,-0.825,
8,-0.759,-1.376,
9,-0.061,-0.607,
10,-0.135,1.019,
11,1.362,-1.022,
12,0.039,-1.778,
13,-0.802,0.841,
14,-1.851,-0.48,
15,-0.834,-3.073,
16,0.75,-0.252,
17,-1.3,-0.186,
18,1.672,-0.182,
19,0.698,-0.98,
20,-0.976,-0.842,
21,1.37,-0.036,
22,-0.78,-1.622,
23,0.293,1.313,
24,-0.312,0.124,
25,-0.573,0.6,
26,-1.136,0.437,
27,0.874,-0.739,
28,1.158,-2.328,
29,-0.367,0.172,
30,1.597,-1,
31,-0.064,-0.307,
32,-0.009,-0.965,
33,-0.542,-0.316,
34,-0.113,-0.772,
35,0.131,1.571,
36,1.458,-0.914,
37,0.184,0.107,
38,2.189,-0.921,
39,1.955,-0.683,
40,0.441,-1.295,
41,0.115,0.45,
42,1.441,0.27,
43,-0.165,-0.143,
44,0.189,0.426,
45,-1.961,1.391,
46,0.499,-0.076,
47,-0.58,-0.386,
48,0.583,-1.107,
49,1.339,-0.283,
50,1.511,-0.929,
51,0.262,-2.101,
52,-0.478,-0.95,
53,1.624,-0.682,
54,0.535,0.283,
55,-0.911,-0.852,
56,1.399,0.388,
57,0.141,0.182,
58,0.383,1.223,
59,0.47,-0.124,
60,0.543,0.18,
61,-0.784,-0.286,
62,2.559,-1.234,
63,0.668,-0.703,
64,-0.389,-1.841,
65,1.183,1.064,
66,0.022,0.42,
67,1.058,-0.559,
68,1.61,-1.434,
69,1.591,0.012,
70,0.526,-0.283,
71,2.203,0.776,
72,0.592,-0.935,
73,-1.272,-0.747,
74,0.288,0.378,
75,-1.064,-2.05,
76,-0.811,-1.71,
77,0.214,0.046,
78,0.266,-0.306,
79,-0.699,0.792,
80,-0.329,-1.705,
81,-1.114,-0.25,
82,-2.464,-0.894,
83,-0.539,-1.139,
84,1.16,2.205,
85,0.894,-0.312,
86,0.503,-1.991,
87,-1.291,0.152,
88,1.773,-2.531,
89,1.85,-2.648,
90,1.079,-1.562,
91,-0.332,0.043,
92,0.475,0.59,
93,0.615,-2.445,
94,0.866,-0.154,
95,-0.998,-1.872,
96,-0.14,1.373,
97,1.013,-0.359,
98,-0.335,1.658,
99,1.08,0.201,
100,1.141,0.125,
101,0.111,-0.088,
102,0.301,-0.31,
103,1.999,1.123,
104,0.369,-0.242,
105,-1.044,-0.437,
106,-0.26,-0.543,
107,0.543,1.118,
108,1.821,-2.457,
109,0.325,-0.51,
110,0.677,-0.174,
111,0.497,0.63,
112,-0.121,-0.563,
113,0.659,-0.707,
114,-1.471,-0.369,
115,-0.616,-0.324,
116,0.352,-0.338,
117,1.116,0.398,
118,0.562,1.786,
119,-0.724,-0.879,
120,0.941,-1.589,
121,-0.276,-1.076,
122,1.126,-0.752,
123,-0.965,-0.818,
124,0.245,-0.304,
125,0.496,-2.734,
126,0.82,-1.267,
127,-0.543,-1.944,
128,-0.322,0.512,
129,-0.416,-1.093,
130,1.837,-0.34,
131,0.431,-0.552,
132,-0.463,-0.089,
133,0.257,0.581,
134,-0.634,-0.894,
135,0.569,-2.015,
136,2.095,0.076,
137,0.994,-0.182,
138,-0.277,-0.36,
139,1.009,0.25,
140,-0.468,-0.119,
141,0.776,0.691,
142,1.44,-0.289,
143,1.478,-0.577,
144,0.441,-0.534,
145,0.358,-0.879,
146,-0.002,0.99,
147,0.839,-0.912,
148,0.625,-1.178,
149,1.203,0.102,
150,0.84,-0.776,
151,0.293,-0.472,
152,-0.273,-0.965,
153,1.552,-0.41,
154,0.258,-1.169,
155,0.035,-0.905,
156,0.159,0.198,
157,1.205,-1.314,
158,0.132,-1.238,
159,0.428,-0.64,
160,-0.152,-0.381,
161,-0.134,-1.912,
162,-0.774,-0.705,
163,1.329,-1.593,
