1,-0.092,-0.663,
2,0.532,0.118,
3,2.046,0.494,
4,0.477,0.744,
5,-1.046,0.53,
6,-3.16,2.047,
7,0.752,-1.321,
8,-1.36,-0.079,
9,0.188,-0.38,
10,0.087,0.923,
11,1.184,-1.291,
12,-0.18,-0.891,
13,-1.674,0.469,
14,-2.048,-0.729,
15,-1.647,-2.851,
16,0.484,0.199,
17,-1.408,0.119,
18,0.804,0.425,
19,0.276,0.267,
20,-1.391,-0.104,
21,0.22,0.81,
22,-1.572,-0.404,
23,-0.134,0.843,
24,-0.67,1.411,
25,0.194,0.339,
26,-0.642,0.601,
27,0.644,0.75,
28,1.419,-1.147,
29,-0.583,0.679,
30,0.928,-0.668,
31,-0.021,-0.307,
32,-0.162,-0.755,
33,-0.131,0.168,
34,-0.261,0.096,
35,-0.205,0.895,
36,1.702,0.263,
37,0.101,0.346,
38,1.431,-0.633,
39,1.865,0.064,
40,0.099,-0.803,
41,0.321,0.161,
42,1.032,-0.098,
43,-1.081,-0.027,
44,0.12,-0.152,
45,-1.29,1.314,
46,0.362,0.586,
47,-0.569,0.458,
48,0.297,-1.363,
49,0.487,0.058,
50,1.415,-0.464,
51,-0.698,-1.297,
52,-0.09,0.53,
53,0.822,-0.154,
54,0.366,0.524,
55,-0.665,0.193,
56,1.675,-0.003,
57,0.238,0.301,
58,-0.051,1.041,
59,-0.627,0.173,
60,-0.262,0.101,
61,-0.732,-0.288,
62,2.858,-0.929,
63,0.928,0.241,
64,-0.297,-1.479,
65,1.839,1.263,
66,-0.275,0.263,
67,1.014,0.175,
68,1.843,-0.533,
69,1.357,0.203,
70,0.369,0.464,
71,2.219,0.695,
72,0.232,-1.093,
73,-1.258,-0.346,
74,-0.684,0.469,
75,-1.898,-1.344,
76,0.065,-1.135,
77,0.249,0.251,
78,-0.191,0.574,
79,-0.226,1.611,
80,-0.988,-1.154,
81,-0.329,0.262,
82,-1.884,-0.204,
83,-1.051,-0.679,
84,0.939,2.116,
85,0.59,-0.541,
86,-0.194,-2.168,
87,-1.969,0.495,
88,0.662,-2.303,
89,1.192,-0.771,
90,0.363,-0.711,
91,-0.191,0.078,
92,0.387,0.505,
93,1.246,-1.379,
94,1.165,0.094,
95,-0.671,-1.216,
96,-0.306,0.857,
97,0.089,-0.29,
98,0.271,1.656,
99,0.787,1.075,
100,1.69,0.314,
101,-0.151,-0.129,
102,-0.932,0.56,
103,1.791,0.747,
104,-0.321,-0.131,
105,-1.369,0.422,
106,-0.846,-0.528,
107,0.337,1.607,
108,0.839,-2.03,
109,0.189,-0.436,
110,0.263,-0.342,
111,1.363,0.213,
112,0.647,-0.526,
113,0.305,-0.155,
114,-1.562,-0.043,
115,-0.747,0.742,
116,-0.016,-0.023,
117,0.528,1.114,
118,0.363,1.524,
119,-1.01,-1.297,
120,0.812,-1.003,
121,-0.915,-0.754,
122,0.697,-0.39,
123,-1.205,0.158,
124,0.22,0.148,
125,0.546,-2.455,
126,0.073,-1.071,
127,-0.397,-1.069,
128,0.151,0.831,
129,-0.439,-0.766,
130,2.315,-0.659,
131,0.203,-1.248,
132,-0.59,0.655,
133,-0.075,0.72,
134,-1.422,-0.984,
135,0.914,-1.773,
136,1.052,1.07,
137,0.779,0.253,
138,-0.228,-0.366,
139,0.78,1.363,
140,-0.186,0.273,
141,0.727,1.461,
142,1.404,0.064,
143,0.616,-0.582,
144,0.837,-0.711,
145,0.789,-0.529,
146,0.001,0.132,
147,1.207,-0.573,
148,0.557,-0.936,
149,0.759,0.054,
150,0.928,-0.799,
151,-0.57,-0.227,
152,-0.16,-1.001,
153,0.518,-0.569,
154,0.63,0.394,
155,0.045,-0.48,
156,-0.664,-0.109,
157,-0.147,-1.658,
158,0.021,-1.175,
159,0.143,-0.216,
160,0.033,0.06,
161,0.109,-1.006,
162,-0.731,-0.186,
163,1.089,-1.404,
