1,0.723,-0.208,
2,0.385,-0.935,
3,0.31,-0.672,
4,0.559,-0.398,
5,-0.253,-0.185,
6,-1.172,-0.161,
7,0.382,0.182,
8,0.754,-0.472,
9,-0.033,-0.86,
10,-0.257,0.463,
11,0.725,-0.151,
12,0.466,-1.534,
13,0.546,0.312,
14,-0.063,-0.327,
15,-0.253,-0.941,
16,0.749,-0.822,
17,-0.217,-0.299,
18,0.903,-0.583,
19,0.402,-0.61,
20,0.013,-0.674,
21,0.822,-0.861,
22,0.017,-1.286,
23,0.465,0.116,
24,0.155,-0.854,
25,-0.29,0.043,
26,-0.093,-0.063,
27,0.76,-1.046,
28,0.389,-1.336,
29,0.136,-0.327,
30,0.964,-0.489,
31,0.182,-0.042,
32,0.266,-0.921,
33,-0.09,-0.615,
34,-0.059,-1.037,
35,0.443,0.933,
36,0.367,-0.874,
37,0.427,-0.429,
38,1.213,-0.779,
39,0.477,-0.775,
40,0.394,-0.969,
41,0.253,0.128,
42,0.616,0.106,
43,0.516,-0.384,
44,0.478,0.319,
45,-0.547,0.131,
46,0.596,0.014,
47,-0.393,-0.876,
48,0.849,-0.479,
49,0.841,-0.804,
50,0.506,-0.968,
51,0.642,-0.994,
52,-0.116,-1.141,
53,0.873,-1.012,
54,0.53,-0.27,
55,-0.383,-1.481,
56,0.202,0.246,
57,0.258,-0.542,
58,0.367,0.435,
59,0.456,-0.874,
60,0.552,-0.057,
61,-0.016,-0.299,
62,1.625,-0.479,
63,-0.122,-0.929,
64,-0.077,-1.101,
65,0.318,-0.255,
66,0.53,0.191,
67,0.314,-1.218,
68,0.652,-0.738,
69,0.563,-0.003,
70,0.269,-0.948,
71,0.603,-0.365,
72,0.673,-0.377,
73,-0.321,-0.469,
74,0.906,0.033,
75,-0.284,-1.059,
76,0.051,-0.645,
77,0.078,-0.442,
78,0.316,-0.82,
79,-0.716,-0.221,
80,0.12,-1.291,
81,-0.465,-0.536,
82,0.223,-0.623,
83,0.423,-1.034,
84,0.361,-0.101,
85,0.663,-0.177,
86,0.488,-0.368,
87,-0.054,-0.69,
88,0.794,-0.351,
89,0.917,-0.686,
90,0.839,-1.302,
91,-0.049,0.027,
92,0.219,-0.185,
93,-0.626,-0.774,
94,0.118,-0.224,
95,0.055,-1.08,
96,0.369,-0.414,
97,1.19,-0.532,
98,-0.764,-0.913,
99,0.61,-0.81,
100,-0.066,-0.569,
101,0.216,-0.151,
102,0.197,-0.905,
103,0.576,0.377,
104,0.503,-0.382,
105,-0.068,-1.233,
106,0.162,-0.513,
107,0.569,0.369,
108,0.442,-1.186,
109,0.248,-0.586,
110,0.855,-0.367,
111,-0.182,0.053,
112,-0.763,-0.699,
113,0.484,-0.891,
114,-0.526,-0.673,
115,0.095,-1.893,
116,0.576,-0.843,
117,0.712,-0.342,
118,0.166,-0.392,
119,0.05,-0.283,
120,0.315,-1.245,
121,0.418,-0.85,
122,0.864,-0.409,
123,-0.412,-1.417,
124,0.372,-0.639,
125,0.158,-1.528,
126,0.691,-0.767,
127,-0.049,-1.285,
128,-0.309,-0.067,
129,0.01,-1.002,
130,0.434,-0.195,
131,0.567,0.268,
132,-0.216,-0.687,
133,0.227,-0.481,
134,0.244,-0.316,
135,0.229,-1,
136,0.863,-0.736,
137,-0.028,-0.59,
138,-0.139,-0.437,
139,0.218,-1.075,
140,-0.176,-0.597,
141,0.266,-1.13,
142,0.399,-1.015,
143,0.612,-0.342,
144,0.329,-0.553,
145,0.051,-0.994,
146,0.462,0.34,
147,0.171,-0.704,
148,-0.122,-0.677,
149,0.674,-1.837,
150,-0.395,-0.799,
151,1.067,-0.299,
152,-0.183,-0.324,
153,0.834,-0.465,
154,-0.074,-1.522,
155,-0.014,-0.898,
156,-0.049,-0.463,
157,0.32,-1.069,
158,0.848,-0.926,
159,0.186,-0.94,
160,-0.184,-0.619,
161,0,-1.277,
162,-0.104,-0.739,
163,0.751,-1.982,
