1,0.128,-0.81,
2,0.713,-0.123,
3,2.101,0.384,
4,0.632,0.68,
5,-1.46,0.421,
6,-3.498,2.42,
7,0.61,-1.569,
8,-1.114,-0.497,
9,0.083,-0.458,
10,0.044,1.136,
11,1.064,-1.433,
12,-0.182,-1.298,
13,-1.811,0.974,
14,-2.692,-0.5,
15,-1.839,-3.531,
16,0.567,0.163,
17,-1.562,-0.014,
18,1.342,0.25,
19,0.64,-0.217,
20,-1.486,-0.368,
21,0.641,0.479,
22,-1.487,-1.031,
23,0.007,1.209,
24,-0.632,1.165,
25,-0.137,0.576,
26,-1.106,0.72,
27,0.805,0.279,
28,1.579,-1.803,
29,-0.547,0.671,
30,1.323,-1.018,
31,-0.1,-0.39,
32,-0.146,-0.869,
33,-0.439,0,
34,-0.309,-0.136,
35,-0.12,1.363,
36,1.927,-0.145,
37,0.12,0.338,
38,2.071,-0.888,
39,2.403,-0.115,
40,0.274,-1.143,
41,0.257,0.307,
42,1.594,0.355,
43,-0.533,-0.044,
44,0.13,0.104,
45,-1.816,1.631,
46,0.492,0.601,
47,-0.774,0.384,
48,0.375,-1.526,
49,0.965,-0.077,
50,1.727,-0.724,
51,-0.345,-1.949,
52,-0.312,0.053,
53,1.386,-0.297,
54,0.281,0.601,
55,-0.903,-0.13,
56,1.984,0.156,
57,0.231,0.417,
58,0.132,1.332,
59,-0.238,0.321,
60,0.075,0.118,
61,-0.925,-0.231,
62,3.197,-1.238,
63,1.205,-0.09,
64,-0.445,-1.922,
65,1.88,1.428,
66,-0.249,0.396,
67,1.191,0.007,
68,2.078,-0.867,
69,1.513,0.048,
70,0.513,0.411,
71,2.597,0.924,
72,0.471,-1.261,
73,-1.607,-0.907,
74,-0.531,0.423,
75,-2.011,-2.036,
76,-0.367,-1.634,
77,0.286,0.224,
78,-0.124,0.314,
79,-0.441,1.502,
80,-0.894,-1.618,
81,-0.735,0.236,
82,-2.847,-0.481,
83,-1.086,-0.903,
84,1.169,2.613,
85,0.846,-0.52,
86,-0.079,-2.469,
87,-2.056,0.607,
88,0.906,-2.805,
89,1.863,-2.301,
90,0.717,-1.187,
91,-0.214,-0.028,
92,0.485,0.651,
93,1.409,-2.019,
94,1.222,-0.013,
95,-0.906,-1.815,
96,-0.342,1.525,
97,0.429,-0.268,
98,0.05,2.301,
99,1.033,0.972,
100,1.724,0.362,
101,-0.09,-0.099,
102,-0.578,0.301,
103,2.196,1.071,
104,0.067,-0.188,
105,-1.6,0.406,
106,-0.721,-0.474,
107,0.36,1.614,
108,1.584,-2.673,
109,0.287,-0.465,
110,0.289,-0.078,
111,1.334,0.586,
112,0.588,-0.462,
113,0.403,-0.47,
114,-1.723,-0.101,
115,-0.918,0.663,
116,0.054,-0.055,
117,0.933,0.778,
118,0.556,2.088,
119,-1.122,-1.341,
120,1.112,-1.273,
121,-0.914,-0.848,
122,0.91,-0.712,
123,-1.216,-0.146,
124,0.329,-0.088,
125,0.501,-2.864,
126,0.526,-1.166,
127,-0.555,-1.575,
128,0.004,0.81,
129,-0.47,-0.862,
130,2.568,-0.691,
131,0.441,-1.226,
132,-0.618,0.516,
133,0.055,0.905,
134,-1.328,-1.117,
135,0.553,-2.411,
136,1.711,0.834,
137,1.083,0.198,
138,-0.298,-0.42,
139,1.12,1.299,
140,-0.371,0.194,
141,0.935,1.355,
142,1.847,0.055,
143,1.16,-0.707,
144,0.66,-0.657,
145,0.26,-0.728,
146,-0.016,0.521,
147,1.27,-0.813,
148,0.718,-1.217,
149,1.056,0.113,
150,1.185,-0.924,
151,-0.357,-0.351,
152,-0.23,-1.202,
153,1.06,-0.705,
154,0.583,-0.145,
155,0.03,-0.692,
156,-0.465,0.061,
157,0.193,-1.84,
158,-0.096,-1.723,
159,0.342,-0.357,
160,0.014,-0.123,
161,-0.039,-1.502,
162,-0.853,-0.377,
163,1.401,-1.315,
