1,-0.148,-0.348,
2,0.136,0.047,
3,1.277,0.333,
4,0.248,0.519,
5,0.201,0.241,
6,-1.222,0.706,
7,0.242,-0.556,
8,-0.628,-0.095,
9,0.241,-0.363,
10,0.099,0.393,
11,0.566,-0.668,
12,0.134,-0.386,
13,-0.536,-0.451,
14,-0.229,-1.169,
15,-0.381,-1.502,
16,0.322,-0.106,
17,-0.862,0.107,
18,-0.047,0.363,
19,-0.142,0.476,
20,-0.384,0.053,
21,0.169,0.563,
22,-0.454,-0.004,
23,-0.117,0.147,
24,-0.439,0.795,
25,0.48,-0.111,
26,0.086,0.079,
27,0.241,0.636,
28,0.689,-0.247,
29,-0.496,0.282,
30,0.545,0.321,
31,0.139,-0.103,
32,-0.049,-0.269,
33,0.207,0.159,
34,-0.122,0.102,
35,-0.129,0.239,
36,1.048,0.643,
37,-0.007,0.168,
38,0.404,-0.237,
39,0.756,-0.126,
40,-0.153,-0.314,
41,0.251,0.043,
42,0.603,-0.348,
43,-0.962,0.005,
44,0.158,-0.244,
45,-0.428,0.503,
46,0.15,0.047,
47,-0.139,0.055,
48,0.132,-0.929,
49,-0.141,0.1,
50,0.815,-0.025,
51,-1.033,-0.325,
52,0.153,0.479,
53,0.215,0.098,
54,0.386,0.198,
55,-0.27,0.26,
56,0.538,0.011,
57,-0.06,-0.015,
58,-0.133,0.445,
59,-0.416,-0.324,
60,-0.354,-0.089,
61,-0.155,-0.288,
62,1.177,-0.505,
63,0.245,0.334,
64,0.115,-0.512,
65,1.137,0.43,
66,-0.247,0.107,
67,0.206,0.107,
68,0.945,-0.15,
69,0.854,0.249,
70,0.053,0.053,
71,1.037,-0.077,
72,-0.058,-0.47,
73,-0.394,0.362,
74,-0.158,0.327,
75,-0.495,-0.508,
76,0.038,-0.219,
77,0.034,0.188,
78,0.03,0.573,
79,-0.034,0.987,
80,-0.728,-0.4,
81,0.085,0.134,
82,-0.374,0.023,
83,-0.302,-0.25,
84,0.635,0.63,
85,-0.17,-0.4,
86,-0.081,-0.943,
87,-0.629,0.063,
88,0.658,-1.086,
89,0.153,0.263,
90,-0.112,-0.039,
91,0.027,0.334,
92,0.101,0.181,
93,0.47,-0.361,
94,0.612,0.003,
95,-0.256,-0.214,
96,-0.076,-0.197,
97,-0.156,-0.372,
98,0.316,0.259,
99,0.263,0.511,
100,1.007,-0.072,
101,-0.193,-0.12,
102,-0.433,0.76,
103,0.842,0.195,
104,-0.738,0.015,
105,-0.417,0.255,
106,-0.688,-0.764,
107,0.219,0.678,
108,0.113,-0.78,
109,0.039,-0.468,
110,0.193,-0.345,
111,0.537,-0.333,
112,0.297,-0.338,
113,0.06,0.175,
114,-0.605,-0.04,
115,-0.377,0.552,
116,-0.082,-0.072,
117,0.477,0.582,
118,0.049,0.417,
119,-0.272,-0.526,
120,0.277,-0.476,
121,-0.571,-0.689,
122,0.234,-0.413,
123,-0.461,0.221,
124,-0.02,0.315,
125,0.346,-1.29,
126,-0.24,-0.549,
127,0.127,-0.374,
128,0.043,0.642,
129,-0.134,-0.507,
130,1.097,-0.248,
131,-0.295,-0.445,
132,-0.286,0.279,
133,-0.208,0.099,
134,-0.936,-0.525,
135,0.523,-0.666,
136,0.133,0.27,
137,0.231,0.124,
138,0.059,-0.1,
139,0.104,0.601,
140,-0.023,0.162,
141,-0.129,1.193,
142,0.443,-0.094,
143,0.173,-0.47,
144,0.929,-0.773,
145,0.632,-0.322,
146,-0.021,-0.098,
147,0.629,-0.039,
148,0.251,-0.26,
149,-0.132,-0.056,
150,0.08,-0.24,
151,-0.535,-0.104,
152,-0.175,-0.459,
153,-0.028,-0.082,
154,0.36,0.519,
155,0.158,-0.121,
156,-0.291,0.442,
157,-0.172,-0.465,
158,-0.083,0.29,
159,-0.19,0.071,
160,-0.098,0.29,
161,0.302,-0.383,
162,-0.37,0.119,
163,0.725,-0.563,
