1,0.381,-0.713,
2,0.651,-0.417,
3,1.835,0.198,
4,0.639,0.552,
5,-1.197,0.261,
6,-3.305,2.317,
7,0.383,-1.249,
8,-0.974,-0.853,
9,0.039,-0.547,
10,-0.021,1.168,
11,1.164,-1.256,
12,-0.035,-1.521,
13,-1.444,0.955,
14,-2.508,-0.606,
15,-1.52,-3.309,
16,0.599,-0.086,
17,-1.537,-0.1,
18,1.351,0.084,
19,0.748,-0.504,
20,-1.282,-0.568,
21,0.942,0.367,
22,-1.192,-1.318,
23,0.109,1.156,
24,-0.492,0.78,
25,-0.175,0.488,
26,-1.129,0.593,
27,0.785,-0.063,
28,1.516,-1.885,
29,-0.567,0.457,
30,1.349,-0.914,
31,-0.076,-0.343,
32,-0.062,-0.864,
33,-0.45,-0.103,
34,-0.289,-0.321,
35,0.011,1.427,
36,1.804,-0.363,
37,0.086,0.243,
38,2.173,-0.883,
39,2.309,-0.271,
40,0.228,-1.155,
41,0.231,0.314,
42,1.67,0.344,
43,-0.417,-0.064,
44,0.222,0.197,
45,-1.858,1.534,
46,0.473,0.376,
47,-0.752,0.171,
48,0.459,-1.442,
49,0.942,-0.195,
50,1.669,-0.678,
51,-0.193,-1.979,
52,-0.327,-0.244,
53,1.554,-0.372,
54,0.33,0.51,
55,-0.987,-0.213,
56,1.781,0.254,
57,0.205,0.263,
58,0.186,1.228,
59,-0.022,0.136,
60,0.244,0.093,
61,-0.766,-0.306,
62,3.131,-1.366,
63,1.077,-0.271,
64,-0.458,-1.916,
65,1.714,1.178,
66,-0.248,0.454,
67,1.063,-0.154,
68,1.992,-0.96,
69,1.396,0.057,
70,0.499,0.208,
71,2.555,0.89,
72,0.421,-1.114,
73,-1.501,-0.748,
74,-0.253,0.333,
75,-1.821,-2.138,
76,-0.591,-1.677,
77,0.245,0.129,
78,0.015,0.129,
79,-0.474,1.258,
80,-0.733,-1.673,
81,-0.729,0.191,
82,-2.861,-0.596,
83,-0.93,-1.057,
84,1.122,2.389,
85,0.745,-0.528,
86,0.106,-2.28,
87,-1.691,0.433,
88,1.19,-2.86,
89,2.105,-2.52,
90,0.764,-1.248,
91,-0.179,-0.048,
92,0.46,0.554,
93,1.123,-2.124,
94,1.268,-0.018,
95,-0.869,-1.909,
96,-0.284,1.467,
97,0.614,-0.366,
98,0.003,2.202,
99,0.992,0.686,
100,1.524,0.332,
101,-0.005,-0.082,
102,-0.397,0.16,
103,2.1,1.098,
104,0.051,-0.208,
105,-1.308,0.17,
106,-0.568,-0.489,
107,0.423,1.41,
108,1.648,-2.622,
109,0.369,-0.62,
110,0.351,-0.02,
111,1.085,0.5,
112,0.362,-0.465,
113,0.476,-0.443,
114,-1.657,-0.281,
115,-0.733,0.507,
116,0.028,-0.166,
117,1.07,0.582,
118,0.504,1.951,
119,-0.907,-1.122,
120,0.979,-1.368,
121,-0.728,-0.932,
122,1.012,-0.741,
123,-1.122,-0.366,
124,0.258,-0.075,
125,0.405,-2.946,
126,0.531,-1.145,
127,-0.433,-1.686,
128,-0.112,0.717,
129,-0.394,-1.031,
130,2.397,-0.571,
131,0.3,-0.94,
132,-0.538,0.282,
133,0.081,0.746,
134,-1.079,-1.017,
135,0.461,-2.416,
136,1.728,0.495,
137,1.033,0.105,
138,-0.255,-0.368,
139,1.031,1.082,
140,-0.386,0.094,
141,0.89,1.26,
142,1.712,0.034,
143,1.277,-0.677,
144,0.503,-0.648,
145,0.183,-0.781,
146,0.016,0.652,
147,1.117,-0.793,
148,0.798,-1.092,
149,1.143,-0.014,
150,1.097,-0.834,
151,-0.221,-0.467,
152,-0.28,-1.133,
153,1.131,-0.581,
154,0.469,-0.421,
155,0.043,-0.708,
156,-0.24,0.204,
157,0.454,-1.832,
158,0.089,-1.674,
159,0.336,-0.288,
160,-0.049,-0.153,
161,-0.092,-1.662,
162,-0.773,-0.339,
163,1.326,-1.353,
