1,0.717,-0.455,
2,0.57,-0.791,
3,0.942,-0.374,
4,0.679,-0.024,
5,-0.543,0.058,
6,-1.681,0.975,
7,-0.156,-0.133,
8,-0.315,-1.061,
9,-0.067,-0.693,
10,-0.237,0.883,
11,1.182,-0.673,
12,0.218,-1.801,
13,-0.306,0.935,
14,-0.992,-0.498,
15,-0.496,-2.247,
16,0.868,-0.494,
17,-0.964,-0.223,
18,1.436,-0.358,
19,0.66,-0.888,
20,-0.602,-0.872,
21,1.424,-0.501,
22,-0.414,-1.618,
23,0.383,1.076,
24,-0.114,-0.343,
25,-0.54,0.437,
26,-0.812,0.236,
27,0.826,-0.99,
28,0.904,-2.008,
29,-0.17,-0.061,
30,1.433,-0.857,
31,0.018,-0.21,
32,0.111,-0.955,
33,-0.563,-0.427,
34,-0.118,-0.889,
35,0.262,1.395,
36,1.041,-1.013,
37,0.254,-0.084,
38,1.915,-0.81,
39,1.346,-0.831,
40,0.414,-1.204,
41,0.125,0.368,
42,1.137,0.273,
43,0.128,-0.2,
44,0.313,0.452,
45,-1.59,0.965,
46,0.614,-0.074,
47,-0.485,-0.662,
48,0.678,-0.828,
49,1.305,-0.487,
50,1.132,-0.894,
51,0.433,-1.75,
52,-0.394,-1.186,
53,1.446,-0.812,
54,0.699,0.054,
55,-0.789,-1.104,
56,0.804,0.298,
57,0.185,-0.143,
58,0.429,0.926,
59,0.623,-0.434,
60,0.62,0.148,
61,-0.461,-0.258,
62,2.37,-0.954,
63,0.271,-0.858,
64,-0.17,-1.525,
65,0.738,0.585,
66,0.235,0.351,
67,0.798,-0.832,
68,1.306,-1.132,
69,1.204,0.018,
70,0.428,-0.587,
71,1.592,0.326,
72,0.609,-0.665,
73,-0.931,-0.56,
74,0.629,0.275,
75,-0.71,-1.7,
76,-0.675,-1.318,
77,0.155,-0.123,
78,0.427,-0.535,
79,-0.688,0.422,
80,-0.092,-1.542,
81,-0.87,-0.349,
82,-1.412,-0.856,
83,-0.149,-1.23,
84,0.854,1.456,
85,0.772,-0.243,
86,0.598,-1.373,
87,-0.799,-0.155,
88,1.518,-1.684,
89,1.725,-1.92,
90,1.043,-1.509,
91,-0.181,0.031,
92,0.396,0.334,
93,0.006,-2.106,
94,0.642,-0.18,
95,-0.672,-1.602,
96,0.094,0.703,
97,1.158,-0.494,
98,-0.414,0.657,
99,0.933,-0.255,
100,0.587,-0.199,
101,0.188,-0.099,
102,0.221,-0.551,
103,1.547,0.89,
104,0.43,-0.277,
105,-0.644,-0.84,
106,-0.057,-0.571,
107,0.596,0.749,
108,1.506,-1.924,
109,0.324,-0.594,
110,0.85,-0.386,
111,0.035,0.298,
112,-0.459,-0.615,
113,0.724,-0.828,
114,-1.19,-0.518,
115,-0.258,-1.005,
116,0.419,-0.555,
117,1.117,0.055,
118,0.405,0.997,
119,-0.393,-0.557,
120,0.643,-1.556,
121,0.124,-1.013,
122,1.124,-0.636,
123,-0.792,-1.072,
124,0.241,-0.391,
125,0.366,-2.32,
126,0.748,-1.044,
127,-0.378,-1.846,
128,-0.379,0.296,
129,-0.255,-1.14,
130,1.287,-0.291,
131,0.529,-0.219,
132,-0.342,-0.373,
133,0.273,0.161,
134,-0.241,-0.646,
135,0.615,-1.497,
136,1.638,-0.368,
137,0.637,-0.367,
138,-0.223,-0.343,
139,0.738,-0.271,
140,-0.401,-0.3,
141,0.595,0.02,
142,1.096,-0.635,
143,1.215,-0.467,
144,0.432,-0.541,
145,0.334,-1.007,
146,0.119,0.862,
147,0.534,-0.84,
148,0.431,-1.009,
149,1.209,-0.395,
150,0.471,-0.763,
151,0.618,-0.421,
152,-0.253,-0.735,
153,1.411,-0.32,
154,0.088,-1.432,
155,0.03,-0.913,
156,0.26,0.003,
157,1.083,-1.234,
158,0.426,-1.202,
159,0.362,-0.769,
160,-0.223,-0.464,
161,-0.146,-1.878,
162,-0.583,-0.781,
163,1.046,-1.845,
