1,-0.807,-0.31,
2,0.218,-0.79,
3,0.336,-1.438,
4,0.656,-0.186,
5,-1.451,-1.697,
6,-1.376,-0.232,
7,2.473,0.997,
8,0.834,-1.176,
9,0.585,-2.074,
10,-1.512,-1.24,
11,0.527,0.597,
12,1.199,-0.021,
13,1.218,-1.189,
14,0.328,0.228,
15,-0.771,-0.481,
16,0.317,-0.334,
17,0.544,-0.113,
18,0.381,-0.217,
19,0.644,-0.438,
20,-1.451,-1.431,
21,0.332,-0.934,
22,-0.242,0.496,
23,0.651,-0.89,
24,0.489,-0.621,
25,0.706,0.673,
26,0.032,-1.105,
27,0.169,-0.205,
28,0.514,-0.21,
29,-0.141,0.762,
30,-0.281,-0.406,
31,0.214,-2.144,
32,1.554,0.646,
33,1.814,-0.795,
34,0.478,-0.695,
35,0.683,-0.499,
36,0.694,-0.644,
37,0.009,-0.163,
38,0.007,0.611,
39,1.733,1.051,
40,0.121,-0.865,
41,0.548,-0.964,
42,1.7,0.128,
43,1.271,0.134,
44,-0.102,0.075,
45,0.245,0.287,
46,0.429,-0.861,
47,-0.426,-0.377,
48,2.389,-0.103,
49,-0.178,-0.433,
50,0.794,-0.255,
51,0.323,-0.865,
52,0.564,-0.731,
53,1.363,-1.419,
54,0.586,2.25,
55,1.262,-1.38,
56,0.958,-0.681,
57,-0.95,0.015,
58,-0.366,-1.067,
59,0.059,-0.247,
60,0.063,-0.026,
61,0.695,0.427,
62,1.375,-0.7,
63,-0.734,-2.026,
64,-0.133,-0.825,
65,1.258,-1.558,
66,1.683,-0.276,
67,0.389,-0.313,
68,-0.293,0.3,
69,2.009,0.57,
70,-0.118,1.049,
71,0.321,0.511,
72,2.393,-0.908,
73,1.813,-1.477,
74,1.151,-0.407,
75,-0.356,-0.395,
76,1.749,-0.916,
77,1.177,-0.125,
78,0.661,-1.249,
79,1.15,-1.357,
80,1.101,-0.696,
81,0.52,-1.241,
82,0.648,-0.421,
83,-0.368,-0.513,
84,0.488,-0.217,
85,0.16,-0.779,
86,-0.857,-0.292,
87,-1.435,-2.062,
88,1.337,0.689,
89,1.46,-0.098,
90,1.267,-0.043,
91,0.695,0.145,
92,0.178,-1.004,
93,-0.675,0.582,
94,1.107,0.28,
95,-0.413,1.441,
96,1.104,-1.915,
97,1.295,-0.116,
98,0.206,-2.122,
99,0.027,-1.995,
100,3.576,1.629,
101,1.814,0.823,
102,-0.269,-0.763,
103,-2.035,-0.534,
104,1.909,-0.272,
105,-0.224,-0.386,
106,-2.277,-0.653,
107,0.831,0.127,
108,0.157,-0.687,
109,1.245,-0.637,
110,-0.356,-0.437,
111,-0.303,-1.654,
112,-0.581,-0.52,
113,0.844,0.172,
114,1.978,0.403,
115,1.332,0.012,
116,0.93,0.632,
117,0.818,-1.685,
118,1.635,0.059,
119,0.02,-1.281,
120,0.387,-1.743,
121,1.336,0.372,
122,1.633,-0.475,
123,0.244,-0.09,
124,0.44,-2.393,
125,0.36,-0.794,
126,1.473,0.574,
127,1.834,1.134,
128,0.056,0.47,
129,1.506,-0.201,
130,0.926,-0.485,
131,0.263,0.997,
132,1.813,-1.807,
133,0.892,-1.349,
134,0.351,-0.481,
135,0.42,0.135,
136,0.86,0.46,
137,0.507,0.237,
138,1.954,0.054,
139,-0.13,-1.034,
140,-0.22,-0.253,
141,-0.073,-0.352,
142,0.586,1.01,
143,-0.134,0.728,
144,1.197,-0.816,
145,-0.934,-0.884,
146,-0.083,-0.976,
147,0.527,0.019,
148,0.137,-1.548,
149,1.605,-0.512,
150,-0.348,-0.17,
151,1.875,0.248,
152,0.526,-1.323,
153,1.163,-2.481,
154,0.239,-0.472,
155,0.106,-0.265,
156,0.396,0.7,
157,-0.188,-2.014,
158,0.673,-1.806,
159,-0.829,-0.624,
160,0.411,-0.146,
161,0.261,0.369,
162,0.409,0.39,
163,0.341,-1.668,
