1,-1.836,-0.4,
2,-0.154,-0.564,
3,0.333,-0.506,
4,0.235,0.305,
5,-1.52,-1.73,
6,-0.702,-0.222,
7,1.621,0.422,
8,0.354,-0.957,
9,0.335,-0.92,
10,-1.344,-0.705,
11,-0.02,0.565,
12,1.294,0.296,
13,0.516,-0.669,
14,0.332,0.072,
15,-0.435,-0.724,
16,0.124,-0.155,
17,0.297,0.486,
18,-0.085,0.323,
19,0.066,-0.012,
20,-1.859,-0.929,
21,0.155,-0.288,
22,-0.025,0.796,
23,0.249,-0.734,
24,-0.035,0.209,
25,0.344,0.759,
26,0.231,-0.553,
27,-0.193,0.297,
28,0.287,0.075,
29,-0.239,0.849,
30,-0.185,0.197,
31,-0.218,-1.664,
32,1.267,0.588,
33,1.493,-0.464,
34,0.339,-0.375,
35,0.105,-0.402,
36,0.122,0.061,
37,0.257,0.19,
38,-0.018,0.7,
39,1.591,1.532,
40,-0.402,-0.756,
41,0.023,-0.678,
42,0.35,0.334,
43,0.861,0.03,
44,-0.336,0.106,
45,0.317,0.299,
46,0.092,-0.45,
47,-0.425,-0.078,
48,1.226,0.162,
49,-0.518,-0.08,
50,0.422,-0.028,
51,-0.133,-0.478,
52,0.675,-0.376,
53,0.982,-0.588,
54,0.627,2.094,
55,1.044,-0.783,
56,0.213,-0.062,
57,-1.147,0.478,
58,-0.52,-1.227,
59,0.054,-0.068,
60,-0.298,0.146,
61,0.31,0.608,
62,0.977,-0.636,
63,-1.132,-1.779,
64,-0.345,-0.541,
65,0.776,-1.275,
66,1.16,-0.213,
67,0.178,-0.058,
68,-0.231,0.364,
69,1.761,0.559,
70,-0.352,1.247,
71,0.281,0.548,
72,1.637,-0.614,
73,1.556,-0.974,
74,0.452,-0.172,
75,-0.073,0.315,
76,1.067,-0.59,
77,0.842,0.298,
78,0.635,-0.554,
79,0.95,-0.89,
80,0.709,-0.102,
81,0.822,-1.051,
82,0.307,-0.141,
83,-0.176,-0.104,
84,0.361,-0.052,
85,-0.319,-0.582,
86,-1.044,-0.095,
87,-1.335,-1.173,
88,0.913,0.535,
89,0.782,0.144,
90,1.157,0.108,
91,0.385,0.141,
92,-0.237,-0.358,
93,-0.509,0.675,
94,0.872,0.467,
95,-0.817,1.716,
96,0.777,-1.219,
97,0.759,-0.068,
98,0.248,-1.386,
99,-0.05,-1.732,
100,2.978,1.916,
101,1.261,0.93,
102,-0.448,-0.396,
103,-2.242,-0.54,
104,1.393,0.231,
105,-0.336,-0.005,
106,-2.242,-0.676,
107,0.125,0.265,
108,-0.028,-0.267,
109,0.91,-0.53,
110,-0.542,-0.247,
111,-0.373,-1.379,
112,-0.782,-0.174,
113,0.711,0.445,
114,1.825,1.179,
115,0.967,0.604,
116,1.17,0.614,
117,0.482,-1.404,
118,1.127,0.112,
119,-0.139,-0.967,
120,0.279,-0.956,
121,0.659,0.271,
122,0.929,0.097,
123,-0.159,0.51,
124,0.231,-2.012,
125,0.334,-0.379,
126,1.046,0.665,
127,0.787,0.954,
128,0.209,0.356,
129,1.022,0.22,
130,0.901,-0.483,
131,-0.25,0.862,
132,1.629,-1.46,
133,0.604,-1.516,
134,-0.008,-0.425,
135,0.162,0.414,
136,0.639,0.809,
137,0.537,0.709,
138,1.261,0.017,
139,-0.239,-0.536,
140,-0.197,-0.536,
141,-0.409,0.399,
142,0.209,1.335,
143,-0.765,0.632,
144,1.345,-0.966,
145,-0.45,-0.439,
146,-0.56,-0.769,
147,0.21,0.091,
148,-0.025,-0.851,
149,1.002,0.34,
150,-0.565,0.383,
151,1.418,0.366,
152,0.507,-1.068,
153,0.859,-2.243,
154,0.104,-0.048,
155,-0.473,-0.123,
156,0.175,0.981,
157,-0.153,-1.218,
158,0.19,-0.961,
159,-1.144,-0.226,
160,0.075,-0.267,
161,-0.124,-0.064,
162,-0.005,0.54,
163,0.335,-0.859,
