1,0.259,-0.862,
2,0.761,-0.281,
3,1.98,0.243,
4,0.668,0.544,
5,-1.322,0.325,
6,-3.327,2.358,
7,0.32,-1.51,
8,-0.948,-0.886,
9,0.027,-0.5,
10,-0.015,1.139,
11,1.143,-1.382,
12,-0.136,-1.451,
13,-1.601,0.948,
14,-2.713,-0.454,
15,-1.621,-3.594,
16,0.594,0.074,
17,-1.537,-0.08,
18,1.557,0.13,
19,0.725,-0.536,
20,-1.39,-0.529,
21,0.861,0.409,
22,-1.271,-1.314,
23,0.095,1.331,
24,-0.567,0.908,
25,-0.305,0.644,
26,-1.244,0.689,
27,0.856,-0.039,
28,1.533,-2.108,
29,-0.538,0.565,
30,1.49,-1.065,
31,-0.119,-0.397,
32,-0.127,-0.918,
33,-0.49,-0.071,
34,-0.257,-0.338,
35,-0.053,1.53,
36,1.894,-0.41,
37,0.13,0.3,
38,2.214,-1.007,
39,2.458,-0.286,
40,0.343,-1.249,
41,0.206,0.382,
42,1.692,0.382,
43,-0.412,-0.068,
44,0.123,0.225,
45,-1.966,1.665,
46,0.48,0.375,
47,-0.753,0.189,
48,0.434,-1.472,
49,1.132,-0.109,
50,1.767,-0.844,
51,-0.129,-2.115,
52,-0.408,-0.258,
53,1.587,-0.38,
54,0.303,0.56,
55,-0.947,-0.378,
56,1.978,0.293,
57,0.187,0.444,
58,0.218,1.39,
59,0.018,0.233,
60,0.25,0.141,
61,-0.988,-0.279,
62,3.066,-1.38,
63,1.158,-0.291,
64,-0.482,-2.007,
65,1.799,1.429,
66,-0.225,0.428,
67,1.222,-0.132,
68,2.006,-1.139,
69,1.628,-0.01,
70,0.556,0.253,
71,2.664,1.002,
72,0.528,-1.236,
73,-1.607,-0.988,
74,-0.345,0.393,
75,-1.779,-2.221,
76,-0.517,-1.772,
77,0.28,0.196,
78,-0.032,0.135,
79,-0.569,1.312,
80,-0.757,-1.728,
81,-0.951,0.097,
82,-3.063,-0.679,
83,-0.974,-0.963,
84,1.289,2.61,
85,0.926,-0.458,
86,0.085,-2.467,
87,-1.919,0.526,
88,1.256,-2.929,
89,1.967,-2.746,
90,0.875,-1.369,
91,-0.285,-0.021,
92,0.512,0.701,
93,1.334,-2.245,
94,1.138,-0.061,
95,-0.996,-1.949,
96,-0.319,1.679,
97,0.609,-0.241,
98,-0.119,2.364,
99,1.107,0.815,
100,1.656,0.376,
101,-0.04,-0.088,
102,-0.247,0.129,
103,2.27,1.159,
104,0.197,-0.207,
105,-1.559,0.26,
106,-0.604,-0.481,
107,0.387,1.511,
108,1.789,-2.81,
109,0.293,-0.433,
110,0.332,0.05,
111,1.226,0.725,
112,0.457,-0.432,
113,0.45,-0.533,
114,-1.674,-0.165,
115,-0.934,0.511,
116,0.146,-0.081,
117,1.017,0.681,
118,0.619,2.203,
119,-1.082,-1.279,
120,1.167,-1.391,
121,-0.817,-0.971,
122,0.98,-0.797,
123,-1.151,-0.341,
124,0.32,-0.167,
125,0.538,-2.944,
126,0.697,-1.231,
127,-0.6,-1.759,
128,-0.103,0.758,
129,-0.496,-0.901,
130,2.525,-0.591,
131,0.419,-1.042,
132,-0.602,0.375,
133,0.132,0.909,
134,-1.183,-1.116,
135,0.415,-2.576,
136,2.007,0.657,
137,1.167,0.119,
138,-0.311,-0.416,
139,1.184,1.056,
140,-0.431,0.12,
141,0.964,1.312,
142,1.83,0.027,
143,1.379,-0.692,
144,0.558,-0.602,
145,0.171,-0.786,
146,-0.03,0.726,
147,1.207,-0.889,
148,0.749,-1.274,
149,1.123,0.17,
150,1.182,-0.916,
151,-0.209,-0.44,
152,-0.259,-1.203,
153,1.31,-0.628,
154,0.513,-0.471,
155,0.029,-0.782,
156,-0.263,0.155,
157,0.531,-1.724,
158,-0.058,-1.637,
159,0.412,-0.432,
160,-0.025,-0.215,
161,-0.09,-1.698,
162,-0.882,-0.486,
163,1.489,-1.295,
