1,0.492,-0.816,
2,0.72,-0.659,
3,1.443,-0.159,
4,0.714,0.188,
5,-0.796,0.111,
6,-2.303,1.637,
7,-0.315,-0.917,
8,-0.754,-1.406,
9,-0.068,-0.587,
10,-0.123,0.993,
11,1.429,-1.047,
12,0.013,-1.805,
13,-0.844,0.813,
14,-1.926,-0.435,
15,-0.857,-3.185,
16,0.721,-0.252,
17,-1.331,-0.188,
18,1.775,-0.17,
19,0.654,-1.032,
20,-0.999,-0.856,
21,1.348,-0.012,
22,-0.804,-1.636,
23,0.292,1.408,
24,-0.343,0.155,
25,-0.582,0.599,
26,-1.197,0.462,
27,0.9,-0.753,
28,1.151,-2.476,
29,-0.384,0.192,
30,1.682,-1.066,
31,-0.084,-0.33,
32,-0.036,-0.987,
33,-0.566,-0.316,
34,-0.071,-0.814,
35,0.11,1.628,
36,1.502,-0.951,
37,0.191,0.136,
38,2.251,-1.016,
39,2.02,-0.688,
40,0.492,-1.341,
41,0.091,0.495,
42,1.438,0.243,
43,-0.177,-0.15,
44,0.126,0.453,
45,-2.022,1.458,
46,0.515,-0.091,
47,-0.553,-0.356,
48,0.575,-1.116,
49,1.343,-0.285,
50,1.573,-0.994,
51,0.3,-2.2,
52,-0.527,-0.985,
53,1.645,-0.686,
54,0.526,0.315,
55,-0.886,-0.894,
56,1.465,0.409,
57,0.123,0.264,
58,0.38,1.261,
59,0.501,-0.114,
60,0.558,0.204,
61,-0.796,-0.293,
62,2.487,-1.246,
63,0.703,-0.721,
64,-0.44,-1.857,
65,1.204,1.189,
66,0.022,0.416,
67,1.13,-0.553,
68,1.601,-1.545,
69,1.694,-0.014,
70,0.554,-0.279,
71,2.251,0.846,
72,0.618,-0.942,
73,-1.246,-0.82,
74,0.265,0.401,
75,-1.042,-2.079,
76,-0.807,-1.765,
77,0.221,0.084,
78,0.261,-0.316,
79,-0.752,0.799,
80,-0.331,-1.722,
81,-1.219,-0.276,
82,-2.551,-0.96,
83,-0.543,-1.122,
84,1.248,2.319,
85,0.968,-0.283,
86,0.528,-2.09,
87,-1.355,0.16,
88,1.754,-2.586,
89,1.791,-2.742,
90,1.13,-1.623,
91,-0.422,0.047,
92,0.499,0.668,
93,0.697,-2.518,
94,0.838,-0.164,
95,-1.043,-1.93,
96,-0.132,1.483,
97,1.019,-0.292,
98,-0.378,1.741,
99,1.131,0.249,
100,1.201,0.158,
101,0.106,-0.092,
102,0.369,-0.308,
103,2.01,1.185,
104,0.403,-0.24,
105,-1.128,-0.393,
106,-0.269,-0.546,
107,0.521,1.148,
108,1.839,-2.487,
109,0.297,-0.431,
110,0.673,-0.154,
111,0.525,0.748,
112,-0.094,-0.552,
113,0.673,-0.734,
114,-1.474,-0.325,
115,-0.614,-0.31,
116,0.399,-0.3,
117,1.09,0.411,
118,0.603,1.892,
119,-0.796,-0.936,
120,1.01,-1.612,
121,-0.286,-1.106,
122,1.117,-0.774,
123,-0.982,-0.814,
124,0.256,-0.334,
125,0.561,-2.758,
126,0.862,-1.232,
127,-0.617,-1.979,
128,-0.334,0.539,
129,-0.48,-1.07,
130,1.895,-0.297,
131,0.457,-0.579,
132,-0.488,-0.065,
133,0.284,0.653,
134,-0.673,-0.937,
135,0.565,-2.075,
136,2.252,0.173,
137,1.06,-0.175,
138,-0.291,-0.37,
139,1.022,0.304,
140,-0.499,-0.103,
141,0.821,0.721,
142,1.462,-0.267,
143,1.557,-0.585,
144,0.453,-0.516,
145,0.393,-0.842,
146,-0.03,1.05,
147,0.876,-0.952,
148,0.66,-1.189,
149,1.209,0.171,
150,0.877,-0.807,
151,0.291,-0.472,
152,-0.261,-0.973,
153,1.58,-0.431,
154,0.274,-1.207,
155,0.034,-0.932,
156,0.133,0.182,
157,1.261,-1.279,
158,0.077,-1.202,
159,0.428,-0.617,
160,-0.148,-0.407,
161,-0.126,-1.921,
162,-0.798,-0.686,
163,1.369,-1.58,
