1,-0.035,-0.799,
2,0.657,0.023,
3,2.15,0.461,
4,0.579,0.722,
5,-1.384,0.505,
6,-3.441,2.341,
7,0.762,-1.552,
8,-1.341,-0.235,
9,0.139,-0.409,
10,0.084,1.061,
11,1.136,-1.402,
12,-0.219,-1.114,
13,-1.888,0.827,
14,-2.533,-0.57,
15,-1.874,-3.344,
16,0.534,0.23,
17,-1.527,0.061,
18,1.127,0.363,
19,0.478,0.058,
20,-1.536,-0.219,
21,0.364,0.636,
22,-1.645,-0.718,
23,-0.075,1.083,
24,-0.685,1.375,
25,0.018,0.493,
26,-0.925,0.712,
27,0.752,0.561,
28,1.548,-1.519,
29,-0.569,0.741,
30,1.161,-0.965,
31,-0.077,-0.372,
32,-0.168,-0.831,
33,-0.322,0.073,
34,-0.308,0.015,
35,-0.182,1.172,
36,1.879,0.066,
37,0.119,0.368,
38,1.858,-0.806,
39,2.244,0.023,
40,0.214,-1.021,
41,0.296,0.242,
42,1.349,0.169,
43,-0.766,-0.035,
44,0.107,-0.023,
45,-1.611,1.545,
46,0.465,0.693,
47,-0.712,0.517,
48,0.333,-1.488,
49,0.766,-0.017,
50,1.619,-0.627,
51,-0.5,-1.72,
52,-0.22,0.33,
53,1.127,-0.239,
54,0.296,0.616,
55,-0.794,0.034,
56,1.929,0.056,
57,0.252,0.402,
58,0.036,1.23,
59,-0.472,0.323,
60,-0.104,0.119,
61,-0.865,-0.233,
62,3.146,-1.088,
63,1.143,0.09,
64,-0.405,-1.758,
65,1.886,1.431,
66,-0.232,0.327,
67,1.162,0.119,
68,2.031,-0.681,
69,1.47,0.119,
70,0.463,0.497,
71,2.493,0.862,
72,0.371,-1.228,
73,-1.498,-0.731,
74,-0.671,0.471,
75,-2.065,-1.751,
76,-0.156,-1.465,
77,0.286,0.255,
78,-0.19,0.465,
79,-0.339,1.634,
80,-0.979,-1.437,
81,-0.557,0.284,
82,-2.477,-0.347,
83,-1.144,-0.815,
84,1.062,2.542,
85,0.775,-0.546,
86,-0.184,-2.416,
87,-2.137,0.593,
88,0.686,-2.607,
89,1.575,-1.612,
90,0.565,-0.992,
91,-0.198,-0.003,
92,0.454,0.612,
93,1.422,-1.757,
94,1.234,0.046,
95,-0.813,-1.595,
96,-0.335,1.277,
97,0.25,-0.262,
98,0.182,2.109,
99,0.948,1.096,
100,1.755,0.39,
101,-0.126,-0.115,
102,-0.797,0.426,
103,2.047,0.948,
104,-0.07,-0.167,
105,-1.583,0.459,
106,-0.814,-0.484,
107,0.343,1.69,
108,1.26,-2.414,
109,0.237,-0.428,
110,0.272,-0.225,
111,1.431,0.451,
112,0.67,-0.514,
113,0.385,-0.366,
114,-1.736,-0.047,
115,-0.85,0.724,
116,0.021,-0.018,
117,0.748,0.932,
118,0.49,1.898,
119,-1.149,-1.394,
120,1.028,-1.151,
121,-0.959,-0.759,
122,0.831,-0.571,
123,-1.281,0.031,
124,0.305,0.012,
125,0.532,-2.726,
126,0.327,-1.13,
127,-0.533,-1.349,
128,0.096,0.845,
129,-0.477,-0.806,
130,2.528,-0.726,
131,0.408,-1.363,
132,-0.632,0.639,
133,-0.012,0.887,
134,-1.438,-1.091,
135,0.799,-2.149,
136,1.442,1.048,
137,0.977,0.25,
138,-0.279,-0.416,
139,0.997,1.44,
140,-0.297,0.258,
141,0.875,1.403,
142,1.741,0.058,
143,0.934,-0.682,
144,0.745,-0.694,
145,0.533,-0.632,
146,-0.012,0.329,
147,1.295,-0.732,
148,0.659,-1.143,
149,0.972,0.122,
150,1.132,-0.897,
151,-0.471,-0.26,
152,-0.181,-1.139,
153,0.782,-0.715,
154,0.637,0.147,
155,0.03,-0.605,
156,-0.633,-0.047,
157,0.021,-1.829,
158,-0.101,-1.567,
159,0.263,-0.3,
160,0.041,-0.04,
161,0.027,-1.273,
162,-0.827,-0.29,
163,1.281,-1.386,
