1,0.773,-0.213,
2,0.477,-0.881,
3,0.554,-0.574,
4,0.608,-0.251,
5,-0.463,-0.039,
6,-1.313,0.203,
7,0.158,0.212,
8,0.442,-0.599,
9,-0.068,-0.718,
10,-0.274,0.667,
11,0.942,-0.249,
12,0.348,-1.752,
13,0.169,0.784,
14,-0.366,-0.265,
15,-0.43,-1.423,
16,0.891,-0.665,
17,-0.505,-0.223,
18,1.312,-0.494,
19,0.453,-0.776,
20,-0.241,-0.792,
21,1.18,-0.862,
22,-0.116,-1.508,
23,0.451,0.829,
24,0.014,-0.716,
25,-0.518,0.278,
26,-0.486,0.089,
27,0.835,-1.176,
28,0.562,-1.81,
29,0.032,-0.242,
30,1.33,-0.782,
31,0.088,-0.14,
32,0.177,-0.973,
33,-0.388,-0.563,
34,0.007,-1.055,
35,0.343,1.27,
36,0.638,-1.063,
37,0.412,-0.249,
38,1.684,-0.853,
39,0.805,-0.857,
40,0.483,-1.143,
41,0.11,0.325,
42,0.724,0.187,
43,0.43,-0.33,
44,0.343,0.485,
45,-1.138,0.542,
46,0.668,0.036,
47,-0.438,-0.774,
48,0.732,-0.561,
49,1.214,-0.665,
50,0.844,-0.997,
51,0.704,-1.372,
52,-0.332,-1.368,
53,1.134,-0.962,
54,0.664,-0.167,
55,-0.562,-1.448,
56,0.387,0.356,
57,0.248,-0.351,
58,0.459,0.695,
59,0.669,-0.705,
60,0.664,0.147,
61,-0.272,-0.247,
62,2.008,-0.612,
63,-0.052,-1.019,
64,-0.078,-1.228,
65,0.342,0.21,
66,0.444,0.263,
67,0.623,-1.137,
68,0.9,-1,
69,0.859,-0.014,
70,0.356,-0.902,
71,0.989,-0.076,
72,0.687,-0.414,
73,-0.553,-0.552,
74,0.872,0.197,
75,-0.474,-1.31,
76,-0.179,-0.917,
77,0.115,-0.248,
78,0.438,-0.803,
79,-0.773,0.012,
80,0.089,-1.389,
81,-0.814,-0.493,
82,-0.375,-0.816,
83,0.261,-1.218,
84,0.629,0.605,
85,0.783,-0.115,
86,0.655,-0.837,
87,-0.397,-0.478,
88,1.016,-0.751,
89,1.292,-1.183,
90,1.077,-1.526,
91,-0.198,0.067,
92,0.318,0.163,
93,-0.52,-1.447,
94,0.301,-0.215,
95,-0.273,-1.341,
96,0.353,0.098,
97,1.3,-0.506,
98,-0.725,-0.341,
99,0.831,-0.673,
100,0.098,-0.476,
101,0.202,-0.133,
102,0.144,-0.844,
103,1.012,0.682,
104,0.598,-0.315,
105,-0.336,-1.202,
106,0.11,-0.584,
107,0.553,0.469,
108,0.894,-1.46,
109,0.253,-0.528,
110,0.909,-0.4,
111,-0.27,0.252,
112,-0.716,-0.648,
113,0.653,-0.985,
114,-0.885,-0.578,
115,-0.07,-1.686,
116,0.632,-0.731,
117,0.969,-0.298,
118,0.283,0.166,
119,-0.151,-0.314,
120,0.448,-1.48,
121,0.462,-0.978,
122,1.016,-0.481,
123,-0.605,-1.316,
124,0.277,-0.546,
125,0.297,-1.874,
126,0.721,-0.826,
127,-0.357,-1.629,
128,-0.406,0.082,
129,-0.136,-1.109,
130,0.737,-0.156,
131,0.616,0.097,
132,-0.268,-0.612,
133,0.335,-0.223,
134,0.108,-0.446,
135,0.47,-1.123,
136,1.352,-0.607,
137,0.279,-0.579,
138,-0.214,-0.406,
139,0.51,-0.8,
140,-0.339,-0.502,
141,0.463,-0.742,
142,0.714,-0.929,
143,0.93,-0.404,
144,0.456,-0.564,
145,0.241,-1.02,
146,0.233,0.685,
147,0.267,-0.845,
148,0.098,-0.882,
149,1.071,-1.275,
150,0.029,-0.912,
151,0.98,-0.381,
152,-0.19,-0.493,
153,1.184,-0.41,
154,-0.054,-1.739,
155,0.006,-0.998,
156,0.081,-0.415,
157,0.725,-1.192,
158,0.718,-1.144,
159,0.258,-0.978,
160,-0.269,-0.656,
161,-0.114,-1.663,
162,-0.344,-0.869,
163,0.792,-2.175,
