1,-1.26,-0.25,
2,0.131,-0.402,
3,0.38,-0.995,
4,0.339,-0.146,
5,-1.706,-1.4,
6,-1.247,-0.082,
7,2.004,0.99,
8,0.61,-0.893,
9,0.259,-1.5,
10,-1.515,-0.895,
11,0.13,0.605,
12,1.29,0.237,
13,0.896,-1.029,
14,0.201,0.432,
15,-0.625,-0.372,
16,0.305,0.088,
17,0.256,0.006,
18,0.043,0.17,
19,0.241,-0.126,
20,-1.858,-1.116,
21,0.205,-0.495,
22,-0.027,0.807,
23,0.363,-0.797,
24,0.29,-0.316,
25,0.346,0.973,
26,-0.03,-0.784,
27,-0.13,0.157,
28,0.329,-0.042,
29,-0.247,0.929,
30,-0.213,0.046,
31,-0.14,-1.915,
32,1.402,0.632,
33,1.627,-0.572,
34,0.38,-0.502,
35,0.264,-0.461,
36,0.435,-0.249,
37,-0.035,-0.017,
38,-0.029,0.756,
39,1.664,1.399,
40,-0.276,-0.804,
41,0.143,-0.782,
42,0.73,0.326,
43,0.987,0.071,
44,-0.328,0.139,
45,0.294,0.301,
46,0.206,-0.599,
47,-0.459,-0.157,
48,1.819,-0.006,
49,-0.111,-0.21,
50,0.525,-0.054,
51,-0.001,-0.621,
52,0.719,-0.494,
53,1.145,-0.868,
54,0.508,2.311,
55,1.147,-0.945,
56,0.441,-0.21,
57,-1.177,0.373,
58,-0.545,-1.203,
59,0.003,-0.103,
60,-0.21,0.137,
61,0.192,0.52,
62,1.006,-0.605,
63,-1.11,-1.893,
64,-0.284,-0.635,
65,0.955,-1.386,
66,1.388,-0.254,
67,0.259,-0.096,
68,-0.269,0.353,
69,1.833,0.658,
70,-0.277,1.304,
71,0.293,0.648,
72,1.914,-0.724,
73,1.712,-1.152,
74,0.956,-0.175,
75,-0.477,-0.036,
76,1.588,-0.716,
77,0.969,0.224,
78,0.624,-0.802,
79,1.066,-1.027,
80,0.856,-0.355,
81,0.66,-1.295,
82,0.416,-0.33,
83,-0.267,-0.23,
84,0.399,-0.091,
85,-0.202,-0.676,
86,-1.085,-0.153,
87,-1.433,-1.526,
88,0.934,0.632,
89,1.317,0.016,
90,0.921,0.006,
91,0.454,0.108,
92,-0.098,-0.608,
93,-0.599,0.674,
94,1.024,0.448,
95,-0.679,1.659,
96,0.887,-1.439,
97,0.942,-0.048,
98,0.206,-1.696,
99,-0.038,-1.893,
100,3.316,1.91,
101,1.646,0.886,
102,-0.495,-0.398,
103,-1.943,-0.558,
104,1.648,0.086,
105,-0.325,-0.155,
106,-2.416,-0.618,
107,0.329,0.229,
108,0.034,-0.369,
109,1.062,-0.588,
110,-0.561,-0.325,
111,-0.421,-1.551,
112,-0.752,-0.297,
113,0.726,0.335,
114,1.979,0.986,
115,0.915,0.437,
116,0.914,0.814,
117,0.572,-1.513,
118,1.334,0.13,
119,-0.089,-1.113,
120,0.252,-1.204,
121,0.891,0.292,
122,1.182,-0.111,
123,-0.066,0.332,
124,0.252,-2.161,
125,0.364,-0.499,
126,1.222,0.705,
127,1.375,1.212,
128,-0.061,0.543,
129,1.188,0.098,
130,0.912,-0.501,
131,-0.06,0.875,
132,1.766,-1.651,
133,0.762,-1.619,
134,0.122,-0.492,
135,0.23,0.346,
136,0.745,0.76,
137,0.542,0.602,
138,1.709,0.173,
139,-0.088,-0.961,
140,-0.338,-0.15,
141,-0.314,0.18,
142,0.318,1.346,
143,-0.589,0.678,
144,1.318,-0.92,
145,-0.687,-0.572,
146,-0.465,-0.872,
147,0.369,0.279,
148,-0.063,-1.265,
149,1.24,-0.233,
150,-0.315,0.052,
151,1.359,0.583,
152,0.467,-1.146,
153,0.95,-2.402,
154,0.158,-0.155,
155,-0.204,0.159,
156,0.197,0.818,
157,-0.23,-1.694,
158,0.389,-1.623,
159,-0.865,-0.538,
160,0.111,0.036,
161,-0.024,0.27,
162,-0.034,0.34,
163,0.141,-1.369,
