1,-0.017,-0.769,
2,0.663,0.023,
3,2.19,0.45,
4,0.563,0.71,
5,-1.416,0.511,
6,-3.485,2.397,
7,0.788,-1.544,
8,-1.313,-0.172,
9,0.138,-0.397,
10,0.077,1.068,
11,1.15,-1.397,
12,-0.251,-1.12,
13,-1.976,0.856,
14,-2.615,-0.499,
15,-1.93,-3.348,
16,0.508,0.233,
17,-1.551,0.068,
18,1.191,0.38,
19,0.465,0.011,
20,-1.554,-0.238,
21,0.337,0.661,
22,-1.681,-0.719,
23,-0.088,1.13,
24,-0.711,1.435,
25,0.03,0.505,
26,-0.966,0.743,
27,0.774,0.585,
28,1.566,-1.612,
29,-0.552,0.752,
30,1.184,-1.002,
31,-0.092,-0.393,
32,-0.192,-0.856,
33,-0.339,0.123,
34,-0.271,-0.028,
35,-0.196,1.212,
36,1.912,0.043,
37,0.128,0.385,
38,1.838,-0.838,
39,2.272,0.02,
40,0.244,-1.022,
41,0.295,0.256,
42,1.335,0.174,
43,-0.777,-0.047,
44,0.083,-0.022,
45,-1.649,1.588,
46,0.475,0.713,
47,-0.696,0.505,
48,0.338,-1.495,
49,0.784,-0.031,
50,1.633,-0.683,
51,-0.488,-1.762,
52,-0.24,0.351,
53,1.146,-0.233,
54,0.297,0.613,
55,-0.791,0.012,
56,1.993,0.049,
57,0.278,0.451,
58,0.02,1.252,
59,-0.488,0.354,
60,-0.105,0.134,
61,-0.895,-0.255,
62,3.193,-1.088,
63,1.195,0.092,
64,-0.463,-1.797,
65,1.9,1.528,
66,-0.219,0.33,
67,1.219,0.136,
68,2.025,-0.744,
69,1.537,0.092,
70,0.485,0.529,
71,2.526,0.918,
72,0.405,-1.25,
73,-1.455,-0.787,
74,-0.729,0.465,
75,-2.135,-1.765,
76,-0.075,-1.489,
77,0.301,0.272,
78,-0.203,0.483,
79,-0.37,1.662,
80,-0.991,-1.431,
81,-0.593,0.255,
82,-2.522,-0.376,
83,-1.169,-0.79,
84,1.107,2.614,
85,0.847,-0.523,
86,-0.19,-2.502,
87,-2.187,0.556,
88,0.621,-2.619,
89,1.629,-1.64,
90,0.595,-1.028,
91,-0.291,-0.02,
92,0.48,0.655,
93,1.493,-1.803,
94,1.211,0.039,
95,-0.864,-1.624,
96,-0.344,1.377,
97,0.247,-0.23,
98,0.164,2.165,
99,0.985,1.159,
100,1.805,0.413,
101,-0.139,-0.117,
102,-0.848,0.424,
103,2.078,0.982,
104,-0.042,-0.169,
105,-1.682,0.49,
106,-0.833,-0.474,
107,0.312,1.721,
108,1.268,-2.44,
109,0.227,-0.388,
110,0.254,-0.204,
111,1.477,0.532,
112,0.71,-0.509,
113,0.401,-0.387,
114,-1.721,0.001,
115,-0.857,0.73,
116,0.037,0.005,
117,0.683,0.985,
118,0.516,1.979,
119,-1.225,-1.473,
120,1.05,-1.15,
121,-0.94,-0.784,
122,0.833,-0.594,
123,-1.288,0.048,
124,0.336,-0.025,
125,0.58,-2.729,
126,0.373,-1.117,
127,-0.584,-1.367,
128,0.104,0.864,
129,-0.507,-0.772,
130,2.593,-0.721,
131,0.474,-1.41,
132,-0.658,0.688,
133,0.012,0.928,
134,-1.484,-1.127,
135,0.788,-2.208,
136,1.541,1.17,
137,1.026,0.267,
138,-0.295,-0.429,
139,1.019,1.493,
140,-0.308,0.271,
141,0.938,1.375,
142,1.721,0.107,
143,0.927,-0.652,
144,0.78,-0.665,
145,0.582,-0.589,
146,-0.022,0.346,
147,1.334,-0.763,
148,0.667,-1.152,
149,1.008,0.095,
150,1.167,-0.939,
151,-0.475,-0.241,
152,-0.153,-1.137,
153,0.828,-0.703,
154,0.661,0.153,
155,0.024,-0.625,
156,-0.682,-0.126,
157,-0.008,-1.885,
158,-0.093,-1.622,
159,0.274,-0.291,
160,0.048,-0.053,
161,0.019,-1.297,
162,-0.847,-0.29,
163,1.275,-1.441,
