1,0.778,-0.382,
2,0.533,-0.831,
3,0.905,-0.403,
4,0.672,-0.033,
5,-0.502,0.041,
6,-1.702,0.992,
7,-0.102,-0.023,
8,-0.341,-1.047,
9,-0.06,-0.72,
10,-0.223,0.889,
11,1.21,-0.615,
12,0.244,-1.795,
13,-0.294,0.941,
14,-0.954,-0.565,
15,-0.455,-2.131,
16,0.861,-0.552,
17,-0.973,-0.231,
18,1.354,-0.366,
19,0.659,-0.85,
20,-0.561,-0.876,
21,1.397,-0.481,
22,-0.401,-1.608,
23,0.38,1.005,
24,-0.093,-0.352,
25,-0.483,0.384,
26,-0.785,0.201,
27,0.799,-0.969,
28,0.925,-1.921,
29,-0.194,-0.095,
30,1.371,-0.809,
31,0.029,-0.196,
32,0.132,-0.938,
33,-0.542,-0.448,
34,-0.145,-0.872,
35,0.294,1.371,
36,1.032,-0.994,
37,0.22,-0.103,
38,1.921,-0.775,
39,1.316,-0.797,
40,0.386,-1.169,
41,0.149,0.329,
42,1.153,0.245,
43,0.119,-0.197,
44,0.345,0.426,
45,-1.534,0.919,
46,0.61,-0.031,
47,-0.517,-0.646,
48,0.707,-0.834,
49,1.236,-0.516,
50,1.083,-0.867,
51,0.415,-1.712,
52,-0.355,-1.131,
53,1.442,-0.806,
54,0.702,0.055,
55,-0.779,-1.052,
56,0.772,0.262,
57,0.203,-0.185,
58,0.404,0.876,
59,0.565,-0.453,
60,0.608,0.117,
61,-0.386,-0.27,
62,2.424,-0.962,
63,0.292,-0.832,
64,-0.158,-1.495,
65,0.734,0.512,
66,0.229,0.334,
67,0.744,-0.817,
68,1.293,-1.032,
69,1.113,0.039,
70,0.414,-0.569,
71,1.571,0.261,
72,0.584,-0.655,
73,-0.892,-0.494,
74,0.631,0.245,
75,-0.753,-1.668,
76,-0.695,-1.294,
77,0.147,-0.151,
78,0.416,-0.511,
79,-0.658,0.414,
80,-0.09,-1.52,
81,-0.756,-0.292,
82,-1.35,-0.828,
83,-0.148,-1.253,
84,0.812,1.389,
85,0.719,-0.275,
86,0.592,-1.337,
87,-0.741,-0.184,
88,1.472,-1.673,
89,1.813,-1.834,
90,0.989,-1.456,
91,-0.128,0.017,
92,0.385,0.275,
93,-0.007,-2.052,
94,0.671,-0.161,
95,-0.595,-1.589,
96,0.112,0.616,
97,1.133,-0.521,
98,-0.352,0.605,
99,0.894,-0.259,
100,0.553,-0.224,
101,0.199,-0.094,
102,0.136,-0.532,
103,1.496,0.854,
104,0.378,-0.28,
105,-0.564,-0.833,
106,-0.061,-0.563,
107,0.594,0.73,
108,1.465,-1.857,
109,0.336,-0.63,
110,0.85,-0.399,
111,0.035,0.222,
112,-0.457,-0.624,
113,0.721,-0.797,
114,-1.175,-0.524,
115,-0.178,-1.006,
116,0.346,-0.564,
117,1.146,0.002,
118,0.39,0.925,
119,-0.361,-0.544,
120,0.597,-1.534,
121,0.132,-0.983,
122,1.126,-0.611,
123,-0.779,-1.065,
124,0.244,-0.379,
125,0.338,-2.308,
126,0.662,-1.022,
127,-0.308,-1.795,
128,-0.377,0.295,
129,-0.219,-1.165,
130,1.279,-0.318,
131,0.494,-0.202,
132,-0.329,-0.376,
133,0.244,0.134,
134,-0.232,-0.622,
135,0.626,-1.464,
136,1.545,-0.392,
137,0.609,-0.348,
138,-0.193,-0.32,
139,0.687,-0.238,
140,-0.381,-0.297,
141,0.572,0.019,
142,1.068,-0.635,
143,1.19,-0.476,
144,0.393,-0.576,
145,0.33,-1,
146,0.144,0.825,
147,0.526,-0.803,
148,0.459,-0.952,
149,1.22,-0.474,
150,0.441,-0.724,
151,0.598,-0.41,
152,-0.247,-0.696,
153,1.319,-0.352,
154,0.088,-1.369,
155,0.033,-0.878,
156,0.274,0.028,
157,1.025,-1.287,
158,0.479,-1.234,
159,0.345,-0.714,
160,-0.228,-0.419,
161,-0.138,-1.841,
162,-0.55,-0.724,
163,0.993,-1.851,
