1,-0.004,-0.487,
2,0.688,-1.241,
3,0.342,-1.192,
4,1.168,0.332,
5,0.161,-1.519,
6,-0.814,-0.464,
7,2.507,0.105,
8,1.167,-1.296,
9,1.141,-2.275,
10,-0.833,-1.169,
11,1.222,0.26,
12,1.003,-0.699,
13,1.486,-1.082,
14,0.754,-0.566,
15,-0.456,-0.886,
16,0.55,-1.058,
17,0.924,0.018,
18,0.978,-0.868,
19,1.277,-0.914,
20,0.087,-1.552,
21,0.565,-1.451,
22,-0.429,-0.479,
23,1.032,-0.991,
24,0.6,-0.802,
25,1.166,-0.046,
26,0.983,-0.947,
27,0.982,-0.681,
28,0.828,-0.497,
29,0.343,0.043,
30,-0.116,-0.991,
31,1.042,-1.57,
32,1.261,0.079,
33,1.436,-1.005,
34,0.482,-0.904,
35,1.304,-0.342,
36,0.613,-0.675,
37,0.845,-0.364,
38,0.191,-0.189,
39,1.351,-0.087,
40,0.956,-0.769,
41,1.34,-0.966,
42,3.031,-0.495,
43,1.763,0.039,
44,0.733,-0.139,
45,0.338,-0.002,
46,0.901,-1.121,
47,-0.022,-0.898,
48,2.173,-0.327,
49,0.138,-0.861,
50,1.097,-0.725,
51,0.886,-1.142,
52,0.152,-0.898,
53,1.419,-2.028,
54,0.82,0.961,
55,1.085,-1.856,
56,1.591,-1.383,
57,0.055,-0.865,
58,0.35,-0.662,
59,0.26,-0.868,
60,0.617,-0.407,
61,1.109,-0.377,
62,2.086,-0.911,
63,0.059,-1.424,
64,0.381,-0.978,
65,1.418,-1.405,
66,1.631,-0.198,
67,0.579,-0.923,
68,-0.017,-0.294,
69,1.822,0.073,
70,0.271,-0.195,
71,0.41,-0.225,
72,2.374,-0.994,
73,1.448,-1.529,
74,1.067,-0.791,
75,0.383,-0.896,
76,1.32,-0.96,
77,1.138,-0.896,
78,0.709,-1.405,
79,0.818,-1.491,
80,1.05,-1.168,
81,0.31,-0.793,
82,0.99,-0.312,
83,0.019,-0.945,
84,0.613,-0.512,
85,0.912,-0.711,
86,0.139,-0.558,
87,-0.651,-2.401,
88,1.481,0.227,
89,1.047,-0.417,
90,1.969,-0.241,
91,1.105,0.18,
92,0.584,-1.358,
93,-0.306,0.082,
94,0.828,-0.233,
95,0.477,0.588,
96,1.178,-2.12,
97,1.598,-0.434,
98,0.305,-2.079,
99,0.301,-1.56,
100,2.315,0.258,
101,1.332,0.409,
102,0.205,-1.321,
103,-0.722,-0.336,
104,1.691,-0.896,
105,0.224,-0.845,
106,-0.874,-0.789,
107,1.657,-0.069,
108,0.584,-1.236,
109,1.138,-0.702,
110,0.428,-0.528,
111,0.255,-1.361,
112,-0.006,-0.929,
113,0.821,-0.284,
114,1.358,-0.867,
115,1.272,-0.905,
116,1.033,-0.702,
117,1.157,-1.453,
118,1.577,-0.341,
119,0.364,-1.148,
120,0.708,-2.003,
121,1.335,0.301,
122,1.888,-0.978,
123,0.707,-1.109,
124,0.924,-1.973,
125,0.338,-1.269,
126,1.546,-0.107,
127,1.733,-0.156,
128,0.757,-0.289,
129,1.68,-0.743,
130,0.842,-0.393,
131,1.066,0.681,
132,1.259,-1.474,
133,0.773,-0.25,
134,0.638,-0.301,
135,0.879,-0.525,
136,0.776,-0.507,
137,0.445,-0.521,
138,1.21,-0.752,
139,0.175,-1.207,
140,0.419,-0.807,
141,0.426,-1.345,
142,1.062,-0.392,
143,0.984,0.317,
144,0.996,-0.572,
145,-0.735,-1.213,
146,0.838,-0.827,
147,0.801,-0.612,
148,0.359,-2.103,
149,1.736,-0.97,
150,-0.418,-0.242,
151,2.519,-0.647,
152,0.716,-1.203,
153,1.247,-1.902,
154,0.483,-1.004,
155,0.766,-1.494,
156,0.516,-0.006,
157,-0.035,-2.009,
158,1.383,-1.009,
159,-0.042,-0.948,
160,1.096,-0.965,
161,0.94,-0.403,
162,1.187,-0.161,
163,1.123,-1.673,
