1,-0.201,-0.238,
2,0.041,0.035,
3,0.912,0.22,
4,0.151,0.319,
5,0.153,0.078,
6,-0.374,0.323,
7,0.122,-0.319,
8,-0.183,-0.13,
9,0.258,-0.303,
10,0.063,0.177,
11,0.194,-0.339,
12,0.253,-0.226,
13,-0.3,-0.406,
14,0.128,-0.949,
15,-0.073,-0.849,
16,0.24,-0.175,
17,-0.586,0.167,
18,-0.221,0.341,
19,-0.207,0.435,
20,-0.174,0.043,
21,0.134,0.339,
22,-0.1,0.058,
23,-0.087,-0.044,
24,-0.359,0.502,
25,0.481,-0.136,
26,0.276,-0.073,
27,0.124,0.444,
28,0.371,-0.059,
29,-0.415,0.189,
30,0.551,0.487,
31,0.153,-0.081,
32,-0.031,-0.113,
33,0.175,0.099,
34,-0.053,0.039,
35,-0.107,0.138,
36,0.686,0.577,
37,0.001,0.106,
38,0.125,-0.162,
39,0.475,-0.225,
40,-0.167,-0.21,
41,0.176,0.046,
42,0.401,-0.343,
43,-0.456,-0.045,
44,0.114,-0.185,
45,-0.18,0.233,
46,0.123,-0.053,
47,-0.033,-0.034,
48,0.083,-0.573,
49,-0.193,0.123,
50,0.464,0.045,
51,-0.842,-0.143,
52,0.16,0.321,
53,0.053,0.181,
54,0.286,0.096,
55,-0.108,0.142,
56,0.16,0.191,
57,-0.143,-0.02,
58,-0.101,0.255,
59,-0.182,-0.301,
60,-0.292,-0.065,
61,-0.08,-0.235,
62,0.622,-0.262,
63,0.08,0.249,
64,0.175,-0.198,
65,0.649,0.184,
66,-0.137,0.043,
67,-0.044,0.049,
68,0.543,-0.077,
69,0.658,0.15,
70,-0.055,-0.124,
71,0.554,-0.21,
72,-0.078,-0.209,
73,-0.074,0.38,
74,0.084,0.236,
75,-0.088,-0.153,
76,0.094,-0.055,
77,-0.028,0.183,
78,0.087,0.507,
79,-0.052,0.654,
80,-0.562,-0.105,
81,0.09,0.066,
82,-0.043,0.066,
83,-0.038,-0.078,
84,0.501,0.266,
85,-0.4,-0.268,
86,-0.037,-0.591,
87,-0.17,-0.132,
88,0.376,-0.524,
89,0.034,0.166,
90,-0.157,0.087,
91,0.096,0.34,
92,-0.014,0.145,
93,0.227,0.001,
94,0.278,-0.06,
95,-0.162,0.045,
96,0.058,-0.331,
97,-0.195,-0.363,
98,0.192,-0.027,
99,0.11,0.245,
100,0.636,-0.148,
101,-0.215,-0.099,
102,-0.208,0.659,
103,0.468,-0.03,
104,-0.504,0.085,
105,-0.158,0.14,
106,-0.596,-0.887,
107,0.077,0.247,
108,0.021,-0.352,
109,-0.06,-0.41,
110,0.115,-0.244,
111,0.228,-0.311,
112,0.158,-0.19,
113,0.039,0.182,
114,-0.191,0.046,
115,-0.292,0.389,
116,-0.032,-0.051,
117,0.419,0.152,
118,0.024,0.139,
119,-0.068,-0.221,
120,0.142,-0.227,
121,-0.347,-0.549,
122,0.138,-0.36,
123,-0.158,0.22,
124,-0.053,0.272,
125,0.206,-0.726,
126,-0.114,-0.333,
127,0.178,-0.158,
128,-0.055,0.529,
129,0.085,-0.222,
130,0.565,-0.067,
131,-0.24,-0.228,
132,-0.164,0.138,
133,-0.205,-0.076,
134,-0.684,-0.303,
135,0.273,-0.293,
136,-0.007,0.027,
137,0.1,0.045,
138,0.154,-0.011,
139,0.001,0.259,
140,-0.032,0.073,
141,-0.393,0.806,
142,0.186,-0.137,
143,0.15,-0.428,
144,0.915,-0.765,
145,0.384,-0.214,
146,-0.098,-0.084,
147,0.315,0.075,
148,0.131,-0.116,
149,-0.231,-0.08,
150,-0.092,-0.171,
151,-0.332,0.05,
152,-0.122,-0.24,
153,-0.093,-0.011,
154,0.201,0.339,
155,0.191,-0.074,
156,-0.231,0.557,
157,-0.16,-0.114,
158,-0.138,0.494,
159,-0.251,0.093,
160,-0.141,0.303,
161,0.308,-0.238,
162,-0.271,0.177,
163,0.549,-0.317,
