1,0.763,-0.175,
2,0.358,-0.966,
3,0.305,-0.686,
4,0.559,-0.416,
5,-0.211,-0.196,
6,-1.172,-0.133,
7,0.428,0.27,
8,0.687,-0.482,
9,-0.03,-0.894,
10,-0.259,0.455,
11,0.744,-0.171,
12,0.48,-1.526,
13,0.542,0.298,
14,-0.049,-0.4,
15,-0.215,-0.888,
16,0.75,-0.86,
17,-0.257,-0.321,
18,0.845,-0.59,
19,0.438,-0.58,
20,0.03,-0.683,
21,0.814,-0.849,
22,0.02,-1.26,
23,0.462,0.085,
24,0.173,-0.848,
25,-0.237,0.008,
26,-0.089,-0.087,
27,0.733,-1.021,
28,0.433,-1.275,
29,0.125,-0.341,
30,0.924,-0.455,
31,0.187,-0.035,
32,0.279,-0.911,
33,-0.1,-0.612,
34,-0.104,-1.008,
35,0.46,0.896,
36,0.383,-0.86,
37,0.382,-0.441,
38,1.186,-0.755,
39,0.471,-0.778,
40,0.365,-0.945,
41,0.276,0.1,
42,0.661,0.108,
43,0.501,-0.366,
44,0.492,0.296,
45,-0.519,0.12,
46,0.616,0.021,
47,-0.384,-0.882,
48,0.88,-0.498,
49,0.8,-0.831,
50,0.463,-0.946,
51,0.605,-0.994,
52,-0.09,-1.089,
53,0.904,-0.993,
54,0.551,-0.256,
55,-0.387,-1.434,
56,0.195,0.195,
57,0.26,-0.557,
58,0.342,0.405,
59,0.438,-0.879,
60,0.546,-0.091,
61,0.052,-0.312,
62,1.677,-0.502,
63,-0.105,-0.896,
64,-0.054,-1.099,
65,0.343,-0.283,
66,0.529,0.179,
67,0.281,-1.183,
68,0.673,-0.668,
69,0.539,-0.001,
70,0.265,-0.908,
71,0.621,-0.418,
72,0.657,-0.394,
73,-0.311,-0.438,
74,0.898,0.006,
75,-0.302,-1.056,
76,0.023,-0.641,
77,0.071,-0.46,
78,0.327,-0.78,
79,-0.696,-0.215,
80,0.114,-1.283,
81,-0.372,-0.504,
82,0.231,-0.617,
83,0.417,-1.033,
84,0.349,-0.105,
85,0.627,-0.205,
86,0.471,-0.354,
87,-0.032,-0.688,
88,0.783,-0.366,
89,1.002,-0.633,
90,0.784,-1.259,
91,0.003,0.003,
92,0.224,-0.225,
93,-0.582,-0.786,
94,0.144,-0.217,
95,0.061,-1.075,
96,0.362,-0.439,
97,1.15,-0.535,
98,-0.679,-0.91,
99,0.586,-0.776,
100,-0.058,-0.578,
101,0.236,-0.144,
102,0.139,-0.878,
103,0.564,0.344,
104,0.448,-0.385,
105,-0.054,-1.195,
106,0.152,-0.502,
107,0.574,0.352,
108,0.488,-1.166,
109,0.261,-0.609,
110,0.855,-0.387,
111,-0.164,-0.026,
112,-0.744,-0.702,
113,0.495,-0.87,
114,-0.499,-0.678,
115,0.173,-1.874,
116,0.501,-0.83,
117,0.729,-0.35,
118,0.168,-0.385,
119,0.053,-0.303,
120,0.307,-1.22,
121,0.411,-0.827,
122,0.871,-0.42,
123,-0.406,-1.401,
124,0.383,-0.633,
125,0.151,-1.521,
126,0.656,-0.746,
127,0.02,-1.265,
128,-0.305,-0.053,
129,0.019,-0.985,
130,0.469,-0.242,
131,0.573,0.257,
132,-0.209,-0.675,
133,0.198,-0.475,
134,0.225,-0.313,
135,0.252,-0.998,
136,0.808,-0.753,
137,-0.016,-0.552,
138,-0.113,-0.413,
139,0.176,-1.025,
140,-0.168,-0.572,
141,0.252,-1.083,
142,0.403,-1.009,
143,0.61,-0.333,
144,0.306,-0.557,
145,0.055,-1.008,
146,0.484,0.33,
147,0.191,-0.665,
148,-0.073,-0.641,
149,0.668,-1.831,
150,-0.385,-0.757,
151,1.028,-0.273,
152,-0.188,-0.312,
153,0.787,-0.461,
154,-0.061,-1.44,
155,-0.007,-0.852,
156,-0.004,-0.428,
157,0.282,-1.103,
158,0.853,-0.947,
159,0.187,-0.881,
160,-0.189,-0.563,
161,0.013,-1.251,
162,-0.096,-0.694,
163,0.758,-1.917,
