1,0.527,-0.688,
2,0.66,-0.566,
3,1.61,0.018,
4,0.683,0.402,
5,-0.925,0.181,
6,-2.932,2.122,
7,0.067,-0.99,
8,-0.939,-1.231,
9,-0.007,-0.6,
10,-0.086,1.139,
11,1.303,-1.106,
12,0.022,-1.687,
13,-1.123,0.897,
14,-2.24,-0.639,
15,-1.157,-3.164,
16,0.667,-0.21,
17,-1.451,-0.155,
18,1.464,-0.054,
19,0.781,-0.739,
20,-1.12,-0.738,
21,1.162,0.216,
22,-0.981,-1.487,
23,0.201,1.185,
24,-0.387,0.452,
25,-0.332,0.513,
26,-1.15,0.503,
27,0.812,-0.394,
28,1.401,-2.041,
29,-0.504,0.295,
30,1.435,-0.917,
31,-0.067,-0.317,
32,-0.02,-0.9,
33,-0.455,-0.22,
34,-0.254,-0.511,
35,0.098,1.507,
36,1.654,-0.628,
37,0.101,0.167,
38,2.244,-0.873,
39,2.153,-0.464,
40,0.293,-1.206,
41,0.192,0.355,
42,1.614,0.301,
43,-0.324,-0.097,
44,0.238,0.296,
45,-1.903,1.464,
46,0.471,0.131,
47,-0.709,-0.082,
48,0.537,-1.302,
49,1.083,-0.247,
50,1.587,-0.75,
51,0.005,-2.05,
52,-0.379,-0.558,
53,1.639,-0.515,
54,0.409,0.415,
55,-0.989,-0.46,
56,1.605,0.335,
57,0.178,0.196,
58,0.266,1.197,
59,0.205,0.007,
60,0.394,0.112,
61,-0.745,-0.333,
62,2.928,-1.401,
63,0.902,-0.469,
64,-0.417,-1.894,
65,1.484,1.065,
66,-0.14,0.455,
67,1.023,-0.327,
68,1.815,-1.157,
69,1.412,0.052,
70,0.507,-0.01,
71,2.439,0.842,
72,0.47,-1.021,
73,-1.431,-0.672,
74,0.013,0.329,
75,-1.519,-2.136,
76,-0.727,-1.755,
77,0.226,0.068,
78,0.126,-0.068,
79,-0.559,1.033,
80,-0.546,-1.706,
81,-0.843,0.043,
82,-2.757,-0.719,
83,-0.779,-1.15,
84,1.124,2.269,
85,0.766,-0.46,
86,0.302,-2.141,
87,-1.455,0.285,
88,1.566,-2.823,
89,2.092,-2.593,
90,0.881,-1.372,
91,-0.189,-0.041,
92,0.46,0.533,
93,0.879,-2.268,
94,1.147,-0.067,
95,-0.895,-1.929,
96,-0.223,1.41,
97,0.799,-0.391,
98,-0.11,2.018,
99,1.008,0.449,
100,1.313,0.252,
101,0.06,-0.076,
102,-0.098,-0.059,
103,2.06,1.103,
104,0.159,-0.229,
105,-1.131,-0.119,
106,-0.421,-0.508,
107,0.492,1.259,
108,1.737,-2.556,
109,0.381,-0.634,
110,0.483,-0.05,
111,0.834,0.519,
112,0.128,-0.521,
113,0.567,-0.506,
114,-1.574,-0.364,
115,-0.651,0.181,
116,0.122,-0.246,
117,1.142,0.479,
118,0.506,1.878,
119,-0.79,-0.99,
120,0.934,-1.465,
121,-0.532,-1.004,
122,1.093,-0.75,
123,-1.05,-0.582,
124,0.24,-0.153,
125,0.425,-2.904,
126,0.601,-1.217,
127,-0.428,-1.804,
128,-0.217,0.621,
129,-0.384,-1.109,
130,2.176,-0.489,
131,0.304,-0.737,
132,-0.492,0.097,
133,0.141,0.661,
134,-0.861,-0.948,
135,0.496,-2.263,
136,1.841,0.243,
137,1.022,-0.013,
138,-0.247,-0.349,
139,1.009,0.728,
140,-0.415,-0.007,
141,0.828,1.053,
142,1.585,-0.11,
143,1.391,-0.623,
144,0.421,-0.594,
145,0.245,-0.86,
146,0.022,0.806,
147,0.981,-0.829,
148,0.763,-1.097,
149,1.201,0.006,
150,0.99,-0.745,
151,-0.001,-0.49,
152,-0.287,-1.052,
153,1.291,-0.494,
154,0.366,-0.747,
155,0.042,-0.779,
156,0.002,0.271,
157,0.835,-1.651,
158,0.151,-1.475,
159,0.38,-0.396,
160,-0.101,-0.232,
161,-0.131,-1.806,
162,-0.759,-0.463,
163,1.301,-1.446,
