1,0.23,-0.692,
2,0.606,-0.272,
3,1.959,0.341,
4,0.596,0.688,
5,-1.326,0.335,
6,-3.44,2.352,
7,0.644,-1.347,
8,-1.128,-0.472,
9,0.089,-0.501,
10,0.036,1.145,
11,1.082,-1.35,
12,-0.084,-1.359,
13,-1.63,0.945,
14,-2.51,-0.622,
15,-1.73,-3.287,
16,0.552,0,
17,-1.554,-0.039,
18,1.158,0.2,
19,0.654,-0.237,
20,-1.375,-0.395,
21,0.718,0.452,
22,-1.366,-1.067,
23,0.025,1.054,
24,-0.56,1.022,
25,-0.011,0.42,
26,-1.004,0.622,
27,0.733,0.236,
28,1.541,-1.633,
29,-0.586,0.564,
30,1.207,-0.865,
31,-0.059,-0.338,
32,-0.085,-0.813,
33,-0.405,-0.024,
34,-0.305,-0.15,
35,-0.061,1.266,
36,1.845,-0.103,
37,0.075,0.286,
38,2.016,-0.778,
39,2.284,-0.111,
40,0.158,-1.057,
41,0.27,0.254,
42,1.583,0.31,
43,-0.545,-0.038,
44,0.208,0.089,
45,-1.712,1.502,
46,0.47,0.574,
47,-0.747,0.341,
48,0.393,-1.501,
49,0.777,-0.167,
50,1.647,-0.58,
51,-0.409,-1.825,
52,-0.245,0.04,
53,1.361,-0.287,
54,0.306,0.545,
55,-0.933,0.004,
56,1.796,0.131,
57,0.23,0.258,
58,0.104,1.184,
59,-0.26,0.224,
60,0.082,0.074,
61,-0.707,-0.264,
62,3.216,-1.209,
63,1.12,-0.08,
64,-0.446,-1.828,
65,1.813,1.195,
66,-0.301,0.421,
67,1.042,-0.02,
68,2.067,-0.717,
69,1.342,0.113,
70,0.46,0.354,
71,2.492,0.827,
72,0.363,-1.137,
73,-1.477,-0.677,
74,-0.425,0.37,
75,-2.018,-1.96,
76,-0.424,-1.562,
77,0.247,0.167,
78,-0.061,0.299,
79,-0.357,1.438,
80,-0.865,-1.558,
81,-0.564,0.292,
82,-2.69,-0.427,
83,-1.023,-0.973,
84,1.024,2.407,
85,0.672,-0.576,
86,-0.044,-2.302,
87,-1.821,0.521,
88,0.849,-2.757,
89,1.963,-2.107,
90,0.616,-1.077,
91,-0.151,-0.033,
92,0.435,0.523,
93,1.205,-1.918,
94,1.323,0.029,
95,-0.801,-1.789,
96,-0.31,1.348,
97,0.44,-0.379,
98,0.154,2.165,
99,0.928,0.839,
100,1.629,0.324,
101,-0.051,-0.093,
102,-0.68,0.332,
103,2.027,1.019,
104,-0.09,-0.185,
105,-1.348,0.313,
106,-0.68,-0.488,
107,0.389,1.508,
108,1.451,-2.498,
109,0.349,-0.621,
110,0.304,-0.129,
111,1.187,0.382,
112,0.491,-0.484,
113,0.424,-0.389,
114,-1.702,-0.205,
115,-0.711,0.662,
116,-0.045,-0.125,
117,0.969,0.697,
118,0.465,1.847,
119,-0.947,-1.176,
120,0.936,-1.26,
121,-0.822,-0.826,
122,0.945,-0.663,
123,-1.184,-0.177,
124,0.262,0.002,
125,0.37,-2.87,
126,0.4,-1.083,
127,-0.402,-1.507,
128,-0.015,0.773,
129,-0.386,-0.969,
130,2.432,-0.629,
131,0.304,-1.119,
132,-0.553,0.413,
133,0.014,0.75,
134,-1.222,-1.025,
135,0.573,-2.271,
136,1.494,0.685,
137,0.964,0.18,
138,-0.245,-0.37,
139,0.966,1.324,
140,-0.337,0.172,
141,0.868,1.337,
142,1.728,0.104,
143,1.08,-0.7,
144,0.608,-0.705,
145,0.273,-0.689,
146,0.021,0.471,
147,1.181,-0.717,
148,0.776,-1.032,
149,1.063,-0.038,
150,1.11,-0.863,
151,-0.378,-0.396,
152,-0.261,-1.141,
153,0.913,-0.629,
154,0.536,-0.114,
155,0.048,-0.619,
156,-0.451,0.108,
157,0.15,-1.915,
158,0.029,-1.726,
159,0.264,-0.204,
160,-0.014,-0.067,
161,-0.036,-1.466,
162,-0.747,-0.226,
163,1.261,-1.355,
