1,0.361,-0.905,
2,0.778,-0.486,
3,1.85,0.048,
4,0.674,0.349,
5,-1.09,0.206,
6,-2.958,2.175,
7,-0.047,-1.377,
8,-0.88,-1.258,
9,-0.038,-0.519,
10,-0.08,1.071,
11,1.412,-1.246,
12,-0.122,-1.663,
13,-1.369,0.821,
14,-2.63,-0.342,
15,-1.331,-3.616,
16,0.612,-0.058,
17,-1.529,-0.144,
18,1.882,0.011,
19,0.698,-0.896,
20,-1.262,-0.715,
21,1.049,0.339,
22,-1.09,-1.484,
23,0.179,1.534,
24,-0.521,0.643,
25,-0.477,0.675,
26,-1.395,0.647,
27,0.927,-0.395,
28,1.44,-2.547,
29,-0.489,0.416,
30,1.731,-1.171,
31,-0.148,-0.421,
32,-0.144,-1,
33,-0.542,-0.138,
34,-0.117,-0.617,
35,-0.004,1.726,
36,1.838,-0.75,
37,0.155,0.277,
38,2.376,-1.163,
39,2.443,-0.494,
40,0.493,-1.351,
41,0.119,0.513,
42,1.638,0.298,
43,-0.357,-0.121,
44,0.014,0.377,
45,-2.125,1.714,
46,0.483,0.088,
47,-0.67,-0.017,
48,0.498,-1.358,
49,1.29,-0.175,
50,1.813,-1.044,
51,0.144,-2.345,
52,-0.557,-0.633,
53,1.728,-0.52,
54,0.37,0.492,
55,-0.932,-0.69,
56,1.949,0.41,
57,0.134,0.547,
58,0.273,1.425,
59,0.282,0.149,
60,0.438,0.207,
61,-1.004,-0.337,
62,2.79,-1.426,
63,1.063,-0.52,
64,-0.553,-2.052,
65,1.622,1.577,
66,-0.134,0.436,
67,1.328,-0.287,
68,1.787,-1.565,
69,1.824,-0.091,
70,0.623,0.055,
71,2.658,1.119,
72,0.624,-1.151,
73,-1.458,-1.063,
74,-0.14,0.409,
75,-1.493,-2.279,
76,-0.562,-1.961,
77,0.274,0.209,
78,0.081,-0.066,
79,-0.767,1.099,
80,-0.579,-1.776,
81,-1.249,-0.096,
82,-3.152,-0.942,
83,-0.844,-1.021,
84,1.464,2.706,
85,1.098,-0.326,
86,0.305,-2.516,
87,-1.786,0.369,
88,1.562,-2.985,
89,1.922,-2.994,
90,1.091,-1.612,
91,-0.485,-0.022,
92,0.568,0.838,
93,1.259,-2.539,
94,0.982,-0.128,
95,-1.132,-2.088,
96,-0.24,1.865,
97,0.809,-0.142,
98,-0.318,2.368,
99,1.23,0.692,
100,1.582,0.368,
101,0.018,-0.088,
102,0.123,-0.092,
103,2.261,1.272,
104,0.348,-0.22,
105,-1.559,0.042,
106,-0.481,-0.5,
107,0.396,1.419,
108,1.911,-2.802,
109,0.267,-0.309,
110,0.438,0.089,
111,1.042,0.985,
112,0.288,-0.454,
113,0.556,-0.644,
114,-1.583,-0.18,
115,-0.848,0.224,
116,0.323,-0.078,
117,1.011,0.621,
118,0.725,2.345,
119,-1.119,-1.279,
120,1.234,-1.532,
121,-0.608,-1.123,
122,1.051,-0.865,
123,-1.089,-0.544,
124,0.325,-0.304,
125,0.673,-2.954,
126,0.825,-1.24,
127,-0.736,-1.949,
128,-0.231,0.722,
129,-0.623,-0.903,
130,2.445,-0.441,
131,0.495,-0.902,
132,-0.607,0.246,
133,0.263,0.952,
134,-1.049,-1.139,
135,0.414,-2.578,
136,2.446,0.613,
137,1.309,0.025,
138,-0.334,-0.415,
139,1.19,0.829,
140,-0.525,0.062,
141,1.008,1.164,
142,1.707,-0.028,
143,1.614,-0.638,
144,0.516,-0.509,
145,0.319,-0.784,
146,-0.078,1.006,
147,1.159,-0.992,
148,0.789,-1.294,
149,1.215,0.277,
150,1.171,-0.914,
151,-0.005,-0.45,
152,-0.237,-1.129,
153,1.556,-0.575,
154,0.449,-0.859,
155,0.031,-0.897,
156,-0.093,0.127,
157,0.98,-1.54,
158,-0.07,-1.42,
159,0.445,-0.494,
160,-0.075,-0.336,
161,-0.124,-1.879,
162,-0.899,-0.586,
163,1.522,-1.41,
