1,0.585,-0.369,
2,0.313,-0.926,
3,0.189,-0.722,
4,0.504,-0.5,
5,-0.017,-0.335,
6,-0.99,-0.444,
7,0.416,-0.037,
8,0.864,-0.448,
9,0.001,-1.007,
10,-0.202,0.267,
11,0.636,-0.142,
12,0.538,-1.326,
13,0.838,-0.262,
14,0.074,-0.46,
15,-0.053,-0.776,
16,0.53,-0.95,
17,-0.039,-0.407,
18,0.56,-0.641,
19,0.374,-0.472,
20,0.191,-0.602,
21,0.508,-0.767,
22,0.086,-1.02,
23,0.453,-0.599,
24,0.251,-0.858,
25,-0.053,-0.183,
26,0.254,-0.174,
27,0.705,-0.818,
28,0.33,-0.959,
29,0.19,-0.41,
30,0.617,-0.171,
31,0.264,0.038,
32,0.32,-0.87,
33,0.148,-0.622,
34,-0.148,-0.996,
35,0.499,0.572,
36,0.198,-0.632,
37,0.429,-0.566,
38,0.756,-0.747,
39,0.289,-0.71,
40,0.317,-0.792,
41,0.407,-0.05,
42,0.63,0.004,
43,0.492,-0.41,
44,0.582,0.109,
45,-0.025,-0.176,
46,0.445,-0.243,
47,-0.324,-0.927,
48,0.957,-0.494,
49,0.437,-0.914,
50,0.283,-0.975,
51,0.5,-0.759,
52,0.083,-0.883,
53,0.672,-1.034,
54,0.468,-0.323,
55,-0.223,-1.445,
56,0.139,-0.012,
57,0.227,-0.634,
58,0.251,0.204,
59,0.222,-1.012,
60,0.392,-0.301,
61,0.199,-0.376,
62,1.032,-0.486,
63,-0.007,-0.774,
64,-0.11,-1.062,
65,0.433,-0.565,
66,0.567,0.133,
67,0.063,-1.228,
68,0.451,-0.594,
69,0.447,-0.018,
70,0.219,-0.913,
71,0.382,-0.515,
72,0.659,-0.403,
73,-0.119,-0.422,
74,0.811,-0.128,
75,0.016,-0.844,
76,0.149,-0.504,
77,0.057,-0.603,
78,0.163,-0.751,
79,-0.676,-0.367,
80,0.094,-1.239,
81,-0.131,-0.576,
82,0.527,-0.506,
83,0.505,-0.809,
84,0.223,-0.527,
85,0.615,-0.262,
86,0.307,-0.049,
87,0.21,-0.871,
88,0.713,-0.258,
89,0.577,-0.613,
90,0.599,-1.087,
91,0.063,-0.043,
92,0.16,-0.486,
93,-0.513,-0.332,
94,-0.03,-0.251,
95,0.247,-0.902,
96,0.315,-0.731,
97,1.029,-0.494,
98,-0.719,-1.242,
99,0.433,-0.8,
100,-0.073,-0.601,
101,0.2,-0.181,
102,0.334,-0.852,
103,0.254,0.126,
104,0.351,-0.459,
105,0.062,-1.117,
106,0.187,-0.428,
107,0.591,0.362,
108,0.185,-0.99,
109,0.249,-0.606,
110,0.807,-0.315,
111,0.005,-0.09,
112,-0.749,-0.74,
113,0.347,-0.764,
114,-0.166,-0.752,
115,0.219,-1.928,
116,0.522,-0.912,
117,0.531,-0.462,
118,0.108,-0.672,
119,0.16,-0.383,
120,0.276,-1.016,
121,0.272,-0.742,
122,0.71,-0.436,
123,-0.231,-1.465,
124,0.48,-0.745,
125,0.099,-1.266,
126,0.661,-0.744,
127,0.244,-0.986,
128,-0.169,-0.168,
129,0.075,-0.881,
130,0.322,-0.286,
131,0.522,0.365,
132,-0.208,-0.692,
133,0.131,-0.671,
134,0.251,-0.288,
135,0.018,-1.01,
136,0.504,-0.761,
137,-0.249,-0.547,
138,-0.078,-0.483,
139,-0.045,-1.192,
140,-0.008,-0.645,
141,0.1,-1.375,
142,0.115,-1.014,
143,0.38,-0.271,
144,0.187,-0.496,
145,-0.08,-0.969,
146,0.687,0.022,
147,0.192,-0.576,
148,-0.262,-0.489,
149,0.245,-2.13,
150,-0.751,-0.602,
151,1.06,-0.227,
152,-0.189,-0.203,
153,0.549,-0.559,
154,-0.029,-1.191,
155,-0.037,-0.789,
156,-0.129,-0.357,
157,0.052,-0.832,
158,0.768,-0.506,
159,0.126,-0.825,
160,-0.032,-0.562,
161,0.148,-0.88,
162,0.093,-0.566,
163,0.83,-1.594,
