1,-0.088,-0.459,
2,0.305,0.061,
3,1.674,0.452,
4,0.364,0.696,
5,-0.299,0.38,
6,-2.405,1.396,
7,0.549,-0.931,
8,-1.152,-0.104,
9,0.215,-0.397,
10,0.092,0.673,
11,0.961,-1.023,
12,0,-0.644,
13,-1.001,-0.118,
14,-1.079,-1.065,
15,-1.02,-2.166,
16,0.407,0.018,
17,-1.155,0.096,
18,0.292,0.382,
19,0.063,0.437,
20,-0.856,0.016,
21,0.218,0.754,
22,-1.004,-0.164,
23,-0.127,0.438,
24,-0.534,1.09,
25,0.386,0.056,
26,-0.231,0.314,
27,0.418,0.728,
28,1.092,-0.587,
29,-0.567,0.463,
30,0.667,-0.098,
31,0.083,-0.176,
32,-0.081,-0.512,
33,0.086,0.157,
34,-0.226,0.152,
35,-0.155,0.502,
36,1.398,0.535,
37,0.029,0.244,
38,0.917,-0.382,
39,1.283,-0.004,
40,-0.089,-0.526,
41,0.302,0.075,
42,0.843,-0.277,
43,-1.196,0.008,
44,0.175,-0.227,
45,-0.816,0.873,
46,0.223,0.291,
47,-0.368,0.275,
48,0.208,-1.209,
49,0.081,0.085,
50,1.147,-0.167,
51,-0.96,-0.72,
52,0.071,0.537,
53,0.487,-0.035,
54,0.424,0.352,
55,-0.495,0.31,
56,1.076,-0.021,
57,0.082,0.072,
58,-0.104,0.715,
59,-0.586,-0.133,
60,-0.336,-0.018,
61,-0.374,-0.306,
62,2.097,-0.737,
63,0.522,0.325,
64,-0.04,-0.974,
65,1.576,0.761,
66,-0.335,0.199,
67,0.576,0.141,
68,1.428,-0.253,
69,1.024,0.289,
70,0.194,0.252,
71,1.639,0.275,
72,0.035,-0.775,
73,-0.881,0.164,
74,-0.405,0.409,
75,-1.252,-0.894,
76,0.036,-0.638,
77,0.128,0.201,
78,-0.068,0.584,
79,-0.078,1.32,
80,-0.88,-0.788,
81,-0.034,0.262,
82,-1.064,-0.045,
83,-0.715,-0.529,
84,0.751,1.264,
85,0.148,-0.514,
86,-0.137,-1.509,
87,-1.289,0.328,
88,0.771,-1.771,
89,0.629,-0.025,
90,0.065,-0.316,
91,-0.011,0.215,
92,0.23,0.285,
93,0.793,-0.83,
94,0.978,0.078,
95,-0.384,-0.684,
96,-0.188,0.176,
97,-0.043,-0.376,
98,0.339,0.897,
99,0.49,0.772,
100,1.369,0.085,
101,-0.149,-0.129,
102,-0.75,0.7,
103,1.314,0.455,
104,-0.704,-0.063,
105,-0.791,0.307,
106,-0.767,-0.639,
107,0.332,1.176,
108,0.413,-1.4,
109,0.146,-0.521,
110,0.258,-0.401,
111,0.951,-0.176,
112,0.45,-0.463,
113,0.14,0.088,
114,-1.136,-0.116,
115,-0.534,0.718,
116,-0.09,-0.08,
117,0.538,0.939,
118,0.166,0.869,
119,-0.571,-0.864,
120,0.487,-0.768,
121,-0.779,-0.739,
122,0.473,-0.321,
123,-0.865,0.188,
124,0.059,0.303,
125,0.411,-1.959,
126,-0.221,-0.856,
127,-0.062,-0.707,
128,0.114,0.739,
129,-0.308,-0.743,
130,1.737,-0.464,
131,-0.183,-0.81,
132,-0.424,0.438,
133,-0.169,0.356,
134,-1.173,-0.742,
135,0.778,-1.178,
136,0.449,0.606,
137,0.45,0.188,
138,-0.082,-0.225,
139,0.39,1.025,
140,-0.077,0.228,
141,0.289,1.454,
142,0.906,-0.022,
143,0.338,-0.538,
144,0.866,-0.774,
145,0.766,-0.462,
146,0.02,-0.029,
147,0.927,-0.261,
148,0.434,-0.539,
149,0.295,-0.012,
150,0.483,-0.49,
151,-0.623,-0.231,
152,-0.207,-0.752,
153,0.171,-0.324,
154,0.5,0.526,
155,0.107,-0.262,
156,-0.457,0.157,
157,-0.197,-1.116,
158,0.061,-0.422,
159,-0.06,-0.031,
160,-0.036,0.205,
161,0.221,-0.667,
162,-0.51,0.012,
163,0.88,-1.049,
