1,-1.417,-0.337,
2,-0.194,-0.205,
3,0.351,-0.23,
4,0.04,-0.017,
5,-1.048,-1.097,
6,-0.143,-0.23,
7,0.604,-0.007,
8,0.144,-0.473,
9,0.07,-0.385,
10,-0.811,-0.153,
11,-0.208,0.309,
12,1.017,0.077,
13,0.153,-0.386,
14,0.155,-0.185,
15,-0.052,-0.387,
16,0.07,-0.141,
17,-0.2,0.306,
18,-0.294,0.45,
19,-0.216,0.239,
20,-1.248,-0.258,
21,0.067,0.067,
22,-0.091,0.536,
23,0.015,-0.35,
24,-0.126,0.229,
25,0.193,0.382,
26,0.186,-0.311,
27,0.009,0.483,
28,0.033,0.063,
29,-0.304,0.481,
30,0.39,0.49,
31,-0.233,-0.855,
32,0.636,0.184,
33,0.631,-0.229,
34,0.115,-0.162,
35,-0.23,-0.114,
36,0.142,0.17,
37,0.011,0.116,
38,-0.006,0.263,
39,1.077,0.663,
40,-0.485,-0.505,
41,-0.033,-0.278,
42,-0.181,0.169,
43,0.454,-0.12,
44,-0.215,-0.071,
45,0.289,0.07,
46,0.147,-0.147,
47,-0.149,-0.039,
48,0.557,-0.067,
49,-0.48,0.113,
50,-0.075,-0.131,
51,-0.238,-0.28,
52,0.409,-0.33,
53,0.324,-0.004,
54,0.482,1.095,
55,0.586,-0.279,
56,-0.181,0.459,
57,-0.73,0.414,
58,-0.413,-0.911,
59,0.147,0.034,
60,-0.26,0.226,
61,0.109,0.354,
62,0.598,-0.341,
63,-1.256,-0.905,
64,-0.055,-0.163,
65,0.291,-0.639,
66,0.523,-0.142,
67,-0.084,0.099,
68,0.022,0.12,
69,1.138,0.392,
70,-0.547,0.84,
71,0.168,0.349,
72,0.693,-0.278,
73,0.908,-0.274,
74,0.44,0.106,
75,0.06,0.369,
76,0.425,-0.261,
77,0.312,0.397,
78,0.301,0.168,
79,0.385,-0.161,
80,0.069,0.012,
81,0.637,-0.432,
82,0.087,-0.035,
83,0.096,0.08,
84,0.292,0.032,
85,-0.672,-0.373,
86,-0.644,-0.178,
87,-0.671,-0.407,
88,0.423,0.258,
89,0.415,0.111,
90,0.104,0.059,
91,0.234,0.106,
92,-0.076,0.112,
93,-0.172,0.501,
94,0.45,0.339,
95,-0.695,0.828,
96,0.375,-0.469,
97,0.211,-0.082,
98,-0.02,-0.609,
99,0.019,-0.898,
100,1.5,1.035,
101,0.728,0.253,
102,-0.42,0.073,
103,-1.427,-0.546,
104,0.566,0.355,
105,-0.257,0.134,
106,-1.474,-0.775,
107,-0.204,0.087,
108,0.148,-0.185,
109,0.395,-0.449,
110,-0.213,-0.124,
111,-0.1,-0.618,
112,-0.628,0.091,
113,0.259,0.326,
114,0.873,0.989,
115,0.341,0.471,
116,0.626,0.691,
117,0.278,-0.619,
118,0.392,0.02,
119,-0.064,-0.353,
120,0.113,-0.335,
121,0.068,-0.088,
122,0.409,0.164,
123,-0.283,0.454,
124,0.032,-1.033,
125,0.181,-0.179,
126,0.594,0.171,
127,0.405,0.517,
128,-0.097,0.482,
129,0.608,0.23,
130,0.523,-0.14,
131,-0.438,0.441,
132,0.857,-0.794,
133,0.246,-1.11,
134,-0.218,-0.205,
135,0.101,0.268,
136,0.311,0.486,
137,0.388,0.565,
138,0.832,0.21,
139,-0.203,-0.165,
140,-0.229,-0.128,
141,-0.5,0.575,
142,0.128,0.774,
143,-0.624,0.382,
144,1.128,-0.869,
145,-0.093,-0.11,
146,-0.599,-0.387,
147,0.081,0.28,
148,0.017,-0.116,
149,0.293,0.143,
150,-0.359,-0.168,
151,0.357,0.587,
152,0.501,-0.778,
153,0.391,-1.314,
154,0.015,0.107,
155,-0.259,0.2,
156,-0.098,0.779,
157,0.034,-0.498,
158,-0.031,-0.148,
159,-0.889,0.149,
160,-0.184,0.258,
161,-0.045,-0.065,
162,-0.259,0.449,
163,0.211,-0.414,
