1,0.544,-0.499,
2,0.905,-1.186,
3,0.308,-1.177,
4,1.268,0.179,
5,0.675,-1.128,
6,-0.703,-0.543,
7,2.14,-0.043,
8,1.309,-1.097,
9,1.141,-2.141,
10,-0.508,-0.901,
11,1.397,-0.033,
12,1.029,-0.955,
13,1.578,-1.064,
14,0.733,-0.642,
15,-0.163,-0.808,
16,0.715,-1.143,
17,0.868,-0.143,
18,1.107,-1.001,
19,1.362,-0.932,
20,0.638,-1.446,
21,0.652,-1.466,
22,-0.241,-0.815,
23,1.078,-1.033,
24,0.746,-0.961,
25,1.14,-0.35,
26,1.171,-0.855,
27,1.236,-0.764,
28,0.935,-0.59,
29,0.539,-0.284,
30,0.083,-1.008,
31,1.208,-1.078,
32,1.039,-0.302,
33,1.194,-1.033,
34,0.432,-0.963,
35,1.418,-0.262,
36,0.642,-0.745,
37,0.954,-0.51,
38,0.328,-0.526,
39,1.131,-0.528,
40,1.168,-0.716,
41,1.544,-0.731,
42,2.836,-0.602,
43,1.686,-0.084,
44,1.058,-0.231,
45,0.5,-0.204,
46,0.961,-1.107,
47,0.164,-1.094,
48,2.091,-0.541,
49,0.454,-0.988,
50,1.093,-0.901,
51,1.014,-1.101,
52,0.164,-0.906,
53,1.392,-2.07,
54,0.894,0.285,
55,0.923,-1.944,
56,1.499,-1.313,
57,0.445,-1.122,
58,0.576,-0.537,
59,0.397,-1.1,
60,0.788,-0.596,
61,1.083,-0.663,
62,2.162,-0.863,
63,0.39,-1.054,
64,0.522,-1.016,
65,1.344,-1.265,
66,1.461,-0.167,
67,0.606,-1.094,
68,0.268,-0.534,
69,1.585,-0.13,
70,0.465,-0.65,
71,0.485,-0.523,
72,2.016,-0.962,
73,1.194,-1.249,
74,1.159,-0.839,
75,0.459,-1.17,
76,1.227,-0.863,
77,1.023,-1.059,
78,0.734,-1.262,
79,0.627,-1.388,
80,0.935,-1.342,
81,0.355,-0.735,
82,1.135,-0.382,
83,0.417,-1.019,
84,0.652,-0.638,
85,1.096,-0.714,
86,0.507,-0.607,
87,-0.14,-2.275,
88,1.33,-0.043,
89,1.104,-0.563,
90,1.851,-0.42,
91,1.198,0.11,
92,0.719,-1.363,
93,-0.046,-0.152,
94,0.707,-0.394,
95,0.846,0.071,
96,1.109,-1.922,
97,1.607,-0.566,
98,0.361,-1.88,
99,0.468,-1.305,
100,1.552,-0.333,
101,1.16,0.122,
102,0.359,-1.351,
103,0.059,-0.352,
104,1.443,-1.027,
105,0.449,-1.001,
106,-0.245,-0.764,
107,1.83,0.075,
108,0.758,-1.324,
109,1.047,-0.749,
110,0.783,-0.519,
111,0.49,-1.149,
112,0.158,-1.063,
113,0.859,-0.487,
114,1.076,-1.198,
115,1.089,-1.303,
116,0.967,-1.025,
117,1.237,-1.234,
118,1.425,-0.576,
119,0.569,-1.04,
120,0.767,-1.807,
121,1.164,-0.05,
122,1.734,-1.028,
123,0.722,-1.469,
124,1.092,-1.64,
125,0.409,-1.375,
126,1.475,-0.45,
127,1.666,-0.645,
128,0.842,-0.426,
129,1.501,-0.877,
130,0.882,-0.409,
131,1.315,0.465,
132,0.974,-1.272,
133,0.734,-0.051,
134,0.712,-0.278,
135,1.009,-0.809,
136,0.723,-0.833,
137,0.441,-0.759,
138,1.017,-0.893,
139,0.37,-1.351,
140,0.663,-0.841,
141,0.603,-1.577,
142,1.144,-0.931,
143,1.287,0.01,
144,0.938,-0.583,
145,-0.3,-1.234,
146,1.177,-0.709,
147,0.907,-0.749,
148,0.4,-1.871,
149,1.687,-1.481,
150,-0.374,-0.497,
151,2.385,-0.757,
152,0.771,-1.009,
153,1.232,-1.586,
154,0.594,-1.091,
155,1.017,-1.635,
156,0.485,-0.34,
157,0.114,-1.958,
158,1.563,-0.866,
159,0.416,-1.066,
160,1.188,-0.973,
161,1.151,-0.594,
162,1.301,-0.467,
163,1.267,-1.711,
