1,-1.255,-0.398,
2,-0.003,-1.269,
3,0.36,-1.078,
4,0.703,0.345,
5,-1.079,-2.34,
6,-1.12,-0.258,
7,2.506,0.647,
8,0.666,-1.514,
9,0.741,-1.878,
10,-1.398,-1.289,
11,0.544,0.617,
12,1.2,0.01,
13,1.107,-1.034,
14,0.633,-0.195,
15,-0.758,-0.857,
16,0.094,-0.769,
17,0.751,0.284,
18,0.403,-0.217,
19,0.671,-0.47,
20,-1.431,-1.49,
21,0.341,-0.953,
22,-0.261,0.439,
23,0.671,-0.873,
24,0.29,-0.304,
25,0.93,0.422,
26,0.38,-0.948,
27,0.144,-0.25,
28,0.588,-0.139,
29,-0.092,0.722,
30,-0.336,-0.463,
31,0.275,-2.115,
32,1.582,0.717,
33,1.922,-0.797,
34,0.514,-0.663,
35,0.736,-0.501,
36,0.457,-0.394,
37,0.421,-0.041,
38,0.024,0.626,
39,1.72,1.112,
40,0.165,-0.873,
41,0.564,-0.991,
42,1.777,0.065,
43,1.322,0.156,
44,-0.069,0.073,
45,0.221,0.341,
46,0.369,-0.863,
47,-0.455,-0.366,
48,2.066,0.09,
49,-0.702,-0.455,
50,0.886,-0.236,
51,0.301,-0.836,
52,0.521,-0.659,
53,1.404,-1.434,
54,0.704,2.232,
55,1.282,-1.45,
56,0.991,-0.795,
57,-0.937,0.011,
58,-0.3,-1.059,
59,0.096,-0.267,
60,0.051,-0.074,
61,1.073,0.38,
62,1.556,-0.855,
63,-0.571,-2.086,
64,-0.201,-0.855,
65,1.288,-1.61,
66,1.676,-0.245,
67,0.402,-0.404,
68,-0.32,0.367,
69,2.084,0.491,
70,-0.048,0.951,
71,0.337,0.404,
72,2.445,-0.904,
73,1.808,-1.524,
74,0.801,-0.519,
75,-0.042,-0.182,
76,1.371,-0.917,
77,1.231,-0.195,
78,0.715,-1.314,
79,1.18,-1.475,
80,1.164,-0.57,
81,0.62,-1.137,
82,0.676,-0.311,
83,-0.412,-0.515,
84,0.505,-0.238,
85,0.23,-0.758,
86,-0.821,-0.258,
87,-1.489,-2.084,
88,1.552,0.574,
89,1.071,-0.092,
90,1.805,0.032,
91,0.735,0.205,
92,0.123,-1.013,
93,-0.688,0.602,
94,1.057,0.264,
95,-0.421,1.538,
96,1.17,-2.043,
97,1.327,-0.152,
98,0.296,-2.108,
99,0.003,-2.048,
100,3.628,1.649,
101,1.658,0.942,
102,-0.254,-0.843,
103,-2.528,-0.314,
104,1.954,-0.282,
105,-0.182,-0.387,
106,-2.246,-0.712,
107,0.866,0.146,
108,0.056,-0.648,
109,1.23,-0.605,
110,-0.345,-0.42,
111,-0.314,-1.667,
112,-0.545,-0.578,
113,0.963,0.257,
114,2,0.411,
115,1.687,0.059,
116,1.173,0.265,
117,0.841,-1.744,
118,1.697,0.04,
119,0.006,-1.317,
120,0.459,-1.761,
121,1.398,0.412,
122,1.642,-0.41,
123,0.294,-0.044,
124,0.467,-2.451,
125,0.345,-0.811,
126,1.455,0.602,
127,1.481,0.918,
128,0.399,0.169,
129,1.533,-0.188,
130,0.987,-0.521,
131,0.234,1.068,
132,1.831,-1.8,
133,0.834,-1.199,
134,0.336,-0.462,
135,0.419,0.171,
136,0.846,0.456,
137,0.493,0.234,
138,1.6,-0.228,
139,-0.333,-0.647,
140,-0.057,-0.632,
141,-0.062,-0.354,
142,0.585,1.01,
143,-0.132,0.722,
144,1.245,-0.852,
145,-0.887,-0.928,
146,-0.038,-0.982,
147,0.495,-0.148,
148,0.297,-1.434,
149,1.562,-0.041,
150,-0.542,0.388,
151,2.304,-0.041,
152,0.541,-1.348,
153,1.217,-2.522,
154,0.221,-0.512,
155,-0.028,-0.697,
156,0.518,0.879,
157,-0.25,-1.921,
158,0.699,-1.395,
159,-1.096,-0.347,
160,0.573,-0.627,
161,0.277,0,
162,0.69,0.66,
163,0.601,-1.45,
