1,0.801,-0.202,
2,0.453,-0.897,
3,0.532,-0.57,
4,0.617,-0.261,
5,-0.396,-0.047,
6,-1.315,0.242,
7,0.206,0.289,
8,0.356,-0.616,
9,-0.056,-0.772,
10,-0.282,0.659,
11,0.901,-0.327,
12,0.375,-1.697,
13,0.186,0.749,
14,-0.328,-0.37,
15,-0.35,-1.371,
16,0.891,-0.695,
17,-0.527,-0.249,
18,1.169,-0.502,
19,0.522,-0.729,
20,-0.222,-0.773,
21,1.157,-0.832,
22,-0.108,-1.49,
23,0.448,0.709,
24,0.054,-0.71,
25,-0.437,0.241,
26,-0.432,0.058,
27,0.79,-1.118,
28,0.591,-1.654,
29,0.033,-0.229,
30,1.222,-0.707,
31,0.104,-0.119,
32,0.208,-0.948,
33,-0.374,-0.548,
34,-0.073,-1,
35,0.379,1.191,
36,0.627,-1.008,
37,0.358,-0.282,
38,1.573,-0.779,
39,0.784,-0.848,
40,0.414,-1.098,
41,0.164,0.257,
42,0.789,0.214,
43,0.419,-0.299,
44,0.398,0.43,
45,-1.049,0.488,
46,0.669,0.041,
47,-0.427,-0.829,
48,0.769,-0.578,
49,1.149,-0.689,
50,0.749,-0.93,
51,0.622,-1.316,
52,-0.27,-1.261,
53,1.156,-0.935,
54,0.671,-0.157,
55,-0.573,-1.371,
56,0.359,0.292,
57,0.247,-0.408,
58,0.43,0.645,
59,0.62,-0.703,
60,0.635,0.083,
61,-0.187,-0.259,
62,2.099,-0.634,
63,-0.057,-0.958,
64,-0.056,-1.233,
65,0.39,0.096,
66,0.44,0.251,
67,0.537,-1.088,
68,0.945,-0.858,
69,0.801,0.004,
70,0.331,-0.843,
71,0.982,-0.164,
72,0.655,-0.452,
73,-0.56,-0.496,
74,0.866,0.152,
75,-0.462,-1.294,
76,-0.221,-0.892,
77,0.105,-0.297,
78,0.45,-0.744,
79,-0.714,0.022,
80,0.078,-1.376,
81,-0.655,-0.46,
82,-0.337,-0.752,
83,0.244,-1.191,
84,0.559,0.53,
85,0.696,-0.173,
86,0.59,-0.766,
87,-0.358,-0.465,
88,1.031,-0.763,
89,1.376,-1.088,
90,0.97,-1.43,
91,-0.097,0.041,
92,0.304,0.063,
93,-0.479,-1.398,
94,0.339,-0.201,
95,-0.254,-1.296,
96,0.314,0.02,
97,1.229,-0.541,
98,-0.602,-0.357,
99,0.765,-0.645,
100,0.12,-0.472,
101,0.226,-0.121,
102,0.111,-0.808,
103,0.994,0.601,
104,0.519,-0.325,
105,-0.281,-1.162,
106,0.097,-0.564,
107,0.582,0.448,
108,0.936,-1.445,
109,0.279,-0.596,
110,0.899,-0.431,
111,-0.226,0.097,
112,-0.691,-0.658,
113,0.637,-0.934,
114,-0.842,-0.608,
115,0.011,-1.644,
116,0.522,-0.731,
117,0.976,-0.278,
118,0.271,0.123,
119,-0.114,-0.324,
120,0.419,-1.419,
121,0.414,-0.928,
122,1.021,-0.483,
123,-0.589,-1.295,
124,0.295,-0.524,
125,0.24,-1.85,
126,0.706,-0.831,
127,-0.226,-1.576,
128,-0.382,0.078,
129,-0.09,-1.082,
130,0.738,-0.22,
131,0.607,0.082,
132,-0.249,-0.595,
133,0.27,-0.23,
134,0.098,-0.419,
135,0.47,-1.12,
136,1.203,-0.655,
137,0.257,-0.529,
138,-0.178,-0.38,
139,0.45,-0.782,
140,-0.304,-0.483,
141,0.418,-0.686,
142,0.719,-0.917,
143,0.885,-0.397,
144,0.411,-0.573,
145,0.204,-1.035,
146,0.283,0.62,
147,0.272,-0.777,
148,0.133,-0.839,
149,1.033,-1.268,
150,0.024,-0.847,
151,0.927,-0.351,
152,-0.207,-0.489,
153,1.111,-0.365,
154,-0.044,-1.599,
155,0.01,-0.925,
156,0.138,-0.349,
157,0.67,-1.205,
158,0.735,-1.169,
159,0.274,-0.914,
160,-0.266,-0.572,
161,-0.097,-1.615,
162,-0.333,-0.818,
163,0.81,-2.055,
