1,-1.562,-0.554,
2,0.274,-0.806,
3,0.344,-0.912,
4,0.704,0.608,
5,-1.258,-1.85,
6,-0.776,-0.427,
7,2.551,0.317,
8,0.785,-1.361,
9,0.748,-1.824,
10,-1.386,-1.341,
11,0.554,0.633,
12,1.223,0.029,
13,1.063,-0.93,
14,0.603,0.04,
15,-0.698,-1.199,
16,0.357,-0.367,
17,0.859,0.452,
18,0.419,-0.225,
19,0.658,-0.503,
20,-1.457,-1.537,
21,0.335,-0.975,
22,-0.285,0.461,
23,0.696,-0.876,
24,0.201,-0.179,
25,0.755,0.794,
26,0.545,-0.886,
27,0.133,-0.265,
28,0.599,-0.123,
29,-0.098,0.73,
30,-0.397,-0.526,
31,0.287,-2.166,
32,1.627,0.763,
33,1.99,-0.807,
34,0.531,-0.654,
35,0.765,-0.52,
36,0.312,-0.267,
37,0.6,0.039,
38,0.01,0.648,
39,1.739,1.141,
40,0.168,-0.901,
41,0.575,-1.012,
42,1.827,0.065,
43,1.348,0.194,
44,-0.073,0.074,
45,0.223,0.367,
46,0.365,-0.88,
47,-0.468,-0.359,
48,1.962,0.169,
49,-0.135,-0.449,
50,0.936,-0.227,
51,0.312,-0.85,
52,0.516,-0.614,
53,1.427,-1.462,
54,0.723,2.263,
55,1.321,-1.458,
56,1.012,-0.832,
57,-0.986,0.028,
58,-0.294,-1.063,
59,0.103,-0.246,
60,0.074,-0.124,
61,0.558,0.365,
62,1.485,-0.851,
63,-0.651,-2.151,
64,-0.231,-0.868,
65,1.297,-1.665,
66,1.707,-0.247,
67,0.431,-0.369,
68,-0.34,0.415,
69,2.102,0.471,
70,-0.033,1.008,
71,0.335,0.437,
72,2.538,-0.931,
73,1.823,-1.576,
74,0.661,-0.545,
75,0.225,-0.113,
76,1.623,-0.924,
77,1.256,-0.203,
78,0.747,-1.345,
79,1.23,-1.54,
80,1.192,-0.554,
81,0.646,-1.167,
82,0.689,-0.299,
83,-0.414,-0.53,
84,0.494,-0.225,
85,0.249,-0.777,
86,-0.854,-0.26,
87,-1.544,-2.097,
88,1.339,0.624,
89,0.934,0.028,
90,2.027,0.068,
91,0.759,0.236,
92,0.081,-1.025,
93,-0.722,0.618,
94,1.09,0.27,
95,-0.433,1.584,
96,1.177,-2.072,
97,1.339,-0.186,
98,0.319,-2.158,
99,-0.001,-2.082,
100,3.719,1.732,
101,1.594,1.02,
102,0.061,-1.097,
103,-2.01,-0.45,
104,1.944,-0.281,
105,-0.189,-0.382,
106,-2.269,-0.715,
107,0.879,0.174,
108,0.016,-0.618,
109,1.27,-0.623,
110,-0.377,-0.408,
111,-0.322,-1.687,
112,-0.536,-0.617,
113,0.982,0.303,
114,2.051,0.453,
115,1.145,0.065,
116,1.343,0.212,
117,0.842,-1.798,
118,1.739,0.049,
119,-0.029,-1.34,
120,0.476,-1.768,
121,1.464,0.431,
122,1.678,-0.404,
123,0.298,0.004,
124,0.479,-2.492,
125,0.335,-0.825,
126,1.49,0.664,
127,1.366,0.884,
128,0.571,0.05,
129,1.57,-0.173,
130,1.017,-0.532,
131,0.226,1.115,
132,1.868,-1.799,
133,0.841,-1.179,
134,0.337,-0.433,
135,0.429,0.212,
136,0.85,0.496,
137,0.492,0.243,
138,1.483,-0.383,
139,-0.029,-1.102,
140,0.003,-0.785,
141,-0.069,-0.35,
142,0.6,1.034,
143,-0.154,0.715,
144,1.241,-0.858,
145,-0.891,-0.945,
146,-0.055,-1.009,
147,0.443,-0.288,
148,0.031,-1.96,
149,1.64,0.345,
150,-0.492,0.322,
151,2.425,-0.238,
152,0.556,-1.336,
153,1.264,-2.564,
154,0.213,-0.535,
155,-0.081,-0.877,
156,0.4,0.681,
157,-0.185,-1.611,
158,0.604,-1.202,
159,-0.788,-0.848,
160,0.64,-0.854,
161,0.25,-0.138,
162,0.519,0.196,
163,0.839,-1.232,
