1,-1.469,-0.363,
2,-0.194,-0.199,
3,0.352,-0.176,
4,0.035,0.045,
5,-1.041,-1.104,
6,-0.099,-0.255,
7,0.603,-0.059,
8,0.134,-0.491,
9,0.099,-0.346,
10,-0.816,-0.156,
11,-0.209,0.311,
12,1.023,0.08,
13,0.117,-0.341,
14,0.173,-0.212,
15,-0.049,-0.433,
16,0.081,-0.129,
17,-0.172,0.364,
18,-0.294,0.451,
19,-0.22,0.237,
20,-1.258,-0.26,
21,0.065,0.067,
22,-0.094,0.542,
23,0.016,-0.352,
24,-0.156,0.285,
25,0.177,0.41,
26,0.228,-0.282,
27,0.008,0.488,
28,0.032,0.064,
29,-0.304,0.484,
30,0.384,0.487,
31,-0.238,-0.863,
32,0.643,0.186,
33,0.638,-0.23,
34,0.117,-0.163,
35,-0.231,-0.118,
36,0.098,0.205,
37,0.063,0.138,
38,-0.008,0.267,
39,1.084,0.672,
40,-0.492,-0.51,
41,-0.035,-0.282,
42,-0.186,0.174,
43,0.454,-0.118,
44,-0.218,-0.072,
45,0.293,0.071,
46,0.147,-0.148,
47,-0.15,-0.038,
48,0.51,-0.041,
49,-0.47,0.115,
50,-0.075,-0.132,
51,-0.237,-0.282,
52,0.413,-0.328,
53,0.325,-0.006,
54,0.487,1.101,
55,0.593,-0.281,
56,-0.181,0.458,
57,-0.737,0.419,
58,-0.415,-0.919,
59,0.146,0.038,
60,-0.26,0.224,
61,0.082,0.359,
62,0.593,-0.349,
63,-1.252,-0.92,
64,-0.059,-0.165,
65,0.29,-0.646,
66,0.526,-0.145,
67,-0.084,0.103,
68,0.02,0.123,
69,1.145,0.392,
70,-0.548,0.848,
71,0.17,0.352,
72,0.704,-0.283,
73,0.914,-0.281,
74,0.382,0.095,
75,0.105,0.394,
76,0.402,-0.262,
77,0.314,0.401,
78,0.304,0.166,
79,0.389,-0.166,
80,0.073,0.016,
81,0.645,-0.433,
82,0.087,-0.031,
83,0.097,0.079,
84,0.291,0.034,
85,-0.671,-0.376,
86,-0.651,-0.177,
87,-0.678,-0.406,
88,0.436,0.262,
89,0.379,0.137,
90,0.168,0.07,
91,0.234,0.107,
92,-0.081,0.113,
93,-0.176,0.504,
94,0.453,0.344,
95,-0.701,0.836,
96,0.375,-0.47,
97,0.216,-0.083,
98,-0.019,-0.615,
99,0.021,-0.903,
100,1.513,1.051,
101,0.678,0.273,
102,-0.388,0.044,
103,-1.434,-0.563,
104,0.566,0.359,
105,-0.261,0.137,
106,-1.481,-0.774,
107,-0.206,0.092,
108,0.145,-0.182,
109,0.402,-0.449,
110,-0.217,-0.123,
111,-0.099,-0.621,
112,-0.634,0.091,
113,0.26,0.329,
114,0.882,1,
115,0.317,0.473,
116,0.687,0.672,
117,0.276,-0.626,
118,0.395,0.022,
119,-0.07,-0.356,
120,0.111,-0.335,
121,0.073,-0.085,
122,0.41,0.166,
123,-0.287,0.462,
124,0.034,-1.043,
125,0.183,-0.179,
126,0.602,0.179,
127,0.352,0.498,
128,-0.046,0.45,
129,0.611,0.233,
130,0.526,-0.142,
131,-0.442,0.446,
132,0.864,-0.795,
133,0.248,-1.118,
134,-0.217,-0.203,
135,0.101,0.273,
136,0.315,0.494,
137,0.392,0.572,
138,0.792,0.174,
139,-0.191,-0.178,
140,-0.211,-0.184,
141,-0.503,0.58,
142,0.128,0.782,
143,-0.635,0.387,
144,1.129,-0.869,
145,-0.095,-0.109,
146,-0.606,-0.391,
147,0.063,0.226,
148,0.001,-0.144,
149,0.307,0.196,
150,-0.392,-0.132,
151,0.397,0.54,
152,0.504,-0.779,
153,0.395,-1.325,
154,0.015,0.109,
155,-0.294,0.155,
156,-0.092,0.79,
157,0.046,-0.461,
158,-0.044,-0.1,
159,-0.883,0.134,
160,-0.175,0.197,
161,-0.056,-0.114,
162,-0.265,0.428,
163,0.237,-0.379,
