1,0.501,-0.798,
2,0.714,-0.66,
3,1.482,-0.166,
4,0.696,0.179,
5,-0.813,0.113,
6,-2.323,1.676,
7,-0.316,-0.921,
8,-0.747,-1.391,
9,-0.078,-0.575,
10,-0.132,0.99,
11,1.486,-0.994,
12,-0.01,-1.83,
13,-0.897,0.82,
14,-1.99,-0.381,
15,-0.904,-3.203,
16,0.717,-0.25,
17,-1.364,-0.192,
18,1.863,-0.165,
19,0.65,-1.034,
20,-1.013,-0.864,
21,1.345,0.012,
22,-0.804,-1.603,
23,0.283,1.471,
24,-0.365,0.178,
25,-0.606,0.614,
26,-1.252,0.48,
27,0.916,-0.765,
28,1.207,-2.55,
29,-0.377,0.179,
30,1.739,-1.099,
31,-0.098,-0.35,
32,-0.061,-1.007,
33,-0.588,-0.287,
34,-0.049,-0.817,
35,0.095,1.675,
36,1.541,-0.983,
37,0.195,0.155,
38,2.308,-1.058,
39,2.065,-0.702,
40,0.522,-1.346,
41,0.07,0.53,
42,1.432,0.229,
43,-0.191,-0.16,
44,0.077,0.474,
45,-2.071,1.506,
46,0.516,-0.107,
47,-0.574,-0.315,
48,0.572,-1.128,
49,1.373,-0.283,
50,1.62,-1.043,
51,0.335,-2.248,
52,-0.565,-1.013,
53,1.668,-0.683,
54,0.53,0.311,
55,-0.888,-0.909,
56,1.524,0.418,
57,0.123,0.325,
58,0.369,1.289,
59,0.512,-0.089,
60,0.578,0.225,
61,-0.827,-0.302,
62,2.501,-1.251,
63,0.734,-0.734,
64,-0.435,-1.883,
65,1.217,1.298,
66,0.017,0.424,
67,1.191,-0.547,
68,1.556,-1.601,
69,1.712,-0.047,
70,0.579,-0.269,
71,2.296,0.914,
72,0.641,-0.946,
73,-1.255,-0.861,
74,0.239,0.403,
75,-1.09,-2.102,
76,-0.762,-1.8,
77,0.226,0.113,
78,0.258,-0.313,
79,-0.801,0.798,
80,-0.335,-1.722,
81,-1.261,-0.259,
82,-2.621,-1.014,
83,-0.577,-1.144,
84,1.314,2.397,
85,1.031,-0.252,
86,0.532,-2.156,
87,-1.39,0.153,
88,1.738,-2.6,
89,1.822,-2.785,
90,1.171,-1.671,
91,-0.455,0.02,
92,0.525,0.731,
93,0.754,-2.578,
94,0.826,-0.175,
95,-1.056,-1.971,
96,-0.106,1.545,
97,1.028,-0.247,
98,-0.416,1.805,
99,1.177,0.295,
100,1.212,0.163,
101,0.104,-0.094,
102,0.344,-0.318,
103,2.035,1.217,
104,0.42,-0.235,
105,-1.204,-0.374,
106,-0.279,-0.545,
107,0.493,1.166,
108,1.864,-2.511,
109,0.289,-0.385,
110,0.664,-0.125,
111,0.547,0.836,
112,-0.07,-0.535,
113,0.679,-0.752,
114,-1.47,-0.305,
115,-0.629,-0.306,
116,0.425,-0.275,
117,1.08,0.413,
118,0.639,1.986,
119,-0.858,-0.988,
120,1.045,-1.628,
121,-0.266,-1.143,
122,1.121,-0.8,
123,-0.983,-0.808,
124,0.266,-0.358,
125,0.604,-2.774,
126,0.836,-1.222,
127,-0.672,-2.014,
128,-0.344,0.565,
129,-0.534,-1.046,
130,1.978,-0.314,
131,0.499,-0.604,
132,-0.508,-0.043,
133,0.321,0.69,
134,-0.705,-0.974,
135,0.559,-2.127,
136,2.343,0.223,
137,1.123,-0.166,
138,-0.306,-0.376,
139,1.047,0.352,
140,-0.526,-0.083,
141,0.865,0.732,
142,1.457,-0.257,
143,1.585,-0.576,
144,0.477,-0.495,
145,0.428,-0.86,
146,-0.053,1.104,
147,0.913,-0.975,
148,0.681,-1.203,
149,1.241,0.175,
150,0.915,-0.83,
151,0.287,-0.457,
152,-0.248,-0.975,
153,1.621,-0.487,
154,0.29,-1.232,
155,0.037,-0.949,
156,0.119,0.134,
157,1.256,-1.316,
158,0.072,-1.23,
159,0.418,-0.623,
160,-0.15,-0.423,
161,-0.133,-1.951,
162,-0.8,-0.701,
163,1.366,-1.623,
