1,-0.998,-0.243,
2,-0.088,-0.02,
3,0.377,-0.044,
4,0.026,0.013,
5,-0.649,-0.639,
6,0.056,-0.187,
7,0.261,-0.183,
8,0.114,-0.343,
9,0.104,-0.221,
10,-0.5,-0.025,
11,-0.199,0.162,
12,0.788,-0.038,
13,-0.028,-0.194,
14,0.16,-0.314,
15,0.032,-0.263,
16,0.117,-0.122,
17,-0.3,0.318,
18,-0.302,0.412,
19,-0.258,0.283,
20,-0.75,-0.074,
21,0.064,0.105,
22,-0.018,0.314,
23,-0.032,-0.19,
24,-0.186,0.236,
25,0.202,0.216,
26,0.292,-0.197,
27,0.072,0.4,
28,-0.003,0.055,
29,-0.316,0.292,
30,0.618,0.463,
31,-0.105,-0.474,
32,0.326,0.037,
33,0.296,-0.146,
34,0.047,-0.086,
35,-0.229,0.021,
36,0.139,0.255,
37,0.027,0.089,
38,-0.015,0.05,
39,0.737,0.103,
40,-0.376,-0.366,
41,0.023,-0.089,
42,-0.141,-0.028,
43,0.32,-0.143,
44,-0.12,-0.098,
45,0.196,0.004,
46,0.167,-0.076,
47,-0.053,-0.043,
48,0.247,-0.112,
49,-0.299,0.151,
50,-0.137,-0.114,
51,-0.281,-0.2,
52,0.275,-0.181,
53,0.102,0.15,
54,0.317,0.542,
55,0.356,-0.136,
56,-0.224,0.568,
57,-0.484,0.263,
58,-0.27,-0.32,
59,0.173,0.032,
60,-0.179,0.191,
61,-0.054,0.131,
62,0.414,-0.17,
63,-0.793,-0.449,
64,0.049,-0.033,
65,0.123,-0.354,
66,0.258,-0.095,
67,-0.162,0.109,
68,0.121,0.023,
69,0.749,0.234,
70,-0.396,0.452,
71,0.103,0.155,
72,0.313,-0.124,
73,0.56,0.025,
74,0.382,0.145,
75,0.117,0.329,
76,0.228,-0.14,
77,0.111,0.341,
78,0.166,0.34,
79,0.138,0.074,
80,-0.16,0.06,
81,0.371,-0.228,
82,0.049,0.016,
83,0.164,0.096,
84,0.298,0.044,
85,-0.734,-0.27,
86,-0.356,-0.287,
87,-0.337,-0.238,
88,0.205,0.127,
89,0.216,0.05,
90,-0.11,0.066,
91,0.206,0.139,
92,-0.021,0.193,
93,-0.057,0.414,
94,0.236,0.21,
95,-0.452,0.382,
96,0.26,-0.274,
97,0,-0.167,
98,-0.075,-0.298,
99,0.02,-0.496,
100,0.828,0.476,
101,0.326,0.016,
102,-0.277,0.216,
103,-0.72,-0.443,
104,0.223,0.296,
105,-0.139,0.063,
106,-1.02,-0.871,
107,-0.232,-0.046,
108,0.149,-0.105,
109,0.142,-0.405,
110,-0.072,-0.098,
111,-0.027,-0.337,
112,-0.387,0.064,
113,0.105,0.243,
114,0.435,0.677,
115,-0.056,0.351,
116,0.38,0.484,
117,0.201,-0.276,
118,0.158,-0.033,
119,0.001,-0.099,
120,0.03,-0.109,
121,-0.043,-0.27,
122,0.251,0.114,
123,-0.223,0.348,
124,-0.056,-0.504,
125,0.096,-0.152,
126,0.383,-0.026,
127,0.202,0.228,
128,-0.128,0.425,
129,0.482,0.186,
130,0.313,0.02,
131,-0.345,0.184,
132,0.451,-0.445,
133,0.053,-0.721,
134,-0.288,-0.088,
135,0.099,0.194,
136,0.15,0.237,
137,0.266,0.35,
138,0.526,0.159,
139,-0.083,-0.113,
140,-0.176,-0.056,
141,-0.498,0.539,
142,0.126,0.374,
143,-0.296,0.083,
144,0.989,-0.803,
145,0.028,-0.03,
146,-0.487,-0.19,
147,0.001,0.203,
148,0.015,-0.024,
149,0.087,0.069,
150,-0.296,-0.236,
151,0.077,0.465,
152,0.347,-0.473,
153,0.19,-0.782,
154,-0.017,0.065,
155,-0.067,0.104,
156,-0.201,0.62,
157,0.074,-0.16,
158,-0.055,0.193,
159,-0.58,0.142,
160,-0.195,0.304,
161,0.073,-0.167,
162,-0.286,0.284,
163,0.235,-0.266,
