1,-1.457,-0.243,
2,-0.013,-0.138,
3,0.384,-0.425,
4,0.104,-0.016,
5,-1.432,-1.077,
6,-0.628,-0.141,
7,1.131,0.471,
8,0.332,-0.544,
9,0.078,-0.75,
10,-1.151,-0.396,
11,-0.141,0.446,
12,1.19,0.195,
13,0.404,-0.613,
14,0.121,0.22,
15,-0.248,-0.345,
16,0.227,0.128,
17,-0.045,0.22,
18,-0.218,0.411,
19,-0.09,0.145,
20,-1.656,-0.566,
21,0.103,-0.079,
22,-0.074,0.737,
23,0.113,-0.573,
24,0.016,0.07,
25,0.14,0.785,
26,0.132,-0.412,
27,-0.099,0.435,
28,0.126,0.044,
29,-0.299,0.712,
30,0.083,0.402,
31,-0.284,-1.303,
32,0.968,0.367,
33,1.035,-0.346,
34,0.206,-0.281,
35,-0.113,-0.27,
36,0.176,0.1,
37,0.044,0.097,
38,-0.01,0.502,
39,1.404,1.199,
40,-0.492,-0.642,
41,-0.033,-0.476,
42,-0.011,0.318,
43,0.641,-0.053,
44,-0.309,0.025,
45,0.328,0.162,
46,0.136,-0.291,
47,-0.285,-0.056,
48,0.952,-0.011,
49,-0.196,0.007,
50,0.121,-0.09,
51,-0.18,-0.39,
52,0.562,-0.437,
53,0.652,-0.277,
54,0.565,1.668,
55,0.827,-0.48,
56,-0.026,0.27,
57,-0.985,0.484,
58,-0.527,-1.176,
59,0.09,-0.009,
60,-0.3,0.228,
61,-0.054,0.436,
62,0.783,-0.43,
63,-1.348,-1.339,
64,-0.183,-0.338,
65,0.524,-0.952,
66,0.863,-0.191,
67,0.048,0.068,
68,-0.1,0.227,
69,1.484,0.546,
70,-0.553,1.149,
71,0.227,0.524,
72,1.159,-0.45,
73,1.277,-0.62,
74,0.621,0.036,
75,-0.243,0.245,
76,0.966,-0.424,
77,0.566,0.401,
78,0.467,-0.147,
79,0.685,-0.483,
80,0.381,-0.089,
81,0.757,-0.774,
82,0.178,-0.124,
83,-0.028,0.003,
84,0.304,0.006,
85,-0.545,-0.496,
86,-0.912,-0.125,
87,-1.018,-0.764,
88,0.509,0.398,
89,0.881,0.109,
90,0.415,0.031,
91,0.288,0.085,
92,-0.147,-0.102,
93,-0.336,0.584,
94,0.711,0.435,
95,-0.819,1.315,
96,0.55,-0.794,
97,0.473,-0.042,
98,0.073,-1.021,
99,-0.004,-1.34,
100,2.278,1.557,
101,1.08,0.545,
102,-0.516,-0.044,
103,-1.553,-0.622,
104,0.991,0.32,
105,-0.341,0.103,
106,-1.949,-0.675,
107,-0.074,0.189,
108,0.122,-0.265,
109,0.68,-0.514,
110,-0.407,-0.191,
111,-0.244,-1.019,
112,-0.777,0.021,
113,0.446,0.363,
114,1.384,1.148,
115,0.429,0.578,
116,0.803,0.74,
117,0.381,-1.028,
118,0.739,0.081,
119,-0.1,-0.659,
120,0.187,-0.654,
121,0.305,0.101,
122,0.662,0.121,
123,-0.267,0.487,
124,0.132,-1.56,
125,0.271,-0.261,
126,0.826,0.413,
127,0.698,0.813,
128,-0.057,0.483,
129,0.798,0.237,
130,0.721,-0.316,
131,-0.37,0.665,
132,1.281,-1.177,
133,0.474,-1.449,
134,-0.107,-0.34,
135,0.128,0.335,
136,0.49,0.695,
137,0.483,0.681,
138,1.129,0.178,
139,-0.09,-0.6,
140,-0.287,-0.129,
141,-0.469,0.515,
142,0.156,1.124,
143,-0.775,0.576,
144,1.246,-0.916,
145,-0.289,-0.254,
146,-0.625,-0.592,
147,0.163,0.293,
148,-0.103,-0.669,
149,0.649,-0.022,
150,-0.252,-0.137,
151,0.693,0.644,
152,0.539,-0.986,
153,0.619,-1.812,
154,0.071,0.068,
155,-0.325,0.271,
156,-0.039,0.767,
157,-0.076,-1.018,
158,0.083,-0.881,
159,-0.819,-0.23,
160,-0.095,0.144,
161,-0.099,-0.001,
162,-0.294,0.296,
163,0.13,-0.814,
