1,0.024,-0.726,
2,0.58,-0.064,
3,2.048,0.477,
4,0.559,0.75,
5,-1.28,0.435,
6,-3.368,2.256,
7,0.753,-1.417,
8,-1.365,-0.252,
9,0.137,-0.446,
10,0.057,1.051,
11,1.067,-1.406,
12,-0.133,-1.137,
13,-1.698,0.781,
14,-2.35,-0.687,
15,-1.778,-3.176,
16,0.523,0.13,
17,-1.5,0.034,
18,0.973,0.313,
19,0.518,0.073,
20,-1.456,-0.23,
21,0.461,0.567,
22,-1.481,-0.714,
23,-0.053,0.949,
24,-0.616,1.225,
25,0.095,0.396,
26,-0.832,0.631,
27,0.687,0.506,
28,1.544,-1.347,
29,-0.577,0.651,
30,1.068,-0.812,
31,-0.037,-0.324,
32,-0.116,-0.774,
33,-0.289,0.056,
34,-0.342,0.021,
35,-0.138,1.078,
36,1.807,0.115,
37,0.09,0.319,
38,1.776,-0.686,
39,2.128,-0.023,
40,0.096,-0.945,
41,0.298,0.206,
42,1.363,0.181,
43,-0.757,-0.021,
44,0.167,-0.026,
45,-1.515,1.427,
46,0.449,0.615,
47,-0.694,0.443,
48,0.33,-1.474,
49,0.648,-0.055,
50,1.548,-0.483,
51,-0.571,-1.589,
52,-0.168,0.288,
53,1.103,-0.224,
54,0.316,0.55,
55,-0.837,0.138,
56,1.751,0.055,
57,0.229,0.273,
58,0.037,1.132,
59,-0.439,0.247,
60,-0.09,0.082,
61,-0.711,-0.245,
62,3.135,-1.064,
63,1.018,0.089,
64,-0.347,-1.677,
65,1.836,1.213,
66,-0.281,0.361,
67,1.027,0.085,
68,1.998,-0.537,
69,1.296,0.171,
70,0.413,0.433,
71,2.396,0.771,
72,0.292,-1.138,
73,-1.464,-0.54,
74,-0.553,0.435,
75,-2.015,-1.705,
76,-0.225,-1.381,
77,0.248,0.21,
78,-0.132,0.441,
79,-0.273,1.55,
80,-0.951,-1.398,
81,-0.416,0.35,
82,-2.354,-0.283,
83,-1.112,-0.886,
84,0.934,2.339,
85,0.617,-0.578,
86,-0.155,-2.228,
87,-1.957,0.601,
88,0.741,-2.558,
89,1.591,-1.467,
90,0.482,-0.901,
91,-0.098,-0.014,
92,0.406,0.504,
93,1.234,-1.663,
94,1.306,0.066,
95,-0.724,-1.536,
96,-0.303,1.089,
97,0.263,-0.353,
98,0.233,1.996,
99,0.858,0.959,
100,1.688,0.3,
101,-0.089,-0.11,
102,-0.82,0.438,
103,1.921,0.886,
104,-0.198,-0.159,
105,-1.388,0.372,
106,-0.77,-0.503,
107,0.391,1.583,
108,1.214,-2.328,
109,0.289,-0.562,
110,0.283,-0.254,
111,1.297,0.262,
112,0.575,-0.516,
113,0.385,-0.29,
114,-1.712,-0.172,
115,-0.727,0.717,
116,-0.043,-0.08,
117,0.797,0.882,
118,0.403,1.706,
119,-0.974,-1.221,
120,0.883,-1.148,
121,-0.89,-0.745,
122,0.851,-0.563,
123,-1.235,-0.006,
124,0.237,0.1,
125,0.417,-2.714,
126,0.247,-1.105,
127,-0.397,-1.318,
128,0.077,0.805,
129,-0.413,-0.867,
130,2.414,-0.691,
131,0.296,-1.242,
132,-0.567,0.53,
133,-0.04,0.739,
134,-1.332,-1.009,
135,0.793,-2.024,
136,1.216,0.852,
137,0.873,0.223,
138,-0.243,-0.377,
139,0.895,1.415,
140,-0.273,0.236,
141,0.786,1.411,
142,1.651,0.068,
143,0.854,-0.654,
144,0.724,-0.703,
145,0.511,-0.66,
146,0.016,0.295,
147,1.209,-0.642,
148,0.678,-1.001,
149,0.948,0.045,
150,1.062,-0.824,
151,-0.483,-0.299,
152,-0.24,-1.136,
153,0.708,-0.647,
154,0.588,0.151,
155,0.05,-0.543,
156,-0.569,0.032,
157,0.017,-1.828,
158,-0.028,-1.53,
159,0.204,-0.211,
160,0.016,-0.002,
161,0.027,-1.251,
162,-0.742,-0.201,
163,1.2,-1.39,
