1,-0.098,-0.473,
2,0.327,0.104,
3,1.701,0.454,
4,0.37,0.704,
5,-0.326,0.417,
6,-2.43,1.425,
7,0.555,-0.957,
8,-1.153,-0.099,
9,0.217,-0.388,
10,0.102,0.682,
11,0.987,-1.015,
12,-0.021,-0.634,
13,-1.045,-0.11,
14,-1.113,-1.055,
15,-1.045,-2.202,
16,0.426,0.053,
17,-1.161,0.106,
18,0.323,0.397,
19,0.06,0.473,
20,-0.881,0.018,
21,0.2,0.772,
22,-1.067,-0.132,
23,-0.134,0.465,
24,-0.551,1.134,
25,0.356,0.088,
26,-0.248,0.335,
27,0.436,0.75,
28,1.118,-0.595,
29,-0.573,0.48,
30,0.678,-0.13,
31,0.075,-0.184,
32,-0.093,-0.527,
33,0.089,0.156,
34,-0.238,0.176,
35,-0.167,0.519,
36,1.412,0.525,
37,0.038,0.255,
38,0.946,-0.391,
39,1.299,0.008,
40,-0.065,-0.54,
41,0.306,0.078,
42,0.835,-0.284,
43,-1.218,0.007,
44,0.167,-0.233,
45,-0.835,0.899,
46,0.222,0.306,
47,-0.394,0.301,
48,0.211,-1.211,
49,0.124,0.104,
50,1.159,-0.196,
51,-0.949,-0.737,
52,0.065,0.556,
53,0.486,-0.041,
54,0.426,0.367,
55,-0.489,0.297,
56,1.117,-0.025,
57,0.093,0.098,
58,-0.1,0.744,
59,-0.601,-0.117,
60,-0.346,-0.009,
61,-0.427,-0.3,
62,2.11,-0.739,
63,0.553,0.329,
64,-0.018,-0.992,
65,1.6,0.808,
66,-0.324,0.189,
67,0.608,0.148,
68,1.44,-0.264,
69,1.041,0.286,
70,0.205,0.268,
71,1.671,0.292,
72,0.049,-0.805,
73,-0.925,0.13,
74,-0.439,0.421,
75,-1.267,-0.904,
76,0.044,-0.649,
77,0.139,0.208,
78,-0.093,0.594,
79,-0.088,1.348,
80,-0.889,-0.801,
81,-0.052,0.263,
82,-1.088,-0.05,
83,-0.736,-0.528,
84,0.777,1.304,
85,0.184,-0.512,
86,-0.142,-1.545,
87,-1.343,0.337,
88,0.776,-1.78,
89,0.626,-0.052,
90,0.084,-0.333,
91,-0.005,0.211,
92,0.242,0.305,
93,0.833,-0.85,
94,0.969,0.077,
95,-0.382,-0.692,
96,-0.194,0.191,
97,-0.046,-0.361,
98,0.328,0.915,
99,0.51,0.805,
100,1.368,0.099,
101,-0.162,-0.131,
102,-0.756,0.697,
103,1.358,0.461,
104,-0.675,-0.065,
105,-0.836,0.321,
106,-0.779,-0.632,
107,0.331,1.212,
108,0.421,-1.429,
109,0.136,-0.496,
110,0.26,-0.4,
111,0.987,-0.147,
112,0.471,-0.468,
113,0.148,0.076,
114,-1.161,-0.095,
115,-0.584,0.711,
116,-0.077,-0.071,
117,0.542,0.952,
118,0.179,0.911,
119,-0.61,-0.907,
120,0.518,-0.774,
121,-0.803,-0.741,
122,0.469,-0.316,
123,-0.881,0.198,
124,0.072,0.29,
125,0.442,-1.967,
126,-0.225,-0.89,
127,-0.091,-0.713,
128,0.122,0.747,
129,-0.317,-0.735,
130,1.774,-0.501,
131,-0.165,-0.836,
132,-0.44,0.467,
133,-0.164,0.386,
134,-1.199,-0.762,
135,0.797,-1.2,
136,0.469,0.63,
137,0.468,0.193,
138,-0.092,-0.235,
139,0.425,1.018,
140,-0.076,0.231,
141,0.306,1.464,
142,0.935,-0.053,
143,0.343,-0.542,
144,0.871,-0.769,
145,0.77,-0.486,
146,0.016,-0.03,
147,0.947,-0.284,
148,0.415,-0.583,
149,0.299,0.002,
150,0.503,-0.506,
151,-0.621,-0.227,
152,-0.195,-0.759,
153,0.189,-0.36,
154,0.512,0.531,
155,0.099,-0.28,
156,-0.462,0.14,
157,-0.203,-1.116,
158,0.044,-0.434,
159,-0.042,-0.073,
160,-0.028,0.196,
161,0.221,-0.669,
162,-0.532,-0.026,
163,0.902,-1.052,
