1,0.582,-0.368,
2,0.318,-0.919,
3,0.189,-0.721,
4,0.503,-0.495,
5,-0.027,-0.332,
6,-0.991,-0.452,
7,0.405,-0.057,
8,0.879,-0.445,
9,0,-1,
10,-0.199,0.27,
11,0.636,-0.131,
12,0.535,-1.328,
13,0.839,-0.26,
14,0.071,-0.445,
15,-0.062,-0.783,
16,0.529,-0.943,
17,-0.03,-0.401,
18,0.571,-0.639,
19,0.363,-0.476,
20,0.189,-0.6,
21,0.507,-0.766,
22,0.084,-1.024,
23,0.453,-0.596,
24,0.246,-0.857,
25,-0.065,-0.176,
26,0.254,-0.17,
27,0.71,-0.822,
28,0.322,-0.97,
29,0.189,-0.409,
30,0.623,-0.177,
31,0.263,0.037,
32,0.317,-0.871,
33,0.153,-0.626,
34,-0.138,-1.002,
35,0.497,0.58,
36,0.194,-0.634,
37,0.438,-0.564,
38,0.767,-0.751,
39,0.291,-0.705,
40,0.324,-0.796,
41,0.403,-0.046,
42,0.621,0,
43,0.493,-0.415,
44,0.581,0.113,
45,-0.029,-0.175,
46,0.438,-0.242,
47,-0.331,-0.921,
48,0.952,-0.491,
49,0.444,-0.908,
50,0.293,-0.981,
51,0.508,-0.758,
52,0.079,-0.892,
53,0.663,-1.039,
54,0.462,-0.326,
55,-0.221,-1.453,
56,0.141,-0.002,
57,0.228,-0.631,
58,0.256,0.209,
59,0.22,-1.012,
60,0.391,-0.294,
61,0.184,-0.373,
62,1.017,-0.48,
63,-0.005,-0.781,
64,-0.115,-1.061,
65,0.429,-0.561,
66,0.566,0.134,
67,0.069,-1.236,
68,0.445,-0.606,
69,0.447,-0.017,
70,0.219,-0.922,
71,0.378,-0.505,
72,0.661,-0.4,
73,-0.12,-0.426,
74,0.811,-0.122,
75,0.02,-0.842,
76,0.155,-0.505,
77,0.059,-0.599,
78,0.157,-0.759,
79,-0.679,-0.368,
80,0.095,-1.24,
81,-0.148,-0.579,
82,0.526,-0.507,
83,0.506,-0.811,
84,0.224,-0.528,
85,0.622,-0.258,
86,0.313,-0.053,
87,0.207,-0.873,
88,0.713,-0.255,
89,0.557,-0.624,
90,0.61,-1.095,
91,0.052,-0.037,
92,0.158,-0.479,
93,-0.523,-0.325,
94,-0.034,-0.251,
95,0.252,-0.903,
96,0.318,-0.73,
97,1.038,-0.495,
98,-0.737,-1.244,
99,0.438,-0.808,
100,-0.076,-0.601,
101,0.194,-0.182,
102,0.347,-0.858,
103,0.255,0.133,
104,0.362,-0.458,
105,0.064,-1.125,
106,0.189,-0.43,
107,0.588,0.367,
108,0.17,-0.991,
109,0.246,-0.602,
110,0.807,-0.31,
111,0.003,-0.073,
112,-0.753,-0.74,
113,0.343,-0.768,
114,-0.173,-0.75,
115,0.202,-1.934,
116,0.537,-0.916,
117,0.53,-0.466,
118,0.108,-0.676,
119,0.16,-0.38,
120,0.276,-1.021,
121,0.274,-0.745,
122,0.707,-0.431,
123,-0.232,-1.468,
124,0.478,-0.747,
125,0.1,-1.269,
126,0.662,-0.75,
127,0.23,-0.987,
128,-0.169,-0.172,
129,0.076,-0.888,
130,0.314,-0.277,
131,0.516,0.369,
132,-0.21,-0.695,
133,0.137,-0.673,
134,0.256,-0.288,
135,0.013,-1.009,
136,0.513,-0.756,
137,-0.254,-0.556,
138,-0.083,-0.488,
139,-0.036,-1.203,
140,-0.008,-0.651,
141,0.102,-1.386,
142,0.113,-1.016,
143,0.38,-0.275,
144,0.19,-0.499,
145,-0.081,-0.964,
146,0.683,0.022,
147,0.187,-0.584,
148,-0.274,-0.495,
149,0.247,-2.137,
150,-0.756,-0.611,
151,1.068,-0.234,
152,-0.187,-0.204,
153,0.555,-0.566,
154,-0.032,-1.208,
155,-0.039,-0.799,
156,-0.14,-0.363,
157,0.059,-0.825,
158,0.769,-0.5,
159,0.125,-0.838,
160,-0.031,-0.574,
161,0.146,-0.883,
162,0.093,-0.574,
163,0.824,-1.614,
