1,-1.854,-0.453,
2,-0.047,-0.674,
3,0.335,-0.653,
4,0.376,0.434,
5,-1.559,-1.867,
6,-0.824,-0.256,
7,2.033,0.483,
8,0.488,-1.152,
9,0.482,-1.233,
10,-1.455,-0.966,
11,0.14,0.633,
12,1.318,0.286,
13,0.708,-0.78,
14,0.431,0.111,
15,-0.588,-0.901,
16,0.184,-0.194,
17,0.518,0.507,
18,0.065,0.177,
19,0.234,-0.169,
20,-1.87,-1.198,
21,0.209,-0.515,
22,-0.042,0.78,
23,0.39,-0.797,
24,0.034,0.11,
25,0.471,0.843,
26,0.297,-0.679,
27,-0.173,0.127,
28,0.399,0.035,
29,-0.203,0.909,
30,-0.295,-0.026,
31,-0.102,-1.933,
32,1.464,0.719,
33,1.776,-0.581,
34,0.427,-0.474,
35,0.32,-0.482,
36,0.169,-0.03,
37,0.371,0.169,
38,-0.026,0.793,
39,1.672,1.5,
40,-0.258,-0.831,
41,0.147,-0.825,
42,0.792,0.293,
43,1.039,0.101,
44,-0.313,0.14,
45,0.286,0.366,
46,0.139,-0.607,
47,-0.497,-0.138,
48,1.526,0.22,
49,-0.432,-0.194,
50,0.632,-0.028,
51,-0.025,-0.598,
52,0.711,-0.387,
53,1.202,-0.892,
54,0.625,2.324,
55,1.19,-1.028,
56,0.472,-0.332,
57,-1.203,0.392,
58,-0.492,-1.212,
59,0.03,-0.109,
60,-0.217,0.063,
61,0.394,0.602,
62,1.132,-0.738,
63,-0.985,-2.027,
64,-0.379,-0.682,
65,0.985,-1.479,
66,1.403,-0.235,
67,0.285,-0.156,
68,-0.304,0.439,
69,1.921,0.574,
70,-0.198,1.263,
71,0.311,0.569,
72,2.016,-0.746,
73,1.729,-1.225,
74,0.5,-0.309,
75,-0.028,0.222,
76,1.33,-0.727,
77,1.036,0.172,
78,0.694,-0.884,
79,1.121,-1.17,
80,0.936,-0.224,
81,0.776,-1.234,
82,0.444,-0.223,
83,-0.297,-0.236,
84,0.413,-0.104,
85,-0.129,-0.666,
86,-1.081,-0.123,
87,-1.52,-1.552,
88,1.101,0.615,
89,0.859,0.122,
90,1.563,0.114,
91,0.492,0.174,
92,-0.182,-0.616,
93,-0.633,0.708,
94,1.002,0.447,
95,-0.7,1.787,
96,0.951,-1.56,
97,0.986,-0.097,
98,0.309,-1.711,
99,-0.063,-1.967,
100,3.433,2.003,
101,1.434,1.077,
102,-0.322,-0.646,
103,-2.322,-0.474,
104,1.684,0.092,
105,-0.305,-0.15,
106,-2.397,-0.671,
107,0.354,0.273,
108,-0.09,-0.304,
109,1.082,-0.562,
110,-0.577,-0.306,
111,-0.436,-1.586,
112,-0.716,-0.38,
113,0.852,0.439,
114,2.055,1.045,
115,1.112,0.479,
116,1.293,0.52,
117,0.585,-1.61,
118,1.415,0.122,
119,-0.131,-1.171,
120,0.318,-1.224,
121,0.991,0.33,
122,1.199,-0.031,
123,-0.032,0.417,
124,0.28,-2.247,
125,0.359,-0.515,
126,1.238,0.784,
127,0.993,1.036,
128,0.338,0.27,
129,1.228,0.129,
130,0.986,-0.551,
131,-0.099,0.969,
132,1.816,-1.641,
133,0.72,-1.509,
134,0.106,-0.469,
135,0.226,0.41,
136,0.747,0.798,
137,0.545,0.626,
138,1.396,-0.104,
139,-0.196,-0.734,
140,-0.154,-0.656,
141,-0.317,0.201,
142,0.31,1.376,
143,-0.624,0.665,
144,1.362,-0.961,
145,-0.637,-0.612,
146,-0.447,-0.896,
147,0.282,-0.021,
148,-0.023,-1.246,
149,1.286,0.409,
150,-0.596,0.51,
151,1.852,0.188,
152,0.481,-1.137,
153,1.026,-2.49,
154,0.136,-0.189,
155,-0.418,-0.35,
156,0.28,0.956,
157,-0.21,-1.408,
158,0.331,-1.111,
159,-1.109,-0.446,
160,0.247,-0.496,
161,-0.055,-0.07,
162,0.159,0.484,
163,0.48,-1.02,
