1,0.58,-0.365,
2,0.321,-0.916,
3,0.189,-0.719,
4,0.501,-0.492,
5,-0.034,-0.332,
6,-0.992,-0.462,
7,0.405,-0.059,
8,0.891,-0.446,
9,0.001,-0.994,
10,-0.199,0.273,
11,0.637,-0.121,
12,0.535,-1.332,
13,0.837,-0.256,
14,0.071,-0.439,
15,-0.074,-0.777,
16,0.529,-0.94,
17,-0.023,-0.397,
18,0.58,-0.637,
19,0.358,-0.476,
20,0.188,-0.604,
21,0.506,-0.771,
22,0.082,-1.024,
23,0.453,-0.594,
24,0.242,-0.857,
25,-0.072,-0.174,
26,0.254,-0.167,
27,0.716,-0.825,
28,0.319,-0.976,
29,0.187,-0.41,
30,0.63,-0.181,
31,0.262,0.036,
32,0.315,-0.873,
33,0.159,-0.629,
34,-0.135,-1.003,
35,0.495,0.589,
36,0.192,-0.636,
37,0.446,-0.561,
38,0.778,-0.758,
39,0.286,-0.704,
40,0.328,-0.799,
41,0.4,-0.042,
42,0.613,-0.002,
43,0.494,-0.42,
44,0.579,0.116,
45,-0.033,-0.174,
46,0.438,-0.245,
47,-0.334,-0.916,
48,0.945,-0.487,
49,0.447,-0.906,
50,0.302,-0.984,
51,0.512,-0.76,
52,0.075,-0.899,
53,0.655,-1.043,
54,0.457,-0.326,
55,-0.22,-1.459,
56,0.14,0.006,
57,0.23,-0.629,
58,0.258,0.211,
59,0.225,-1.016,
60,0.391,-0.289,
61,0.175,-0.372,
62,1,-0.477,
63,-0.004,-0.787,
64,-0.115,-1.057,
65,0.426,-0.557,
66,0.566,0.136,
67,0.073,-1.242,
68,0.44,-0.618,
69,0.445,-0.017,
70,0.22,-0.93,
71,0.375,-0.496,
72,0.662,-0.393,
73,-0.123,-0.427,
74,0.81,-0.119,
75,0.017,-0.842,
76,0.156,-0.505,
77,0.061,-0.596,
78,0.151,-0.766,
79,-0.682,-0.368,
80,0.095,-1.241,
81,-0.161,-0.581,
82,0.528,-0.508,
83,0.507,-0.814,
84,0.226,-0.529,
85,0.629,-0.254,
86,0.319,-0.055,
87,0.206,-0.877,
88,0.713,-0.253,
89,0.54,-0.632,
90,0.619,-1.102,
91,0.047,-0.037,
92,0.157,-0.472,
93,-0.533,-0.32,
94,-0.037,-0.252,
95,0.257,-0.907,
96,0.321,-0.728,
97,1.045,-0.494,
98,-0.752,-1.246,
99,0.44,-0.814,
100,-0.086,-0.601,
101,0.189,-0.184,
102,0.342,-0.862,
103,0.255,0.141,
104,0.369,-0.458,
105,0.06,-1.128,
106,0.191,-0.432,
107,0.587,0.371,
108,0.154,-0.99,
109,0.244,-0.599,
110,0.806,-0.307,
111,0,-0.058,
112,-0.756,-0.74,
113,0.346,-0.768,
114,-0.176,-0.75,
115,0.19,-1.937,
116,0.55,-0.919,
117,0.529,-0.471,
118,0.102,-0.678,
119,0.16,-0.377,
120,0.275,-1.025,
121,0.276,-0.749,
122,0.704,-0.429,
123,-0.233,-1.47,
124,0.476,-0.748,
125,0.105,-1.269,
126,0.662,-0.746,
127,0.217,-0.989,
128,-0.17,-0.174,
129,0.074,-0.896,
130,0.315,-0.272,
131,0.512,0.374,
132,-0.211,-0.696,
133,0.142,-0.675,
134,0.259,-0.288,
135,0.01,-1.008,
136,0.515,-0.755,
137,-0.259,-0.562,
138,-0.087,-0.492,
139,-0.031,-1.209,
140,-0.008,-0.656,
141,0.106,-1.397,
142,0.11,-1.023,
143,0.38,-0.273,
144,0.194,-0.494,
145,-0.083,-0.967,
146,0.68,0.022,
147,0.183,-0.592,
148,-0.282,-0.498,
149,0.25,-2.147,
150,-0.761,-0.616,
151,1.075,-0.241,
152,-0.186,-0.205,
153,0.555,-0.57,
154,-0.033,-1.221,
155,-0.04,-0.808,
156,-0.15,-0.367,
157,0.065,-0.821,
158,0.77,-0.493,
159,0.123,-0.845,
160,-0.029,-0.585,
161,0.143,-0.888,
162,0.093,-0.577,
163,0.817,-1.631,
