1,-0.042,-0.61,
2,0.42,-0.042,
3,1.867,0.463,
4,0.451,0.769,
5,-0.886,0.393,
6,-2.993,1.876,
7,0.728,-1.178,
8,-1.384,-0.125,
9,0.18,-0.433,
10,0.079,0.893,
11,1.103,-1.265,
12,-0.059,-0.918,
13,-1.373,0.373,
14,-1.806,-0.852,
15,-1.479,-2.665,
16,0.456,0.031,
17,-1.359,0.072,
18,0.595,0.345,
19,0.297,0.243,
20,-1.246,-0.084,
21,0.331,0.733,
22,-1.326,-0.471,
23,-0.095,0.671,
24,-0.572,1.171,
25,0.293,0.178,
26,-0.526,0.467,
27,0.542,0.644,
28,1.344,-0.945,
29,-0.615,0.56,
30,0.834,-0.467,
31,0.03,-0.242,
32,-0.085,-0.659,
33,-0.112,0.103,
34,-0.262,0.086,
35,-0.138,0.773,
36,1.61,0.327,
37,0.043,0.279,
38,1.359,-0.507,
39,1.747,0.036,
40,-0.022,-0.722,
41,0.312,0.123,
42,1.085,-0.111,
43,-1.027,-0.002,
44,0.189,-0.138,
45,-1.16,1.144,
46,0.317,0.508,
47,-0.543,0.382,
48,0.293,-1.351,
49,0.29,0.006,
50,1.346,-0.3,
51,-0.766,-1.13,
52,-0.029,0.441,
53,0.795,-0.139,
54,0.377,0.453,
55,-0.681,0.285,
56,1.434,0.003,
57,0.179,0.133,
58,-0.049,0.906,
59,-0.588,0.076,
60,-0.224,0.043,
61,-0.492,-0.295,
62,2.769,-0.904,
63,0.777,0.23,
64,-0.237,-1.352,
65,1.749,0.958,
66,-0.366,0.288,
67,0.815,0.123,
68,1.79,-0.372,
69,1.17,0.279,
70,0.3,0.362,
71,2.054,0.546,
72,0.129,-0.955,
73,-1.171,-0.11,
74,-0.488,0.425,
75,-1.782,-1.254,
76,-0.046,-1.046,
77,0.184,0.195,
78,-0.092,0.53,
79,-0.145,1.469,
80,-0.938,-1.1,
81,-0.19,0.317,
82,-1.722,-0.146,
83,-0.943,-0.737,
84,0.786,1.849,
85,0.354,-0.582,
86,-0.145,-1.93,
87,-1.665,0.479,
88,0.695,-2.263,
89,1.173,-0.622,
90,0.248,-0.588,
91,-0.064,0.101,
92,0.314,0.365,
93,1.004,-1.242,
94,1.231,0.121,
95,-0.557,-1.143,
96,-0.262,0.633,
97,0.106,-0.393,
98,0.346,1.478,
99,0.663,0.871,
100,1.577,0.229,
101,-0.09,-0.12,
102,-0.904,0.579,
103,1.599,0.669,
104,-0.515,-0.113,
105,-1.032,0.303,
106,-0.778,-0.561,
107,0.376,1.437,
108,0.764,-1.866,
109,0.24,-0.583,
110,0.284,-0.362,
111,1.14,-0.009,
112,0.509,-0.519,
113,0.255,-0.067,
114,-1.504,-0.163,
115,-0.54,0.728,
116,-0.109,-0.094,
117,0.637,1.003,
118,0.293,1.244,
119,-0.758,-1.033,
120,0.642,-0.993,
121,-0.828,-0.718,
122,0.714,-0.358,
123,-1.118,0.097,
124,0.128,0.249,
125,0.381,-2.432,
126,-0.018,-1.016,
127,-0.212,-0.997,
128,0.104,0.783,
129,-0.352,-0.862,
130,2.11,-0.567,
131,-0.003,-1.084,
132,-0.49,0.482,
133,-0.118,0.531,
134,-1.261,-0.866,
135,0.862,-1.607,
136,0.819,0.783,
137,0.646,0.217,
138,-0.16,-0.296,
139,0.614,1.335,
140,-0.169,0.248,
141,0.582,1.483,
142,1.298,0.078,
143,0.575,-0.621,
144,0.765,-0.785,
145,0.692,-0.505,
146,0.034,0.112,
147,1.083,-0.437,
148,0.613,-0.731,
149,0.709,-0.009,
150,0.822,-0.718,
151,-0.586,-0.28,
152,-0.222,-0.934,
153,0.408,-0.491,
154,0.552,0.381,
155,0.08,-0.385,
156,-0.585,0.029,
157,-0.119,-1.606,
158,0.089,-1.08,
159,0.051,-0.064,
160,-0.009,0.12,
161,0.125,-0.949,
162,-0.6,-0.031,
163,1.005,-1.353,
