1,-0.198,-0.232,
2,0.038,0.026,
3,0.908,0.219,
4,0.15,0.319,
5,0.149,0.07,
6,-0.371,0.32,
7,0.122,-0.314,
8,-0.178,-0.13,
9,0.257,-0.303,
10,0.062,0.176,
11,0.191,-0.34,
12,0.256,-0.228,
13,-0.298,-0.399,
14,0.128,-0.942,
15,-0.074,-0.837,
16,0.234,-0.182,
17,-0.585,0.167,
18,-0.223,0.339,
19,-0.207,0.427,
20,-0.173,0.046,
21,0.135,0.339,
22,-0.095,0.052,
23,-0.085,-0.046,
24,-0.357,0.496,
25,0.485,-0.142,
26,0.277,-0.075,
27,0.123,0.439,
28,0.365,-0.061,
29,-0.414,0.189,
30,0.552,0.487,
31,0.154,-0.081,
32,-0.03,-0.112,
33,0.172,0.098,
34,-0.049,0.034,
35,-0.106,0.138,
36,0.683,0.576,
37,0.001,0.105,
38,0.123,-0.162,
39,0.477,-0.224,
40,-0.169,-0.21,
41,0.175,0.046,
42,0.4,-0.343,
43,-0.449,-0.045,
44,0.115,-0.183,
45,-0.179,0.23,
46,0.121,-0.052,
47,-0.032,-0.036,
48,0.083,-0.571,
49,-0.201,0.119,
50,0.462,0.047,
51,-0.837,-0.14,
52,0.16,0.316,
53,0.052,0.181,
54,0.284,0.094,
55,-0.109,0.142,
56,0.157,0.195,
57,-0.144,-0.022,
58,-0.1,0.254,
59,-0.182,-0.299,
60,-0.289,-0.065,
61,-0.073,-0.236,
62,0.625,-0.259,
63,0.077,0.247,
64,0.17,-0.198,
65,0.643,0.179,
66,-0.139,0.045,
67,-0.046,0.048,
68,0.542,-0.076,
69,0.655,0.15,
70,-0.056,-0.126,
71,0.55,-0.208,
72,-0.078,-0.206,
73,-0.069,0.38,
74,0.089,0.235,
75,-0.091,-0.151,
76,0.099,-0.057,
77,-0.03,0.183,
78,0.09,0.505,
79,-0.052,0.65,
80,-0.561,-0.104,
81,0.088,0.067,
82,-0.045,0.066,
83,-0.037,-0.078,
84,0.497,0.263,
85,-0.404,-0.268,
86,-0.038,-0.587,
87,-0.166,-0.132,
88,0.37,-0.52,
89,0.038,0.168,
90,-0.157,0.087,
91,0.094,0.339,
92,-0.015,0.144,
93,0.223,0.005,
94,0.279,-0.061,
95,-0.162,0.044,
96,0.059,-0.33,
97,-0.194,-0.364,
98,0.19,-0.025,
99,0.109,0.24,
100,0.637,-0.148,
101,-0.213,-0.098,
102,-0.214,0.657,
103,0.457,-0.03,
104,-0.503,0.086,
105,-0.15,0.136,
106,-0.595,-0.888,
107,0.075,0.243,
108,0.021,-0.35,
109,-0.059,-0.413,
110,0.115,-0.243,
111,0.223,-0.311,
112,0.155,-0.188,
113,0.036,0.181,
114,-0.189,0.045,
115,-0.285,0.39,
116,-0.033,-0.052,
117,0.417,0.148,
118,0.025,0.134,
119,-0.065,-0.215,
120,0.14,-0.226,
121,-0.344,-0.548,
122,0.139,-0.357,
123,-0.156,0.218,
124,-0.054,0.272,
125,0.198,-0.726,
126,-0.111,-0.332,
127,0.179,-0.157,
128,-0.058,0.528,
129,0.088,-0.221,
130,0.557,-0.061,
131,-0.241,-0.227,
132,-0.162,0.135,
133,-0.205,-0.079,
134,-0.68,-0.299,
135,0.268,-0.291,
136,-0.006,0.026,
137,0.098,0.044,
138,0.155,-0.01,
139,-0.004,0.262,
140,-0.033,0.072,
141,-0.394,0.802,
142,0.184,-0.131,
143,0.15,-0.43,
144,0.913,-0.768,
145,0.381,-0.208,
146,-0.098,-0.082,
147,0.311,0.077,
148,0.135,-0.108,
149,-0.228,-0.084,
150,-0.093,-0.173,
151,-0.33,0.051,
152,-0.123,-0.24,
153,-0.092,-0.009,
154,0.199,0.335,
155,0.191,-0.073,
156,-0.233,0.554,
157,-0.161,-0.117,
158,-0.13,0.489,
159,-0.255,0.101,
160,-0.142,0.303,
161,0.307,-0.239,
162,-0.266,0.186,
163,0.543,-0.32,
