1,-1.587,-0.318,
2,-0.261,-0.492,
3,0.334,-0.469,
4,0.128,0.021,
5,-1.35,-1.564,
6,-0.568,-0.167,
7,1.124,0.372,
8,0.235,-0.705,
9,0.141,-0.692,
10,-1.124,-0.408,
11,-0.139,0.452,
12,1.19,0.211,
13,0.387,-0.611,
14,0.194,-0.001,
15,-0.248,-0.439,
16,0.018,-0.232,
17,-0.006,0.31,
18,-0.214,0.417,
19,-0.082,0.137,
20,-1.647,-0.587,
21,0.11,-0.079,
22,-0.075,0.706,
23,0.117,-0.572,
24,-0.035,0.157,
25,0.303,0.483,
26,0.104,-0.485,
27,-0.116,0.424,
28,0.16,0.079,
29,-0.27,0.693,
30,0.069,0.391,
31,-0.266,-1.285,
32,0.976,0.391,
33,1.082,-0.345,
34,0.224,-0.269,
35,-0.095,-0.269,
36,0.195,0.05,
37,0.029,0.127,
38,0.001,0.506,
39,1.396,1.238,
40,-0.48,-0.641,
41,-0.034,-0.489,
42,0.005,0.296,
43,0.659,-0.056,
44,-0.295,0.022,
45,0.322,0.187,
46,0.1,-0.285,
47,-0.299,-0.05,
48,0.977,0.011,
49,-0.655,0.022,
50,0.157,-0.082,
51,-0.198,-0.369,
52,0.553,-0.405,
53,0.671,-0.277,
54,0.611,1.666,
55,0.832,-0.52,
56,-0.018,0.219,
57,-0.971,0.484,
58,-0.5,-1.18,
59,0.106,-0.026,
60,-0.316,0.21,
61,0.357,0.531,
62,0.822,-0.487,
63,-1.277,-1.376,
64,-0.221,-0.357,
65,0.537,-0.975,
66,0.853,-0.177,
67,0.044,0.025,
68,-0.112,0.248,
69,1.517,0.506,
70,-0.521,1.107,
71,0.233,0.471,
72,1.166,-0.447,
73,1.272,-0.636,
74,0.53,-0.007,
75,-0.139,0.302,
76,0.768,-0.43,
77,0.589,0.373,
78,0.49,-0.176,
79,0.688,-0.532,
80,0.406,-0.03,
81,0.803,-0.73,
82,0.183,-0.083,
83,-0.038,0.008,
84,0.318,-0.009,
85,-0.514,-0.48,
86,-0.889,-0.108,
87,-1.033,-0.764,
88,0.693,0.406,
89,0.733,0.095,
90,0.523,0.065,
91,0.298,0.108,
92,-0.176,-0.097,
93,-0.336,0.595,
94,0.68,0.427,
95,-0.825,1.362,
96,0.575,-0.837,
97,0.49,-0.05,
98,0.119,-1.001,
99,-0.016,-1.36,
100,2.292,1.563,
101,1.113,0.593,
102,-0.577,-0.082,
103,-2.055,-0.555,
104,1.009,0.322,
105,-0.322,0.105,
106,-1.925,-0.706,
107,-0.065,0.196,
108,0.075,-0.248,
109,0.667,-0.492,
110,-0.396,-0.186,
111,-0.247,-1.027,
112,-0.762,0.004,
113,0.506,0.398,
114,1.393,1.156,
115,0.845,0.588,
116,0.846,0.734,
117,0.389,-1.054,
118,0.762,0.072,
119,-0.105,-0.678,
120,0.221,-0.662,
121,0.321,0.124,
122,0.653,0.163,
123,-0.246,0.508,
124,0.145,-1.587,
125,0.272,-0.263,
126,0.813,0.421,
127,0.679,0.811,
128,-0.037,0.498,
129,0.801,0.245,
130,0.747,-0.338,
131,-0.39,0.695,
132,1.292,-1.176,
133,0.445,-1.39,
134,-0.118,-0.339,
135,0.122,0.348,
136,0.487,0.692,
137,0.482,0.685,
138,1.151,0.205,
139,-0.319,-0.238,
140,-0.257,-0.249,
141,-0.466,0.524,
142,0.146,1.125,
143,-0.783,0.573,
144,1.265,-0.937,
145,-0.254,-0.27,
146,-0.604,-0.59,
147,0.177,0.29,
148,0.06,-0.314,
149,0.619,0.113,
150,-0.418,0.037,
151,0.824,0.603,
152,0.543,-0.994,
153,0.638,-1.833,
154,0.061,0.06,
155,-0.368,0.16,
156,0.051,0.93,
157,-0.09,-1.025,
158,0.085,-0.742,
159,-1.149,0.098,
160,-0.098,0.117,
161,-0.103,0.03,
162,-0.11,0.651,
163,0.172,-0.733,
