1,-0.941,-0.421,
2,0.2,-1.3,
3,0.372,-1.149,
4,0.868,0.39,
5,-0.76,-2.183,
6,-1.04,-0.335,
7,2.643,0.483,
8,0.821,-1.525,
9,0.887,-2.102,
10,-1.256,-1.366,
11,0.773,0.547,
12,1.112,-0.191,
13,1.245,-1.065,
14,0.711,-0.32,
15,-0.742,-0.932,
16,0.22,-0.873,
17,0.86,0.229,
18,0.592,-0.444,
19,0.903,-0.635,
20,-1.036,-1.575,
21,0.412,-1.158,
22,-0.372,0.181,
23,0.817,-0.912,
24,0.377,-0.457,
25,1.049,0.323,
26,0.563,-0.99,
27,0.388,-0.429,
28,0.673,-0.25,
29,0.017,0.554,
30,-0.318,-0.69,
31,0.517,-2.074,
32,1.553,0.608,
33,1.852,-0.886,
34,0.527,-0.749,
35,0.944,-0.472,
36,0.518,-0.498,
37,0.562,-0.127,
38,0.059,0.42,
39,1.671,0.803,
40,0.415,-0.87,
41,0.819,-1.032,
42,2.282,-0.099,
43,1.517,0.154,
44,0.142,0.016,
45,0.21,0.275,
46,0.53,-0.973,
47,-0.355,-0.521,
48,2.167,-0.005,
49,-0.484,-0.589,
50,0.99,-0.383,
51,0.495,-0.956,
52,0.383,-0.777,
53,1.445,-1.677,
54,0.764,2.003,
55,1.266,-1.624,
56,1.243,-1.023,
57,-0.681,-0.248,
58,-0.128,-0.944,
59,0.134,-0.427,
60,0.219,-0.152,
61,1.12,0.174,
62,1.75,-0.897,
63,-0.387,-1.979,
64,-0.04,-0.912,
65,1.384,-1.599,
66,1.729,-0.239,
67,0.469,-0.56,
68,-0.299,0.201,
69,2.094,0.381,
70,0.009,0.665,
71,0.349,0.248,
72,2.56,-0.96,
73,1.767,-1.618,
74,0.882,-0.623,
75,0.111,-0.377,
76,1.389,-0.971,
77,1.256,-0.421,
78,0.722,-1.42,
79,1.122,-1.551,
80,1.197,-0.763,
81,0.518,-1.009,
82,0.772,-0.301,
83,-0.384,-0.659,
84,0.539,-0.314,
85,0.452,-0.757,
86,-0.569,-0.356,
87,-1.331,-2.27,
88,1.591,0.487,
89,1.06,-0.179,
90,1.931,-0.023,
91,0.866,0.217,
92,0.272,-1.164,
93,-0.633,0.477,
94,1.022,0.122,
95,-0.21,1.34,
96,1.218,-2.185,
97,1.459,-0.215,
98,0.289,-2.209,
99,0.07,-1.966,
100,3.441,1.309,
101,1.61,0.822,
102,-0.078,-1.018,
103,-2.111,-0.322,
104,1.957,-0.492,
105,-0.092,-0.517,
106,-1.949,-0.746,
107,1.136,0.059,
108,0.2,-0.863,
109,1.248,-0.634,
110,-0.149,-0.465,
111,-0.17,-1.633,
112,-0.408,-0.672,
113,0.955,0.121,
114,1.858,0.003,
115,1.611,-0.218,
116,1.154,-0.006,
117,0.956,-1.723,
118,1.734,-0.044,
119,0.097,-1.305,
120,0.541,-1.951,
121,1.473,0.487,
122,1.82,-0.618,
123,0.469,-0.351,
124,0.61,-2.417,
125,0.323,-0.971,
126,1.524,0.426,
127,1.604,0.67,
128,0.526,0.025,
129,1.646,-0.37,
130,0.947,-0.479,
131,0.477,1.015,
132,1.722,-1.77,
133,0.844,-0.925,
134,0.446,-0.413,
135,0.551,-0.016,
136,0.853,0.187,
137,0.471,-0.001,
138,1.529,-0.396,
139,-0.202,-0.83,
140,0.064,-0.699,
141,0.086,-0.677,
142,0.748,0.654,
143,0.201,0.683,
144,1.173,-0.765,
145,-0.968,-1.067,
146,0.222,-0.97,
147,0.587,-0.304,
148,0.319,-1.76,
149,1.66,-0.232,
150,-0.485,0.234,
151,2.472,-0.255,
152,0.605,-1.389,
153,1.265,-2.401,
154,0.289,-0.69,
155,0.203,-0.979,
156,0.546,0.648,
157,-0.206,-1.969,
158,0.907,-1.313,
159,-0.825,-0.554,
160,0.766,-0.774,
161,0.478,-0.096,
162,0.867,0.437,
163,0.79,-1.54,
