1,-0.142,-0.339,
2,0.127,0.03,
3,1.263,0.325,
4,0.244,0.517,
5,0.207,0.228,
6,-1.21,0.696,
7,0.246,-0.549,
8,-0.621,-0.089,
9,0.24,-0.364,
10,0.1,0.391,
11,0.557,-0.67,
12,0.141,-0.39,
13,-0.525,-0.447,
14,-0.226,-1.159,
15,-0.375,-1.484,
16,0.315,-0.125,
17,-0.859,0.106,
18,-0.054,0.358,
19,-0.141,0.459,
20,-0.378,0.053,
21,0.173,0.56,
22,-0.444,-0.022,
23,-0.115,0.14,
24,-0.435,0.781,
25,0.489,-0.127,
26,0.089,0.071,
27,0.235,0.626,
28,0.675,-0.247,
29,-0.498,0.277,
30,0.544,0.327,
31,0.14,-0.101,
32,-0.046,-0.265,
33,0.201,0.156,
34,-0.111,0.094,
35,-0.125,0.237,
36,1.042,0.643,
37,-0.011,0.165,
38,0.39,-0.234,
39,0.755,-0.127,
40,-0.155,-0.311,
41,0.25,0.042,
42,0.604,-0.351,
43,-0.949,0.005,
44,0.16,-0.241,
45,-0.424,0.495,
46,0.146,0.046,
47,-0.132,0.042,
48,0.132,-0.927,
49,-0.158,0.093,
50,0.81,-0.021,
51,-1.031,-0.319,
52,0.154,0.471,
53,0.215,0.099,
54,0.384,0.194,
55,-0.269,0.261,
56,0.527,0.014,
57,-0.061,-0.021,
58,-0.134,0.438,
59,-0.413,-0.323,
60,-0.349,-0.091,
61,-0.138,-0.29,
62,1.174,-0.499,
63,0.244,0.332,
64,0.104,-0.509,
65,1.124,0.416,
66,-0.252,0.108,
67,0.197,0.104,
68,0.947,-0.155,
69,0.859,0.251,
70,0.05,0.047,
71,1.025,-0.079,
72,-0.061,-0.461,
73,-0.376,0.365,
74,-0.147,0.323,
75,-0.496,-0.5,
76,0.044,-0.219,
77,0.03,0.186,
78,0.039,0.57,
79,-0.032,0.977,
80,-0.725,-0.394,
81,0.081,0.124,
82,-0.371,0.023,
83,-0.288,-0.242,
84,0.627,0.62,
85,-0.181,-0.4,
86,-0.079,-0.936,
87,-0.609,0.056,
88,0.643,-1.082,
89,0.158,0.265,
90,-0.115,-0.034,
91,0.021,0.337,
92,0.097,0.176,
93,0.46,-0.354,
94,0.613,0.005,
95,-0.263,-0.215,
96,-0.079,-0.19,
97,-0.154,-0.376,
98,0.318,0.255,
99,0.258,0.5,
100,1.004,-0.067,
101,-0.189,-0.119,
102,-0.439,0.76,
103,0.824,0.193,
104,-0.743,0.017,
105,-0.4,0.247,
106,-0.684,-0.767,
107,0.216,0.667,
108,0.107,-0.769,
109,0.04,-0.473,
110,0.193,-0.343,
111,0.524,-0.336,
112,0.29,-0.336,
113,0.059,0.175,
114,-0.599,-0.039,
115,-0.359,0.551,
116,-0.087,-0.074,
117,0.472,0.582,
118,0.05,0.406,
119,-0.261,-0.512,
120,0.269,-0.475,
121,-0.562,-0.687,
122,0.238,-0.409,
123,-0.456,0.217,
124,-0.023,0.317,
125,0.336,-1.285,
126,-0.229,-0.544,
127,0.133,-0.369,
128,0.038,0.64,
129,-0.126,-0.508,
130,1.078,-0.234,
131,-0.303,-0.44,
132,-0.281,0.269,
133,-0.208,0.09,
134,-0.927,-0.518,
135,0.514,-0.661,
136,0.137,0.264,
137,0.227,0.123,
138,0.063,-0.095,
139,0.092,0.606,
140,-0.024,0.161,
141,-0.134,1.186,
142,0.436,-0.082,
143,0.173,-0.474,
144,0.924,-0.779,
145,0.622,-0.305,
146,-0.021,-0.095,
147,0.621,-0.032,
148,0.259,-0.245,
149,-0.129,-0.064,
150,0.08,-0.246,
151,-0.532,-0.104,
152,-0.174,-0.449,
153,-0.024,-0.068,
154,0.355,0.515,
155,0.16,-0.117,
156,-0.294,0.439,
157,-0.175,-0.467,
158,-0.075,0.287,
159,-0.198,0.088,
160,-0.101,0.293,
161,0.302,-0.381,
162,-0.36,0.135,
163,0.717,-0.566,
