1,-1.37,-0.307,
2,-0.098,-0.074,
3,0.374,-0.189,
4,0.033,0.001,
5,-1.069,-0.911,
6,-0.168,-0.222,
7,0.603,0.03,
8,0.177,-0.419,
9,0.065,-0.395,
10,-0.823,-0.15,
11,-0.208,0.307,
12,1.019,0.071,
13,0.143,-0.368,
14,0.133,-0.102,
15,-0.05,-0.358,
16,0.15,-0.006,
17,-0.203,0.296,
18,-0.295,0.446,
19,-0.219,0.241,
20,-1.251,-0.251,
21,0.063,0.066,
22,-0.09,0.548,
23,0.014,-0.351,
24,-0.117,0.215,
25,0.135,0.495,
26,0.217,-0.271,
27,0.016,0.486,
28,0.022,0.05,
29,-0.314,0.488,
30,0.393,0.492,
31,-0.237,-0.861,
32,0.635,0.175,
33,0.614,-0.23,
34,0.108,-0.166,
35,-0.237,-0.117,
36,0.121,0.203,
37,0.042,0.111,
38,-0.012,0.263,
39,1.08,0.647,
40,-0.49,-0.506,
41,-0.032,-0.273,
42,-0.186,0.178,
43,0.448,-0.116,
44,-0.221,-0.068,
45,0.292,0.059,
46,0.162,-0.151,
47,-0.144,-0.042,
48,0.524,-0.063,
49,-0.305,0.105,
50,-0.089,-0.134,
51,-0.23,-0.288,
52,0.413,-0.34,
53,0.319,-0.005,
54,0.473,1.09,
55,0.582,-0.264,
56,-0.183,0.476,
57,-0.736,0.414,
58,-0.421,-0.907,
59,0.14,0.043,
60,-0.252,0.234,
61,-0.048,0.313,
62,0.585,-0.316,
63,-1.244,-0.89,
64,-0.04,-0.155,
65,0.286,-0.63,
66,0.527,-0.146,
67,-0.081,0.114,
68,0.026,0.115,
69,1.124,0.405,
70,-0.553,0.847,
71,0.168,0.363,
72,0.694,-0.28,
73,0.911,-0.269,
74,0.452,0.114,
75,0.023,0.346,
76,0.497,-0.258,
77,0.303,0.408,
78,0.294,0.178,
79,0.385,-0.145,
80,0.063,-0.005,
81,0.624,-0.442,
82,0.088,-0.044,
83,0.098,0.077,
84,0.287,0.037,
85,-0.682,-0.379,
86,-0.653,-0.184,
87,-0.667,-0.41,
88,0.353,0.251,
89,0.467,0.109,
90,0.097,0.05,
91,0.231,0.098,
92,-0.062,0.107,
93,-0.172,0.497,
94,0.461,0.342,
95,-0.691,0.811,
96,0.368,-0.458,
97,0.204,-0.083,
98,-0.037,-0.618,
99,0.025,-0.892,
100,1.496,1.033,
101,0.687,0.243,
102,-0.392,0.089,
103,-1.223,-0.562,
104,0.561,0.353,
105,-0.263,0.133,
106,-1.481,-0.764,
107,-0.205,0.085,
108,0.162,-0.189,
109,0.4,-0.457,
110,-0.217,-0.126,
111,-0.099,-0.617,
112,-0.628,0.094,
113,0.238,0.314,
114,0.872,0.986,
115,0.182,0.469,
116,0.625,0.664,
117,0.274,-0.61,
118,0.385,0.023,
119,-0.062,-0.345,
120,0.099,-0.332,
121,0.064,-0.098,
122,0.413,0.147,
123,-0.292,0.446,
124,0.026,-1.023,
125,0.181,-0.179,
126,0.603,0.17,
127,0.387,0.502,
128,-0.085,0.458,
129,0.609,0.228,
130,0.515,-0.133,
131,-0.429,0.43,
132,0.853,-0.794,
133,0.257,-1.128,
134,-0.212,-0.205,
135,0.105,0.264,
136,0.312,0.487,
137,0.39,0.565,
138,0.799,0.182,
139,-0.114,-0.303,
140,-0.229,-0.104,
141,-0.501,0.57,
142,0.132,0.773,
143,-0.62,0.382,
144,1.121,-0.861,
145,-0.104,-0.106,
146,-0.605,-0.387,
147,0.068,0.256,
148,-0.044,-0.258,
149,0.303,0.096,
150,-0.295,-0.231,
151,0.328,0.579,
152,0.498,-0.773,
153,0.384,-1.308,
154,0.021,0.11,
155,-0.249,0.216,
156,-0.131,0.717,
157,0.041,-0.49,
158,-0.035,-0.2,
159,-0.758,0.021,
160,-0.174,0.238,
161,-0.042,-0.102,
162,-0.324,0.312,
163,0.2,-0.442,
