1,-0.094,-0.668,
2,0.494,0.083,
3,1.968,0.498,
4,0.479,0.772,
5,-0.976,0.486,
6,-3.082,1.957,
7,0.719,-1.291,
8,-1.391,-0.141,
9,0.182,-0.404,
10,0.087,0.908,
11,1.136,-1.274,
12,-0.124,-0.887,
13,-1.522,0.423,
14,-1.917,-0.818,
15,-1.565,-2.799,
16,0.495,0.155,
17,-1.374,0.1,
18,0.702,0.388,
19,0.301,0.328,
20,-1.339,-0.077,
21,0.279,0.758,
22,-1.467,-0.385,
23,-0.113,0.761,
24,-0.622,1.294,
25,0.204,0.292,
26,-0.583,0.54,
27,0.597,0.698,
28,1.411,-1.001,
29,-0.594,0.63,
30,0.885,-0.576,
31,0.005,-0.274,
32,-0.124,-0.707,
33,-0.114,0.111,
34,-0.307,0.137,
35,-0.178,0.831,
36,1.653,0.294,
37,0.079,0.314,
38,1.441,-0.556,
39,1.808,0.05,
40,0.041,-0.774,
41,0.316,0.143,
42,1.066,-0.091,
43,-1.047,-0.01,
44,0.154,-0.145,
45,-1.225,1.232,
46,0.337,0.543,
47,-0.599,0.456,
48,0.293,-1.355,
49,0.431,0.063,
50,1.386,-0.378,
51,-0.727,-1.209,
52,-0.06,0.481,
53,0.799,-0.153,
54,0.368,0.497,
55,-0.676,0.233,
56,1.56,0.006,
57,0.199,0.223,
58,-0.032,0.998,
59,-0.601,0.133,
60,-0.246,0.074,
61,-0.651,-0.274,
62,2.8,-0.917,
63,0.837,0.234,
64,-0.195,-1.412,
65,1.802,1.106,
66,-0.312,0.269,
67,0.916,0.144,
68,1.808,-0.41,
69,1.212,0.246,
70,0.334,0.41,
71,2.148,0.609,
72,0.186,-1.045,
73,-1.301,-0.238,
74,-0.581,0.461,
75,-1.806,-1.309,
76,-0.029,-1.079,
77,0.218,0.224,
78,-0.159,0.549,
79,-0.184,1.542,
80,-0.964,-1.146,
81,-0.25,0.33,
82,-1.813,-0.161,
83,-1.024,-0.737,
84,0.863,1.986,
85,0.471,-0.563,
86,-0.176,-2.028,
87,-1.85,0.535,
88,0.742,-2.278,
89,1.139,-0.715,
90,0.31,-0.652,
91,-0.056,0.08,
92,0.348,0.436,
93,1.126,-1.307,
94,1.193,0.1,
95,-0.569,-1.168,
96,-0.271,0.691,
97,0.098,-0.341,
98,0.293,1.565,
99,0.728,0.968,
100,1.604,0.25,
101,-0.123,-0.125,
102,-0.883,0.559,
103,1.72,0.694,
104,-0.395,-0.121,
105,-1.204,0.36,
106,-0.811,-0.546,
107,0.372,1.527,
108,0.835,-1.978,
109,0.211,-0.506,
110,0.283,-0.353,
111,1.262,0.093,
112,0.577,-0.522,
113,0.273,-0.114,
114,-1.559,-0.115,
115,-0.695,0.724,
116,-0.052,-0.06,
117,0.632,1.035,
118,0.329,1.391,
119,-0.88,-1.158,
120,0.749,-1,
121,-0.901,-0.725,
122,0.698,-0.373,
123,-1.165,0.126,
124,0.172,0.202,
125,0.462,-2.442,
126,-0.004,-1.089,
127,-0.308,-1.041,
128,0.129,0.803,
129,-0.394,-0.812,
130,2.219,-0.66,
131,0.105,-1.162,
132,-0.54,0.567,
133,-0.098,0.63,
134,-1.339,-0.925,
135,0.901,-1.678,
136,0.891,0.872,
137,0.71,0.229,
138,-0.199,-0.335,
139,0.725,1.313,
140,-0.177,0.258,
141,0.633,1.491,
142,1.39,0.003,
143,0.603,-0.614,
144,0.795,-0.748,
145,0.711,-0.584,
146,0.017,0.119,
147,1.143,-0.509,
148,0.561,-0.867,
149,0.718,0.064,
150,0.872,-0.736,
151,-0.57,-0.252,
152,-0.201,-0.989,
153,0.465,-0.588,
154,0.588,0.38,
155,0.06,-0.439,
156,-0.585,-0.006,
157,-0.117,-1.59,
158,0.025,-1.107,
159,0.108,-0.19,
160,0.015,0.085,
161,0.119,-0.974,
162,-0.674,-0.15,
163,1.081,-1.352,
