1,0.455,-0.632,
2,1.027,-1.011,
3,0.282,-1.147,
4,1.294,0.291,
5,0.645,-0.921,
6,-0.539,-0.676,
7,2.097,-0.191,
8,1.377,-1.017,
9,1.162,-2.154,
10,-0.507,-0.923,
11,1.421,-0.04,
12,1.027,-0.956,
13,1.59,-1.035,
14,0.709,-0.493,
15,-0.06,-0.987,
16,0.805,-1.018,
17,0.917,-0.084,
18,1.13,-1.018,
19,1.392,-0.962,
20,0.669,-1.476,
21,0.658,-1.486,
22,-0.257,-0.839,
23,1.103,-1.028,
24,0.72,-0.947,
25,1.102,-0.25,
26,1.237,-0.866,
27,1.243,-0.804,
28,0.97,-0.572,
29,0.546,-0.307,
30,0.041,-1.075,
31,1.253,-1.064,
32,1.036,-0.289,
33,1.222,-1.037,
34,0.437,-0.947,
35,1.459,-0.259,
36,0.61,-0.719,
37,1.006,-0.494,
38,0.336,-0.543,
39,1.126,-0.523,
40,1.217,-0.721,
41,1.582,-0.723,
42,2.905,-0.63,
43,1.719,-0.05,
44,1.092,-0.225,
45,0.486,-0.185,
46,0.958,-1.118,
47,0.161,-1.099,
48,2.083,-0.531,
49,0.686,-0.993,
50,1.153,-0.897,
51,1.026,-1.101,
52,0.114,-0.901,
53,1.41,-2.089,
54,0.937,0.287,
55,0.933,-1.959,
56,1.515,-1.35,
57,0.446,-1.142,
58,0.609,-0.52,
59,0.426,-1.116,
60,0.799,-0.625,
61,0.908,-0.692,
62,2.099,-0.828,
63,0.35,-1.045,
64,0.512,-1.015,
65,1.345,-1.28,
66,1.459,-0.148,
67,0.632,-1.098,
68,0.254,-0.524,
69,1.607,-0.158,
70,0.464,-0.67,
71,0.478,-0.524,
72,2.043,-0.956,
73,1.19,-1.26,
74,1.13,-0.853,
75,0.619,-1.207,
76,1.367,-0.867,
77,1.035,-1.096,
78,0.769,-1.266,
79,0.66,-1.445,
80,0.951,-1.325,
81,0.379,-0.728,
82,1.153,-0.363,
83,0.413,-1.038,
84,0.637,-0.635,
85,1.118,-0.72,
86,0.52,-0.61,
87,-0.149,-2.291,
88,1.226,-0.014,
89,0.997,-0.54,
90,1.939,-0.409,
91,1.234,0.141,
92,0.682,-1.372,
93,-0.053,-0.162,
94,0.706,-0.415,
95,0.859,0.097,
96,1.117,-1.955,
97,1.617,-0.584,
98,0.393,-1.889,
99,0.468,-1.306,
100,1.548,-0.34,
101,1.143,0.146,
102,0.57,-1.436,
103,0.302,-0.399,
104,1.431,-1.049,
105,0.468,-1.007,
106,-0.232,-0.778,
107,1.865,0.088,
108,0.745,-1.33,
109,1.056,-0.759,
110,0.783,-0.509,
111,0.481,-1.156,
112,0.183,-1.083,
113,0.884,-0.452,
114,1.068,-1.214,
115,0.874,-1.311,
116,0.985,-1.067,
117,1.252,-1.251,
118,1.449,-0.585,
119,0.566,-1.035,
120,0.817,-1.8,
121,1.179,-0.036,
122,1.753,-1.029,
123,0.746,-1.468,
124,1.127,-1.624,
125,0.393,-1.393,
126,1.463,-0.446,
127,1.663,-0.672,
128,0.893,-0.468,
129,1.516,-0.877,
130,0.914,-0.414,
131,1.334,0.49,
132,0.966,-1.257,
133,0.723,0.029,
134,0.709,-0.245,
135,1.032,-0.802,
136,0.701,-0.843,
137,0.422,-0.791,
138,0.98,-0.955,
139,0.499,-1.515,
140,0.701,-0.882,
141,0.617,-1.599,
142,1.168,-0.961,
143,1.315,-0.001,
144,0.948,-0.587,
145,-0.283,-1.26,
146,1.208,-0.713,
147,0.892,-0.801,
148,0.311,-2.073,
149,1.682,-1.279,
150,-0.342,-0.591,
151,2.43,-0.853,
152,0.791,-1.026,
153,1.259,-1.564,
154,0.591,-1.129,
155,1.053,-1.747,
156,0.424,-0.447,
157,0.191,-1.789,
158,1.466,-0.765,
159,0.549,-1.27,
160,1.233,-1.051,
161,1.17,-0.622,
162,1.271,-0.65,
163,1.386,-1.562,
