1,-0.151,-0.354,
2,0.143,0.064,
3,1.286,0.334,
4,0.25,0.522,
5,0.197,0.256,
6,-1.23,0.715,
7,0.244,-0.564,
8,-0.63,-0.093,
9,0.242,-0.36,
10,0.104,0.396,
11,0.576,-0.665,
12,0.127,-0.382,
13,-0.547,-0.455,
14,-0.236,-1.171,
15,-0.388,-1.516,
16,0.331,-0.094,
17,-0.865,0.11,
18,-0.039,0.368,
19,-0.143,0.493,
20,-0.39,0.052,
21,0.163,0.568,
22,-0.474,0.011,
23,-0.12,0.155,
24,-0.445,0.812,
25,0.469,-0.1,
26,0.081,0.085,
27,0.247,0.645,
28,0.7,-0.245,
29,-0.5,0.285,
30,0.546,0.314,
31,0.136,-0.104,
32,-0.053,-0.273,
33,0.211,0.158,
34,-0.128,0.113,
35,-0.133,0.243,
36,1.053,0.642,
37,-0.004,0.171,
38,0.414,-0.239,
39,0.757,-0.122,
40,-0.146,-0.317,
41,0.253,0.042,
42,0.601,-0.351,
43,-0.977,0.005,
44,0.156,-0.248,
45,-0.433,0.512,
46,0.15,0.049,
47,-0.147,0.063,
48,0.133,-0.932,
49,-0.126,0.107,
50,0.82,-0.033,
51,-1.036,-0.329,
52,0.153,0.489,
53,0.214,0.096,
54,0.389,0.203,
55,-0.268,0.257,
56,0.551,0.006,
57,-0.056,-0.007,
58,-0.133,0.454,
59,-0.421,-0.322,
60,-0.359,-0.088,
61,-0.172,-0.286,
62,1.18,-0.507,
63,0.255,0.337,
64,0.127,-0.515,
65,1.148,0.444,
66,-0.244,0.102,
67,0.215,0.109,
68,0.949,-0.151,
69,0.858,0.249,
70,0.056,0.058,
71,1.048,-0.075,
72,-0.055,-0.48,
73,-0.411,0.355,
74,-0.17,0.331,
75,-0.498,-0.512,
76,0.038,-0.221,
77,0.038,0.19,
78,0.021,0.578,
79,-0.036,0.998,
80,-0.732,-0.404,
81,0.082,0.136,
82,-0.378,0.022,
83,-0.308,-0.252,
84,0.645,0.64,
85,-0.158,-0.4,
86,-0.081,-0.954,
87,-0.646,0.066,
88,0.662,-1.09,
89,0.15,0.256,
90,-0.107,-0.042,
91,0.031,0.332,
92,0.105,0.186,
93,0.482,-0.367,
94,0.61,0.004,
95,-0.252,-0.215,
96,-0.078,-0.197,
97,-0.158,-0.368,
98,0.314,0.26,
99,0.269,0.523,
100,1.004,-0.07,
101,-0.198,-0.121,
102,-0.434,0.761,
103,0.859,0.197,
104,-0.733,0.013,
105,-0.433,0.261,
106,-0.692,-0.762,
107,0.221,0.691,
108,0.113,-0.789,
109,0.036,-0.461,
110,0.195,-0.347,
111,0.549,-0.327,
112,0.304,-0.341,
113,0.065,0.173,
114,-0.614,-0.034,
115,-0.394,0.548,
116,-0.079,-0.07,
117,0.48,0.588,
118,0.051,0.43,
119,-0.283,-0.541,
120,0.286,-0.479,
121,-0.58,-0.691,
122,0.231,-0.414,
123,-0.467,0.225,
124,-0.017,0.312,
125,0.359,-1.293,
126,-0.246,-0.56,
127,0.119,-0.375,
128,0.046,0.645,
129,-0.138,-0.507,
130,1.113,-0.263,
131,-0.292,-0.451,
132,-0.292,0.289,
133,-0.207,0.108,
134,-0.946,-0.533,
135,0.532,-0.672,
136,0.134,0.274,
137,0.235,0.126,
138,0.056,-0.103,
139,0.115,0.597,
140,-0.021,0.163,
141,-0.125,1.2,
142,0.452,-0.109,
143,0.173,-0.47,
144,0.931,-0.77,
145,0.635,-0.334,
146,-0.021,-0.1,
147,0.636,-0.045,
148,0.244,-0.275,
149,-0.132,-0.052,
150,0.086,-0.244,
151,-0.536,-0.106,
152,-0.171,-0.461,
153,-0.025,-0.093,
154,0.365,0.524,
155,0.155,-0.127,
156,-0.292,0.439,
157,-0.174,-0.464,
158,-0.09,0.289,
159,-0.184,0.056,
160,-0.095,0.288,
161,0.303,-0.383,
162,-0.377,0.104,
163,0.733,-0.562,
