1,0.091,-0.858,
2,0.745,-0.12,
3,2.163,0.38,
4,0.628,0.651,
5,-1.501,0.421,
6,-3.53,2.448,
7,0.608,-1.651,
8,-1.097,-0.496,
9,0.083,-0.439,
10,0.05,1.127,
11,1.115,-1.453,
12,-0.226,-1.296,
13,-1.91,0.981,
14,-2.796,-0.431,
15,-1.886,-3.632,
16,0.545,0.194,
17,-1.581,-0.008,
18,1.437,0.275,
19,0.609,-0.263,
20,-1.516,-0.371,
21,0.581,0.512,
22,-1.546,-1.053,
23,-0.002,1.294,
24,-0.67,1.24,
25,-0.15,0.603,
26,-1.165,0.762,
27,0.838,0.302,
28,1.574,-1.935,
29,-0.551,0.72,
30,1.389,-1.104,
31,-0.124,-0.42,
32,-0.176,-0.9,
33,-0.463,0.016,
34,-0.276,-0.161,
35,-0.142,1.424,
36,1.975,-0.173,
37,0.132,0.368,
38,2.118,-0.994,
39,2.47,-0.097,
40,0.344,-1.192,
41,0.25,0.335,
42,1.594,0.352,
43,-0.533,-0.054,
44,0.087,0.113,
45,-1.874,1.701,
46,0.518,0.633,
47,-0.753,0.425,
48,0.374,-1.538,
49,0.993,-0.081,
50,1.771,-0.81,
51,-0.306,-2.048,
52,-0.35,0.067,
53,1.409,-0.3,
54,0.265,0.644,
55,-0.868,-0.206,
56,2.081,0.162,
57,0.232,0.503,
58,0.117,1.368,
59,-0.237,0.35,
60,0.074,0.137,
61,-0.971,-0.235,
62,3.178,-1.259,
63,1.275,-0.094,
64,-0.509,-1.948,
65,1.906,1.563,
66,-0.223,0.377,
67,1.269,0.028,
68,2.073,-0.963,
69,1.629,0.011,
70,0.543,0.445,
71,2.641,0.981,
72,0.515,-1.288,
73,-1.579,-1.015,
74,-0.594,0.436,
75,-2.036,-2.063,
76,-0.331,-1.687,
77,0.305,0.255,
78,-0.146,0.321,
79,-0.488,1.539,
80,-0.905,-1.631,
81,-0.826,0.199,
82,-2.911,-0.538,
83,-1.098,-0.866,
84,1.252,2.731,
85,0.941,-0.492,
86,-0.087,-2.586,
87,-2.146,0.595,
88,0.854,-2.847,
89,1.852,-2.388,
90,0.763,-1.244,
91,-0.3,-0.028,
92,0.513,0.721,
93,1.524,-2.077,
94,1.175,-0.02,
95,-0.955,-1.86,
96,-0.346,1.649,
97,0.42,-0.204,
98,0.016,2.366,
99,1.085,1.052,
100,1.78,0.407,
101,-0.106,-0.102,
102,-0.549,0.3,
103,2.24,1.124,
104,0.119,-0.192,
105,-1.721,0.476,
106,-0.745,-0.465,
107,0.332,1.669,
108,1.592,-2.704,
109,0.253,-0.376,
110,0.274,-0.06,
111,1.405,0.712,
112,0.647,-0.452,
113,0.412,-0.51,
114,-1.711,-0.033,
115,-0.943,0.685,
116,0.094,-0.01,
117,0.885,0.803,
118,0.603,2.2,
119,-1.226,-1.441,
120,1.188,-1.278,
121,-0.942,-0.865,
122,0.892,-0.732,
123,-1.235,-0.126,
124,0.368,-0.141,
125,0.575,-2.862,
126,0.577,-1.118,
127,-0.635,-1.592,
128,0.009,0.838,
129,-0.529,-0.827,
130,2.64,-0.677,
131,0.51,-1.286,
132,-0.656,0.575,
133,0.072,0.996,
134,-1.39,-1.167,
135,0.538,-2.495,
136,1.864,0.97,
137,1.151,0.218,
138,-0.317,-0.44,
139,1.149,1.346,
140,-0.393,0.211,
141,0.994,1.349,
142,1.878,0.068,
143,1.223,-0.714,
144,0.674,-0.641,
145,0.282,-0.692,
146,-0.035,0.553,
147,1.322,-0.862,
148,0.741,-1.27,
149,1.069,0.16,
150,1.232,-0.967,
151,-0.356,-0.328,
152,-0.195,-1.194,
153,1.08,-0.717,
154,0.612,-0.151,
155,0.022,-0.721,
156,-0.514,0.019,
157,0.205,-1.841,
158,-0.139,-1.734,
159,0.363,-0.36,
160,0.026,-0.143,
161,-0.039,-1.519,
162,-0.897,-0.387,
163,1.443,-1.303,
