1,0.358,-0.966,
2,1.105,-0.909,
3,0.235,-1.124,
4,1.329,0.462,
5,0.688,-0.828,
6,-0.416,-1.021,
7,1.933,-0.364,
8,1.444,-0.956,
9,1.199,-2.199,
10,-0.528,-0.968,
11,1.465,-0.043,
12,1.03,-0.958,
13,1.624,-1.017,
14,0.689,-0.341,
15,0.065,-1.096,
16,0.853,-0.982,
17,0.984,-0.011,
18,1.174,-1.051,
19,1.444,-1.017,
20,0.719,-1.534,
21,0.661,-1.524,
22,-0.294,-0.876,
23,1.145,-1.018,
24,0.696,-0.938,
25,1.101,-0.218,
26,1.331,-0.892,
27,1.257,-0.871,
28,1.027,-0.544,
29,0.555,-0.343,
30,-0.035,-1.189,
31,1.327,-1.051,
32,1.038,-0.26,
33,1.276,-1.043,
34,0.449,-0.92,
35,1.531,-0.261,
36,0.579,-0.69,
37,1.08,-0.468,
38,0.345,-0.57,
39,1.121,-0.517,
40,1.299,-0.736,
41,1.644,-0.716,
42,3.035,-0.683,
43,1.781,0.015,
44,1.147,-0.216,
45,0.465,-0.153,
46,0.959,-1.139,
47,0.157,-1.104,
48,2.084,-0.521,
49,0.807,-1.011,
50,1.255,-0.889,
51,1.046,-1.106,
52,0.026,-0.904,
53,1.442,-2.126,
54,0.997,0.297,
55,0.97,-1.99,
56,1.547,-1.416,
57,0.444,-1.169,
58,0.653,-0.5,
59,0.472,-1.139,
60,0.824,-0.673,
61,0.818,-0.719,
62,1.853,-0.785,
63,0.288,-1.044,
64,0.495,-1.011,
65,1.348,-1.312,
66,1.463,-0.119,
67,0.665,-1.103,
68,0.237,-0.51,
69,1.643,-0.205,
70,0.465,-0.69,
71,0.464,-0.52,
72,2.099,-0.949,
73,1.191,-1.287,
74,1.105,-0.881,
75,0.715,-1.308,
76,1.5,-0.881,
77,1.056,-1.163,
78,0.821,-1.281,
79,0.722,-1.544,
80,0.976,-1.305,
81,0.405,-0.707,
82,1.182,-0.336,
83,0.408,-1.075,
84,0.609,-0.63,
85,1.154,-0.733,
86,0.544,-0.625,
87,-0.174,-2.326,
88,1.172,0.061,
89,0.716,-0.528,
90,2.054,-0.383,
91,1.295,0.195,
92,0.623,-1.389,
93,-0.068,-0.177,
94,0.7,-0.45,
95,0.88,0.141,
96,1.124,-2.01,
97,1.639,-0.597,
98,0.443,-1.906,
99,0.461,-1.307,
100,1.544,-0.345,
101,1.16,0.19,
102,0.985,-1.399,
103,0.413,-0.442,
104,1.412,-1.085,
105,0.493,-1.02,
106,-0.223,-0.796,
107,1.922,0.109,
108,0.724,-1.34,
109,1.079,-0.763,
110,0.778,-0.489,
111,0.468,-1.168,
112,0.216,-1.114,
113,0.922,-0.388,
114,1.066,-1.236,
115,0.753,-1.322,
116,1.01,-1.119,
117,1.276,-1.285,
118,1.492,-0.598,
119,0.559,-1.032,
120,0.899,-1.792,
121,1.206,-0.013,
122,1.793,-1.04,
123,0.789,-1.465,
124,1.18,-1.603,
125,0.362,-1.429,
126,1.448,-0.431,
127,1.664,-0.701,
128,0.954,-0.525,
129,1.548,-0.875,
130,0.966,-0.421,
131,1.367,0.536,
132,0.956,-1.231,
133,0.706,0.167,
134,0.697,-0.188,
135,1.074,-0.784,
136,0.667,-0.853,
137,0.363,-0.888,
138,0.951,-1.023,
139,0.595,-1.62,
140,0.742,-0.923,
141,0.637,-1.638,
142,1.226,-1.021,
143,1.361,-0.015,
144,0.966,-0.592,
145,-0.261,-1.304,
146,1.258,-0.721,
147,0.879,-0.86,
148,0.286,-2.159,
149,1.646,-1.171,
150,-0.299,-0.702,
151,2.49,-0.977,
152,0.828,-1.059,
153,1.308,-1.536,
154,0.586,-1.195,
155,1.114,-1.916,
156,0.37,-0.531,
157,0.341,-1.582,
158,1.266,-0.517,
159,0.627,-1.379,
160,1.312,-1.157,
161,1.198,-0.652,
162,1.305,-0.77,
163,1.567,-1.238,
