1,-1.871,-0.523,
2,-0.087,-0.196,
3,0.336,-0.319,
4,0.101,0.241,
5,-1.474,-1.316,
6,-0.325,-0.365,
7,1.107,0.086,
8,0.289,-0.645,
9,0.181,-0.621,
10,-1.173,-0.45,
11,-0.144,0.475,
12,1.241,0.239,
13,0.331,-0.528,
14,0.197,0.101,
15,-0.175,-0.724,
16,0.185,0.052,
17,0.081,0.469,
18,-0.206,0.428,
19,-0.115,0.112,
20,-1.712,-0.628,
21,0.098,-0.084,
22,-0.088,0.749,
23,0.128,-0.59,
24,-0.107,0.295,
25,0.148,0.806,
26,0.241,-0.408,
27,-0.139,0.441,
28,0.164,0.095,
29,-0.276,0.718,
30,0.011,0.362,
31,-0.287,-1.352,
32,1.037,0.431,
33,1.158,-0.356,
34,0.245,-0.27,
35,-0.084,-0.303,
36,0.066,0.172,
37,0.194,0.198,
38,-0.015,0.541,
39,1.435,1.309,
40,-0.507,-0.672,
41,-0.046,-0.516,
42,-0.006,0.331,
43,0.672,-0.031,
44,-0.317,0.025,
45,0.342,0.213,
46,0.089,-0.298,
47,-0.316,-0.037,
48,0.88,0.085,
49,-0.324,-0.004,
50,0.188,-0.074,
51,-0.197,-0.381,
52,0.588,-0.36,
53,0.698,-0.296,
54,0.624,1.726,
55,0.883,-0.537,
56,-0.018,0.199,
57,-1.033,0.521,
58,-0.518,-1.23,
59,0.101,-0.001,
60,-0.309,0.178,
61,-0.016,0.538,
62,0.738,-0.509,
63,-1.368,-1.473,
64,-0.265,-0.38,
65,0.546,-1.045,
66,0.888,-0.192,
67,0.059,0.06,
68,-0.119,0.277,
69,1.552,0.501,
70,-0.511,1.197,
71,0.237,0.511,
72,1.254,-0.482,
73,1.318,-0.694,
74,0.397,-0.041,
75,0.12,0.382,
76,0.878,-0.439,
77,0.618,0.39,
78,0.523,-0.207,
79,0.739,-0.587,
80,0.438,-0.018,
81,0.84,-0.76,
82,0.187,-0.074,
83,-0.032,0.001,
84,0.306,0.004,
85,-0.504,-0.499,
86,-0.936,-0.116,
87,-1.101,-0.771,
88,0.614,0.457,
89,0.536,0.218,
90,0.718,0.101,
91,0.304,0.123,
92,-0.218,-0.099,
93,-0.372,0.616,
94,0.714,0.458,
95,-0.857,1.425,
96,0.578,-0.851,
97,0.507,-0.066,
98,0.144,-1.049,
99,-0.029,-1.398,
100,2.402,1.682,
101,1.079,0.691,
102,-0.3,-0.251,
103,-1.854,-0.653,
104,1.011,0.345,
105,-0.349,0.118,
106,-1.969,-0.699,
107,-0.079,0.239,
108,0.039,-0.212,
109,0.718,-0.499,
110,-0.439,-0.178,
111,-0.249,-1.061,
112,-0.784,-0.024,
113,0.525,0.441,
114,1.479,1.236,
115,0.491,0.62,
116,1.03,0.714,
117,0.382,-1.124,
118,0.799,0.084,
119,-0.146,-0.719,
120,0.227,-0.673,
121,0.372,0.142,
122,0.675,0.184,
123,-0.264,0.571,
124,0.152,-1.657,
125,0.283,-0.265,
126,0.862,0.496,
127,0.558,0.812,
128,0.111,0.391,
129,0.828,0.276,
130,0.778,-0.358,
131,-0.412,0.748,
132,1.351,-1.188,
133,0.461,-1.427,
134,-0.123,-0.33,
135,0.122,0.398,
136,0.51,0.763,
137,0.477,0.681,
138,1.07,0.085,
139,-0.134,-0.55,
140,-0.22,-0.396,
141,-0.484,0.552,
142,0.158,1.17,
143,-0.852,0.583,
144,1.279,-0.945,
145,-0.261,-0.27,
146,-0.642,-0.624,
147,0.134,0.164,
148,-0.098,-0.637,
149,0.625,0.424,
150,-0.429,0.037,
151,0.93,0.466,
152,0.557,-0.977,
153,0.682,-1.916,
154,0.055,0.058,
155,-0.469,0.037,
156,-0.004,0.851,
157,0.004,-0.777,
158,-0.03,-0.503,
159,-0.96,-0.192,
160,-0.051,-0.072,
161,-0.153,-0.098,
162,-0.262,0.34,
163,0.351,-0.509,
