1,0.901,-0.802,
2,1.076,-1.073,
3,0.273,-1.105,
4,1.267,-0.276,
5,1.202,-0.722,
6,-0.259,-1.067,
7,1.134,-0.485,
8,1.38,-0.803,
9,0.846,-1.637,
10,0.028,-0.374,
11,1.503,-0.547,
12,1.24,-1.25,
13,1.666,-0.995,
14,0.681,-0.711,
15,0.605,-1.111,
16,0.917,-1.208,
17,0.647,-0.45,
18,1.097,-1.005,
19,1.243,-0.796,
20,1.029,-1.15,
21,0.788,-1.232,
22,0.421,-1.115,
23,1.089,-1.102,
24,0.952,-1.06,
25,0.879,-0.769,
26,1.369,-0.585,
27,1.401,-0.804,
28,1.091,-0.678,
29,0.808,-0.746,
30,0.541,-0.748,
31,1.189,-0.29,
32,0.876,-0.909,
33,0.972,-1.057,
34,0.37,-1.071,
35,1.39,-0.188,
36,0.594,-0.816,
37,1.07,-0.719,
38,0.673,-0.911,
39,0.884,-0.941,
40,1.191,-0.77,
41,1.629,-0.339,
42,1.768,-0.571,
43,1.318,-0.383,
44,1.413,-0.41,
45,0.906,-0.566,
46,0.913,-0.989,
47,0.391,-1.357,
48,1.861,-0.908,
49,0.801,-1.148,
50,0.911,-1.188,
51,1.122,-0.93,
52,0.494,-0.869,
53,1.381,-1.507,
54,1.136,-0.546,
55,0.777,-1.882,
56,1.011,-0.905,
57,0.841,-1.175,
58,0.756,-0.412,
59,0.682,-1.354,
60,0.921,-0.922,
61,1.017,-0.942,
62,1.58,-0.764,
63,0.896,-0.692,
64,0.496,-1.148,
65,1.182,-1.126,
66,1.215,-0.146,
67,0.583,-1.215,
68,0.843,-0.676,
69,1.264,-0.347,
70,0.763,-0.899,
71,0.682,-0.894,
72,1.437,-0.885,
73,0.869,-0.754,
74,1.23,-0.822,
75,0.853,-1.39,
76,0.958,-0.67,
77,0.876,-1.107,
78,0.806,-0.887,
79,0.376,-1.164,
80,0.828,-1.506,
81,0.856,-0.836,
82,1.338,-0.609,
83,1.094,-0.945,
84,0.724,-0.833,
85,1.195,-0.807,
86,0.824,-0.512,
87,0.628,-1.748,
88,1.202,-0.713,
89,0.972,-0.798,
90,1.413,-0.785,
91,1.226,-0.12,
92,0.906,-1.179,
93,0.425,-0.434,
94,0.613,-0.467,
95,1.145,-0.782,
96,0.981,-1.449,
97,1.565,-0.687,
98,0.421,-1.616,
99,0.807,-1.04,
100,0.712,-0.904,
101,1.035,-0.413,
102,1.006,-1.333,
103,0.863,-0.427,
104,1.036,-0.996,
105,0.79,-1.129,
106,0.568,-0.613,
107,1.599,0.344,
108,0.928,-1.198,
109,1.009,-0.867,
110,1.309,-0.476,
111,0.832,-0.826,
112,0.178,-1.226,
113,1.043,-0.752,
114,0.811,-1.272,
115,0.893,-1.966,
116,1.049,-1.171,
117,1.279,-0.866,
118,1.127,-0.933,
119,0.886,-0.9,
120,0.915,-1.186,
121,0.928,-0.727,
122,1.404,-0.842,
123,0.633,-1.785,
124,1.323,-1.258,
125,0.645,-1.413,
126,1.334,-0.982,
127,1.392,-1.293,
128,0.956,-0.564,
129,1.079,-0.929,
130,1.15,-0.573,
131,1.416,0.194,
132,0.653,-1.027,
133,0.743,-0.271,
134,0.82,-0.35,
135,1.032,-1.182,
136,0.781,-1.05,
137,0.502,-0.896,
138,0.806,-1.002,
139,0.58,-1.488,
140,1.014,-0.886,
141,0.803,-1.521,
142,1.069,-1.339,
143,1.325,-0.389,
144,0.899,-0.736,
145,0.599,-1.205,
146,1.609,-0.535,
147,1.051,-0.902,
148,0.485,-1.02,
149,1.267,-1.962,
150,-0.291,-0.703,
151,1.967,-0.688,
152,0.905,-0.691,
153,1.314,-1.227,
154,0.744,-1.336,
155,1.096,-1.505,
156,0.492,-0.641,
157,0.641,-1.335,
158,1.397,-0.438,
159,1.06,-1.042,
160,1.151,-0.844,
161,1.312,-0.905,
162,1.279,-0.864,
163,1.691,-1.371,
