1,-2.041,-1.075,
2,0.3,-0.419,
3,0.286,-0.754,
4,0.507,0.823,
5,-1.619,-1.69,
6,-0.638,-0.859,
7,2.12,0.126,
8,0.782,-1.127,
9,0.561,-1.615,
10,-1.557,-1.335,
11,0.348,0.722,
12,1.378,0.253,
13,0.944,-0.86,
14,0.412,0.486,
15,-0.447,-1.358,
16,0.401,-0.004,
17,0.836,0.649,
18,0.267,-0.014,
19,0.324,-0.41,
20,-1.8,-1.528,
21,0.242,-0.797,
22,-0.196,0.756,
23,0.59,-0.858,
24,0.058,0.056,
25,0.507,1.153,
26,0.513,-0.831,
27,-0.119,-0.091,
28,0.526,0.009,
29,-0.186,0.917,
30,-0.522,-0.397,
31,0.061,-2.277,
32,1.733,0.934,
33,2.15,-0.727,
34,0.544,-0.556,
35,0.611,-0.596,
36,0.165,-0.078,
37,0.597,0.194,
38,-0.062,0.869,
39,1.785,1.455,
40,-0.079,-0.949,
41,0.342,-1,
42,1.396,0.228,
43,1.255,0.256,
44,-0.267,0.137,
45,0.262,0.47,
46,0.211,-0.798,
47,-0.561,-0.201,
48,1.828,0.296,
49,-0.021,-0.44,
50,0.916,-0.063,
51,0.14,-0.767,
52,0.679,-0.359,
53,1.411,-1.259,
54,0.648,2.463,
55,1.428,-1.3,
56,0.751,-0.672,
57,-1.271,0.316,
58,-0.453,-1.212,
59,0.045,-0.084,
60,-0.015,-0.184,
61,0.138,0.548,
62,1.043,-0.785,
63,-1.062,-2.296,
64,-0.444,-0.835,
65,1.204,-1.772,
66,1.686,-0.266,
67,0.39,-0.142,
68,-0.316,0.566,
69,2.082,0.508,
70,-0.043,1.4,
71,0.319,0.646,
72,2.574,-0.93,
73,1.861,-1.554,
74,0.499,-0.475,
75,0.374,-0.063,
76,1.888,-0.878,
77,1.254,0.002,
78,0.804,-1.261,
79,1.364,-1.557,
80,1.179,-0.362,
81,0.718,-1.295,
82,0.607,-0.294,
83,-0.373,-0.419,
84,0.43,-0.128,
85,0.082,-0.788,
86,-1.098,-0.243,
87,-1.764,-1.901,
88,1.117,0.826,
89,0.525,0.22,
90,2.096,0.162,
91,0.661,0.275,
92,-0.15,-0.882,
93,-0.802,0.746,
94,1.155,0.424,
95,-0.62,1.86,
96,1.091,-1.902,
97,1.194,-0.202,
98,0.38,-2.119,
99,-0.121,-2.135,
100,3.911,2.192,
101,1.783,1.251,
102,0.49,-0.918,
103,-2.177,-0.566,
104,1.809,-0.085,
105,-0.318,-0.264,
106,-2.447,-0.676,
107,0.609,0.309,
108,-0.179,-0.335,
109,1.321,-0.602,
110,-0.621,-0.335,
111,-0.432,-1.717,
112,-0.634,-0.642,
113,0.986,0.517,
114,2.302,0.943,
115,0.843,0.356,
116,1.486,0.457,
117,0.721,-1.887,
118,1.742,0.129,
119,-0.181,-1.395,
120,0.417,-1.536,
121,1.475,0.387,
122,1.555,-0.185,
123,0.121,0.392,
124,0.345,-2.53,
125,0.341,-0.694,
126,1.495,0.962,
127,1.204,1.136,
128,0.559,0.093,
129,1.515,0.056,
130,1.1,-0.593,
131,0.004,1.207,
132,2.006,-1.757,
133,0.83,-1.387,
134,0.21,-0.429,
135,0.326,0.474,
136,0.854,0.838,
137,0.419,0.322,
138,1.511,-0.321,
139,0.064,-1.27,
140,-0.084,-0.835,
141,-0.236,-0.018,
142,0.532,1.277,
143,-0.514,0.682,
144,1.317,-0.944,
145,-0.81,-0.817,
146,-0.338,-1.056,
147,0.325,-0.22,
148,-0.08,-1.844,
149,1.407,0.742,
150,-0.472,0.249,
151,2.256,-0.184,
152,0.525,-1.172,
153,1.292,-2.755,
154,0.15,-0.394,
155,-0.343,-0.778,
156,0.241,0.707,
157,0.037,-1.208,
158,0.134,-0.836,
159,-0.794,-0.878,
160,0.529,-0.87,
161,0.035,-0.12,
162,0.236,0.082,
163,0.896,-0.649,
