1,-1.822,-0.439,
2,-0.12,-0.253,
3,0.345,-0.313,
4,0.11,0.223,
5,-1.439,-1.353,
6,-0.359,-0.285,
7,1.137,0.145,
8,0.269,-0.67,
9,0.187,-0.621,
10,-1.155,-0.435,
11,-0.142,0.467,
12,1.223,0.23,
13,0.327,-0.528,
14,0.211,0.047,
15,-0.222,-0.665,
16,0.161,0,
17,0.068,0.451,
18,-0.208,0.424,
19,-0.103,0.12,
20,-1.69,-0.614,
21,0.102,-0.083,
22,-0.085,0.734,
23,0.125,-0.583,
24,-0.102,0.28,
25,0.174,0.745,
26,0.24,-0.4,
27,-0.13,0.436,
28,0.162,0.089,
29,-0.274,0.709,
30,0.03,0.37,
31,-0.279,-1.329,
32,1.016,0.415,
33,1.132,-0.353,
34,0.237,-0.27,
35,-0.088,-0.291,
36,0.07,0.172,
37,0.192,0.191,
38,-0.01,0.528,
39,1.423,1.285,
40,-0.499,-0.663,
41,-0.041,-0.507,
42,-0.003,0.318,
43,0.667,-0.04,
44,-0.308,0.022,
45,0.336,0.203,
46,0.093,-0.294,
47,-0.31,-0.042,
48,0.866,0.082,
49,-0.376,0.017,
50,0.178,-0.077,
51,-0.197,-0.377,
52,0.575,-0.375,
53,0.688,-0.289,
54,0.623,1.706,
55,0.865,-0.532,
56,-0.018,0.205,
57,-1.012,0.507,
58,-0.51,-1.211,
59,0.103,-0.009,
60,-0.312,0.188,
61,0.048,0.529,
62,0.768,-0.51,
63,-1.336,-1.456,
64,-0.249,-0.372,
65,0.54,-1.021,
66,0.876,-0.188,
67,0.056,0.049,
68,-0.124,0.274,
69,1.542,0.502,
70,-0.514,1.163,
71,0.236,0.495,
72,1.226,-0.469,
73,1.302,-0.674,
74,0.41,-0.036,
75,0.053,0.398,
76,0.827,-0.436,
77,0.609,0.385,
78,0.512,-0.196,
79,0.722,-0.567,
80,0.427,-0.021,
81,0.834,-0.758,
82,0.186,-0.075,
83,-0.033,0.003,
84,0.31,0,
85,-0.506,-0.493,
86,-0.921,-0.111,
87,-1.077,-0.769,
88,0.635,0.443,
89,0.595,0.201,
90,0.69,0.095,
91,0.302,0.119,
92,-0.206,-0.098,
93,-0.36,0.61,
94,0.703,0.447,
95,-0.846,1.404,
96,0.578,-0.848,
97,0.504,-0.06,
98,0.136,-1.032,
99,-0.022,-1.387,
100,2.366,1.642,
101,1.049,0.665,
102,-0.385,-0.245,
103,-1.869,-0.632,
104,1.01,0.337,
105,-0.339,0.113,
106,-1.954,-0.702,
107,-0.073,0.226,
108,0.051,-0.225,
109,0.703,-0.497,
110,-0.424,-0.18,
111,-0.247,-1.049,
112,-0.779,-0.014,
113,0.518,0.427,
114,1.449,1.209,
115,0.546,0.608,
116,1.014,0.697,
117,0.384,-1.099,
118,0.786,0.08,
119,-0.134,-0.703,
120,0.224,-0.668,
121,0.354,0.137,
122,0.667,0.177,
123,-0.258,0.549,
124,0.152,-1.634,
125,0.279,-0.264,
126,0.847,0.471,
127,0.55,0.789,
128,0.106,0.393,
129,0.819,0.263,
130,0.767,-0.351,
131,-0.405,0.729,
132,1.33,-1.182,
133,0.457,-1.414,
134,-0.12,-0.331,
135,0.121,0.381,
136,0.501,0.738,
137,0.479,0.685,
138,1.056,0.085,
139,-0.163,-0.488,
140,-0.22,-0.38,
141,-0.479,0.542,
142,0.147,1.163,
143,-0.829,0.581,
144,1.275,-0.941,
145,-0.259,-0.27,
146,-0.63,-0.613,
147,0.136,0.172,
148,-0.071,-0.588,
149,0.666,0.362,
150,-0.453,0.068,
151,0.921,0.472,
152,0.555,-0.981,
153,0.667,-1.888,
154,0.057,0.058,
155,-0.452,0.051,
156,0.011,0.869,
157,-0.036,-0.83,
158,0.015,-0.558,
159,-0.987,-0.145,
160,-0.054,-0.062,
161,-0.145,-0.103,
162,-0.228,0.391,
163,0.317,-0.578,
