1,-0.897,-1.159,
2,0.823,-0.68,
3,0.26,-1.053,
4,1.077,0.946,
5,-0.501,-1.341,
6,-0.515,-1.114,
7,2.434,-0.187,
8,1.244,-1.179,
9,1.018,-2.369,
10,-1.132,-1.54,
11,1.08,0.497,
12,1.086,-0.385,
13,1.431,-0.984,
14,0.631,0.139,
15,-0.352,-1.37,
16,0.671,-0.536,
17,1.156,0.431,
18,0.873,-0.736,
19,1.152,-0.944,
20,-0.559,-1.784,
21,0.466,-1.444,
22,-0.575,-0.091,
23,1.057,-0.946,
24,0.343,-0.502,
25,0.984,0.615,
26,1.05,-1.03,
27,0.663,-0.688,
28,0.821,-0.313,
29,0.146,0.329,
30,-0.491,-1.153,
31,0.888,-2.08,
32,1.59,0.582,
33,1.914,-0.988,
34,0.572,-0.78,
35,1.285,-0.474,
36,0.404,-0.456,
37,0.961,-0.107,
38,0.067,0.187,
39,1.607,0.477,
40,0.779,-0.919,
41,1.179,-1.108,
42,3.08,-0.392,
43,1.862,0.288,
44,0.447,-0.037,
45,0.21,0.266,
46,0.727,-1.137,
47,-0.24,-0.686,
48,2.194,-0.042,
49,0.48,-0.795,
50,1.28,-0.515,
51,0.751,-1.134,
52,0.103,-0.793,
53,1.526,-2.004,
54,0.863,1.702,
55,1.391,-1.794,
56,1.556,-1.423,
57,-0.45,-0.524,
58,0.134,-0.805,
59,0.227,-0.59,
60,0.498,-0.402,
61,0.521,-0.106,
62,1.48,-0.827,
63,-0.498,-1.903,
64,0.089,-0.968,
65,1.48,-1.701,
66,1.817,-0.204,
67,0.609,-0.648,
68,-0.269,0.092,
69,2.099,0.15,
70,0.118,0.437,
71,0.339,0.154,
72,2.906,-1.059,
73,1.716,-1.833,
74,0.816,-0.776,
75,0.623,-0.816,
76,1.936,-1.046,
77,1.314,-0.759,
78,0.836,-1.566,
79,1.197,-1.821,
80,1.25,-0.928,
81,0.42,-0.901,
82,0.922,-0.258,
83,-0.279,-0.893,
84,0.516,-0.359,
85,0.762,-0.797,
86,-0.302,-0.499,
87,-1.259,-2.485,
88,1.301,0.641,
89,0.528,-0.156,
90,2.418,-0.014,
91,1.112,0.35,
92,0.281,-1.342,
93,-0.614,0.337,
94,1.013,-0.063,
95,0.073,1.206,
96,1.231,-2.337,
97,1.602,-0.37,
98,0.372,-2.376,
99,0.122,-1.879,
100,3.232,1.059,
101,1.621,0.828,
102,1.02,-1.338,
103,-0.968,-0.516,
104,1.859,-0.76,
105,0.032,-0.669,
106,-1.593,-0.796,
107,1.475,0.002,
108,0.269,-1.01,
109,1.347,-0.688,
110,0.01,-0.452,
111,-0.016,-1.6,
112,-0.183,-0.903,
113,0.963,0.127,
114,1.779,-0.362,
115,0.791,-0.514,
116,1.301,-0.392,
117,1.098,-1.795,
118,1.852,-0.144,
119,0.116,-1.308,
120,0.757,-2.062,
121,1.661,0.615,
122,2.098,-0.844,
123,0.697,-0.587,
124,0.831,-2.356,
125,0.232,-1.204,
126,1.642,0.37,
127,1.671,0.33,
128,0.883,-0.309,
129,1.87,-0.523,
130,0.998,-0.449,
131,0.771,1.052,
132,1.621,-1.647,
133,0.828,-0.38,
134,0.538,-0.227,
135,0.78,-0.12,
136,0.813,-0.049,
137,0.329,-0.423,
138,1.321,-0.802,
139,0.392,-1.626,
140,0.294,-0.954,
141,0.245,-1.056,
142,1.073,0.143,
143,0.581,0.567,
144,1.082,-0.67,
145,-0.989,-1.261,
146,0.516,-0.998,
147,0.612,-0.653,
148,0.081,-2.673,
149,1.761,-0.046,
150,-0.334,-0.33,
151,2.753,-0.826,
152,0.743,-1.39,
153,1.441,-2.285,
154,0.356,-0.984,
155,0.5,-1.695,
156,0.333,0.024,
157,0.181,-1.485,
158,0.709,-0.707,
159,-0.094,-1.369,
160,1.145,-1.267,
161,0.711,-0.347,
162,0.937,-0.441,
163,1.399,-0.907,
