1,-1.992,-0.966,
2,0.29,-0.445,
3,0.309,-0.763,
4,0.522,0.733,
5,-1.607,-1.674,
6,-0.655,-0.754,
7,2.163,0.156,
8,0.756,-1.139,
9,0.577,-1.603,
10,-1.53,-1.282,
11,0.345,0.7,
12,1.349,0.23,
13,0.937,-0.878,
14,0.425,0.42,
15,-0.439,-1.379,
16,0.4,-0.019,
17,0.785,0.58,
18,0.26,-0.013,
19,0.356,-0.387,
20,-1.769,-1.483,
21,0.25,-0.781,
22,-0.179,0.721,
23,0.573,-0.85,
24,0.086,0.014,
25,0.509,1.118,
26,0.479,-0.821,
27,-0.095,-0.082,
28,0.52,-0.005,
29,-0.178,0.896,
30,-0.47,-0.358,
31,0.072,-2.216,
32,1.681,0.878,
33,2.08,-0.716,
34,0.529,-0.559,
35,0.589,-0.57,
36,0.192,-0.093,
37,0.564,0.161,
38,-0.044,0.832,
39,1.763,1.418,
40,-0.073,-0.926,
41,0.341,-0.979,
42,1.361,0.216,
43,1.235,0.222,
44,-0.252,0.128,
45,0.259,0.441,
46,0.221,-0.783,
47,-0.544,-0.21,
48,1.813,0.265,
49,0,-0.382,
50,0.877,-0.078,
51,0.137,-0.751,
52,0.67,-0.399,
53,1.387,-1.234,
54,0.653,2.431,
55,1.378,-1.284,
56,0.771,-0.644,
57,-1.25,0.288,
58,-0.443,-1.189,
59,0.048,-0.109,
60,-0.036,-0.136,
61,0.16,0.527,
62,1.118,-0.773,
63,-0.997,-2.264,
64,-0.407,-0.82,
65,1.187,-1.718,
66,1.65,-0.26,
67,0.385,-0.18,
68,-0.332,0.546,
69,2.066,0.52,
70,-0.059,1.327,
71,0.322,0.608,
72,2.487,-0.903,
73,1.844,-1.503,
74,0.541,-0.463,
75,0.406,-0.031,
76,1.822,-0.865,
77,1.225,0.003,
78,0.777,-1.224,
79,1.311,-1.5,
80,1.149,-0.369,
81,0.728,-1.298,
82,0.597,-0.29,
83,-0.374,-0.406,
84,0.44,-0.139,
85,0.074,-0.77,
86,-1.068,-0.223,
87,-1.705,-1.887,
88,1.121,0.785,
89,0.604,0.197,
90,1.994,0.139,
91,0.649,0.252,
92,-0.121,-0.867,
93,-0.771,0.726,
94,1.126,0.407,
95,-0.604,1.811,
96,1.088,-1.883,
97,1.187,-0.178,
98,0.361,-2.067,
99,-0.095,-2.113,
100,3.84,2.102,
101,1.713,1.197,
102,0.357,-0.942,
103,-2.11,-0.568,
104,1.831,-0.069,
105,-0.296,-0.268,
106,-2.425,-0.685,
107,0.608,0.289,
108,-0.14,-0.371,
109,1.28,-0.603,
110,-0.583,-0.34,
111,-0.424,-1.702,
112,-0.636,-0.603,
113,0.972,0.476,
114,2.234,0.892,
115,0.852,0.329,
116,1.431,0.439,
117,0.71,-1.848,
118,1.699,0.118,
119,-0.152,-1.36,
120,0.405,-1.523,
121,1.406,0.377,
122,1.519,-0.192,
123,0.123,0.341,
124,0.349,-2.488,
125,0.348,-0.685,
126,1.458,0.897,
127,1.203,1.098,
128,0.519,0.118,
129,1.48,0.034,
130,1.073,-0.581,
131,0.017,1.164,
132,1.965,-1.752,
133,0.82,-1.387,
134,0.213,-0.44,
135,0.324,0.429,
136,0.841,0.787,
137,0.438,0.336,
138,1.495,-0.299,
139,0.056,-1.236,
140,-0.089,-0.779,
141,-0.223,-0.032,
142,0.487,1.287,
143,-0.48,0.689,
144,1.321,-0.937,
145,-0.803,-0.805,
146,-0.318,-1.03,
147,0.345,-0.186,
148,-0.079,-1.82,
149,1.355,0.758,
150,-0.473,0.261,
151,2.224,-0.161,
152,0.522,-1.185,
153,1.247,-2.698,
154,0.153,-0.384,
155,-0.31,-0.711,
156,0.253,0.712,
157,0.001,-1.228,
158,0.184,-0.892,
159,-0.788,-0.877,
160,0.504,-0.805,
161,0.047,-0.11,
162,0.224,0.091,
163,0.855,-0.753,
