1,-1.536,-0.422,
2,-0.138,-0.101,
3,0.356,-0.156,
4,0.026,0.076,
5,-1.095,-1.018,
6,-0.043,-0.308,
7,0.593,-0.128,
8,0.155,-0.46,
9,0.094,-0.343,
10,-0.831,-0.163,
11,-0.212,0.317,
12,1.037,0.085,
13,0.119,-0.341,
14,0.16,-0.169,
15,-0.026,-0.5,
16,0.128,-0.038,
17,-0.166,0.376,
18,-0.294,0.455,
19,-0.229,0.233,
20,-1.277,-0.267,
21,0.061,0.068,
22,-0.098,0.554,
23,0.017,-0.356,
24,-0.16,0.297,
25,0.131,0.502,
26,0.246,-0.27,
27,0.004,0.496,
28,0.03,0.066,
29,-0.306,0.491,
30,0.374,0.485,
31,-0.247,-0.879,
32,0.658,0.193,
33,0.653,-0.232,
34,0.121,-0.164,
35,-0.232,-0.127,
36,0.081,0.225,
37,0.085,0.146,
38,-0.012,0.275,
39,1.095,0.691,
40,-0.502,-0.517,
41,-0.04,-0.289,
42,-0.195,0.185,
43,0.455,-0.114,
44,-0.224,-0.073,
45,0.3,0.075,
46,0.146,-0.151,
47,-0.152,-0.035,
48,0.501,-0.035,
49,-0.368,0.104,
50,-0.074,-0.132,
51,-0.237,-0.286,
52,0.422,-0.323,
53,0.33,-0.009,
54,0.487,1.117,
55,0.605,-0.282,
56,-0.183,0.457,
57,-0.752,0.43,
58,-0.423,-0.938,
59,0.144,0.046,
60,-0.259,0.22,
61,-0.024,0.361,
62,0.553,-0.354,
63,-1.293,-0.941,
64,-0.067,-0.17,
65,0.291,-0.662,
66,0.534,-0.15,
67,-0.081,0.113,
68,0.02,0.127,
69,1.156,0.394,
70,-0.554,0.876,
71,0.171,0.364,
72,0.723,-0.292,
73,0.927,-0.295,
74,0.374,0.092,
75,0.168,0.408,
76,0.446,-0.264,
77,0.319,0.408,
78,0.309,0.161,
79,0.4,-0.175,
80,0.077,0.016,
81,0.652,-0.44,
82,0.087,-0.032,
83,0.1,0.079,
84,0.289,0.037,
85,-0.67,-0.38,
86,-0.663,-0.179,
87,-0.694,-0.405,
88,0.405,0.275,
89,0.328,0.16,
90,0.183,0.073,
91,0.233,0.108,
92,-0.087,0.114,
93,-0.184,0.509,
94,0.462,0.353,
95,-0.712,0.85,
96,0.373,-0.469,
97,0.218,-0.085,
98,-0.016,-0.625,
99,0.018,-0.911,
100,1.538,1.08,
101,0.697,0.288,
102,-0.321,0.005,
103,-1.368,-0.584,
104,0.567,0.366,
105,-0.269,0.141,
106,-1.493,-0.771,
107,-0.213,0.102,
108,0.141,-0.177,
109,0.413,-0.452,
110,-0.226,-0.121,
111,-0.097,-0.628,
112,-0.643,0.089,
113,0.262,0.338,
114,0.902,1.022,
115,0.216,0.482,
116,0.711,0.681,
117,0.273,-0.64,
118,0.401,0.025,
119,-0.079,-0.365,
120,0.11,-0.337,
121,0.081,-0.081,
122,0.414,0.171,
123,-0.294,0.477,
124,0.034,-1.062,
125,0.187,-0.178,
126,0.616,0.196,
127,0.34,0.511,
128,-0.031,0.435,
129,0.616,0.241,
130,0.531,-0.146,
131,-0.45,0.458,
132,0.879,-0.8,
133,0.252,-1.132,
134,-0.219,-0.203,
135,0.1,0.284,
136,0.321,0.513,
137,0.391,0.57,
138,0.79,0.159,
139,-0.141,-0.273,
140,-0.212,-0.194,
141,-0.509,0.588,
142,0.132,0.794,
143,-0.658,0.396,
144,1.133,-0.871,
145,-0.097,-0.107,
146,-0.618,-0.4,
147,0.06,0.219,
148,-0.04,-0.225,
149,0.293,0.265,
150,-0.378,-0.158,
151,0.401,0.533,
152,0.511,-0.78,
153,0.403,-1.348,
154,0.014,0.111,
155,-0.309,0.151,
156,-0.113,0.761,
157,0.072,-0.399,
158,-0.076,-0.043,
159,-0.828,0.052,
160,-0.168,0.177,
161,-0.069,-0.128,
162,-0.319,0.34,
163,0.28,-0.323,
