1,0.743,-0.858,
2,1.145,-0.965,
3,0.219,-1.109,
4,1.338,0.198,
5,1.04,-0.712,
6,-0.361,-1.023,
7,1.563,-0.376,
8,1.455,-0.861,
9,1.093,-1.948,
10,-0.246,-0.681,
11,1.533,-0.321,
12,1.115,-1.127,
13,1.664,-0.987,
14,0.697,-0.489,
15,0.301,-1.001,
16,0.905,-1.111,
17,0.866,-0.182,
18,1.181,-1.067,
19,1.409,-0.942,
20,0.993,-1.379,
21,0.735,-1.418,
22,0.037,-1.066,
23,1.146,-1.054,
24,0.816,-1.014,
25,1.027,-0.525,
26,1.416,-0.764,
27,1.365,-0.895,
28,1.113,-0.595,
29,0.706,-0.597,
30,0.209,-1.061,
31,1.306,-0.64,
32,0.91,-0.595,
33,1.115,-1.054,
34,0.403,-0.971,
35,1.528,-0.209,
36,0.584,-0.75,
37,1.12,-0.587,
38,0.514,-0.793,
39,0.969,-0.774,
40,1.346,-0.733,
41,1.714,-0.486,
42,2.492,-0.666,
43,1.6,-0.143,
44,1.354,-0.303,
45,0.659,-0.344,
46,0.92,-1.069,
47,0.287,-1.246,
48,1.976,-0.714,
49,0.863,-1.1,
50,1.163,-1.036,
51,1.094,-0.997,
52,0.178,-0.9,
53,1.425,-1.908,
54,1.107,-0.189,
55,0.85,-1.995,
56,1.294,-1.205,
57,0.699,-1.24,
58,0.752,-0.437,
59,0.616,-1.294,
60,0.896,-0.827,
61,0.903,-0.878,
62,1.723,-0.754,
63,0.615,-0.802,
64,0.509,-1.065,
65,1.26,-1.207,
66,1.307,-0.099,
67,0.649,-1.198,
68,0.533,-0.628,
69,1.46,-0.329,
70,0.62,-0.907,
71,0.56,-0.741,
72,1.748,-0.9,
73,0.996,-0.992,
74,1.158,-0.875,
75,0.683,-1.424,
76,1.273,-0.776,
77,0.963,-1.206,
78,0.853,-1.082,
79,0.57,-1.415,
80,0.903,-1.401,
81,0.617,-0.72,
82,1.292,-0.442,
83,0.761,-1.053,
84,0.646,-0.739,
85,1.223,-0.763,
86,0.756,-0.592,
87,0.259,-2.076,
88,1.146,-0.306,
89,0.881,-0.675,
90,1.823,-0.568,
91,1.319,0.079,
92,0.732,-1.307,
93,0.182,-0.341,
94,0.626,-0.512,
95,1.079,-0.314,
96,1.061,-1.774,
97,1.62,-0.665,
98,0.48,-1.735,
99,0.629,-1.141,
100,1.015,-0.72,
101,1.051,-0.099,
102,1.025,-1.357,
103,0.764,-0.429,
104,1.198,-1.095,
105,0.679,-1.102,
106,0.197,-0.717,
107,1.892,0.336,
108,0.833,-1.304,
109,1.027,-0.809,
110,1.07,-0.472,
111,0.646,-0.987,
112,0.241,-1.187,
113,1.036,-0.532,
114,0.89,-1.334,
115,0.766,-1.652,
116,1.01,-1.237,
117,1.308,-1.074,
118,1.336,-0.796,
119,0.74,-0.948,
120,0.92,-1.572,
121,1.048,-0.372,
122,1.605,-0.962,
123,0.745,-1.672,
124,1.299,-1.366,
125,0.474,-1.457,
126,1.357,-0.732,
127,1.534,-1.057,
128,0.993,-0.591,
129,1.314,-0.918,
130,1.084,-0.491,
131,1.46,0.368,
132,0.76,-1.094,
133,0.708,0.075,
134,0.751,-0.224,
135,1.103,-1.002,
136,0.673,-1.015,
137,0.4,-0.961,
138,0.84,-1.065,
139,0.634,-1.596,
140,0.925,-0.938,
141,0.753,-1.647,
142,1.201,-1.301,
143,1.437,-0.247,
144,0.955,-0.676,
145,0.205,-1.292,
146,1.505,-0.616,
147,0.957,-0.931,
148,0.374,-1.666,
149,1.539,-1.654,
150,-0.272,-0.755,
151,2.279,-0.923,
152,0.884,-0.893,
153,1.32,-1.317,
154,0.67,-1.29,
155,1.188,-1.857,
156,0.407,-0.65,
157,0.454,-1.541,
158,1.383,-0.508,
159,0.893,-1.274,
160,1.296,-1.072,
161,1.305,-0.798,
162,1.35,-0.874,
163,1.635,-1.319,
