1,-1.427,-1.189,
2,0.641,-0.585,
3,0.275,-0.978,
4,0.89,0.979,
5,-1.007,-1.542,
6,-0.558,-1.097,
7,2.406,-0.092,
8,1.095,-1.22,
9,0.83,-2.186,
10,-1.308,-1.596,
11,0.829,0.628,
12,1.19,-0.121,
13,1.286,-0.956,
14,0.571,0.319,
15,-0.435,-1.456,
16,0.574,-0.324,
17,1.112,0.551,
18,0.663,-0.493,
19,0.885,-0.772,
20,-1.13,-1.772,
21,0.381,-1.262,
22,-0.5,0.266,
23,0.92,-0.917,
24,0.23,-0.29,
25,0.841,0.88,
26,0.857,-1.006,
27,0.349,-0.517,
28,0.726,-0.188,
29,-0.013,0.583,
30,-0.568,-0.948,
31,0.579,-2.285,
32,1.733,0.823,
33,2.125,-0.923,
34,0.594,-0.709,
35,1.077,-0.551,
36,0.319,-0.329,
37,0.847,0.024,
38,0,0.506,
39,1.75,0.913,
40,0.461,-0.971,
41,0.881,-1.116,
42,2.562,-0.141,
43,1.653,0.323,
44,0.135,0.035,
45,0.195,0.386,
46,0.524,-1.047,
47,-0.404,-0.493,
48,2.143,0.13,
49,0.295,-0.674,
50,1.195,-0.341,
51,0.54,-1.026,
52,0.307,-0.663,
53,1.533,-1.8,
54,0.805,2.149,
55,1.47,-1.672,
56,1.312,-1.185,
57,-0.83,-0.187,
58,-0.123,-0.969,
59,0.16,-0.342,
60,0.314,-0.324,
61,0.381,0.173,
62,1.307,-0.828,
63,-0.731,-2.182,
64,-0.147,-0.949,
65,1.438,-1.808,
66,1.857,-0.241,
67,0.538,-0.431,
68,-0.347,0.345,
69,2.166,0.275,
70,0.04,0.9,
71,0.325,0.394,
72,2.941,-1.054,
73,1.839,-1.845,
74,0.691,-0.688,
75,0.567,-0.54,
76,2.014,-1.025,
77,1.359,-0.481,
78,0.842,-1.559,
79,1.338,-1.819,
80,1.305,-0.732,
81,0.54,-1.055,
82,0.822,-0.281,
83,-0.373,-0.729,
84,0.487,-0.263,
85,0.519,-0.832,
86,-0.668,-0.401,
87,-1.564,-2.349,
88,1.284,0.767,
89,0.498,0.009,
90,2.405,0.082,
91,0.968,0.348,
92,0.125,-1.226,
93,-0.763,0.536,
94,1.12,0.137,
95,-0.255,1.529,
96,1.219,-2.28,
97,1.503,-0.296,
98,0.371,-2.417,
99,0.008,-2.067,
100,3.756,1.613,
101,1.769,1.044,
102,0.928,-1.229,
103,-1.548,-0.546,
104,1.934,-0.525,
105,-0.123,-0.503,
106,-2.08,-0.755,
107,1.185,0.12,
108,0.056,-0.761,
109,1.404,-0.659,
110,-0.279,-0.415,
111,-0.205,-1.706,
112,-0.387,-0.807,
113,1.018,0.312,
114,2.06,0.138,
115,0.832,-0.172,
116,1.414,-0.029,
117,0.982,-1.926,
118,1.909,-0.014,
119,-0.021,-1.403,
120,0.638,-1.987,
121,1.735,0.591,
122,1.998,-0.626,
123,0.515,-0.179,
124,0.649,-2.567,
125,0.256,-1.038,
126,1.647,0.657,
127,1.548,0.734,
128,0.792,-0.168,
129,1.812,-0.311,
130,1.06,-0.51,
131,0.455,1.205,
132,1.859,-1.776,
133,0.869,-0.79,
134,0.436,-0.305,
135,0.6,0.147,
136,0.865,0.335,
137,0.338,-0.172,
138,1.454,-0.64,
139,0.27,-1.548,
140,0.138,-0.931,
141,0.062,-0.681,
142,0.901,0.657,
143,0.134,0.682,
144,1.141,-0.782,
145,-0.999,-1.15,
146,0.179,-1.071,
147,0.498,-0.515,
148,0.019,-2.46,
149,1.69,0.366,
150,-0.361,-0.113,
151,2.686,-0.625,
152,0.669,-1.395,
153,1.457,-2.553,
154,0.265,-0.793,
155,0.166,-1.406,
156,0.316,0.303,
157,0.137,-1.377,
158,0.448,-0.778,
159,-0.388,-1.244,
160,0.958,-1.188,
161,0.451,-0.24,
162,0.695,-0.25,
163,1.265,-0.779,
