1,-1.813,-1.161,
2,0.465,-0.497,
3,0.277,-0.877,
4,0.695,0.933,
5,-1.379,-1.658,
6,-0.602,-1.007,
7,2.292,0.017,
8,0.94,-1.202,
9,0.676,-1.921,
10,-1.458,-1.512,
11,0.581,0.703,
12,1.302,0.094,
13,1.123,-0.916,
14,0.496,0.435,
15,-0.465,-1.451,
16,0.484,-0.142,
17,1.003,0.623,
18,0.46,-0.244,
19,0.593,-0.592,
20,-1.542,-1.683,
21,0.307,-1.04,
22,-0.361,0.551,
23,0.758,-0.889,
24,0.137,-0.101,
25,0.673,1.063,
26,0.675,-0.935,
27,0.082,-0.309,
28,0.629,-0.078,
29,-0.126,0.773,
30,-0.574,-0.683,
31,0.298,-2.347,
32,1.78,0.932,
33,2.208,-0.835,
34,0.585,-0.635,
35,0.849,-0.594,
36,0.237,-0.202,
37,0.724,0.124,
38,-0.04,0.737,
39,1.798,1.227,
40,0.172,-0.977,
41,0.597,-1.08,
42,1.983,0.068,
43,1.429,0.309,
44,-0.103,0.093,
45,0.224,0.452,
46,0.349,-0.933,
47,-0.514,-0.33,
48,2.02,0.244,
49,0.127,-0.557,
50,1.072,-0.188,
51,0.332,-0.901,
52,0.517,-0.497,
53,1.498,-1.547,
54,0.726,2.367,
55,1.482,-1.505,
56,1.032,-0.934,
57,-1.103,0.097,
58,-0.319,-1.107,
59,0.106,-0.166,
60,0.151,-0.273,
61,0.25,0.393,
62,1.159,-0.817,
63,-0.915,-2.311,
64,-0.33,-0.907,
65,1.343,-1.833,
66,1.812,-0.261,
67,0.458,-0.251,
68,-0.342,0.522,
69,2.148,0.412,
70,0.014,1.222,
71,0.321,0.557,
72,2.821,-1.01,
73,1.868,-1.745,
74,0.583,-0.588,
75,0.481,-0.285,
76,2.001,-0.968,
77,1.339,-0.222,
78,0.83,-1.46,
79,1.394,-1.73,
80,1.277,-0.539,
81,0.645,-1.202,
82,0.722,-0.302,
83,-0.401,-0.578,
84,0.461,-0.188,
85,0.286,-0.835,
86,-0.938,-0.313,
87,-1.721,-2.133,
88,1.223,0.83,
89,0.506,0.142,
90,2.297,0.137,
91,0.815,0.319,
92,-0.019,-1.071,
93,-0.822,0.672,
94,1.169,0.303,
95,-0.475,1.724,
96,1.176,-2.13,
97,1.359,-0.252,
98,0.377,-2.319,
99,-0.07,-2.149,
100,3.963,1.991,
101,1.827,1.186,
102,0.745,-1.089,
103,-1.954,-0.561,
104,1.904,-0.294,
105,-0.229,-0.371,
106,-2.356,-0.71,
107,0.893,0.232,
108,-0.101,-0.518,
109,1.395,-0.631,
110,-0.489,-0.376,
111,-0.34,-1.733,
112,-0.532,-0.734,
113,1.027,0.442,
114,2.239,0.587,
115,0.85,0.119,
116,1.48,0.257,
117,0.856,-1.957,
118,1.871,0.076,
119,-0.12,-1.436,
120,0.525,-1.803,
121,1.676,0.476,
122,1.802,-0.398,
123,0.312,0.15,
124,0.479,-2.614,
125,0.301,-0.865,
126,1.597,0.855,
127,1.389,1.001,
128,0.683,-0.032,
129,1.688,-0.114,
130,1.1,-0.563,
131,0.194,1.258,
132,1.985,-1.806,
133,0.87,-1.134,
134,0.325,-0.377,
135,0.45,0.347,
136,0.879,0.636,
137,0.364,0.07,
138,1.518,-0.478,
139,0.16,-1.428,
140,0.013,-0.894,
141,-0.099,-0.329,
142,0.721,1.024,
143,-0.231,0.696,
144,1.219,-0.876,
145,-0.913,-0.993,
146,-0.108,-1.091,
147,0.402,-0.37,
148,-0.028,-2.163,
149,1.572,0.626,
150,-0.412,0.087,
151,2.507,-0.408,
152,0.584,-1.298,
153,1.408,-2.713,
154,0.196,-0.591,
155,-0.121,-1.093,
156,0.285,0.533,
157,0.088,-1.287,
158,0.256,-0.825,
159,-0.618,-1.068,
160,0.749,-1.054,
161,0.222,-0.166,
162,0.457,-0.074,
163,1.093,-0.696,
