1,-1.987,-0.624,
2,0.101,-0.449,
3,0.336,-0.614,
4,0.377,0.539,
5,-1.683,-1.665,
6,-0.699,-0.403,
7,2.006,0.329,
8,0.563,-1.048,
9,0.46,-1.268,
10,-1.493,-1.005,
11,0.144,0.651,
12,1.346,0.307,
13,0.735,-0.798,
14,0.36,0.301,
15,-0.494,-1.077,
16,0.289,0.003,
17,0.543,0.536,
18,0.075,0.178,
19,0.211,-0.19,
20,-1.9,-1.234,
21,0.2,-0.526,
22,-0.053,0.809,
23,0.401,-0.804,
24,0.028,0.115,
25,0.39,1.033,
26,0.35,-0.675,
27,-0.191,0.123,
28,0.405,0.047,
29,-0.209,0.925,
30,-0.339,-0.057,
31,-0.105,-1.982,
32,1.505,0.756,
33,1.834,-0.588,
34,0.442,-0.472,
35,0.338,-0.505,
36,0.141,0.016,
37,0.43,0.193,
38,-0.038,0.817,
39,1.692,1.535,
40,-0.266,-0.852,
41,0.146,-0.842,
42,0.808,0.305,
43,1.055,0.125,
44,-0.324,0.144,
45,0.294,0.388,
46,0.131,-0.62,
47,-0.513,-0.129,
48,1.523,0.246,
49,-0.179,-0.212,
50,0.666,-0.016,
51,-0.023,-0.61,
52,0.726,-0.35,
53,1.223,-0.909,
54,0.626,2.362,
55,1.228,-1.039,
56,0.48,-0.351,
57,-1.248,0.413,
58,-0.501,-1.23,
59,0.027,-0.089,
60,-0.204,0.029,
61,0.152,0.59,
62,1.063,-0.723,
63,-1.057,-2.102,
64,-0.409,-0.696,
65,0.994,-1.527,
66,1.429,-0.243,
67,0.298,-0.122,
68,-0.319,0.48,
69,1.936,0.567,
70,-0.181,1.325,
71,0.31,0.601,
72,2.084,-0.765,
73,1.752,-1.265,
74,0.503,-0.323,
75,0.132,0.2,
76,1.509,-0.738,
77,1.061,0.177,
78,0.717,-0.913,
79,1.162,-1.215,
80,0.957,-0.222,
81,0.793,-1.273,
82,0.451,-0.223,
83,-0.293,-0.245,
84,0.404,-0.095,
85,-0.12,-0.682,
86,-1.107,-0.137,
87,-1.568,-1.563,
88,1.007,0.689,
89,0.78,0.192,
90,1.612,0.125,
91,0.501,0.19,
92,-0.212,-0.624,
93,-0.659,0.724,
94,1.025,0.461,
95,-0.712,1.826,
96,0.953,-1.574,
97,0.992,-0.112,
98,0.327,-1.748,
99,-0.081,-1.986,
100,3.507,2.079,
101,1.509,1.123,
102,-0.114,-0.781,
103,-2.166,-0.545,
104,1.677,0.1,
105,-0.317,-0.149,
106,-2.413,-0.67,
107,0.35,0.3,
108,-0.121,-0.274,
109,1.117,-0.567,
110,-0.61,-0.299,
111,-0.439,-1.605,
112,-0.72,-0.415,
113,0.864,0.475,
114,2.113,1.09,
115,0.88,0.501,
116,1.342,0.525,
117,0.582,-1.658,
118,1.447,0.128,
119,-0.157,-1.2,
120,0.323,-1.231,
121,1.038,0.337,
122,1.224,-0.023,
123,-0.037,0.457,
124,0.277,-2.282,
125,0.36,-0.52,
126,1.269,0.837,
127,0.981,1.068,
128,0.376,0.232,
129,1.253,0.146,
130,1.007,-0.564,
131,-0.109,1.004,
132,1.851,-1.639,
133,0.73,-1.513,
134,0.101,-0.459,
135,0.227,0.448,
136,0.758,0.841,
137,0.507,0.572,
138,1.393,-0.149,
139,-0.071,-0.96,
140,-0.16,-0.666,
141,-0.328,0.211,
142,0.314,1.407,
143,-0.659,0.665,
144,1.366,-0.965,
145,-0.643,-0.619,
146,-0.467,-0.919,
147,0.278,-0.027,
148,-0.087,-1.413,
149,1.238,0.596,
150,-0.545,0.372,
151,1.866,0.119,
152,0.492,-1.114,
153,1.061,-2.541,
154,0.13,-0.2,
155,-0.426,-0.379,
156,0.214,0.854,
157,-0.131,-1.251,
158,0.225,-1.006,
159,-0.95,-0.628,
160,0.28,-0.557,
161,-0.076,-0.098,
162,0.057,0.285,
163,0.586,-0.876,
