1,-0.289,-1.104,
2,0.976,-0.813,
3,0.261,-1.109,
4,1.231,0.709,
5,0.096,-1.08,
6,-0.447,-1.084,
7,2.257,-0.33,
8,1.355,-1.087,
9,1.17,-2.362,
10,-0.868,-1.286,
11,1.293,0.281,
12,1.018,-0.686,
13,1.541,-1.024,
14,0.669,-0.133,
15,-0.156,-1.293,
16,0.765,-0.772,
17,1.078,0.195,
18,1.052,-0.926,
19,1.349,-1.023,
20,0.121,-1.673,
21,0.562,-1.53,
22,-0.52,-0.504,
23,1.114,-0.979,
24,0.525,-0.752,
25,1.079,0.217,
26,1.184,-0.987,
27,0.997,-0.787,
28,0.907,-0.45,
29,0.345,0.006,
30,-0.279,-1.207,
31,1.168,-1.605,
32,1.309,0.171,
33,1.566,-1.022,
34,0.513,-0.86,
35,1.427,-0.36,
36,0.515,-0.588,
37,1.014,-0.297,
38,0.183,-0.203,
39,1.368,-0.051,
40,1.072,-0.812,
41,1.436,-0.986,
42,3.29,-0.604,
43,1.885,0.161,
44,0.799,-0.125,
45,0.303,0.064,
46,0.91,-1.17,
47,-0.036,-0.899,
48,2.167,-0.28,
49,0.659,-0.889,
50,1.274,-0.707,
51,0.93,-1.174,
52,0.005,-0.878,
53,1.476,-2.109,
54,0.904,1.017,
55,1.192,-1.877,
56,1.673,-1.518,
57,0.009,-0.89,
58,0.418,-0.633,
59,0.32,-0.875,
60,0.67,-0.5,
61,0.686,-0.426,
62,1.728,-0.818,
63,-0.131,-1.473,
64,0.345,-0.979,
65,1.436,-1.495,
66,1.67,-0.163,
67,0.647,-0.898,
68,-0.068,-0.237,
69,1.892,-0.003,
70,0.269,-0.164,
71,0.386,-0.181,
72,2.554,-1.011,
73,1.475,-1.631,
74,0.986,-0.838,
75,0.757,-1.064,
76,1.725,-0.99,
77,1.187,-0.996,
78,0.8,-1.46,
79,0.946,-1.68,
80,1.105,-1.136,
81,0.345,-0.789,
82,1.036,-0.27,
83,0.001,-1.009,
84,0.567,-0.49,
85,0.977,-0.745,
86,0.141,-0.583,
87,-0.749,-2.476,
88,1.257,0.391,
89,0.555,-0.341,
90,2.241,-0.185,
91,1.209,0.283,
92,0.473,-1.397,
93,-0.36,0.079,
94,0.85,-0.274,
95,0.488,0.698,
96,1.192,-2.222,
97,1.636,-0.473,
98,0.383,-2.158,
99,0.282,-1.591,
100,2.401,0.329,
101,1.378,0.517,
102,1.002,-1.409,
103,-0.254,-0.477,
104,1.674,-0.95,
105,0.248,-0.856,
106,-0.889,-0.823,
107,1.742,-0.046,
108,0.526,-1.233,
109,1.203,-0.722,
110,0.389,-0.491,
111,0.228,-1.4,
112,0.048,-1,
113,0.875,-0.16,
114,1.4,-0.869,
115,0.777,-0.913,
116,1.122,-0.783,
117,1.192,-1.549,
118,1.674,-0.347,
119,0.32,-1.164,
120,0.836,-2.003,
121,1.435,0.378,
122,1.991,-1.001,
123,0.777,-1.064,
124,1.003,-1.989,
125,0.278,-1.332,
126,1.562,-0.029,
127,1.731,-0.182,
128,0.907,-0.412,
129,1.773,-0.733,
130,0.928,-0.404,
131,1.104,0.785,
132,1.282,-1.447,
133,0.755,-0.024,
134,0.627,-0.197,
135,0.947,-0.464,
136,0.735,-0.49,
137,0.351,-0.666,
138,1.138,-0.916,
139,0.496,-1.624,
140,0.494,-0.916,
141,0.446,-1.403,
142,1.164,-0.451,
143,1.034,0.314,
144,1.01,-0.575,
145,-0.736,-1.29,
146,0.885,-0.864,
147,0.759,-0.745,
148,0.177,-2.548,
149,1.694,-0.528,
150,-0.33,-0.531,
151,2.658,-0.925,
152,0.781,-1.255,
153,1.351,-1.905,
154,0.47,-1.113,
155,0.845,-1.823,
156,0.354,-0.267,
157,0.263,-1.516,
158,0.993,-0.561,
159,0.253,-1.406,
160,1.246,-1.212,
161,0.973,-0.479,
162,1.141,-0.604,
163,1.5,-1.067,
