1,-1.418,-1.15,
2,0.623,-0.621,
3,0.303,-0.99,
4,0.893,0.866,
5,-1.002,-1.533,
6,-0.547,-1.051,
7,2.404,-0.128,
8,1.067,-1.23,
9,0.846,-2.164,
10,-1.292,-1.534,
11,0.817,0.605,
12,1.171,-0.14,
13,1.276,-0.981,
14,0.578,0.255,
15,-0.383,-1.549,
16,0.569,-0.338,
17,1.052,0.472,
18,0.649,-0.481,
19,0.897,-0.74,
20,-1.105,-1.723,
21,0.389,-1.235,
22,-0.468,0.239,
23,0.894,-0.914,
24,0.264,-0.331,
25,0.839,0.845,
26,0.81,-0.993,
27,0.364,-0.496,
28,0.717,-0.202,
29,-0.005,0.571,
30,-0.506,-0.889,
31,0.576,-2.226,
32,1.683,0.762,
33,2.055,-0.912,
34,0.579,-0.718,
35,1.046,-0.529,
36,0.351,-0.346,
37,0.803,-0.012,
38,0.019,0.477,
39,1.729,0.884,
40,0.452,-0.947,
41,0.867,-1.094,
42,2.489,-0.132,
43,1.619,0.28,
44,0.141,0.028,
45,0.199,0.357,
46,0.526,-1.028,
47,-0.392,-0.5,
48,2.13,0.099,
49,0.3,-0.629,
50,1.149,-0.354,
51,0.53,-1.006,
52,0.328,-0.691,
53,1.511,-1.767,
54,0.803,2.111,
55,1.413,-1.658,
56,1.32,-1.145,
57,-0.815,-0.206,
58,-0.122,-0.956,
59,0.158,-0.366,
60,0.29,-0.281,
61,0.407,0.158,
62,1.405,-0.822,
63,-0.674,-2.143,
64,-0.119,-0.94,
65,1.42,-1.756,
66,1.82,-0.24,
67,0.529,-0.464,
68,-0.347,0.319,
69,2.15,0.301,
70,0.034,0.835,
71,0.332,0.354,
72,2.843,-1.028,
73,1.823,-1.783,
74,0.737,-0.676,
75,0.687,-0.505,
76,1.948,-1.01,
77,1.331,-0.467,
78,0.812,-1.521,
79,1.281,-1.753,
80,1.275,-0.737,
81,0.55,-1.059,
82,0.809,-0.281,
83,-0.376,-0.711,
84,0.5,-0.277,
85,0.506,-0.813,
86,-0.642,-0.388,
87,-1.503,-2.329,
88,1.287,0.719,
89,0.503,-0.011,
90,2.292,0.055,
91,0.946,0.316,
92,0.157,-1.208,
93,-0.73,0.517,
94,1.096,0.129,
95,-0.243,1.482,
96,1.219,-2.258,
97,1.491,-0.278,
98,0.353,-2.36,
99,0.029,-2.041,
100,3.685,1.53,
101,1.711,0.995,
102,0.834,-1.249,
103,-1.499,-0.545,
104,1.941,-0.505,
105,-0.11,-0.508,
106,-2.036,-0.761,
107,1.176,0.111,
108,0.095,-0.793,
109,1.362,-0.661,
110,-0.245,-0.424,
111,-0.194,-1.689,
112,-0.393,-0.773,
113,1.006,0.266,
114,2.003,0.101,
115,0.855,-0.196,
116,1.361,-0.038,
117,0.97,-1.884,
118,1.863,-0.024,
119,0.008,-1.375,
120,0.614,-1.974,
121,1.663,0.564,
122,1.95,-0.623,
123,0.505,-0.225,
124,0.645,-2.528,
125,0.276,-1.022,
126,1.613,0.596,
127,1.547,0.705,
128,0.743,-0.135,
129,1.768,-0.328,
130,1.034,-0.504,
131,0.464,1.158,
132,1.823,-1.772,
133,0.862,-0.819,
134,0.437,-0.327,
135,0.591,0.104,
136,0.859,0.294,
137,0.364,-0.147,
138,1.445,-0.608,
139,0.254,-1.505,
140,0.127,-0.873,
141,0.071,-0.683,
142,0.845,0.675,
143,0.154,0.684,
144,1.153,-0.778,
145,-0.987,-1.129,
146,0.192,-1.046,
147,0.524,-0.473,
148,0.024,-2.416,
149,1.594,0.443,
150,-0.363,-0.098,
151,2.642,-0.586,
152,0.659,-1.392,
153,1.407,-2.51,
154,0.268,-0.772,
155,0.183,-1.312,
156,0.33,0.311,
157,0.147,-1.322,
158,0.456,-0.763,
159,-0.386,-1.228,
160,0.921,-1.108,
161,0.455,-0.225,
162,0.676,-0.228,
163,1.249,-0.833,
