1,0.738,-0.784,
2,1.107,-1.012,
3,0.253,-1.12,
4,1.32,0.095,
5,0.998,-0.749,
6,-0.392,-0.922,
7,1.592,-0.376,
8,1.425,-0.877,
9,1.059,-1.944,
10,-0.239,-0.66,
11,1.505,-0.312,
12,1.113,-1.122,
13,1.652,-1.016,
14,0.688,-0.548,
15,0.314,-1.064,
16,0.885,-1.117,
17,0.817,-0.242,
18,1.154,-1.049,
19,1.374,-0.91,
20,0.951,-1.346,
21,0.729,-1.398,
22,0.051,-1.036,
23,1.119,-1.061,
24,0.839,-1.032,
25,1.023,-0.53,
26,1.359,-0.749,
27,1.357,-0.851,
28,1.071,-0.615,
29,0.696,-0.566,
30,0.252,-0.99,
31,1.265,-0.659,
32,0.915,-0.605,
33,1.084,-1.05,
34,0.398,-0.989,
35,1.481,-0.21,
36,0.604,-0.761,
37,1.074,-0.605,
38,0.504,-0.771,
39,0.977,-0.777,
40,1.288,-0.726,
41,1.67,-0.5,
42,2.423,-0.637,
43,1.565,-0.183,
44,1.313,-0.31,
45,0.671,-0.362,
46,0.925,-1.059,
47,0.286,-1.24,
48,1.977,-0.717,
49,0.813,-1.082,
50,1.099,-1.039,
51,1.083,-1,
52,0.236,-0.895,
53,1.405,-1.89,
54,1.061,-0.187,
55,0.835,-1.97,
56,1.29,-1.169,
57,0.686,-1.221,
58,0.723,-0.449,
59,0.579,-1.273,
60,0.883,-0.797,
61,0.939,-0.862,
62,1.877,-0.775,
63,0.622,-0.819,
64,0.521,-1.068,
65,1.262,-1.192,
66,1.312,-0.122,
67,0.628,-1.186,
68,0.535,-0.628,
69,1.436,-0.296,
70,0.621,-0.883,
71,0.569,-0.738,
72,1.727,-0.909,
73,1.002,-0.987,
74,1.19,-0.86,
75,0.768,-1.376,
76,1.223,-0.77,
77,0.954,-1.16,
78,0.815,-1.082,
79,0.532,-1.351,
80,0.886,-1.418,
81,0.594,-0.744,
82,1.269,-0.461,
83,0.763,-1.03,
84,0.665,-0.739,
85,1.2,-0.756,
86,0.733,-0.587,
87,0.264,-2.059,
88,1.167,-0.327,
89,0.932,-0.672,
90,1.738,-0.584,
91,1.279,0.045,
92,0.77,-1.299,
93,0.186,-0.327,
94,0.634,-0.487,
95,1.061,-0.337,
96,1.055,-1.739,
97,1.605,-0.657,
98,0.444,-1.731,
99,0.63,-1.144,
100,1.036,-0.704,
101,1.066,-0.12,
102,0.86,-1.387,
103,0.705,-0.42,
104,1.212,-1.068,
105,0.657,-1.094,
106,0.196,-0.711,
107,1.844,0.297,
108,0.845,-1.298,
109,1.017,-0.809,
110,1.064,-0.484,
111,0.656,-0.983,
112,0.217,-1.171,
113,1.005,-0.573,
114,0.899,-1.317,
115,0.828,-1.645,
116,0.993,-1.2,
117,1.29,-1.062,
118,1.311,-0.783,
119,0.739,-0.955,
120,0.872,-1.562,
121,1.039,-0.379,
122,1.587,-0.959,
123,0.718,-1.67,
124,1.26,-1.39,
125,0.493,-1.435,
126,1.375,-0.733,
127,1.54,-1.031,
128,0.95,-0.552,
129,1.302,-0.921,
130,1.045,-0.486,
131,1.436,0.341,
132,0.774,-1.113,
133,0.72,-0.012,
134,0.758,-0.261,
135,1.076,-1.008,
136,0.697,-1.004,
137,0.426,-0.917,
138,0.859,-1.022,
139,0.59,-1.547,
140,0.886,-0.894,
141,0.737,-1.624,
142,1.16,-1.248,
143,1.404,-0.232,
144,0.939,-0.669,
145,0.179,-1.264,
146,1.464,-0.616,
147,0.972,-0.879,
148,0.393,-1.614,
149,1.484,-1.598,
150,-0.297,-0.724,
151,2.237,-0.851,
152,0.86,-0.87,
153,1.29,-1.345,
154,0.672,-1.246,
155,1.154,-1.734,
156,0.427,-0.618,
157,0.437,-1.549,
158,1.427,-0.546,
159,0.858,-1.218,
160,1.247,-1.004,
161,1.282,-0.779,
162,1.323,-0.815,
163,1.569,-1.428,
