1,0.887,-0.85,
2,1.085,-1.061,
3,0.265,-1.104,
4,1.271,-0.254,
5,1.214,-0.712,
6,-0.235,-1.123,
7,1.113,-0.505,
8,1.387,-0.799,
9,0.855,-1.637,
10,0.027,-0.378,
11,1.509,-0.55,
12,1.24,-1.251,
13,1.669,-0.99,
14,0.684,-0.696,
15,0.608,-1.102,
16,0.922,-1.207,
17,0.658,-0.439,
18,1.104,-1.009,
19,1.252,-0.803,
20,1.041,-1.157,
21,0.789,-1.235,
22,0.42,-1.124,
23,1.095,-1.101,
24,0.948,-1.056,
25,0.879,-0.768,
26,1.381,-0.59,
27,1.403,-0.815,
28,1.103,-0.672,
29,0.811,-0.755,
30,0.531,-0.764,
31,1.199,-0.285,
32,0.873,-0.909,
33,0.979,-1.057,
34,0.371,-1.066,
35,1.401,-0.187,
36,0.591,-0.814,
37,1.079,-0.716,
38,0.677,-0.918,
39,0.881,-0.94,
40,1.206,-0.771,
41,1.64,-0.334,
42,1.781,-0.576,
43,1.325,-0.374,
44,1.423,-0.408,
45,0.903,-0.561,
46,0.911,-0.991,
47,0.391,-1.358,
48,1.862,-0.91,
49,0.815,-1.151,
50,0.926,-1.187,
51,1.124,-0.927,
52,0.482,-0.871,
53,1.387,-1.509,
54,1.149,-0.547,
55,0.778,-1.89,
56,1.012,-0.913,
57,0.843,-1.18,
58,0.762,-0.409,
59,0.692,-1.36,
60,0.923,-0.929,
61,1.008,-0.946,
62,1.527,-0.758,
63,0.893,-0.687,
64,0.491,-1.148,
65,1.181,-1.129,
66,1.213,-0.14,
67,0.588,-1.219,
68,0.844,-0.676,
69,1.27,-0.356,
70,0.763,-0.906,
71,0.681,-0.896,
72,1.439,-0.882,
73,0.867,-0.753,
74,1.224,-0.826,
75,0.839,-1.402,
76,0.97,-0.67,
77,0.878,-1.119,
78,0.815,-0.886,
79,0.385,-1.179,
80,0.832,-1.501,
81,0.865,-0.83,
82,1.343,-0.604,
83,1.094,-0.949,
84,0.719,-0.833,
85,1.201,-0.808,
86,0.831,-0.513,
87,0.628,-1.751,
88,1.197,-0.71,
89,0.929,-0.8,
90,1.43,-0.782,
91,1.236,-0.112,
92,0.897,-1.18,
93,0.425,-0.439,
94,0.611,-0.474,
95,1.149,-0.777,
96,0.982,-1.457,
97,1.569,-0.689,
98,0.431,-1.615,
99,0.808,-1.039,
100,0.705,-0.91,
101,1.031,-0.407,
102,1.08,-1.323,
103,0.878,-0.431,
104,1.032,-1.002,
105,0.797,-1.131,
106,0.57,-0.616,
107,1.612,0.359,
108,0.925,-1.2,
109,1.01,-0.868,
110,1.312,-0.473,
111,0.83,-0.827,
112,0.183,-1.229,
113,1.053,-0.742,
114,0.807,-1.277,
115,0.877,-1.97,
116,1.051,-1.179,
117,1.283,-0.869,
118,1.132,-0.938,
119,0.887,-0.898,
120,0.926,-1.191,
121,0.929,-0.727,
122,1.407,-0.842,
123,0.64,-1.786,
124,1.333,-1.251,
125,0.642,-1.419,
126,1.328,-0.984,
127,1.391,-1.299,
128,0.964,-0.571,
129,1.08,-0.928,
130,1.161,-0.575,
131,1.422,0.201,
132,0.648,-1.022,
133,0.74,-0.251,
134,0.818,-0.342,
135,1.038,-1.182,
136,0.775,-1.053,
137,0.496,-0.908,
138,0.802,-1.012,
139,0.592,-1.5,
140,1.024,-0.894,
141,0.808,-1.526,
142,1.078,-1.353,
143,1.333,-0.393,
144,0.904,-0.739,
145,0.608,-1.211,
146,1.62,-0.535,
147,1.05,-0.913,
148,0.48,-1.03,
149,1.275,-1.972,
150,-0.283,-0.711,
151,1.976,-0.705,
152,0.911,-0.697,
153,1.321,-1.218,
154,0.743,-1.348,
155,1.105,-1.533,
156,0.487,-0.65,
157,0.657,-1.312,
158,1.369,-0.402,
159,1.069,-1.057,
160,1.162,-0.858,
161,1.318,-0.908,
162,1.285,-0.879,
163,1.725,-1.314,
