1,-0.216,-0.899,
2,0.945,-0.866,
3,0.289,-1.107,
4,1.22,0.616,
5,0.075,-1.112,
6,-0.518,-0.87,
7,2.342,-0.242,
8,1.323,-1.11,
9,1.161,-2.339,
10,-0.858,-1.246,
11,1.272,0.271,
12,1.011,-0.689,
13,1.526,-1.04,
14,0.671,-0.205,
15,-0.175,-1.307,
16,0.74,-0.787,
17,1.031,0.145,
18,1.028,-0.908,
19,1.329,-0.988,
20,0.114,-1.633,
21,0.565,-1.505,
22,-0.489,-0.499,
23,1.088,-0.981,
24,0.547,-0.771,
25,1.085,0.185,
26,1.146,-0.965,
27,0.991,-0.756,
28,0.883,-0.464,
29,0.347,0.016,
30,-0.226,-1.14,
31,1.129,-1.592,
32,1.291,0.138,
33,1.522,-1.017,
34,0.501,-0.872,
35,1.389,-0.352,
36,0.53,-0.594,
37,0.982,-0.311,
38,0.188,-0.201,
39,1.363,-0.063,
40,1.039,-0.798,
41,1.408,-0.977,
42,3.204,-0.568,
43,1.844,0.122,
44,0.783,-0.13,
45,0.315,0.044,
46,0.905,-1.154,
47,-0.034,-0.9,
48,2.148,-0.283,
49,0.61,-0.873,
50,1.222,-0.713,
51,0.917,-1.163,
52,0.047,-0.88,
53,1.458,-2.081,
54,0.885,0.997,
55,1.152,-1.869,
56,1.645,-1.474,
57,0.025,-0.885,
58,0.407,-0.638,
59,0.303,-0.875,
60,0.652,-0.471,
61,0.73,-0.427,
62,1.888,-0.833,
63,-0.071,-1.464,
64,0.357,-0.978,
65,1.427,-1.464,
66,1.655,-0.173,
67,0.63,-0.904,
68,-0.063,-0.247,
69,1.871,0.021,
70,0.269,-0.18,
71,0.394,-0.199,
72,2.492,-1.002,
73,1.464,-1.594,
74,1.012,-0.824,
75,0.776,-1.014,
76,1.656,-0.98,
77,1.175,-0.965,
78,0.774,-1.441,
79,0.904,-1.62,
80,1.087,-1.144,
81,0.345,-0.802,
82,1.022,-0.281,
83,0.007,-0.989,
84,0.58,-0.497,
85,0.958,-0.736,
86,0.141,-0.572,
87,-0.713,-2.451,
88,1.277,0.354,
89,0.728,-0.353,
90,2.158,-0.206,
91,1.178,0.251,
92,0.505,-1.383,
93,-0.341,0.079,
94,0.843,-0.262,
95,0.485,0.663,
96,1.19,-2.193,
97,1.625,-0.465,
98,0.36,-2.129,
99,0.291,-1.582,
100,2.371,0.302,
101,1.355,0.476,
102,0.741,-1.464,
103,-0.278,-0.447,
104,1.678,-0.934,
105,0.244,-0.853,
106,-0.878,-0.814,
107,1.717,-0.05,
108,0.546,-1.236,
109,1.181,-0.72,
110,0.403,-0.503,
111,0.237,-1.388,
112,0.034,-0.981,
113,0.859,-0.199,
114,1.382,-0.871,
115,0.837,-0.909,
116,1.105,-0.774,
117,1.181,-1.516,
118,1.642,-0.346,
119,0.335,-1.156,
120,0.797,-1.999,
121,1.399,0.354,
122,1.956,-0.991,
123,0.754,-1.081,
124,0.981,-1.98,
125,0.297,-1.311,
126,1.553,-0.059,
127,1.716,-0.191,
128,0.879,-0.39,
129,1.741,-0.738,
130,0.902,-0.402,
131,1.092,0.75,
132,1.272,-1.453,
133,0.759,-0.09,
134,0.631,-0.227,
135,0.926,-0.485,
136,0.744,-0.5,
137,0.378,-0.621,
138,1.136,-0.885,
139,0.446,-1.57,
140,0.474,-0.884,
141,0.441,-1.387,
142,1.118,-0.419,
143,1.018,0.314,
144,1.007,-0.574,
145,-0.732,-1.268,
146,0.873,-0.851,
147,0.767,-0.706,
148,0.198,-2.489,
149,1.673,-0.516,
150,-0.356,-0.49,
151,2.621,-0.863,
152,0.763,-1.237,
153,1.317,-1.9,
154,0.474,-1.081,
155,0.827,-1.719,
156,0.377,-0.236,
157,0.192,-1.601,
158,1.105,-0.71,
159,0.23,-1.348,
160,1.202,-1.157,
161,0.96,-0.479,
162,1.124,-0.544,
163,1.392,-1.272,
