1,-1.9,-0.586,
2,-0.084,-0.185,
3,0.328,-0.315,
4,0.092,0.268,
5,-1.49,-1.32,
6,-0.315,-0.422,
7,1.076,0.061,
8,0.3,-0.635,
9,0.177,-0.619,
10,-1.191,-0.465,
11,-0.147,0.483,
12,1.258,0.25,
13,0.333,-0.524,
14,0.187,0.132,
15,-0.159,-0.744,
16,0.185,0.06,
17,0.097,0.494,
18,-0.205,0.433,
19,-0.128,0.105,
20,-1.735,-0.642,
21,0.094,-0.085,
22,-0.092,0.766,
23,0.132,-0.597,
24,-0.117,0.314,
25,0.143,0.824,
26,0.251,-0.41,
27,-0.149,0.445,
28,0.166,0.101,
29,-0.278,0.728,
30,-0.008,0.355,
31,-0.297,-1.376,
32,1.058,0.448,
33,1.185,-0.36,
34,0.25,-0.272,
35,-0.08,-0.316,
36,0.055,0.178,
37,0.204,0.211,
38,-0.021,0.555,
39,1.449,1.335,
40,-0.516,-0.681,
41,-0.049,-0.525,
42,-0.011,0.345,
43,0.676,-0.022,
44,-0.325,0.027,
45,0.348,0.223,
46,0.083,-0.302,
47,-0.323,-0.033,
48,0.885,0.096,
49,-0.331,-0.025,
50,0.198,-0.07,
51,-0.198,-0.385,
52,0.601,-0.346,
53,0.708,-0.303,
54,0.625,1.748,
55,0.902,-0.543,
56,-0.03,0.193,
57,-1.045,0.536,
58,-0.525,-1.251,
59,0.098,0.008,
60,-0.308,0.166,
61,-0.027,0.549,
62,0.714,-0.516,
63,-1.391,-1.492,
64,-0.281,-0.388,
65,0.552,-1.068,
66,0.902,-0.196,
67,0.062,0.072,
68,-0.115,0.282,
69,1.563,0.501,
70,-0.509,1.232,
71,0.237,0.526,
72,1.283,-0.494,
73,1.332,-0.715,
74,0.38,-0.045,
75,0.139,0.368,
76,0.907,-0.443,
77,0.63,0.396,
78,0.536,-0.217,
79,0.759,-0.606,
80,0.45,-0.015,
81,0.846,-0.763,
82,0.189,-0.074,
83,-0.029,-0.001,
84,0.302,0.007,
85,-0.503,-0.505,
86,-0.952,-0.121,
87,-1.125,-0.774,
88,0.61,0.47,
89,0.488,0.229,
90,0.752,0.108,
91,0.305,0.128,
92,-0.23,-0.101,
93,-0.383,0.624,
94,0.727,0.469,
95,-0.868,1.449,
96,0.578,-0.855,
97,0.511,-0.072,
98,0.153,-1.067,
99,-0.038,-1.41,
100,2.435,1.724,
101,1.106,0.714,
102,-0.241,-0.237,
103,-1.887,-0.653,
104,1.01,0.342,
105,-0.359,0.122,
106,-1.986,-0.694,
107,-0.083,0.251,
108,0.026,-0.199,
109,0.734,-0.5,
110,-0.454,-0.178,
111,-0.251,-1.073,
112,-0.789,-0.038,
113,0.53,0.456,
114,1.511,1.264,
115,0.489,0.634,
116,1.055,0.727,
117,0.386,-1.14,
118,0.814,0.088,
119,-0.158,-0.735,
120,0.231,-0.679,
121,0.391,0.148,
122,0.683,0.192,
123,-0.27,0.593,
124,0.151,-1.679,
125,0.285,-0.266,
126,0.878,0.521,
127,0.557,0.829,
128,0.125,0.384,
129,0.838,0.288,
130,0.789,-0.365,
131,-0.42,0.766,
132,1.372,-1.194,
133,0.466,-1.44,
134,-0.126,-0.33,
135,0.121,0.416,
136,0.518,0.788,
137,0.478,0.688,
138,1.079,0.08,
139,-0.133,-0.562,
140,-0.219,-0.418,
141,-0.491,0.563,
142,0.17,1.178,
143,-0.877,0.584,
144,1.284,-0.949,
145,-0.263,-0.271,
146,-0.654,-0.635,
147,0.128,0.152,
148,-0.102,-0.646,
149,0.622,0.451,
150,-0.427,0.026,
151,0.944,0.465,
152,0.559,-0.973,
153,0.699,-1.946,
154,0.055,0.058,
155,-0.49,0.021,
156,-0.009,0.849,
157,0.033,-0.75,
158,-0.062,-0.463,
159,-0.966,-0.194,
160,-0.046,-0.092,
161,-0.162,-0.101,
162,-0.263,0.337,
163,0.372,-0.455,
