1,-0.25,-1.071,
2,1.001,-0.777,
3,0.232,-1.095,
4,1.24,0.813,
5,0.11,-1.07,
6,-0.48,-1.064,
7,2.288,-0.255,
8,1.381,-1.079,
9,1.178,-2.381,
10,-0.878,-1.328,
11,1.313,0.293,
12,1.024,-0.68,
13,1.55,-0.996,
14,0.671,-0.086,
15,-0.205,-1.199,
16,0.774,-0.763,
17,1.13,0.262,
18,1.071,-0.945,
19,1.365,-1.056,
20,0.127,-1.712,
21,0.56,-1.557,
22,-0.552,-0.503,
23,1.14,-0.977,
24,0.496,-0.724,
25,1.083,0.236,
26,1.236,-0.998,
27,0.997,-0.816,
28,0.924,-0.438,
29,0.344,0.001,
30,-0.33,-1.269,
31,1.191,-1.625,
32,1.331,0.207,
33,1.608,-1.029,
34,0.522,-0.847,
35,1.462,-0.37,
36,0.488,-0.573,
37,1.058,-0.269,
38,0.174,-0.198,
39,1.377,-0.04,
40,1.103,-0.826,
41,1.464,-0.997,
42,3.379,-0.638,
43,1.924,0.201,
44,0.815,-0.119,
45,0.294,0.086,
46,0.915,-1.187,
47,-0.039,-0.9,
48,2.17,-0.26,
49,0.676,-0.916,
50,1.322,-0.701,
51,0.943,-1.19,
52,-0.045,-0.874,
53,1.492,-2.139,
54,0.918,1.039,
55,1.233,-1.884,
56,1.681,-1.561,
57,0.009,-0.893,
58,0.437,-0.63,
59,0.334,-0.873,
60,0.689,-0.527,
61,0.66,-0.426,
62,1.659,-0.815,
63,-0.156,-1.486,
64,0.336,-0.979,
65,1.445,-1.524,
66,1.689,-0.154,
67,0.661,-0.889,
68,-0.078,-0.226,
69,1.913,-0.023,
70,0.266,-0.145,
71,0.377,-0.161,
72,2.619,-1.022,
73,1.486,-1.671,
74,0.95,-0.85,
75,0.637,-1.097,
76,1.773,-1.002,
77,1.204,-1.025,
78,0.827,-1.482,
79,0.988,-1.737,
80,1.124,-1.13,
81,0.34,-0.778,
82,1.05,-0.262,
83,-0.008,-1.03,
84,0.552,-0.482,
85,0.994,-0.757,
86,0.137,-0.591,
87,-0.785,-2.502,
88,1.251,0.427,
89,0.613,-0.333,
90,2.335,-0.164,
91,1.237,0.315,
92,0.444,-1.411,
93,-0.378,0.083,
94,0.858,-0.282,
95,0.489,0.734,
96,1.197,-2.253,
97,1.651,-0.481,
98,0.402,-2.19,
99,0.273,-1.603,
100,2.428,0.361,
101,1.394,0.545,
102,1.027,-1.397,
103,-0.25,-0.477,
104,1.671,-0.975,
105,0.248,-0.856,
106,-0.913,-0.824,
107,1.766,-0.044,
108,0.506,-1.226,
109,1.228,-0.72,
110,0.374,-0.481,
111,0.218,-1.412,
112,0.066,-1.022,
113,0.885,-0.123,
114,1.421,-0.863,
115,0.74,-0.902,
116,1.156,-0.799,
117,1.205,-1.574,
118,1.706,-0.344,
119,0.305,-1.172,
120,0.871,-2.008,
121,1.473,0.406,
122,2.028,-1.011,
123,0.797,-1.046,
124,1.022,-1.999,
125,0.255,-1.351,
126,1.574,0.001,
127,1.728,-0.184,
128,0.953,-0.448,
129,1.806,-0.727,
130,0.95,-0.405,
131,1.111,0.816,
132,1.293,-1.442,
133,0.752,0.041,
134,0.625,-0.167,
135,0.966,-0.441,
136,0.727,-0.479,
137,0.328,-0.693,
138,1.131,-0.952,
139,0.52,-1.665,
140,0.515,-0.966,
141,0.448,-1.418,
142,1.211,-0.479,
143,1.046,0.315,
144,1.009,-0.575,
145,-0.745,-1.313,
146,0.894,-0.876,
147,0.736,-0.788,
148,0.165,-2.604,
149,1.78,-0.604,
150,-0.325,-0.548,
151,2.703,-0.981,
152,0.798,-1.272,
153,1.384,-1.916,
154,0.469,-1.141,
155,0.854,-1.925,
156,0.341,-0.283,
157,0.229,-1.598,
158,1.019,-0.626,
159,0.264,-1.437,
160,1.287,-1.285,
161,0.982,-0.499,
162,1.164,-0.638,
163,1.49,-1.076,
