1,-1.898,-0.729,
2,0.251,-0.524,
3,0.333,-0.752,
4,0.541,0.661,
5,-1.588,-1.709,
6,-0.708,-0.525,
7,2.281,0.275,
8,0.716,-1.178,
9,0.592,-1.588,
10,-1.505,-1.232,
11,0.342,0.678,
12,1.319,0.209,
13,0.924,-0.883,
14,0.444,0.315,
15,-0.54,-1.27,
16,0.364,-0.074,
17,0.741,0.531,
18,0.248,-0.012,
19,0.387,-0.361,
20,-1.74,-1.438,
21,0.259,-0.765,
22,-0.164,0.69,
23,0.557,-0.842,
24,0.105,-0.018,
25,0.538,1.039,
26,0.464,-0.797,
27,-0.076,-0.075,
28,0.51,-0.019,
29,-0.168,0.88,
30,-0.418,-0.316,
31,0.071,-2.159,
32,1.631,0.827,
33,2.01,-0.709,
34,0.509,-0.562,
35,0.567,-0.544,
36,0.205,-0.096,
37,0.548,0.144,
38,-0.029,0.801,
39,1.744,1.384,
40,-0.068,-0.904,
41,0.341,-0.957,
42,1.327,0.207,
43,1.213,0.191,
44,-0.236,0.121,
45,0.257,0.415,
46,0.227,-0.768,
47,-0.53,-0.222,
48,1.776,0.254,
49,-0.052,-0.337,
50,0.839,-0.091,
51,0.134,-0.739,
52,0.655,-0.438,
53,1.363,-1.209,
54,0.656,2.4,
55,1.329,-1.268,
56,0.758,-0.616,
57,-1.199,0.262,
58,-0.427,-1.171,
59,0.051,-0.133,
60,-0.058,-0.091,
61,0.239,0.504,
62,1.217,-0.783,
63,-0.909,-2.233,
64,-0.371,-0.804,
65,1.171,-1.662,
66,1.618,-0.255,
67,0.378,-0.213,
68,-0.349,0.529,
69,2.049,0.533,
70,-0.076,1.256,
71,0.325,0.57,
72,2.404,-0.875,
73,1.825,-1.455,
74,0.572,-0.45,
75,0.275,0.026,
76,1.718,-0.853,
77,1.203,0.003,
78,0.752,-1.188,
79,1.262,-1.442,
80,1.121,-0.375,
81,0.735,-1.301,
82,0.588,-0.289,
83,-0.376,-0.394,
84,0.448,-0.149,
85,0.064,-0.755,
86,-1.042,-0.201,
87,-1.647,-1.876,
88,1.15,0.742,
89,0.792,0.159,
90,1.908,0.117,
91,0.636,0.23,
92,-0.091,-0.854,
93,-0.739,0.709,
94,1.101,0.393,
95,-0.589,1.765,
96,1.088,-1.867,
97,1.184,-0.156,
98,0.34,-2.017,
99,-0.07,-2.096,
100,3.762,2.017,
101,1.637,1.134,
102,0.112,-1.01,
103,-2.097,-0.518,
104,1.848,-0.076,
105,-0.278,-0.272,
106,-2.408,-0.687,
107,0.608,0.268,
108,-0.103,-0.405,
109,1.243,-0.599,
110,-0.547,-0.349,
111,-0.418,-1.685,
112,-0.636,-0.567,
113,0.955,0.436,
114,2.17,0.844,
115,0.924,0.318,
116,1.397,0.41,
117,0.711,-1.791,
118,1.66,0.109,
119,-0.124,-1.325,
120,0.393,-1.512,
121,1.34,0.368,
122,1.487,-0.199,
123,0.122,0.292,
124,0.352,-2.446,
125,0.352,-0.674,
126,1.423,0.833,
127,1.182,1.049,
128,0.501,0.128,
129,1.447,0.009,
130,1.046,-0.57,
131,0.027,1.119,
132,1.923,-1.746,
133,0.81,-1.386,
134,0.217,-0.451,
135,0.319,0.387,
136,0.826,0.737,
137,0.47,0.382,
138,1.468,-0.286,
139,0.003,-1.152,
140,-0.094,-0.742,
141,-0.214,-0.045,
142,0.447,1.296,
143,-0.45,0.695,
144,1.323,-0.928,
145,-0.796,-0.794,
146,-0.297,-1.003,
147,0.353,-0.158,
148,-0.054,-1.769,
149,1.422,0.64,
150,-0.51,0.312,
151,2.204,-0.117,
152,0.516,-1.2,
153,1.204,-2.646,
154,0.159,-0.371,
155,-0.287,-0.646,
156,0.281,0.741,
157,-0.11,-1.357,
158,0.318,-1.058,
159,-0.819,-0.823,
160,0.479,-0.764,
161,0.055,-0.121,
162,0.242,0.164,
163,0.767,-0.955,
