1,-2.024,-0.657,
2,0.015,-0.288,
3,0.324,-0.475,
4,0.218,0.425,
5,-1.671,-1.502,
6,-0.55,-0.454,
7,1.557,0.213,
8,0.443,-0.838,
9,0.313,-0.945,
10,-1.401,-0.759,
11,-0.021,0.593,
12,1.343,0.328,
13,0.542,-0.682,
14,0.26,0.294,
15,-0.31,-0.951,
16,0.253,0.089,
17,0.34,0.54,
18,-0.073,0.331,
19,0.03,-0.042,
20,-1.916,-0.982,
21,0.143,-0.299,
22,-0.037,0.843,
23,0.263,-0.751,
24,-0.05,0.238,
25,0.234,1.01,
26,0.281,-0.555,
27,-0.222,0.301,
28,0.297,0.094,
29,-0.247,0.877,
30,-0.251,0.159,
31,-0.231,-1.739,
32,1.333,0.642,
33,1.581,-0.474,
34,0.362,-0.375,
35,0.126,-0.44,
36,0.087,0.104,
37,0.316,0.22,
38,-0.035,0.74,
39,1.623,1.594,
40,-0.421,-0.786,
41,0.014,-0.706,
42,0.358,0.362,
43,0.882,0.062,
44,-0.359,0.115,
45,0.331,0.331,
46,0.078,-0.466,
47,-0.447,-0.063,
48,1.24,0.19,
49,-0.231,-0.127,
50,0.467,-0.012,
51,-0.133,-0.492,
52,0.712,-0.315,
53,1.016,-0.612,
54,0.629,2.156,
55,1.103,-0.801,
56,0.218,-0.088,
57,-1.217,0.516,
58,-0.54,-1.266,
59,0.048,-0.041,
60,-0.285,0.102,
61,0.011,0.615,
62,0.872,-0.627,
63,-1.238,-1.864,
64,-0.397,-0.565,
65,0.792,-1.351,
66,1.2,-0.225,
67,0.194,-0.017,
68,-0.233,0.398,
69,1.785,0.552,
70,-0.326,1.348,
71,0.281,0.595,
72,1.734,-0.648,
73,1.599,-1.036,
74,0.432,-0.191,
75,0.148,0.29,
76,1.282,-0.604,
77,0.877,0.31,
78,0.671,-0.596,
79,1.011,-0.956,
80,0.743,-0.096,
81,0.843,-1.086,
82,0.314,-0.141,
83,-0.171,-0.115,
84,0.349,-0.039,
85,-0.309,-0.603,
86,-1.088,-0.114,
87,-1.411,-1.187,
88,0.806,0.611,
89,0.626,0.235,
90,1.247,0.128,
91,0.394,0.161,
92,-0.281,-0.368,
93,-0.548,0.697,
94,0.909,0.494,
95,-0.84,1.778,
96,0.779,-1.237,
97,0.769,-0.089,
98,0.278,-1.443,
99,-0.077,-1.765,
100,3.094,2.039,
101,1.364,1.01,
102,-0.153,-0.501,
103,-2.089,-0.634,
104,1.39,0.249,
105,-0.361,0.002,
106,-2.279,-0.67,
107,0.115,0.307,
108,-0.075,-0.218,
109,0.961,-0.537,
110,-0.592,-0.238,
111,-0.379,-1.415,
112,-0.792,-0.221,
113,0.732,0.496,
114,1.92,1.256,
115,0.689,0.638,
116,1.241,0.641,
117,0.477,-1.482,
118,1.173,0.123,
119,-0.179,-1.016,
120,0.288,-0.971,
121,0.726,0.285,
122,0.96,0.115,
123,-0.17,0.576,
124,0.229,-2.073,
125,0.341,-0.385,
126,1.094,0.749,
127,0.781,1.014,
128,0.253,0.317,
129,1.056,0.254,
130,0.935,-0.505,
131,-0.267,0.918,
132,1.689,-1.468,
133,0.62,-1.539,
134,-0.017,-0.417,
135,0.163,0.471,
136,0.662,0.883,
137,0.505,0.662,
138,1.277,-0.026,
139,-0.088,-0.815,
140,-0.2,-0.573,
141,-0.425,0.424,
142,0.231,1.369,
143,-0.823,0.628,
144,1.356,-0.976,
145,-0.458,-0.445,
146,-0.595,-0.805,
147,0.204,0.07,
148,-0.124,-1.071,
149,0.924,0.582,
150,-0.494,0.243,
151,1.447,0.302,
152,0.514,-1.037,
153,0.911,-2.327,
154,0.097,-0.057,
155,-0.507,-0.172,
156,0.101,0.874,
157,-0.038,-1.008,
158,0.042,-0.785,
159,-0.975,-0.456,
160,0.11,-0.338,
161,-0.154,-0.086,
162,-0.137,0.296,
163,0.479,-0.642,
