1,-2.115,-0.93,
2,0.149,-0.35,
3,0.297,-0.617,
4,0.346,0.666,
5,-1.73,-1.64,
6,-0.639,-0.695,
7,1.862,0.191,
8,0.623,-0.997,
9,0.438,-1.284,
10,-1.55,-1.087,
11,0.144,0.688,
12,1.404,0.348,
13,0.75,-0.783,
14,0.326,0.457,
15,-0.388,-1.191,
16,0.325,0.078,
17,0.62,0.634,
18,0.089,0.183,
19,0.156,-0.229,
20,-1.964,-1.309,
21,0.186,-0.547,
22,-0.071,0.869,
23,0.426,-0.823,
24,-0.009,0.18,
25,0.355,1.145,
26,0.385,-0.703,
27,-0.233,0.118,
28,0.418,0.072,
29,-0.221,0.962,
30,-0.426,-0.115,
31,-0.122,-2.084,
32,1.594,0.842,
33,1.954,-0.603,
34,0.472,-0.47,
35,0.37,-0.553,
36,0.108,0.029,
37,0.466,0.235,
38,-0.065,0.878,
39,1.731,1.61,
40,-0.283,-0.89,
41,0.14,-0.88,
42,0.842,0.336,
43,1.086,0.176,
44,-0.355,0.16,
45,0.304,0.435,
46,0.114,-0.643,
47,-0.541,-0.111,
48,1.569,0.281,
49,-0.143,-0.307,
50,0.729,0.009,
51,-0.022,-0.631,
52,0.762,-0.276,
53,1.267,-0.948,
54,0.62,2.428,
55,1.31,-1.067,
56,0.469,-0.393,
57,-1.315,0.464,
58,-0.526,-1.274,
59,0.018,-0.05,
60,-0.177,-0.042,
61,0.052,0.63,
62,0.938,-0.728,
63,-1.178,-2.158,
64,-0.478,-0.727,
65,1.023,-1.624,
66,1.487,-0.255,
67,0.31,-0.068,
68,-0.294,0.508,
69,1.968,0.552,
70,-0.15,1.454,
71,0.307,0.665,
72,2.222,-0.814,
73,1.795,-1.349,
74,0.44,-0.345,
75,0.26,0.123,
76,1.662,-0.758,
77,1.106,0.184,
78,0.764,-0.973,
79,1.248,-1.31,
80,1.009,-0.21,
81,0.789,-1.28,
82,0.464,-0.227,
83,-0.29,-0.262,
84,0.389,-0.077,
85,-0.107,-0.709,
86,-1.159,-0.171,
87,-1.672,-1.586,
88,0.973,0.757,
89,0.549,0.253,
90,1.769,0.161,
91,0.517,0.223,
92,-0.265,-0.645,
93,-0.712,0.756,
94,1.074,0.493,
95,-0.74,1.912,
96,0.957,-1.603,
97,1.003,-0.148,
98,0.365,-1.832,
99,-0.126,-2.023,
100,3.644,2.237,
101,1.633,1.23,
102,0.205,-0.711,
103,-2.234,-0.588,
104,1.654,0.094,
105,-0.354,-0.141,
106,-2.457,-0.659,
107,0.344,0.341,
108,-0.186,-0.21,
109,1.184,-0.571,
110,-0.675,-0.289,
111,-0.453,-1.645,
112,-0.721,-0.484,
113,0.892,0.543,
114,2.236,1.185,
115,0.804,0.541,
116,1.422,0.57,
117,0.589,-1.74,
118,1.515,0.145,
119,-0.206,-1.265,
120,0.341,-1.252,
121,1.148,0.348,
122,1.274,-0.005,
123,-0.046,0.546,
124,0.269,-2.356,
125,0.359,-0.533,
126,1.333,0.951,
127,0.999,1.148,
128,0.423,0.206,
129,1.305,0.192,
130,1.055,-0.589,
131,-0.13,1.077,
132,1.925,-1.648,
133,0.749,-1.531,
134,0.093,-0.448,
135,0.23,0.524,
136,0.787,0.935,
137,0.477,0.54,
138,1.435,-0.173,
139,-0.019,-1.073,
140,-0.153,-0.748,
141,-0.349,0.242,
142,0.377,1.407,
143,-0.725,0.655,
144,1.371,-0.981,
145,-0.655,-0.633,
146,-0.506,-0.965,
147,0.257,-0.076,
148,-0.12,-1.491,
149,1.192,0.726,
150,-0.508,0.313,
151,1.917,0.072,
152,0.496,-1.086,
153,1.134,-2.645,
154,0.124,-0.214,
155,-0.485,-0.476,
156,0.179,0.823,
157,0.007,-1.108,
158,0.061,-0.81,
159,-0.925,-0.687,
160,0.314,-0.64,
161,-0.099,-0.096,
162,0.037,0.208,
163,0.695,-0.613,
