1,-1.778,-1.078,
2,0.451,-0.529,
3,0.304,-0.887,
4,0.706,0.828,
5,-1.369,-1.644,
6,-0.609,-0.922,
7,2.317,0.02,
8,0.912,-1.212,
9,0.696,-1.904,
10,-1.438,-1.452,
11,0.573,0.679,
12,1.276,0.071,
13,1.114,-0.938,
14,0.506,0.368,
15,-0.431,-1.514,
16,0.481,-0.157,
17,0.946,0.547,
18,0.45,-0.238,
19,0.621,-0.564,
20,-1.514,-1.635,
21,0.315,-1.018,
22,-0.337,0.518,
23,0.736,-0.883,
24,0.169,-0.145,
25,0.673,1.025,
26,0.634,-0.923,
27,0.104,-0.295,
28,0.622,-0.093,
29,-0.117,0.756,
30,-0.515,-0.634,
31,0.304,-2.283,
32,1.726,0.871,
33,2.134,-0.824,
34,0.569,-0.64,
35,0.822,-0.569,
36,0.267,-0.218,
37,0.685,0.088,
38,-0.021,0.701,
39,1.777,1.197,
40,0.172,-0.953,
41,0.59,-1.056,
42,1.929,0.065,
43,1.402,0.269,
44,-0.091,0.085,
45,0.224,0.422,
46,0.356,-0.915,
47,-0.499,-0.339,
48,2.004,0.212,
49,0.142,-0.504,
50,1.029,-0.202,
51,0.327,-0.882,
52,0.519,-0.537,
53,1.474,-1.517,
54,0.729,2.332,
55,1.427,-1.488,
56,1.051,-0.899,
57,-1.087,0.071,
58,-0.312,-1.089,
59,0.106,-0.193,
60,0.125,-0.222,
61,0.275,0.374,
62,1.256,-0.807,
63,-0.852,-2.272,
64,-0.296,-0.894,
65,1.325,-1.778,
66,1.773,-0.257,
67,0.452,-0.29,
68,-0.35,0.494,
69,2.133,0.432,
70,0,1.148,
71,0.326,0.516,
72,2.724,-0.982,
73,1.854,-1.686,
74,0.629,-0.575,
75,0.563,-0.252,
76,1.932,-0.953,
77,1.309,-0.216,
78,0.801,-1.42,
79,1.337,-1.666,
80,1.246,-0.545,
81,0.656,-1.204,
82,0.71,-0.3,
83,-0.405,-0.562,
84,0.472,-0.201,
85,0.276,-0.816,
86,-0.908,-0.297,
87,-1.66,-2.12,
88,1.226,0.784,
89,0.557,0.119,
90,2.187,0.112,
91,0.798,0.291,
92,0.012,-1.054,
93,-0.789,0.652,
94,1.141,0.29,
95,-0.459,1.674,
96,1.175,-2.11,
97,1.352,-0.228,
98,0.359,-2.262,
99,-0.045,-2.124,
100,3.89,1.9,
101,1.756,1.133,
102,0.621,-1.112,
103,-1.891,-0.562,
104,1.92,-0.277,
105,-0.212,-0.376,
106,-2.32,-0.718,
107,0.888,0.216,
108,-0.06,-0.554,
109,1.352,-0.632,
110,-0.451,-0.384,
111,-0.331,-1.718,
112,-0.536,-0.694,
113,1.014,0.396,
114,2.173,0.54,
115,0.866,0.092,
116,1.424,0.241,
117,0.844,-1.914,
118,1.825,0.065,
119,-0.09,-1.403,
120,0.508,-1.788,
121,1.6,0.46,
122,1.759,-0.401,
123,0.309,0.098,
124,0.481,-2.573,
125,0.315,-0.852,
126,1.559,0.79,
127,1.388,0.964,
128,0.637,-0.003,
129,1.647,-0.135,
130,1.073,-0.554,
131,0.207,1.211,
132,1.945,-1.802,
133,0.861,-1.147,
134,0.327,-0.394,
135,0.445,0.3,
136,0.868,0.587,
137,0.388,0.09,
138,1.504,-0.45,
139,0.148,-1.389,
140,0.005,-0.835,
141,-0.087,-0.339,
142,0.665,1.044,
143,-0.204,0.704,
144,1.228,-0.87,
145,-0.904,-0.976,
146,-0.09,-1.064,
147,0.427,-0.331,
148,-0.026,-2.129,
149,1.492,0.679,
150,-0.413,0.101,
151,2.472,-0.381,
152,0.58,-1.308,
153,1.359,-2.66,
154,0.2,-0.576,
155,-0.094,-1.011,
156,0.298,0.539,
157,0.072,-1.273,
158,0.289,-0.852,
159,-0.614,-1.062,
160,0.717,-0.98,
161,0.231,-0.154,
162,0.441,-0.059,
163,1.06,-0.784,
