1,-1.549,-0.446,
2,-0.137,-0.096,
3,0.353,-0.155,
4,0.023,0.083,
5,-1.104,-1.018,
6,-0.037,-0.328,
7,0.583,-0.139,
8,0.159,-0.455,
9,0.091,-0.34,
10,-0.838,-0.167,
11,-0.214,0.32,
12,1.044,0.088,
13,0.119,-0.34,
14,0.155,-0.157,
15,-0.02,-0.509,
16,0.129,-0.035,
17,-0.162,0.384,
18,-0.294,0.457,
19,-0.234,0.231,
20,-1.287,-0.271,
21,0.06,0.069,
22,-0.101,0.56,
23,0.017,-0.358,
24,-0.163,0.304,
25,0.128,0.509,
26,0.248,-0.27,
27,0.002,0.499,
28,0.029,0.068,
29,-0.307,0.494,
30,0.368,0.484,
31,-0.252,-0.887,
32,0.666,0.197,
33,0.661,-0.234,
34,0.123,-0.164,
35,-0.232,-0.131,
36,0.077,0.227,
37,0.088,0.15,
38,-0.015,0.279,
39,1.101,0.701,
40,-0.506,-0.521,
41,-0.042,-0.292,
42,-0.2,0.191,
43,0.456,-0.112,
44,-0.228,-0.073,
45,0.304,0.078,
46,0.145,-0.151,
47,-0.154,-0.033,
48,0.502,-0.032,
49,-0.369,0.098,
50,-0.073,-0.132,
51,-0.237,-0.288,
52,0.427,-0.321,
53,0.332,-0.011,
54,0.487,1.126,
55,0.611,-0.283,
56,-0.188,0.456,
57,-0.756,0.435,
58,-0.426,-0.949,
59,0.143,0.05,
60,-0.259,0.218,
61,-0.029,0.365,
62,0.544,-0.357,
63,-1.307,-0.948,
64,-0.071,-0.172,
65,0.293,-0.67,
66,0.539,-0.152,
67,-0.081,0.117,
68,0.021,0.127,
69,1.161,0.395,
70,-0.557,0.89,
71,0.171,0.37,
72,0.732,-0.297,
73,0.933,-0.302,
74,0.369,0.092,
75,0.176,0.405,
76,0.457,-0.265,
77,0.323,0.412,
78,0.313,0.159,
79,0.406,-0.18,
80,0.08,0.016,
81,0.656,-0.44,
82,0.087,-0.032,
83,0.102,0.079,
84,0.287,0.038,
85,-0.67,-0.383,
86,-0.67,-0.18,
87,-0.703,-0.405,
88,0.403,0.279,
89,0.311,0.163,
90,0.192,0.075,
91,0.233,0.109,
92,-0.09,0.114,
93,-0.187,0.512,
94,0.467,0.358,
95,-0.717,0.858,
96,0.373,-0.469,
97,0.219,-0.086,
98,-0.014,-0.631,
99,0.016,-0.915,
100,1.549,1.095,
101,0.706,0.294,
102,-0.299,0.008,
103,-1.381,-0.585,
104,0.567,0.367,
105,-0.273,0.144,
106,-1.499,-0.768,
107,-0.215,0.107,
108,0.138,-0.174,
109,0.419,-0.452,
110,-0.231,-0.12,
111,-0.097,-0.631,
112,-0.647,0.087,
113,0.263,0.343,
114,0.912,1.033,
115,0.215,0.486,
116,0.721,0.687,
117,0.274,-0.645,
118,0.405,0.027,
119,-0.084,-0.371,
120,0.111,-0.338,
121,0.085,-0.079,
122,0.416,0.174,
123,-0.297,0.485,
124,0.034,-1.072,
125,0.188,-0.178,
126,0.622,0.204,
127,0.339,0.517,
128,-0.027,0.433,
129,0.619,0.245,
130,0.535,-0.148,
131,-0.454,0.464,
132,0.887,-0.803,
133,0.254,-1.139,
134,-0.22,-0.203,
135,0.1,0.29,
136,0.325,0.522,
137,0.393,0.575,
138,0.793,0.158,
139,-0.141,-0.277,
140,-0.212,-0.201,
141,-0.511,0.592,
142,0.136,0.798,
143,-0.669,0.399,
144,1.135,-0.872,
145,-0.098,-0.106,
146,-0.623,-0.404,
147,0.058,0.216,
148,-0.042,-0.228,
149,0.29,0.275,
150,-0.376,-0.165,
151,0.404,0.536,
152,0.513,-0.781,
153,0.408,-1.359,
154,0.014,0.112,
155,-0.318,0.148,
156,-0.115,0.76,
157,0.082,-0.388,
158,-0.087,-0.027,
159,-0.831,0.051,
160,-0.168,0.171,
161,-0.073,-0.129,
162,-0.321,0.338,
163,0.289,-0.304,
