1,-1.674,-0.816,
2,0.415,-0.605,
3,0.331,-0.877,
4,0.717,0.741,
5,-1.357,-1.675,
6,-0.674,-0.666,
7,2.446,0.154,
8,0.871,-1.25,
9,0.716,-1.883,
10,-1.42,-1.396,
11,0.566,0.655,
12,1.249,0.051,
13,1.1,-0.947,
14,0.523,0.262,
15,-0.525,-1.416,
16,0.447,-0.203,
17,0.896,0.492,
18,0.435,-0.233,
19,0.642,-0.534,
20,-1.485,-1.585,
21,0.325,-0.997,
22,-0.312,0.489,
23,0.715,-0.878,
24,0.192,-0.177,
25,0.698,0.953,
26,0.612,-0.897,
27,0.119,-0.281,
28,0.61,-0.108,
29,-0.106,0.743,
30,-0.456,-0.581,
31,0.295,-2.225,
32,1.675,0.814,
33,2.061,-0.816,
34,0.548,-0.646,
35,0.795,-0.544,
36,0.283,-0.221,
37,0.664,0.069,
38,-0.005,0.673,
39,1.76,1.169,
40,0.171,-0.929,
41,0.584,-1.033,
42,1.876,0.064,
43,1.374,0.232,
44,-0.078,0.078,
45,0.225,0.394,
46,0.36,-0.898,
47,-0.485,-0.349,
48,1.967,0.2,
49,0.092,-0.467,
50,0.985,-0.215,
51,0.32,-0.867,
52,0.513,-0.575,
53,1.45,-1.488,
54,0.729,2.3,
55,1.373,-1.472,
56,1.033,-0.865,
57,-1.037,0.047,
58,-0.298,-1.074,
59,0.105,-0.219,
60,0.099,-0.173,
61,0.347,0.35,
62,1.385,-0.818,
63,-0.747,-2.234,
64,-0.262,-0.88,
65,1.308,-1.72,
66,1.739,-0.254,
67,0.444,-0.324,
68,-0.362,0.47,
69,2.118,0.452,
70,-0.016,1.077,
71,0.331,0.476,
72,2.631,-0.954,
73,1.839,-1.63,
74,0.662,-0.562,
75,0.445,-0.191,
76,1.827,-0.939,
77,1.286,-0.21,
78,0.775,-1.383,
79,1.284,-1.602,
80,1.218,-0.551,
81,0.662,-1.207,
82,0.7,-0.299,
83,-0.408,-0.547,
84,0.482,-0.212,
85,0.263,-0.799,
86,-0.881,-0.277,
87,-1.6,-2.109,
88,1.253,0.735,
89,0.772,0.084,
90,2.092,0.086,
91,0.779,0.264,
92,0.044,-1.039,
93,-0.755,0.635,
94,1.116,0.279,
95,-0.446,1.628,
96,1.177,-2.093,
97,1.347,-0.206,
98,0.338,-2.207,
99,-0.022,-2.103,
100,3.807,1.815,
101,1.683,1.068,
102,0.342,-1.189,
103,-1.875,-0.512,
104,1.933,-0.28,
105,-0.198,-0.381,
106,-2.293,-0.717,
107,0.884,0.199,
108,-0.021,-0.587,
109,1.312,-0.629,
110,-0.414,-0.395,
111,-0.325,-1.703,
112,-0.538,-0.658,
113,0.996,0.351,
114,2.111,0.496,
115,0.937,0.084,
116,1.39,0.215,
117,0.842,-1.854,
118,1.781,0.056,
119,-0.06,-1.369,
120,0.49,-1.776,
121,1.528,0.447,
122,1.719,-0.403,
123,0.303,0.049,
124,0.481,-2.531,
125,0.324,-0.838,
126,1.524,0.724,
127,1.366,0.915,
128,0.614,0.01,
129,1.608,-0.157,
130,1.044,-0.544,
131,0.216,1.161,
132,1.905,-1.798,
133,0.851,-1.159,
134,0.332,-0.411,
135,0.437,0.257,
136,0.856,0.539,
137,0.423,0.141,
138,1.478,-0.432,
139,0.093,-1.309,
140,-0.002,-0.796,
141,-0.079,-0.347,
142,0.614,1.062,
143,-0.181,0.712,
144,1.235,-0.862,
145,-0.897,-0.962,
146,-0.072,-1.037,
147,0.435,-0.298,
148,-0.002,-2.075,
149,1.544,0.577,
150,-0.449,0.153,
151,2.451,-0.334,
152,0.573,-1.318,
153,1.311,-2.612,
154,0.206,-0.557,
155,-0.077,-0.931,
156,0.327,0.569,
157,-0.046,-1.413,
158,0.437,-1.04,
159,-0.64,-1.007,
160,0.684,-0.93,
161,0.235,-0.164,
162,0.448,0.012,
163,0.956,-1.013,
