1,-1.031,-0.264,
2,-0.104,-0.035,
3,0.374,-0.038,
4,0.024,0.022,
5,-0.651,-0.672,
6,0.079,-0.199,
7,0.26,-0.212,
8,0.105,-0.356,
9,0.107,-0.209,
10,-0.501,-0.025,
11,-0.2,0.164,
12,0.79,-0.037,
13,-0.032,-0.19,
14,0.167,-0.339,
15,0.033,-0.285,
16,0.108,-0.137,
17,-0.295,0.33,
18,-0.302,0.413,
19,-0.259,0.282,
20,-0.755,-0.074,
21,0.064,0.106,
22,-0.02,0.317,
23,-0.033,-0.19,
24,-0.194,0.251,
25,0.203,0.209,
26,0.295,-0.196,
27,0.072,0.403,
28,-0.006,0.055,
29,-0.316,0.294,
30,0.617,0.464,
31,-0.109,-0.477,
32,0.328,0.038,
33,0.299,-0.146,
34,0.049,-0.086,
35,-0.23,0.02,
36,0.131,0.259,
37,0.034,0.095,
38,-0.016,0.051,
39,0.741,0.109,
40,-0.379,-0.367,
41,0.021,-0.091,
42,-0.144,-0.027,
43,0.319,-0.144,
44,-0.122,-0.1,
45,0.198,0.004,
46,0.167,-0.076,
47,-0.053,-0.042,
48,0.241,-0.107,
49,-0.324,0.154,
50,-0.138,-0.115,
51,-0.281,-0.201,
52,0.276,-0.182,
53,0.101,0.149,
54,0.314,0.548,
55,0.36,-0.137,
56,-0.225,0.569,
57,-0.487,0.265,
58,-0.271,-0.324,
59,0.173,0.033,
60,-0.181,0.191,
61,-0.038,0.142,
62,0.41,-0.181,
63,-0.816,-0.458,
64,0.048,-0.034,
65,0.123,-0.358,
66,0.259,-0.097,
67,-0.163,0.109,
68,0.12,0.022,
69,0.757,0.235,
70,-0.403,0.46,
71,0.103,0.159,
72,0.316,-0.126,
73,0.563,0.022,
74,0.369,0.143,
75,0.143,0.343,
76,0.208,-0.141,
77,0.112,0.343,
78,0.166,0.339,
79,0.138,0.073,
80,-0.16,0.059,
81,0.371,-0.232,
82,0.048,0.015,
83,0.165,0.096,
84,0.298,0.044,
85,-0.734,-0.271,
86,-0.359,-0.286,
87,-0.34,-0.236,
88,0.223,0.132,
89,0.19,0.064,
90,-0.1,0.069,
91,0.205,0.139,
92,-0.023,0.194,
93,-0.059,0.416,
94,0.237,0.212,
95,-0.457,0.386,
96,0.259,-0.272,
97,0.002,-0.165,
98,-0.075,-0.299,
99,0.02,-0.498,
100,0.834,0.483,
101,0.329,0.021,
102,-0.274,0.199,
103,-0.761,-0.45,
104,0.223,0.298,
105,-0.141,0.064,
106,-1.023,-0.871,
107,-0.235,-0.044,
108,0.15,-0.106,
109,0.144,-0.404,
110,-0.073,-0.097,
111,-0.025,-0.337,
112,-0.394,0.067,
113,0.104,0.244,
114,0.438,0.683,
115,-0.039,0.352,
116,0.396,0.491,
117,0.2,-0.278,
118,0.158,-0.032,
119,-0.001,-0.101,
120,0.028,-0.109,
121,-0.042,-0.268,
122,0.251,0.115,
123,-0.225,0.352,
124,-0.055,-0.511,
125,0.097,-0.151,
126,0.385,-0.023,
127,0.192,0.229,
128,-0.119,0.423,
129,0.483,0.187,
130,0.312,0.02,
131,-0.348,0.185,
132,0.455,-0.446,
133,0.052,-0.726,
134,-0.289,-0.088,
135,0.097,0.196,
136,0.152,0.24,
137,0.267,0.351,
138,0.525,0.157,
139,-0.095,-0.096,
140,-0.174,-0.07,
141,-0.499,0.541,
142,0.126,0.378,
143,-0.304,0.089,
144,0.99,-0.803,
145,0.025,-0.028,
146,-0.492,-0.193,
147,0,0.199,
148,0.021,-0.005,
149,0.088,0.098,
150,-0.322,-0.215,
151,0.086,0.46,
152,0.351,-0.477,
153,0.191,-0.788,
154,-0.018,0.067,
155,-0.08,0.097,
156,-0.194,0.635,
157,0.077,-0.148,
158,-0.058,0.226,
159,-0.602,0.16,
160,-0.196,0.296,
161,0.066,-0.171,
162,-0.281,0.299,
163,0.246,-0.247,
