1,0.708,-0.886,
2,1.127,-0.986,
3,0.236,-1.119,
4,1.33,0.144,
5,1.021,-0.727,
6,-0.343,-1.04,
7,1.549,-0.419,
8,1.441,-0.866,
9,1.076,-1.948,
10,-0.241,-0.671,
11,1.519,-0.317,
12,1.114,-1.125,
13,1.66,-1.004,
14,0.692,-0.514,
15,0.32,-1.045,
16,0.898,-1.113,
17,0.841,-0.216,
18,1.169,-1.058,
19,1.392,-0.927,
20,0.973,-1.364,
21,0.732,-1.408,
22,0.044,-1.053,
23,1.133,-1.058,
24,0.829,-1.025,
25,1.023,-0.525,
26,1.384,-0.76,
27,1.362,-0.874,
28,1.095,-0.604,
29,0.701,-0.583,
30,0.229,-1.027,
31,1.29,-0.649,
32,0.911,-0.6,
33,1.101,-1.051,
34,0.401,-0.98,
35,1.506,-0.209,
36,0.597,-0.758,
37,1.094,-0.599,
38,0.511,-0.783,
39,0.971,-0.776,
40,1.319,-0.73,
41,1.692,-0.493,
42,2.459,-0.651,
43,1.583,-0.163,
44,1.334,-0.306,
45,0.664,-0.353,
46,0.922,-1.063,
47,0.286,-1.242,
48,1.981,-0.72,
49,0.845,-1.089,
50,1.133,-1.037,
51,1.088,-0.997,
52,0.209,-0.898,
53,1.416,-1.899,
54,1.086,-0.188,
55,0.842,-1.984,
56,1.296,-1.187,
57,0.69,-1.231,
58,0.736,-0.443,
59,0.598,-1.284,
60,0.889,-0.813,
61,0.919,-0.87,
62,1.771,-0.763,
63,0.61,-0.809,
64,0.514,-1.067,
65,1.261,-1.2,
66,1.309,-0.11,
67,0.64,-1.193,
68,0.535,-0.628,
69,1.448,-0.314,
70,0.621,-0.897,
71,0.565,-0.74,
72,1.737,-0.904,
73,0.999,-0.989,
74,1.177,-0.868,
75,0.742,-1.404,
76,1.252,-0.773,
77,0.958,-1.184,
78,0.834,-1.082,
79,0.551,-1.384,
80,0.895,-1.408,
81,0.607,-0.731,
82,1.28,-0.45,
83,0.762,-1.041,
84,0.656,-0.74,
85,1.212,-0.758,
86,0.746,-0.59,
87,0.261,-2.067,
88,1.154,-0.316,
89,0.842,-0.673,
90,1.779,-0.576,
91,1.3,0.063,
92,0.75,-1.303,
93,0.184,-0.336,
94,0.629,-0.501,
95,1.071,-0.325,
96,1.057,-1.756,
97,1.612,-0.661,
98,0.463,-1.733,
99,0.629,-1.142,
100,1.025,-0.714,
101,1.061,-0.105,
102,1.012,-1.364,
103,0.738,-0.43,
104,1.204,-1.081,
105,0.669,-1.099,
106,0.2,-0.716,
107,1.869,0.317,
108,0.839,-1.302,
109,1.021,-0.81,
110,1.067,-0.477,
111,0.651,-0.985,
112,0.228,-1.178,
113,1.023,-0.552,
114,0.893,-1.327,
115,0.793,-1.652,
116,0.997,-1.217,
117,1.299,-1.07,
118,1.323,-0.79,
119,0.74,-0.952,
120,0.898,-1.567,
121,1.043,-0.376,
122,1.596,-0.96,
123,0.733,-1.671,
124,1.28,-1.377,
125,0.484,-1.447,
126,1.364,-0.732,
127,1.542,-1.041,
128,0.967,-0.568,
129,1.308,-0.919,
130,1.066,-0.49,
131,1.449,0.356,
132,0.766,-1.102,
133,0.714,0.033,
134,0.754,-0.242,
135,1.09,-1.006,
136,0.685,-1.009,
137,0.412,-0.944,
138,0.852,-1.042,
139,0.617,-1.574,
140,0.906,-0.912,
141,0.746,-1.636,
142,1.181,-1.277,
143,1.422,-0.24,
144,0.948,-0.674,
145,0.194,-1.279,
146,1.486,-0.616,
147,0.969,-0.904,
148,0.382,-1.64,
149,1.5,-1.616,
150,-0.28,-0.744,
151,2.257,-0.888,
152,0.872,-0.881,
153,1.306,-1.329,
154,0.67,-1.27,
155,1.174,-1.797,
156,0.415,-0.637,
157,0.472,-1.502,
158,1.368,-0.469,
159,0.878,-1.251,
160,1.273,-1.033,
161,1.294,-0.784,
162,1.336,-0.849,
163,1.638,-1.309,
