1,-1.043,-0.277,
2,-0.1,-0.026,
3,0.374,-0.037,
4,0.022,0.023,
5,-0.659,-0.666,
6,0.088,-0.211,
7,0.256,-0.224,
8,0.107,-0.352,
9,0.105,-0.207,
10,-0.503,-0.025,
11,-0.201,0.165,
12,0.793,-0.036,
13,-0.033,-0.189,
14,0.164,-0.335,
15,0.037,-0.295,
16,0.111,-0.129,
17,-0.295,0.331,
18,-0.303,0.414,
19,-0.261,0.282,
20,-0.759,-0.075,
21,0.063,0.106,
22,-0.021,0.319,
23,-0.033,-0.191,
24,-0.195,0.253,
25,0.198,0.218,
26,0.296,-0.195,
27,0.072,0.406,
28,-0.007,0.055,
29,-0.316,0.295,
30,0.617,0.465,
31,-0.112,-0.48,
32,0.33,0.038,
33,0.3,-0.146,
34,0.049,-0.087,
35,-0.231,0.018,
36,0.13,0.26,
37,0.034,0.096,
38,-0.017,0.053,
39,0.743,0.112,
40,-0.382,-0.369,
41,0.02,-0.093,
42,-0.147,-0.025,
43,0.318,-0.144,
44,-0.123,-0.1,
45,0.2,0.004,
46,0.167,-0.076,
47,-0.053,-0.042,
48,0.241,-0.107,
49,-0.317,0.151,
50,-0.139,-0.115,
51,-0.281,-0.202,
52,0.278,-0.182,
53,0.101,0.149,
54,0.313,0.55,
55,0.361,-0.137,
56,-0.226,0.569,
57,-0.488,0.267,
58,-0.273,-0.327,
59,0.172,0.035,
60,-0.181,0.192,
61,-0.047,0.143,
62,0.401,-0.182,
63,-0.825,-0.46,
64,0.047,-0.035,
65,0.123,-0.36,
66,0.261,-0.098,
67,-0.164,0.111,
68,0.121,0.021,
69,0.759,0.236,
70,-0.405,0.465,
71,0.103,0.161,
72,0.318,-0.128,
73,0.565,0.019,
74,0.367,0.143,
75,0.155,0.345,
76,0.212,-0.141,
77,0.112,0.345,
78,0.166,0.339,
79,0.139,0.074,
80,-0.161,0.058,
81,0.371,-0.232,
82,0.048,0.014,
83,0.166,0.096,
84,0.298,0.045,
85,-0.735,-0.272,
86,-0.362,-0.286,
87,-0.342,-0.236,
88,0.22,0.133,
89,0.178,0.066,
90,-0.099,0.07,
91,0.204,0.139,
92,-0.023,0.195,
93,-0.06,0.417,
94,0.238,0.214,
95,-0.46,0.388,
96,0.258,-0.27,
97,0.002,-0.165,
98,-0.076,-0.301,
99,0.02,-0.499,
100,0.837,0.488,
101,0.332,0.022,
102,-0.261,0.196,
103,-0.759,-0.453,
104,0.223,0.299,
105,-0.143,0.065,
106,-1.025,-0.87,
107,-0.237,-0.043,
108,0.151,-0.106,
109,0.146,-0.404,
110,-0.074,-0.097,
111,-0.024,-0.337,
112,-0.396,0.068,
113,0.103,0.245,
114,0.441,0.686,
115,-0.046,0.353,
116,0.399,0.494,
117,0.2,-0.279,
118,0.158,-0.031,
119,-0.003,-0.102,
120,0.026,-0.108,
121,-0.041,-0.268,
122,0.251,0.116,
123,-0.226,0.355,
124,-0.055,-0.515,
125,0.097,-0.15,
126,0.388,-0.02,
127,0.192,0.231,
128,-0.118,0.423,
129,0.483,0.188,
130,0.312,0.02,
131,-0.35,0.186,
132,0.457,-0.447,
133,0.053,-0.73,
134,-0.289,-0.088,
135,0.097,0.197,
136,0.154,0.243,
137,0.268,0.353,
138,0.526,0.157,
139,-0.091,-0.104,
140,-0.174,-0.072,
141,-0.5,0.543,
142,0.127,0.38,
143,-0.308,0.092,
144,0.99,-0.802,
145,0.024,-0.027,
146,-0.495,-0.194,
147,-0.001,0.199,
148,0.017,-0.011,
149,0.083,0.108,
150,-0.321,-0.218,
151,0.085,0.462,
152,0.352,-0.479,
153,0.192,-0.793,
154,-0.018,0.068,
155,-0.083,0.098,
156,-0.195,0.633,
157,0.083,-0.138,
158,-0.065,0.239,
159,-0.6,0.154,
160,-0.196,0.295,
161,0.065,-0.171,
162,-0.287,0.292,
163,0.253,-0.235,
