1,0.402,-0.93,
2,1.129,-0.878,
3,0.21,-1.11,
4,1.34,0.545,
5,0.709,-0.811,
6,-0.443,-0.998,
7,1.957,-0.302,
8,1.464,-0.949,
9,1.218,-2.206,
10,-0.536,-0.991,
11,1.485,-0.043,
12,1.032,-0.959,
13,1.631,-0.992,
14,0.694,-0.305,
15,0.032,-1.027,
16,0.863,-0.977,
17,1.024,0.04,
18,1.192,-1.066,
19,1.466,-1.042,
20,0.739,-1.56,
21,0.663,-1.543,
22,-0.313,-0.888,
23,1.165,-1.014,
24,0.674,-0.919,
25,1.106,-0.211,
26,1.377,-0.9,
27,1.262,-0.899,
28,1.048,-0.533,
29,0.559,-0.357,
30,-0.071,-1.24,
31,1.351,-1.048,
32,1.043,-0.245,
33,1.301,-1.048,
34,0.453,-0.908,
35,1.563,-0.264,
36,0.558,-0.678,
37,1.118,-0.448,
38,0.344,-0.578,
39,1.121,-0.514,
40,1.335,-0.743,
41,1.673,-0.714,
42,3.096,-0.713,
43,1.81,0.045,
44,1.17,-0.212,
45,0.457,-0.139,
46,0.96,-1.15,
47,0.158,-1.108,
48,2.08,-0.51,
49,0.83,-1.029,
50,1.296,-0.886,
51,1.056,-1.111,
52,-0.021,-0.906,
53,1.455,-2.146,
54,1.018,0.303,
55,0.993,-1.997,
56,1.55,-1.447,
57,0.453,-1.18,
58,0.676,-0.494,
59,0.492,-1.147,
60,0.836,-0.693,
61,0.796,-0.726,
62,1.792,-0.778,
63,0.284,-1.04,
64,0.49,-1.008,
65,1.349,-1.326,
66,1.467,-0.106,
67,0.678,-1.105,
68,0.231,-0.506,
69,1.66,-0.224,
70,0.463,-0.695,
71,0.457,-0.514,
72,2.13,-0.949,
73,1.192,-1.304,
74,1.077,-0.89,
75,0.625,-1.336,
76,1.534,-0.888,
77,1.065,-1.193,
78,0.845,-1.289,
79,0.751,-1.589,
80,0.988,-1.298,
81,0.409,-0.694,
82,1.197,-0.326,
83,0.404,-1.093,
84,0.595,-0.626,
85,1.17,-0.741,
86,0.552,-0.63,
87,-0.188,-2.343,
88,1.163,0.083,
89,0.77,-0.527,
90,2.124,-0.369,
91,1.322,0.221,
92,0.598,-1.397,
93,-0.076,-0.181,
94,0.699,-0.462,
95,0.888,0.163,
96,1.129,-2.036,
97,1.652,-0.603,
98,0.463,-1.918,
99,0.457,-1.31,
100,1.542,-0.341,
101,1.155,0.204,
102,1.001,-1.39,
103,0.44,-0.441,
104,1.406,-1.107,
105,0.502,-1.023,
106,-0.232,-0.798,
107,1.948,0.117,
108,0.713,-1.342,
109,1.091,-0.76,
110,0.776,-0.481,
111,0.46,-1.173,
112,0.234,-1.128,
113,0.935,-0.36,
114,1.069,-1.243,
115,0.717,-1.319,
116,1.031,-1.143,
117,1.288,-1.297,
118,1.513,-0.602,
119,0.554,-1.031,
120,0.935,-1.79,
121,1.221,0,
122,1.814,-1.047,
123,0.806,-1.46,
124,1.202,-1.595,
125,0.345,-1.445,
126,1.445,-0.421,
127,1.656,-0.716,
128,0.992,-0.558,
129,1.565,-0.873,
130,0.987,-0.422,
131,1.38,0.556,
132,0.953,-1.222,
133,0.699,0.228,
134,0.695,-0.162,
135,1.093,-0.774,
136,0.653,-0.856,
137,0.345,-0.913,
138,0.938,-1.055,
139,0.619,-1.653,
140,0.766,-0.962,
141,0.645,-1.656,
142,1.26,-1.052,
143,1.381,-0.02,
144,0.972,-0.593,
145,-0.257,-1.324,
146,1.277,-0.725,
147,0.861,-0.898,
148,0.274,-2.202,
149,1.707,-1.228,
150,-0.292,-0.718,
151,2.526,-1.028,
152,0.844,-1.075,
153,1.331,-1.529,
154,0.586,-1.221,
155,1.131,-2.004,
156,0.359,-0.548,
157,0.313,-1.644,
158,1.289,-0.573,
159,0.644,-1.41,
160,1.347,-1.215,
161,1.21,-0.671,
162,1.325,-0.804,
163,1.56,-1.252,
