1,0.904,-0.836,
2,1.094,-1.051,
3,0.257,-1.099,
4,1.275,-0.23,
5,1.223,-0.705,
6,-0.243,-1.115,
7,1.119,-0.485,
8,1.393,-0.797,
9,0.863,-1.635,
10,0.025,-0.381,
11,1.515,-0.553,
12,1.241,-1.252,
13,1.671,-0.981,
14,0.687,-0.685,
15,0.6,-1.083,
16,0.925,-1.206,
17,0.669,-0.423,
18,1.109,-1.013,
19,1.259,-0.809,
20,1.05,-1.163,
21,0.791,-1.238,
22,0.418,-1.13,
23,1.101,-1.099,
24,0.942,-1.051,
25,0.88,-0.768,
26,1.396,-0.591,
27,1.405,-0.825,
28,1.112,-0.668,
29,0.814,-0.763,
30,0.523,-0.779,
31,1.206,-0.279,
32,0.872,-0.908,
33,0.985,-1.058,
34,0.371,-1.062,
35,1.411,-0.187,
36,0.584,-0.811,
37,1.091,-0.711,
38,0.68,-0.923,
39,0.879,-0.939,
40,1.219,-0.772,
41,1.65,-0.33,
42,1.793,-0.58,
43,1.331,-0.366,
44,1.433,-0.407,
45,0.901,-0.557,
46,0.909,-0.993,
47,0.391,-1.36,
48,1.859,-0.908,
49,0.824,-1.156,
50,0.94,-1.187,
51,1.126,-0.926,
52,0.468,-0.872,
53,1.391,-1.511,
54,1.161,-0.548,
55,0.781,-1.896,
56,1.009,-0.919,
57,0.848,-1.184,
58,0.769,-0.406,
59,0.702,-1.365,
60,0.925,-0.936,
61,1,-0.95,
62,1.502,-0.753,
63,0.896,-0.683,
64,0.488,-1.147,
65,1.18,-1.131,
66,1.211,-0.134,
67,0.592,-1.222,
68,0.844,-0.676,
69,1.275,-0.362,
70,0.762,-0.912,
71,0.679,-0.897,
72,1.442,-0.879,
73,0.865,-0.752,
74,1.215,-0.829,
75,0.813,-1.412,
76,0.979,-0.672,
77,0.88,-1.129,
78,0.825,-0.884,
79,0.394,-1.193,
80,0.836,-1.496,
81,0.872,-0.825,
82,1.349,-0.6,
83,1.094,-0.954,
84,0.714,-0.833,
85,1.205,-0.81,
86,0.836,-0.513,
87,0.629,-1.753,
88,1.193,-0.707,
89,0.947,-0.802,
90,1.449,-0.779,
91,1.245,-0.105,
92,0.888,-1.181,
93,0.425,-0.442,
94,0.609,-0.479,
95,1.153,-0.773,
96,0.984,-1.465,
97,1.573,-0.69,
98,0.439,-1.615,
99,0.808,-1.038,
100,0.698,-0.915,
101,1.026,-0.405,
102,1.086,-1.32,
103,0.891,-0.43,
104,1.029,-1.008,
105,0.803,-1.133,
106,0.568,-0.616,
107,1.625,0.372,
108,0.923,-1.201,
109,1.013,-0.867,
110,1.314,-0.47,
111,0.828,-0.827,
112,0.189,-1.232,
113,1.06,-0.733,
114,0.804,-1.28,
115,0.865,-1.971,
116,1.057,-1.188,
117,1.287,-0.87,
118,1.137,-0.941,
119,0.888,-0.895,
120,0.935,-1.196,
121,0.929,-0.727,
122,1.409,-0.841,
123,0.645,-1.787,
124,1.343,-1.245,
125,0.638,-1.423,
126,1.323,-0.985,
127,1.387,-1.307,
128,0.975,-0.582,
129,1.081,-0.927,
130,1.17,-0.576,
131,1.427,0.206,
132,0.645,-1.018,
133,0.737,-0.233,
134,0.816,-0.334,
135,1.044,-1.181,
136,0.77,-1.056,
137,0.491,-0.915,
138,0.796,-1.022,
139,0.6,-1.51,
140,1.034,-0.906,
141,0.811,-1.53,
142,1.086,-1.363,
143,1.339,-0.397,
144,0.908,-0.741,
145,0.615,-1.218,
146,1.63,-0.535,
147,1.045,-0.926,
148,0.476,-1.04,
149,1.291,-1.989,
150,-0.279,-0.716,
151,1.985,-0.721,
152,0.917,-0.702,
153,1.328,-1.212,
154,0.743,-1.358,
155,1.111,-1.56,
156,0.483,-0.656,
157,0.649,-1.328,
158,1.375,-0.42,
159,1.077,-1.068,
160,1.173,-0.875,
161,1.323,-0.915,
162,1.291,-0.891,
163,1.725,-1.319,
