1,-1.51,-0.39,
2,-0.155,-0.131,
3,0.359,-0.155,
4,0.031,0.071,
5,-1.075,-1.04,
6,-0.063,-0.278,
7,0.603,-0.098,
8,0.146,-0.472,
9,0.096,-0.344,
10,-0.824,-0.159,
11,-0.211,0.314,
12,1.03,0.083,
13,0.118,-0.342,
14,0.166,-0.19,
15,-0.043,-0.473,
16,0.116,-0.066,
17,-0.169,0.37,
18,-0.294,0.453,
19,-0.225,0.235,
20,-1.267,-0.264,
21,0.063,0.068,
22,-0.097,0.548,
23,0.016,-0.354,
24,-0.158,0.29,
25,0.146,0.471,
26,0.246,-0.268,
27,0.006,0.492,
28,0.031,0.065,
29,-0.305,0.487,
30,0.379,0.486,
31,-0.242,-0.871,
32,0.651,0.189,
33,0.646,-0.231,
34,0.119,-0.163,
35,-0.231,-0.123,
36,0.083,0.225,
37,0.085,0.143,
38,-0.01,0.27,
39,1.09,0.682,
40,-0.497,-0.514,
41,-0.037,-0.286,
42,-0.191,0.179,
43,0.454,-0.116,
44,-0.221,-0.073,
45,0.297,0.073,
46,0.146,-0.149,
47,-0.151,-0.036,
48,0.497,-0.035,
49,-0.397,0.111,
50,-0.075,-0.132,
51,-0.237,-0.284,
52,0.418,-0.326,
53,0.327,-0.007,
54,0.487,1.109,
55,0.599,-0.281,
56,-0.182,0.457,
57,-0.744,0.424,
58,-0.419,-0.928,
59,0.145,0.042,
60,-0.26,0.222,
61,0.009,0.358,
62,0.569,-0.353,
63,-1.275,-0.935,
64,-0.062,-0.168,
65,0.29,-0.654,
66,0.53,-0.148,
67,-0.082,0.109,
68,0.018,0.127,
69,1.151,0.393,
70,-0.552,0.862,
71,0.17,0.358,
72,0.714,-0.287,
73,0.92,-0.288,
74,0.379,0.093,
75,0.139,0.409,
76,0.426,-0.263,
77,0.317,0.405,
78,0.306,0.164,
79,0.394,-0.17,
80,0.075,0.015,
81,0.65,-0.439,
82,0.087,-0.032,
83,0.099,0.079,
84,0.29,0.035,
85,-0.67,-0.378,
86,-0.657,-0.178,
87,-0.686,-0.406,
88,0.416,0.27,
89,0.353,0.154,
90,0.176,0.072,
91,0.234,0.107,
92,-0.084,0.113,
93,-0.18,0.506,
94,0.458,0.348,
95,-0.706,0.843,
96,0.374,-0.47,
97,0.217,-0.084,
98,-0.017,-0.619,
99,0.02,-0.907,
100,1.526,1.065,
101,0.686,0.28,
102,-0.354,0.013,
103,-1.382,-0.576,
104,0.567,0.363,
105,-0.265,0.139,
106,-1.486,-0.772,
107,-0.209,0.098,
108,0.143,-0.18,
109,0.408,-0.451,
110,-0.222,-0.121,
111,-0.097,-0.625,
112,-0.639,0.09,
113,0.261,0.334,
114,0.892,1.011,
115,0.246,0.477,
116,0.705,0.672,
117,0.274,-0.633,
118,0.398,0.024,
119,-0.075,-0.36,
120,0.11,-0.336,
121,0.076,-0.083,
122,0.412,0.169,
123,-0.29,0.47,
124,0.034,-1.053,
125,0.185,-0.179,
126,0.609,0.188,
127,0.337,0.503,
128,-0.032,0.435,
129,0.613,0.236,
130,0.528,-0.144,
131,-0.446,0.452,
132,0.871,-0.797,
133,0.25,-1.125,
134,-0.218,-0.203,
135,0.1,0.279,
136,0.318,0.503,
137,0.39,0.569,
138,0.785,0.158,
139,-0.155,-0.242,
140,-0.211,-0.189,
141,-0.506,0.583,
142,0.128,0.79,
143,-0.647,0.392,
144,1.131,-0.87,
145,-0.096,-0.108,
146,-0.612,-0.396,
147,0.061,0.221,
148,-0.026,-0.2,
149,0.308,0.238,
150,-0.389,-0.144,
151,0.399,0.533,
152,0.508,-0.779,
153,0.399,-1.336,
154,0.014,0.11,
155,-0.302,0.153,
156,-0.106,0.77,
157,0.057,-0.424,
158,-0.059,-0.067,
159,-0.841,0.076,
160,-0.168,0.179,
161,-0.065,-0.13,
162,-0.3,0.367,
163,0.264,-0.35,
