1,-1.312,-0.883,
2,0.59,-0.691,
3,0.332,-0.983,
4,0.898,0.77,
5,-1,-1.561,
6,-0.621,-0.787,
7,2.531,0.007,
8,1.026,-1.264,
9,0.862,-2.138,
10,-1.279,-1.477,
11,0.805,0.582,
12,1.149,-0.156,
13,1.26,-0.993,
14,0.591,0.154,
15,-0.456,-1.484,
16,0.538,-0.373,
17,0.999,0.415,
18,0.631,-0.471,
19,0.904,-0.706,
20,-1.08,-1.672,
21,0.398,-1.21,
22,-0.436,0.217,
23,0.87,-0.911,
24,0.289,-0.362,
25,0.858,0.783,
26,0.781,-0.966,
27,0.373,-0.476,
28,0.703,-0.217,
29,0.005,0.563,
30,-0.445,-0.827,
31,0.558,-2.173,
32,1.637,0.705,
33,1.985,-0.904,
34,0.56,-0.726,
35,1.014,-0.507,
36,0.368,-0.351,
37,0.777,-0.031,
38,0.034,0.454,
39,1.711,0.858,
40,0.442,-0.923,
41,0.855,-1.071,
42,2.418,-0.122,
43,1.584,0.239,
44,0.147,0.021,
45,0.204,0.329,
46,0.526,-1.01,
47,-0.381,-0.508,
48,2.096,0.088,
49,0.25,-0.601,
50,1.1,-0.364,
51,0.52,-0.989,
52,0.339,-0.716,
53,1.489,-1.736,
54,0.799,2.075,
55,1.359,-1.643,
56,1.295,-1.105,
57,-0.77,-0.224,
58,-0.112,-0.947,
59,0.153,-0.388,
60,0.265,-0.239,
61,0.47,0.138,
62,1.562,-0.834,
63,-0.571,-2.106,
64,-0.091,-0.93,
65,1.403,-1.702,
66,1.788,-0.239,
67,0.517,-0.492,
68,-0.35,0.295,
69,2.132,0.328,
70,0.025,0.773,
71,0.339,0.316,
72,2.747,-1.003,
73,1.804,-1.726,
74,0.77,-0.662,
75,0.609,-0.445,
76,1.849,-0.996,
77,1.31,-0.453,
78,0.786,-1.485,
79,1.227,-1.686,
80,1.248,-0.744,
81,0.556,-1.063,
82,0.798,-0.284,
83,-0.38,-0.694,
84,0.512,-0.288,
85,0.491,-0.797,
86,-0.619,-0.372,
87,-1.443,-2.31,
88,1.311,0.669,
89,0.728,-0.04,
90,2.194,0.028,
91,0.922,0.284,
92,0.19,-1.192,
93,-0.698,0.504,
94,1.073,0.125,
95,-0.232,1.435,
96,1.222,-2.239,
97,1.483,-0.261,
98,0.333,-2.306,
99,0.049,-2.02,
100,3.605,1.455,
101,1.649,0.934,
102,0.539,-1.326,
103,-1.488,-0.498,
104,1.947,-0.502,
105,-0.1,-0.512,
106,-2.003,-0.757,
107,1.166,0.1,
108,0.131,-0.819,
109,1.324,-0.658,
110,-0.212,-0.437,
111,-0.185,-1.672,
112,-0.396,-0.742,
113,0.988,0.219,
114,1.951,0.066,
115,0.923,-0.2,
116,1.33,-0.057,
117,0.965,-1.828,
118,1.82,-0.032,
119,0.036,-1.347,
120,0.589,-1.964,
121,1.596,0.54,
122,1.906,-0.62,
123,0.492,-0.269,
124,0.638,-2.489,
125,0.291,-1.005,
126,1.583,0.536,
127,1.524,0.664,
128,0.717,-0.118,
129,1.726,-0.346,
130,1.005,-0.497,
131,0.468,1.109,
132,1.787,-1.768,
133,0.854,-0.848,
134,0.441,-0.35,
135,0.579,0.064,
136,0.852,0.254,
137,0.399,-0.097,
138,1.424,-0.584,
139,0.198,-1.432,
140,0.116,-0.834,
141,0.076,-0.685,
142,0.792,0.693,
143,0.169,0.687,
144,1.161,-0.772,
145,-0.979,-1.11,
146,0.203,-1.021,
147,0.533,-0.436,
148,0.048,-2.357,
149,1.618,0.379,
150,-0.397,-0.047,
151,2.611,-0.531,
152,0.647,-1.389,
153,1.359,-2.472,
154,0.274,-0.748,
155,0.191,-1.218,
156,0.358,0.342,
157,0.034,-1.458,
158,0.606,-0.958,
159,-0.408,-1.17,
160,0.881,-1.053,
161,0.455,-0.233,
162,0.673,-0.159,
163,1.135,-1.074,
