1,-0.128,-0.756,
2,-0.069,-1.097,
3,-0.524,-0.877,
4,-0.285,-0.71,
5,0.016,-0.521,
6,-1.418,-0.747,
7,-0.228,-0.351,
8,0.123,-0.651,
9,-0.601,-1.429,
10,-0.779,-0.126,
11,0.257,-0.466,
12,0.182,-0.812,
13,0.333,-0.489,
14,-0.687,-0.713,
15,-0.414,-0.929,
16,-0.239,-1.048,
17,-1.049,-1.07,
18,-0.236,-1.002,
19,-0.268,-0.68,
20,-0.156,-0.747,
21,-0.248,-1.071,
22,-0.392,-0.85,
23,-0.386,-1.212,
24,0.105,-0.809,
25,-0.618,-0.518,
26,-0.114,-0.163,
27,0.098,-0.811,
28,-0.063,-0.681,
29,-0.037,-0.647,
30,-0.085,-0.207,
31,-0.263,-0.316,
32,-0.135,-1.043,
33,-0.616,-0.979,
34,-0.87,-1.271,
35,-0.031,-0.077,
36,-0.528,-0.459,
37,-0.178,-0.763,
38,-0.306,-0.79,
39,-0.479,-0.91,
40,-0.282,-1.069,
41,0.077,-0.425,
42,0.011,-0.283,
43,-0.18,-0.217,
44,-0.093,-0.483,
45,-0.103,-0.78,
46,-0.364,-0.724,
47,-0.771,-1.188,
48,0.396,-0.563,
49,-0.366,-1.01,
50,-0.714,-1.236,
51,-0.176,-0.851,
52,-0.278,-0.763,
53,0.016,-0.986,
54,-0.163,-0.479,
55,-0.681,-1.519,
56,-0.293,-0.666,
57,-0.273,-0.942,
58,-0.455,-0.356,
59,-0.573,-1.06,
60,-0.275,-0.795,
61,-0.358,-0.565,
62,-0.02,-0.738,
63,-0.171,-0.796,
64,-0.862,-1.188,
65,0.049,-0.995,
66,0.002,-0.177,
67,-1.211,-0.859,
68,-0.245,-0.722,
69,-0.208,-0.228,
70,-0.336,-0.622,
71,-0.38,-0.898,
72,0.001,-0.688,
73,-0.514,-0.722,
74,-0.089,-0.633,
75,-0.088,-0.838,
76,-0.607,-0.628,
77,-0.352,-1.056,
78,-0.554,-0.387,
79,-1.21,-0.722,
80,-0.202,-1.531,
81,-0.062,-0.854,
82,-0.091,-0.498,
83,-0.094,-0.641,
84,-0.337,-0.788,
85,-0.08,-0.753,
86,-0.484,0.093,
87,-0.293,-1.145,
88,0.063,-0.563,
89,-0.158,-0.88,
90,-0.264,-1.061,
91,-0.497,-0.316,
92,-0.32,-1.001,
93,-0.73,-0.363,
94,-0.476,-0.114,
95,-0.24,-0.995,
96,-0.349,-0.922,
97,0.177,-0.657,
98,-0.994,-1.488,
99,-0.433,-0.738,
100,-0.628,-0.736,
101,-0.301,-0.361,
102,-0.34,-1.032,
103,-0.429,-0.606,
104,-0.667,-0.592,
105,-0.559,-1.14,
106,-0.237,-0.468,
107,-0.044,0.13,
108,-0.569,-1.058,
109,-0.308,-0.896,
110,0.145,-0.468,
111,-0.427,-0.244,
112,-1.165,-1.3,
113,-0.236,-0.808,
114,-0.412,-1.083,
115,-0.389,-2.055,
116,-0.143,-1.238,
117,0.042,-0.819,
118,-0.334,-0.898,
119,-0.317,-0.85,
120,-0.247,-0.96,
121,-0.44,-0.845,
122,0.099,-0.511,
123,-0.705,-1.569,
124,0.036,-0.968,
125,-0.48,-1.202,
126,-0.002,-0.851,
127,-0.063,-1.251,
128,-0.34,-0.676,
129,-0.374,-0.805,
130,-0.247,-0.658,
131,-0.264,0.14,
132,-0.534,-0.578,
133,-0.726,-0.683,
134,-0.468,-0.649,
135,-0.714,-1.214,
136,-0.414,-0.824,
137,-0.6,-0.442,
138,-0.596,-0.712,
139,-0.892,-1.352,
140,-0.223,-0.939,
141,-0.777,-1.359,
142,-0.621,-1.209,
143,-0.396,-0.284,
144,-0.72,-0.672,
145,-0.634,-1.249,
146,0.346,-0.097,
147,-0.259,-0.811,
148,-0.854,-0.574,
149,-0.441,-2.125,
150,-1.872,-0.983,
151,0.491,-0.401,
152,-0.932,-0.203,
153,-0.112,-1.02,
154,-0.529,-0.815,
155,-0.683,-0.921,
156,-0.59,-0.544,
157,-0.775,-0.893,
158,-0.137,-0.558,
159,-0.357,-0.927,
160,-0.68,-0.562,
161,-0.321,-0.921,
162,-0.327,-0.529,
163,0.514,-1.201,
