1,-0.516,-0.44,
2,-0.412,-0.185,
3,0.374,-0.961,
4,-0.84,0.53,
5,-0.083,0.136,
6,-0.346,0.653,
7,0.579,0.034,
8,-0.083,-0.862,
9,1.594,0.461,
10,-0.521,-0.056,
11,-0.083,-0.882,
12,0.509,-0.29,
13,0.264,0.515,
14,-0.538,0.218,
15,-1.248,0.448,
16,0.605,0.268,
17,-0.393,-1.2,
18,0.137,-0.319,
19,0.266,0.02,
20,-0.077,-0.112,
21,0.04,-0.49,
22,-0.012,-0.078,
23,-0.242,-1.38,
24,0.189,-1.025,
25,-0.035,-0.531,
26,-1.24,-1.201,
27,-0.922,-0.624,
28,0.971,-0.536,
29,0.336,0.543,
30,1.249,-0.19,
31,-0.402,-0.789,
32,0.804,-0.61,
33,-1.294,-0.926,
34,0.114,-1.585,
35,-0.204,-0.382,
36,0.229,0.175,
37,0.964,0.615,
38,0.799,-0.669,
39,-0.285,-0.366,
40,0.704,-0.803,
41,0.59,0.502,
42,0.086,0.843,
43,0.289,0.646,
44,-0.35,-0.771,
45,-0.369,-0.171,
46,-0.809,-0.079,
47,-0.099,0.274,
48,-0.581,-0.347,
49,0.549,-0.841,
50,0.341,-0.09,
51,-0.507,-1.069,
52,-0.722,0.224,
53,-0.497,0.938,
54,-1.069,-0.226,
55,-0.914,-0.546,
56,-0.532,0.014,
57,-0.346,-0.267,
58,-1.122,-0.082,
59,0.068,-0.878,
60,0.078,-0.271,
61,-1.214,-0.076,
62,0.894,-0.406,
63,0.984,0.775,
64,-0.56,-0.041,
65,0.417,-0.063,
66,0.899,-0.013,
67,0.143,0.672,
68,0.081,-0.554,
69,0.124,-0.32,
70,0.936,-0.568,
71,0.668,-0.614,
72,0.127,-0.951,
73,1.146,-0.063,
74,1.162,-0.186,
75,0.22,0.367,
76,0.339,-1.176,
77,-0.023,1.349,
78,0.229,0.697,
79,0.49,0.304,
80,0.587,0.286,
81,-1.442,-0.819,
82,-0.256,0.59,
83,0.218,-0.081,
84,-0.016,-0.168,
85,0.558,-0.42,
86,0.785,-0.241,
87,-0.042,-0.538,
88,0.095,0.309,
89,-0.897,-0.686,
90,-0.407,0.373,
91,-0.759,-0.48,
92,-0.428,-0.001,
93,1.069,1.04,
94,-0.906,1.778,
95,1.038,-0.564,
96,-0.019,-0.59,
97,-0.823,-0.339,
98,-0.451,-1.629,
99,0.455,-0.662,
100,0.466,-1.443,
101,-0.05,-0.437,
102,-0.944,-1.055,
103,0.457,-1.53,
104,0.137,-0.698,
105,-1.634,0.225,
106,0.538,-0.582,
107,-0.23,-0.146,
108,0.252,-0.619,
109,0.412,-1.536,
110,-0.856,-1.994,
111,-0.02,0.24,
112,0.768,-0.294,
113,0.351,-0.44,
114,-0.025,-0.33,
115,-0.658,-1.107,
116,0.295,-0.722,
117,1.406,-0.412,
118,0.366,-0.112,
119,0.507,-0.666,
120,-0.007,0.073,
121,-0.155,-0.122,
122,0.261,-0.114,
123,-0.128,-0.842,
124,-1.028,-0.972,
125,0.041,-0.066,
126,0.309,-0.315,
127,0.544,-0.954,
128,0.008,0.005,
129,-0.027,-0.156,
130,-0.484,0.099,
131,0.545,-0.045,
132,-0.119,0.901,
133,-0.139,-0.896,
134,0.004,0.198,
135,-1.173,-0.744,
136,0.053,-0.374,
137,1.255,0.348,
138,-0.516,-0.345,
139,-0.181,-0.465,
140,-0.864,-0.729,
141,-0.526,-0.099,
142,0.955,-0.935,
143,-0.096,0.072,
144,0.189,-0.823,
145,-0.608,0.207,
146,0.132,0.215,
147,-0.175,-0.205,
148,-1.505,-0.491,
149,0.063,-1.503,
150,0.066,-2.221,
151,-0.249,0.017,
152,-0.51,-0.667,
153,0.238,-0.172,
154,-0.98,0.298,
155,-0.624,-0.847,
156,0.39,0.029,
157,-0.072,-0.571,
158,0.216,-0.658,
159,0.032,-0.079,
160,-1.038,-0.426,
161,-0.183,-0.328,
162,0.483,-0.032,
163,0.259,-1.265,
