1,-1.774,-1.055,
2,0.486,-0.448,
3,0.253,-0.862,
4,0.682,1.039,
5,-1.402,-1.656,
6,-0.675,-0.927,
7,2.367,0.147,
8,0.96,-1.198,
9,0.65,-1.962,
10,-1.483,-1.574,
11,0.584,0.729,
12,1.327,0.12,
13,1.141,-0.925,
14,0.495,0.488,
15,-0.545,-1.32,
16,0.505,-0.102,
17,1.047,0.669,
18,0.472,-0.251,
19,0.564,-0.622,
20,-1.573,-1.735,
21,0.297,-1.061,
22,-0.389,0.583,
23,0.778,-0.896,
24,0.126,-0.081,
25,0.654,1.124,
26,0.713,-0.946,
27,0.063,-0.324,
28,0.638,-0.064,
29,-0.138,0.793,
30,-0.632,-0.732,
31,0.302,-2.422,
32,1.837,1,
33,2.285,-0.846,
34,0.605,-0.63,
35,0.878,-0.623,
36,0.205,-0.179,
37,0.771,0.161,
38,-0.059,0.772,
39,1.82,1.258,
40,0.169,-1.003,
41,0.602,-1.105,
42,2.041,0.073,
43,1.457,0.346,
44,-0.125,0.102,
45,0.219,0.484,
46,0.344,-0.95,
47,-0.533,-0.319,
48,2.034,0.274,
49,0.147,-0.602,
50,1.115,-0.172,
51,0.34,-0.919,
52,0.527,-0.457,
53,1.524,-1.575,
54,0.726,2.4,
55,1.542,-1.523,
56,1.015,-0.971,
57,-1.12,0.123,
58,-0.339,-1.129,
59,0.116,-0.16,
60,0.18,-0.324,
61,0.2,0.421,
62,1.224,-0.824,
63,-0.918,-2.357,
64,-0.368,-0.925,
65,1.364,-1.892,
66,1.856,-0.265,
67,0.465,-0.211,
68,-0.33,0.549,
69,2.163,0.39,
70,0.027,1.3,
71,0.316,0.597,
72,2.907,-1.014,
73,1.884,-1.803,
74,0.563,-0.606,
75,0.317,-0.301,
76,2.06,-0.985,
77,1.367,-0.226,
78,0.853,-1.505,
79,1.449,-1.789,
80,1.311,-0.532,
81,0.635,-1.195,
82,0.731,-0.303,
83,-0.398,-0.594,
84,0.452,-0.175,
85,0.298,-0.852,
86,-0.968,-0.336,
87,-1.785,-2.148,
88,1.223,0.879,
89,0.62,0.139,
90,2.381,0.169,
91,0.83,0.346,
92,-0.053,-1.087,
93,-0.858,0.692,
94,1.2,0.32,
95,-0.492,1.776,
96,1.175,-2.149,
97,1.365,-0.278,
98,0.395,-2.382,
99,-0.097,-2.174,
100,4.052,2.07,
101,1.917,1.247,
102,0.652,-1.089,
103,-1.983,-0.546,
104,1.883,-0.311,
105,-0.252,-0.366,
106,-2.387,-0.71,
107,0.897,0.245,
108,-0.144,-0.482,
109,1.439,-0.632,
110,-0.533,-0.368,
111,-0.348,-1.751,
112,-0.531,-0.776,
113,1.046,0.485,
114,2.32,0.651,
115,0.805,0.144,
116,1.548,0.278,
117,0.865,-2.001,
118,1.915,0.085,
119,-0.153,-1.473,
120,0.542,-1.82,
121,1.757,0.493,
122,1.847,-0.396,
123,0.318,0.2,
124,0.47,-2.66,
125,0.294,-0.876,
126,1.637,0.926,
127,1.385,1.041,
128,0.728,-0.061,
129,1.731,-0.094,
130,1.127,-0.572,
131,0.181,1.307,
132,2.03,-1.812,
133,0.883,-1.132,
134,0.324,-0.364,
135,0.454,0.394,
136,0.891,0.686,
137,0.334,0.033,
138,1.53,-0.514,
139,0.186,-1.485,
140,0.005,-0.926,
141,-0.111,-0.318,
142,0.768,1.013,
143,-0.26,0.688,
144,1.21,-0.883,
145,-0.923,-1.01,
146,-0.127,-1.118,
147,0.397,-0.385,
148,-0.039,-2.213,
149,1.659,0.519,
150,-0.4,0.088,
151,2.528,-0.434,
152,0.583,-1.287,
153,1.457,-2.767,
154,0.188,-0.604,
155,-0.136,-1.145,
156,0.27,0.531,
157,0.02,-1.426,
158,0.326,-0.966,
159,-0.605,-1.089,
160,0.782,-1.134,
161,0.209,-0.183,
162,0.451,-0.119,
163,1.046,-0.769,
