1,-0.785,-0.929,
2,0.885,-0.576,
3,0.208,-1.045,
4,1.08,1.15,
5,-0.522,-1.308,
6,-0.668,-0.906,
7,2.609,0.085,
8,1.286,-1.18,
9,0.984,-2.47,
10,-1.164,-1.657,
11,1.106,0.543,
12,1.11,-0.354,
13,1.471,-0.997,
14,0.641,0.232,
15,-0.488,-1.153,
16,0.712,-0.464,
17,1.237,0.518,
18,0.902,-0.772,
19,1.151,-1.015,
20,-0.596,-1.882,
21,0.45,-1.501,
22,-0.65,-0.055,
23,1.109,-0.951,
24,0.322,-0.478,
25,0.958,0.727,
26,1.124,-1.066,
27,0.647,-0.736,
28,0.844,-0.291,
29,0.129,0.347,
30,-0.609,-1.272,
31,0.93,-2.195,
32,1.676,0.7,
33,2.04,-1.006,
34,0.603,-0.764,
35,1.347,-0.511,
36,0.357,-0.426,
37,1.038,-0.05,
38,0.033,0.23,
39,1.64,0.528,
40,0.812,-0.963,
41,1.212,-1.152,
42,3.27,-0.438,
43,1.943,0.369,
44,0.441,-0.02,
45,0.189,0.321,
46,0.734,-1.178,
47,-0.258,-0.671,
48,2.236,-0.001,
49,0.559,-0.839,
50,1.37,-0.493,
51,0.775,-1.176,
52,0.058,-0.764,
53,1.568,-2.07,
54,0.871,1.768,
55,1.506,-1.816,
56,1.56,-1.516,
57,-0.465,-0.5,
58,0.119,-0.821,
59,0.261,-0.606,
60,0.549,-0.471,
61,0.418,-0.081,
62,1.699,-0.831,
63,-0.438,-1.994,
64,0.047,-0.982,
65,1.514,-1.793,
66,1.889,-0.201,
67,0.633,-0.6,
68,-0.276,0.144,
69,2.137,0.104,
70,0.116,0.543,
71,0.322,0.22,
72,3.068,-1.053,
73,1.756,-1.955,
74,0.791,-0.808,
75,0.338,-0.856,
76,2.033,-1.081,
77,1.358,-0.796,
78,0.883,-1.643,
79,1.297,-1.942,
80,1.305,-0.915,
81,0.395,-0.884,
82,0.941,-0.249,
83,-0.288,-0.935,
84,0.49,-0.335,
85,0.791,-0.825,
86,-0.339,-0.525,
87,-1.375,-2.537,
88,1.304,0.737,
89,0.791,-0.17,
90,2.573,0.045,
91,1.16,0.414,
92,0.217,-1.375,
93,-0.671,0.363,
94,1.055,-0.053,
95,0.056,1.299,
96,1.233,-2.392,
97,1.625,-0.395,
98,0.403,-2.483,
99,0.085,-1.923,
100,3.367,1.158,
101,1.752,0.926,
102,0.79,-1.341,
103,-0.966,-0.483,
104,1.848,-0.803,
105,0.001,-0.663,
106,-1.66,-0.804,
107,1.505,-0.008,
108,0.202,-0.972,
109,1.419,-0.688,
110,-0.058,-0.432,
111,-0.037,-1.637,
112,-0.173,-0.958,
113,0.988,0.21,
114,1.896,-0.277,
115,0.681,-0.479,
116,1.387,-0.376,
117,1.12,-1.869,
118,1.929,-0.128,
119,0.065,-1.352,
120,0.814,-2.086,
121,1.791,0.686,
122,2.198,-0.863,
123,0.735,-0.518,
124,0.841,-2.422,
125,0.194,-1.237,
126,1.702,0.48,
127,1.687,0.385,
128,0.955,-0.355,
129,1.962,-0.5,
130,1.042,-0.455,
131,0.766,1.139,
132,1.683,-1.653,
133,0.843,-0.312,
134,0.536,-0.179,
135,0.805,-0.044,
136,0.816,0.012,
137,0.264,-0.506,
138,1.346,-0.87,
139,0.455,-1.748,
140,0.285,-1.001,
141,0.232,-1.064,
142,1.167,0.119,
143,0.565,0.577,
144,1.064,-0.671,
145,-1.024,-1.305,
146,0.503,-1.037,
147,0.604,-0.683,
148,0.048,-2.812,
149,1.877,-0.2,
150,-0.272,-0.341,
151,2.822,-0.901,
152,0.764,-1.411,
153,1.525,-2.347,
154,0.346,-1.023,
155,0.516,-1.828,
156,0.305,0.01,
157,0.044,-1.757,
158,0.854,-0.978,
159,-0.059,-1.451,
160,1.228,-1.405,
161,0.709,-0.363,
162,0.938,-0.546,
163,1.279,-1.113,
