1,0.503,-0.786,
2,1.188,-0.797,
3,0.167,-1.094,
4,1.362,0.69,
5,0.73,-0.754,
6,-0.525,-0.879,
7,2.052,-0.141,
8,1.497,-0.942,
9,1.243,-2.253,
10,-0.56,-1.037,
11,1.517,-0.038,
12,1.037,-0.959,
13,1.658,-0.991,
14,0.709,-0.245,
15,-0.034,-0.9,
16,0.901,-0.935,
17,1.075,0.098,
18,1.224,-1.099,
19,1.503,-1.091,
20,0.771,-1.613,
21,0.662,-1.581,
22,-0.354,-0.908,
23,1.202,-1.009,
24,0.664,-0.913,
25,1.089,-0.162,
26,1.448,-0.919,
27,1.274,-0.948,
28,1.084,-0.516,
29,0.563,-0.379,
30,-0.138,-1.333,
31,1.407,-1.055,
32,1.055,-0.209,
33,1.351,-1.056,
34,0.463,-0.889,
35,1.617,-0.272,
36,0.524,-0.656,
37,1.182,-0.415,
38,0.339,-0.592,
39,1.12,-0.506,
40,1.394,-0.761,
41,1.72,-0.717,
42,3.218,-0.771,
43,1.863,0.101,
44,1.207,-0.204,
45,0.44,-0.112,
46,0.966,-1.172,
47,0.159,-1.11,
48,2.085,-0.497,
49,0.918,-1.048,
50,1.371,-0.88,
51,1.075,-1.127,
52,-0.088,-0.91,
53,1.48,-2.185,
54,1.052,0.316,
55,1.044,-2.011,
56,1.562,-1.509,
57,0.468,-1.199,
58,0.698,-0.484,
59,0.534,-1.181,
60,0.863,-0.73,
61,0.719,-0.734,
62,1.954,-0.764,
63,0.328,-1.049,
64,0.481,-1.005,
65,1.354,-1.36,
66,1.483,-0.085,
67,0.704,-1.107,
68,0.223,-0.495,
69,1.688,-0.259,
70,0.456,-0.696,
71,0.442,-0.499,
72,2.184,-0.932,
73,1.202,-1.341,
74,1.061,-0.914,
75,0.459,-1.379,
76,1.589,-0.905,
77,1.081,-1.243,
78,0.884,-1.311,
79,0.804,-1.668,
80,1.012,-1.285,
81,0.413,-0.671,
82,1.219,-0.307,
83,0.395,-1.127,
84,0.571,-0.618,
85,1.199,-0.754,
86,0.565,-0.642,
87,-0.22,-2.379,
88,1.148,0.131,
89,0.928,-0.546,
90,2.217,-0.338,
91,1.369,0.267,
92,0.55,-1.414,
93,-0.094,-0.188,
94,0.701,-0.481,
95,0.903,0.205,
96,1.135,-2.084,
97,1.673,-0.613,
98,0.498,-1.947,
99,0.451,-1.317,
100,1.553,-0.342,
101,1.186,0.243,
102,0.881,-1.388,
103,0.523,-0.425,
104,1.393,-1.147,
105,0.507,-1.03,
106,-0.243,-0.81,
107,1.995,0.122,
108,0.691,-1.346,
109,1.117,-0.761,
110,0.762,-0.465,
111,0.448,-1.187,
112,0.258,-1.154,
113,0.959,-0.31,
114,1.091,-1.236,
115,0.614,-1.316,
116,1.073,-1.175,
117,1.307,-1.318,
118,1.549,-0.607,
119,0.542,-1.032,
120,0.995,-1.788,
121,1.257,0.027,
122,1.856,-1.063,
123,0.84,-1.452,
124,1.236,-1.589,
125,0.317,-1.473,
126,1.451,-0.392,
127,1.65,-0.732,
128,1.05,-0.604,
129,1.601,-0.869,
130,1.023,-0.422,
131,1.403,0.596,
132,0.955,-1.205,
133,0.69,0.326,
134,0.692,-0.115,
135,1.127,-0.751,
136,0.629,-0.858,
137,0.308,-0.973,
138,0.925,-1.116,
139,0.679,-1.741,
140,0.788,-0.994,
141,0.655,-1.686,
142,1.32,-1.101,
143,1.415,-0.025,
144,0.981,-0.59,
145,-0.254,-1.358,
146,1.307,-0.733,
147,0.857,-0.932,
148,0.236,-2.307,
149,1.782,-1.321,
150,-0.252,-0.742,
151,2.578,-1.101,
152,0.87,-1.104,
153,1.371,-1.52,
154,0.583,-1.264,
155,1.181,-2.124,
156,0.333,-0.578,
157,0.233,-1.797,
158,1.371,-0.732,
159,0.692,-1.497,
160,1.415,-1.316,
161,1.228,-0.699,
162,1.339,-0.9,
163,1.501,-1.374,
