1,-0.178,-0.687,
2,-0.054,-1.01,
3,-0.439,-0.981,
4,-0.466,-0.533,
5,-0.007,-0.229,
6,-1.274,-0.454,
7,-0.115,-0.223,
8,0.104,-0.844,
9,-0.512,-1.112,
10,-0.945,-0.1,
11,0.249,-0.566,
12,0.261,-0.791,
13,0.295,-0.254,
14,-0.764,-0.557,
15,-0.649,-0.708,
16,-0.229,-0.769,
17,-1.074,-1.257,
18,-0.192,-1.03,
19,-0.016,-0.644,
20,-0.103,-0.67,
21,-0.191,-1.097,
22,-0.334,-0.745,
23,-0.508,-1.227,
24,0.367,-1.015,
25,-0.57,-0.504,
26,-0.159,-0.268,
27,0.034,-0.797,
28,0.17,-0.679,
29,0.102,-0.524,
30,0.506,-0.253,
31,-0.253,-0.425,
32,0.103,-1.001,
33,-0.818,-1.126,
34,-0.754,-1.35,
35,-0.02,-0.288,
36,-0.47,-0.379,
37,-0.066,-0.561,
38,-0.096,-0.841,
39,-0.574,-0.837,
40,-0.182,-1.363,
41,0.164,-0.372,
42,-0.005,-0.059,
43,-0.167,-0.078,
44,-0.273,-0.521,
45,-0.134,-0.764,
46,-0.484,-0.622,
47,-0.696,-1.092,
48,0.293,-0.412,
49,-0.196,-0.982,
50,-0.685,-1.17,
51,-0.201,-0.865,
52,-0.308,-0.747,
53,-0.072,-0.701,
54,-0.327,-0.431,
55,-0.823,-1.501,
56,-0.262,-0.575,
57,-0.359,-0.903,
58,-0.435,-0.38,
59,-0.468,-1.095,
60,-0.211,-0.783,
61,-0.507,-0.492,
62,0.246,-0.663,
63,-0.021,-0.671,
64,-0.911,-1.157,
65,0.203,-0.927,
66,0.134,-0.213,
67,-1.341,-0.643,
68,-0.241,-0.725,
69,-0.208,-0.252,
70,-0.155,-0.566,
71,-0.295,-0.889,
72,0.001,-0.654,
73,-0.337,-0.69,
74,0.045,-0.6,
75,0.061,-0.762,
76,-0.521,-0.618,
77,-0.28,-0.805,
78,-0.485,0.09,
79,-1.039,-0.67,
80,0.131,-1.367,
81,-0.375,-0.808,
82,-0.163,-0.365,
83,-0.063,-0.588,
84,-0.331,-0.778,
85,0.034,-0.797,
86,-0.312,0.119,
87,-0.295,-1.079,
88,0.058,-0.427,
89,-0.068,-1.036,
90,-0.224,-0.902,
91,-0.744,-0.424,
92,-0.433,-0.819,
93,-0.505,-0.223,
94,-0.513,0.189,
95,-0.08,-0.944,
96,-0.32,-0.864,
97,-0.081,-0.673,
98,-0.995,-1.483,
99,-0.405,-0.841,
100,-0.493,-1.122,
101,-0.212,-0.364,
102,-0.525,-1.021,
103,-0.276,-0.786,
104,-0.749,-0.534,
105,-0.818,-1.135,
106,-0.122,-0.404,
107,-0.053,0.161,
108,-0.603,-0.949,
109,-0.189,-1.037,
110,0.085,-0.562,
111,-0.399,-0.044,
112,-1.091,-1.231,
113,-0.136,-0.823,
114,-0.325,-1.034,
115,-0.555,-2.129,
116,0.026,-1.24,
117,0.161,-0.773,
118,-0.134,-0.821,
119,-0.003,-0.929,
120,-0.171,-0.807,
121,-0.389,-0.787,
122,0.143,-0.48,
123,-0.641,-1.496,
124,-0.108,-1.013,
125,-0.488,-1.118,
126,0.08,-0.647,
127,0.034,-1.377,
128,-0.123,-0.678,
129,-0.376,-0.733,
130,-0.318,-0.498,
131,-0.247,0.154,
132,-0.408,-0.222,
133,-0.719,-0.61,
134,-0.26,-0.679,
135,-0.882,-1.221,
136,-0.38,-0.76,
137,-0.233,-0.333,
138,-0.584,-0.693,
139,-0.792,-1.434,
140,-0.274,-1.037,
141,-0.835,-1.21,
142,-0.356,-1.265,
143,-0.382,-0.162,
144,-0.7,-0.724,
145,-0.621,-1.193,
146,0.413,0.017,
147,-0.219,-0.813,
148,-0.825,-0.502,
149,-0.406,-2.137,
150,-1.805,-1.519,
151,0.374,-0.352,
152,-1.217,-0.252,
153,-0.04,-0.949,
154,-0.533,-0.681,
155,-0.729,-0.986,
156,-0.41,-0.549,
157,-0.824,-0.976,
158,-0.034,-0.658,
159,-0.39,-0.945,
160,-0.822,-0.571,
161,-0.27,-0.703,
162,-0.356,-0.572,
163,0.509,-1.296,
