1,-0.46,-0.478,
2,-0.371,-0.292,
3,0.267,-1.072,
4,-0.903,0.435,
5,-0.085,0.206,
6,-0.466,0.635,
7,0.529,0.058,
8,-0.055,-0.943,
9,1.328,0.405,
10,-0.663,-0.051,
11,-0.029,-0.901,
12,0.492,-0.413,
13,0.281,0.488,
14,-0.648,0.187,
15,-1.33,0.377,
16,0.493,0.227,
17,-0.51,-1.342,
18,0.099,-0.49,
19,0.428,-0.118,
20,-0.066,-0.198,
21,0.021,-0.628,
22,-0.062,-0.179,
23,-0.337,-1.387,
24,0.307,-1.142,
25,-0.125,-0.512,
26,-1.125,-1.164,
27,-0.816,-0.678,
28,0.962,-0.6,
29,0.357,0.411,
30,1.347,-0.26,
31,-0.399,-0.773,
32,0.823,-0.69,
33,-1.321,-1.078,
34,0.017,-1.624,
35,-0.185,-0.467,
36,0.122,0.104,
37,0.865,0.516,
38,0.767,-0.752,
39,-0.404,-0.414,
40,0.609,-0.959,
41,0.568,0.368,
42,0.075,0.84,
43,0.214,0.561,
44,-0.428,-0.758,
45,-0.358,-0.256,
46,-0.854,-0.14,
47,-0.183,0.078,
48,-0.503,-0.303,
49,0.529,-0.9,
50,0.181,-0.266,
51,-0.467,-1.072,
52,-0.695,0.061,
53,-0.465,0.751,
54,-1.039,-0.256,
55,-1.01,-0.744,
56,-0.494,-0.067,
57,-0.407,-0.372,
58,-1.036,-0.154,
59,0.027,-0.965,
60,0.058,-0.37,
61,-1.212,-0.117,
62,0.94,-0.445,
63,0.913,0.606,
64,-0.691,-0.28,
65,0.441,-0.187,
66,0.848,-0.083,
67,-0.124,0.559,
68,0.019,-0.611,
69,0.068,-0.35,
70,0.842,-0.569,
71,0.546,-0.664,
72,0.113,-0.922,
73,0.972,-0.168,
74,1.058,-0.252,
75,0.247,0.201,
76,0.253,-1.119,
77,-0.07,1.081,
78,0.137,0.703,
79,0.331,0.14,
80,0.654,0.069,
81,-1.473,-0.829,
82,-0.284,0.48,
83,0.198,-0.162,
84,-0.088,-0.276,
85,0.573,-0.522,
86,0.689,-0.18,
87,-0.089,-0.625,
88,0.069,0.238,
89,-0.732,-0.851,
90,-0.369,0.223,
91,-0.897,-0.594,
92,-0.51,-0.068,
93,0.919,0.903,
94,-0.915,1.649,
95,0.944,-0.633,
96,-0.066,-0.624,
97,-0.861,-0.404,
98,-0.571,-1.661,
99,0.333,-0.805,
100,0.396,-1.516,
101,-0.036,-0.451,
102,-0.997,-1.112,
103,0.426,-1.512,
104,-0.05,-0.686,
105,-1.661,-0.008,
106,0.509,-0.498,
107,-0.196,-0.074,
108,0.095,-0.649,
109,0.387,-1.566,
110,-0.747,-1.842,
111,-0.082,0.265,
112,0.508,-0.424,
113,0.324,-0.547,
114,-0.041,-0.453,
115,-0.74,-1.397,
116,0.345,-0.848,
117,1.282,-0.474,
118,0.406,-0.199,
119,0.525,-0.802,
120,0.004,0.003,
121,-0.189,-0.199,
122,0.258,-0.176,
123,-0.207,-0.974,
124,-0.971,-1.04,
125,-0.072,-0.218,
126,0.312,-0.328,
127,0.489,-1.137,
128,0.095,-0.134,
129,-0.103,-0.244,
130,-0.498,0.059,
131,0.451,-0.013,
132,-0.122,0.876,
133,-0.233,-0.852,
134,0.098,0.043,
135,-1.265,-0.873,
136,0.004,-0.421,
137,1.249,0.274,
138,-0.571,-0.432,
139,-0.236,-0.69,
140,-0.836,-0.841,
141,-0.6,-0.243,
142,0.893,-1.009,
143,-0.147,0.099,
144,0.028,-0.821,
145,-0.623,0.004,
146,0.24,0.229,
147,-0.184,-0.33,
148,-1.445,-0.51,
149,0.005,-1.715,
150,-0.193,-2.396,
151,-0.215,-0.042,
152,-0.807,-0.655,
153,0.224,-0.283,
154,-0.933,0.203,
155,-0.691,-0.927,
156,0.34,-0.099,
157,-0.239,-0.715,
158,0.225,-0.745,
159,-0.042,-0.259,
160,-1.108,-0.496,
161,-0.199,-0.384,
162,0.348,-0.172,
163,0.292,-1.373,
