1,0.923,-0.813,
2,1.103,-1.038,
3,0.249,-1.093,
4,1.279,-0.207,
5,1.228,-0.694,
6,-0.254,-1.098,
7,1.13,-0.46,
8,1.398,-0.794,
9,0.869,-1.638,
10,0.022,-0.385,
11,1.52,-0.555,
12,1.242,-1.253,
13,1.675,-0.98,
14,0.69,-0.675,
15,0.593,-1.063,
16,0.933,-1.2,
17,0.676,-0.415,
18,1.114,-1.016,
19,1.266,-0.815,
20,1.059,-1.169,
21,0.792,-1.241,
22,0.417,-1.137,
23,1.106,-1.098,
24,0.941,-1.05,
25,0.877,-0.764,
26,1.41,-0.592,
27,1.407,-0.833,
28,1.121,-0.663,
29,0.816,-0.77,
30,0.516,-0.792,
31,1.214,-0.277,
32,0.87,-0.906,
33,0.991,-1.059,
34,0.372,-1.058,
35,1.42,-0.187,
36,0.577,-0.806,
37,1.104,-0.705,
38,0.682,-0.928,
39,0.877,-0.938,
40,1.229,-0.774,
41,1.658,-0.326,
42,1.803,-0.584,
43,1.337,-0.358,
44,1.441,-0.406,
45,0.898,-0.554,
46,0.907,-0.994,
47,0.391,-1.361,
48,1.855,-0.906,
49,0.84,-1.159,
50,0.952,-1.186,
51,1.128,-0.924,
52,0.458,-0.873,
53,1.395,-1.512,
54,1.172,-0.549,
55,0.783,-1.903,
56,1.007,-0.925,
57,0.852,-1.187,
58,0.774,-0.404,
59,0.711,-1.371,
60,0.927,-0.941,
61,0.989,-0.951,
62,1.529,-0.749,
63,0.902,-0.68,
64,0.485,-1.147,
65,1.179,-1.134,
66,1.209,-0.129,
67,0.596,-1.224,
68,0.843,-0.675,
69,1.28,-0.369,
70,0.762,-0.916,
71,0.677,-0.899,
72,1.443,-0.875,
73,0.864,-0.751,
74,1.212,-0.833,
75,0.788,-1.42,
76,0.986,-0.673,
77,0.882,-1.137,
78,0.832,-0.883,
79,0.4,-1.204,
80,0.84,-1.492,
81,0.879,-0.82,
82,1.353,-0.597,
83,1.094,-0.958,
84,0.71,-0.833,
85,1.21,-0.812,
86,0.841,-0.514,
87,0.629,-1.756,
88,1.19,-0.704,
89,0.971,-0.806,
90,1.461,-0.775,
91,1.252,-0.099,
92,0.88,-1.181,
93,0.425,-0.446,
94,0.607,-0.483,
95,1.156,-0.769,
96,0.985,-1.472,
97,1.577,-0.691,
98,0.446,-1.615,
99,0.809,-1.037,
100,0.694,-0.92,
101,1.026,-0.402,
102,1.072,-1.318,
103,0.908,-0.429,
104,1.026,-1.013,
105,0.807,-1.135,
106,0.567,-0.617,
107,1.636,0.385,
108,0.921,-1.203,
109,1.015,-0.868,
110,1.316,-0.468,
111,0.826,-0.829,
112,0.192,-1.235,
113,1.067,-0.725,
114,0.803,-1.281,
115,0.847,-1.971,
116,1.065,-1.195,
117,1.29,-0.871,
118,1.141,-0.945,
119,0.888,-0.894,
120,0.942,-1.201,
121,0.93,-0.727,
122,1.412,-0.841,
123,0.65,-1.787,
124,1.35,-1.24,
125,0.636,-1.427,
126,1.32,-0.985,
127,1.381,-1.315,
128,0.987,-0.592,
129,1.082,-0.927,
130,1.178,-0.577,
131,1.432,0.211,
132,0.642,-1.013,
133,0.735,-0.218,
134,0.815,-0.327,
135,1.049,-1.18,
136,0.764,-1.058,
137,0.487,-0.923,
138,0.79,-1.034,
139,0.61,-1.523,
140,1.04,-0.912,
141,0.815,-1.534,
142,1.093,-1.372,
143,1.345,-0.4,
144,0.913,-0.743,
145,0.622,-1.223,
146,1.638,-0.535,
147,1.044,-0.933,
148,0.47,-1.054,
149,1.304,-2.005,
150,-0.274,-0.72,
151,1.992,-0.732,
152,0.921,-0.708,
153,1.333,-1.207,
154,0.742,-1.366,
155,1.12,-1.579,
156,0.478,-0.662,
157,0.638,-1.349,
158,1.386,-0.445,
159,1.085,-1.082,
160,1.183,-0.892,
161,1.326,-0.923,
162,1.294,-0.908,
163,1.718,-1.336,
