1,-0.4,-0.515,
2,-0.314,-0.421,
3,0.139,-1.15,
4,-0.924,0.296,
5,-0.083,0.248,
6,-0.595,0.552,
7,0.442,0.058,
8,-0.022,-1.017,
9,0.983,0.251,
10,-0.795,-0.048,
11,0.03,-0.882,
12,0.464,-0.537,
13,0.287,0.416,
14,-0.733,0.108,
15,-1.345,0.249,
16,0.349,0.129,
17,-0.639,-1.432,
18,0.048,-0.649,
19,0.53,-0.256,
20,-0.059,-0.295,
21,-0.006,-0.76,
22,-0.116,-0.288,
23,-0.425,-1.373,
24,0.417,-1.231,
25,-0.211,-0.494,
26,-0.949,-1.061,
27,-0.671,-0.72,
28,0.892,-0.645,
29,0.353,0.245,
30,1.407,-0.303,
31,-0.376,-0.732,
32,0.818,-0.766,
33,-1.307,-1.193,
34,-0.107,-1.617,
35,-0.157,-0.53,
36,-0.002,0.02,
37,0.716,0.367,
38,0.674,-0.823,
39,-0.504,-0.479,
40,0.473,-1.111,
41,0.52,0.208,
42,0.061,0.768,
43,0.128,0.444,
44,-0.474,-0.722,
45,-0.331,-0.352,
46,-0.85,-0.22,
47,-0.279,-0.15,
48,-0.382,-0.268,
49,0.46,-0.941,
50,-0.007,-0.459,
51,-0.419,-1.046,
52,-0.635,-0.128,
53,-0.412,0.514,
54,-0.958,-0.286,
55,-1.072,-0.944,
56,-0.443,-0.156,
57,-0.456,-0.484,
58,-0.904,-0.225,
59,-0.031,-1.034,
60,0.023,-0.469,
61,-1.148,-0.174,
62,0.935,-0.481,
63,0.785,0.391,
64,-0.804,-0.525,
65,0.447,-0.33,
66,0.751,-0.15,
67,-0.426,0.394,
68,-0.045,-0.656,
69,0.009,-0.36,
70,0.693,-0.562,
71,0.389,-0.715,
72,0.092,-0.864,
73,0.741,-0.277,
74,0.899,-0.322,
75,0.277,0.005,
76,0.133,-1.026,
77,-0.113,0.747,
78,0.025,0.684,
79,0.114,-0.043,
80,0.714,-0.195,
81,-1.422,-0.815,
82,-0.301,0.338,
83,0.162,-0.25,
84,-0.155,-0.396,
85,0.529,-0.615,
86,0.539,-0.114,
87,-0.144,-0.717,
88,0.049,0.141,
89,-0.548,-0.984,
90,-0.319,0.028,
91,-1.002,-0.667,
92,-0.567,-0.168,
93,0.695,0.715,
94,-0.886,1.441,
95,0.788,-0.698,
96,-0.116,-0.661,
97,-0.855,-0.474,
98,-0.69,-1.649,
99,0.184,-0.921,
100,0.276,-1.551,
101,-0.038,-0.448,
102,-0.999,-1.128,
103,0.351,-1.439,
104,-0.25,-0.653,
105,-1.612,-0.272,
106,0.429,-0.424,
107,-0.157,-0.003,
108,-0.079,-0.68,
109,0.32,-1.546,
110,-0.6,-1.622,
111,-0.152,0.266,
112,0.187,-0.567,
113,0.27,-0.639,
114,-0.066,-0.579,
115,-0.795,-1.651,
116,0.362,-0.961,
117,1.096,-0.534,
118,0.409,-0.306,
119,0.518,-0.911,
120,0.001,-0.108,
121,-0.227,-0.301,
122,0.248,-0.243,
123,-0.295,-1.095,
124,-0.858,-1.078,
125,-0.19,-0.394,
126,0.302,-0.347,
127,0.417,-1.291,
128,0.162,-0.274,
129,-0.175,-0.34,
130,-0.494,-0.001,
131,0.322,0.031,
132,-0.157,0.834,
133,-0.342,-0.784,
134,0.167,-0.131,
135,-1.307,-0.984,
136,-0.061,-0.474,
137,1.141,0.176,
138,-0.604,-0.512,
139,-0.314,-0.911,
140,-0.769,-0.937,
141,-0.671,-0.414,
142,0.769,-1.107,
143,-0.197,0.106,
144,-0.139,-0.814,
145,-0.624,-0.237,
146,0.331,0.225,
147,-0.189,-0.455,
148,-1.329,-0.511,
149,-0.076,-1.887,
150,-0.512,-2.479,
151,-0.154,-0.105,
152,-1.085,-0.616,
153,0.194,-0.411,
154,-0.856,0.069,
155,-0.737,-0.989,
156,0.261,-0.221,
157,-0.407,-0.836,
158,0.216,-0.792,
159,-0.127,-0.442,
160,-1.131,-0.546,
161,-0.206,-0.44,
162,0.184,-0.304,
163,0.33,-1.44,
