1,-1.918,-0.6,
2,-0.08,-0.17,
3,0.321,-0.312,
4,0.083,0.295,
5,-1.506,-1.323,
6,-0.318,-0.442,
7,1.073,0.066,
8,0.309,-0.629,
9,0.17,-0.623,
10,-1.211,-0.481,
11,-0.151,0.492,
12,1.275,0.262,
13,0.337,-0.528,
14,0.182,0.155,
15,-0.163,-0.732,
16,0.191,0.077,
17,0.108,0.51,
18,-0.203,0.437,
19,-0.142,0.097,
20,-1.759,-0.658,
21,0.091,-0.085,
22,-0.096,0.782,
23,0.135,-0.604,
24,-0.12,0.326,
25,0.133,0.849,
26,0.259,-0.413,
27,-0.16,0.449,
28,0.168,0.106,
29,-0.281,0.739,
30,-0.028,0.348,
31,-0.305,-1.404,
32,1.081,0.466,
33,1.213,-0.364,
34,0.257,-0.273,
35,-0.075,-0.33,
36,0.045,0.185,
37,0.216,0.224,
38,-0.027,0.569,
39,1.463,1.361,
40,-0.525,-0.69,
41,-0.053,-0.534,
42,-0.014,0.359,
43,0.681,-0.013,
44,-0.337,0.031,
45,0.352,0.235,
46,0.078,-0.306,
47,-0.331,-0.028,
48,0.891,0.105,
49,-0.329,-0.043,
50,0.21,-0.065,
51,-0.198,-0.39,
52,0.617,-0.329,
53,0.72,-0.309,
54,0.628,1.767,
55,0.922,-0.549,
56,-0.04,0.186,
57,-1.059,0.551,
58,-0.535,-1.273,
59,0.099,0.009,
60,-0.305,0.154,
61,-0.045,0.563,
62,0.697,-0.521,
63,-1.407,-1.515,
64,-0.3,-0.398,
65,0.558,-1.093,
66,0.918,-0.2,
67,0.066,0.084,
68,-0.109,0.288,
69,1.574,0.5,
70,-0.506,1.268,
71,0.237,0.541,
72,1.308,-0.499,
73,1.348,-0.732,
74,0.371,-0.052,
75,0.125,0.363,
76,0.931,-0.449,
77,0.641,0.403,
78,0.547,-0.23,
79,0.779,-0.625,
80,0.463,-0.012,
81,0.853,-0.764,
82,0.19,-0.074,
83,-0.028,-0.003,
84,0.298,0.012,
85,-0.501,-0.511,
86,-0.968,-0.127,
87,-1.15,-0.777,
88,0.606,0.485,
89,0.474,0.229,
90,0.778,0.117,
91,0.305,0.132,
92,-0.243,-0.102,
93,-0.395,0.632,
94,0.74,0.481,
95,-0.879,1.473,
96,0.579,-0.86,
97,0.515,-0.079,
98,0.161,-1.086,
99,-0.048,-1.421,
100,2.475,1.763,
101,1.138,0.74,
102,-0.229,-0.233,
103,-1.909,-0.647,
104,1.007,0.339,
105,-0.371,0.126,
106,-2.003,-0.691,
107,-0.088,0.263,
108,0.012,-0.184,
109,0.751,-0.502,
110,-0.472,-0.177,
111,-0.254,-1.086,
112,-0.794,-0.052,
113,0.538,0.47,
114,1.546,1.296,
115,0.479,0.646,
116,1.084,0.741,
117,0.389,-1.157,
118,0.827,0.091,
119,-0.17,-0.752,
120,0.235,-0.686,
121,0.41,0.154,
122,0.691,0.199,
123,-0.277,0.615,
124,0.147,-1.702,
125,0.29,-0.266,
126,0.895,0.548,
127,0.555,0.848,
128,0.138,0.377,
129,0.848,0.3,
130,0.801,-0.372,
131,-0.429,0.785,
132,1.395,-1.201,
133,0.471,-1.456,
134,-0.127,-0.331,
135,0.119,0.434,
136,0.527,0.815,
137,0.478,0.69,
138,1.087,0.072,
139,-0.128,-0.579,
140,-0.223,-0.434,
141,-0.498,0.575,
142,0.18,1.186,
143,-0.902,0.586,
144,1.288,-0.954,
145,-0.264,-0.272,
146,-0.666,-0.646,
147,0.127,0.148,
148,-0.107,-0.659,
149,0.631,0.441,
150,-0.424,0.024,
151,0.954,0.467,
152,0.558,-0.969,
153,0.715,-1.976,
154,0.052,0.059,
155,-0.507,0.014,
156,-0.016,0.848,
157,0.037,-0.756,
158,-0.066,-0.466,
159,-0.968,-0.2,
160,-0.041,-0.114,
161,-0.171,-0.106,
162,-0.27,0.326,
163,0.378,-0.435,
