1,-2.085,-0.757,
2,0.028,-0.246,
3,0.299,-0.464,
4,0.192,0.524,
5,-1.709,-1.516,
6,-0.547,-0.559,
7,1.518,0.199,
8,0.475,-0.819,
9,0.296,-0.958,
10,-1.455,-0.819,
11,-0.027,0.621,
12,1.392,0.366,
13,0.553,-0.681,
14,0.242,0.378,
15,-0.312,-0.935,
16,0.263,0.126,
17,0.39,0.61,
18,-0.066,0.34,
19,-0.013,-0.069,
20,-1.979,-1.037,
21,0.132,-0.308,
22,-0.048,0.893,
23,0.278,-0.772,
24,-0.072,0.286,
25,0.215,1.075,
26,0.313,-0.565,
27,-0.259,0.303,
28,0.306,0.114,
29,-0.255,0.911,
30,-0.316,0.126,
31,-0.252,-1.824,
32,1.405,0.708,
33,1.675,-0.488,
34,0.385,-0.377,
35,0.148,-0.481,
36,0.054,0.127,
37,0.356,0.262,
38,-0.056,0.789,
39,1.658,1.663,
40,-0.441,-0.816,
41,0.006,-0.735,
42,0.367,0.398,
43,0.902,0.096,
44,-0.39,0.128,
45,0.342,0.37,
46,0.06,-0.482,
47,-0.474,-0.048,
48,1.261,0.225,
49,-0.241,-0.197,
50,0.512,0.009,
51,-0.134,-0.507,
52,0.755,-0.252,
53,1.054,-0.637,
54,0.629,2.214,
55,1.167,-0.823,
56,0.188,-0.116,
57,-1.255,0.559,
58,-0.565,-1.316,
59,0.045,-0.025,
60,-0.27,0.053,
61,-0.035,0.653,
62,0.817,-0.645,
63,-1.291,-1.922,
64,-0.455,-0.594,
65,0.814,-1.429,
66,1.25,-0.237,
67,0.205,0.024,
68,-0.215,0.421,
69,1.811,0.543,
70,-0.302,1.455,
71,0.28,0.643,
72,1.829,-0.674,
73,1.641,-1.099,
74,0.391,-0.212,
75,0.121,0.259,
76,1.368,-0.621,
77,0.915,0.323,
78,0.709,-0.641,
79,1.078,-1.024,
80,0.787,-0.085,
81,0.85,-1.094,
82,0.321,-0.141,
83,-0.168,-0.125,
84,0.338,-0.026,
85,-0.301,-0.623,
86,-1.133,-0.139,
87,-1.492,-1.204,
88,0.796,0.66,
89,0.546,0.25,
90,1.357,0.157,
91,0.4,0.181,
92,-0.324,-0.379,
93,-0.587,0.724,
94,0.95,0.527,
95,-0.866,1.849,
96,0.784,-1.259,
97,0.78,-0.116,
98,0.308,-1.507,
99,-0.112,-1.799,
100,3.21,2.164,
101,1.461,1.093,
102,-0.05,-0.476,
103,-2.168,-0.618,
104,1.375,0.232,
105,-0.394,0.011,
106,-2.326,-0.66,
107,0.106,0.342,
108,-0.128,-0.163,
109,1.014,-0.54,
110,-0.648,-0.235,
111,-0.392,-1.455,
112,-0.795,-0.279,
113,0.756,0.545,
114,2.029,1.345,
115,0.669,0.679,
116,1.326,0.675,
117,0.489,-1.534,
118,1.223,0.135,
119,-0.218,-1.07,
120,0.301,-0.991,
121,0.803,0.299,
122,0.994,0.135,
123,-0.184,0.646,
124,0.217,-2.133,
125,0.348,-0.39,
126,1.146,0.837,
127,0.777,1.073,
128,0.3,0.291,
129,1.094,0.291,
130,0.973,-0.527,
131,-0.288,0.975,
132,1.755,-1.482,
133,0.635,-1.57,
134,-0.023,-0.415,
135,0.16,0.531,
136,0.686,0.961,
137,0.497,0.662,
138,1.302,-0.053,
139,-0.076,-0.866,
140,-0.204,-0.636,
141,-0.445,0.454,
142,0.271,1.383,
143,-0.885,0.619,
144,1.365,-0.99,
145,-0.463,-0.453,
146,-0.627,-0.84,
147,0.191,0.041,
148,-0.135,-1.11,
149,0.96,0.576,
150,-0.487,0.233,
151,1.489,0.291,
152,0.509,-1.012,
153,0.966,-2.417,
154,0.092,-0.062,
155,-0.559,-0.222,
156,0.082,0.87,
157,0,-0.997,
158,-0.001,-0.749,
159,-0.982,-0.468,
160,0.132,-0.415,
161,-0.179,-0.1,
162,-0.144,0.272,
163,0.516,-0.54,
