1,-2.061,-0.7,
2,0.042,-0.221,
3,0.287,-0.472,
4,0.177,0.561,
5,-1.729,-1.518,
6,-0.592,-0.515,
7,1.555,0.266,
8,0.488,-0.816,
9,0.283,-0.973,
10,-1.483,-0.851,
11,-0.029,0.638,
12,1.418,0.386,
13,0.562,-0.691,
14,0.237,0.417,
15,-0.35,-0.867,
16,0.267,0.153,
17,0.411,0.638,
18,-0.066,0.344,
19,-0.039,-0.081,
20,-2.012,-1.065,
21,0.125,-0.312,
22,-0.051,0.922,
23,0.285,-0.784,
24,-0.077,0.303,
25,0.203,1.122,
26,0.317,-0.578,
27,-0.282,0.305,
28,0.311,0.122,
29,-0.259,0.93,
30,-0.351,0.111,
31,-0.262,-1.869,
32,1.443,0.744,
33,1.727,-0.494,
34,0.396,-0.379,
35,0.156,-0.502,
36,0.047,0.131,
37,0.363,0.278,
38,-0.067,0.817,
39,1.669,1.705,
40,-0.445,-0.83,
41,-0.002,-0.75,
42,0.372,0.417,
43,0.912,0.113,
44,-0.407,0.138,
45,0.347,0.39,
46,0.048,-0.492,
47,-0.486,-0.038,
48,1.287,0.238,
49,-0.232,-0.22,
50,0.535,0.02,
51,-0.135,-0.513,
52,0.783,-0.22,
53,1.076,-0.651,
54,0.629,2.245,
55,1.202,-0.835,
56,0.172,-0.131,
57,-1.279,0.585,
58,-0.581,-1.342,
59,0.05,-0.033,
60,-0.261,0.024,
61,-0.07,0.669,
62,0.845,-0.657,
63,-1.267,-1.967,
64,-0.487,-0.608,
65,0.826,-1.471,
66,1.277,-0.245,
67,0.211,0.045,
68,-0.203,0.436,
69,1.823,0.539,
70,-0.289,1.514,
71,0.279,0.668,
72,1.871,-0.672,
73,1.662,-1.133,
74,0.381,-0.222,
75,0.03,0.249,
76,1.405,-0.631,
77,0.936,0.331,
78,0.731,-0.668,
79,1.113,-1.061,
80,0.812,-0.078,
81,0.853,-1.099,
82,0.325,-0.141,
83,-0.165,-0.13,
84,0.33,-0.019,
85,-0.298,-0.633,
86,-1.157,-0.15,
87,-1.537,-1.212,
88,0.793,0.685,
89,0.601,0.24,
90,1.406,0.172,
91,0.404,0.19,
92,-0.346,-0.385,
93,-0.608,0.738,
94,0.972,0.545,
95,-0.878,1.887,
96,0.787,-1.27,
97,0.785,-0.13,
98,0.324,-1.541,
99,-0.132,-1.817,
100,3.274,2.223,
101,1.517,1.141,
102,-0.111,-0.471,
103,-2.19,-0.586,
104,1.367,0.224,
105,-0.411,0.015,
106,-2.352,-0.656,
107,0.102,0.359,
108,-0.156,-0.136,
109,1.041,-0.542,
110,-0.68,-0.234,
111,-0.398,-1.475,
112,-0.798,-0.308,
113,0.769,0.57,
114,2.091,1.397,
115,0.651,0.7,
116,1.357,0.698,
117,0.497,-1.559,
118,1.248,0.143,
119,-0.236,-1.1,
120,0.308,-1.004,
121,0.848,0.307,
122,1.012,0.146,
123,-0.189,0.683,
124,0.211,-2.165,
125,0.351,-0.393,
126,1.172,0.883,
127,0.787,1.111,
128,0.311,0.289,
129,1.114,0.311,
130,0.992,-0.54,
131,-0.299,1.005,
132,1.79,-1.489,
133,0.646,-1.592,
134,-0.027,-0.415,
135,0.157,0.563,
136,0.701,1.004,
137,0.489,0.658,
138,1.327,-0.059,
139,-0.067,-0.901,
140,-0.212,-0.658,
141,-0.457,0.474,
142,0.29,1.393,
143,-0.92,0.615,
144,1.367,-0.998,
145,-0.465,-0.457,
146,-0.643,-0.857,
147,0.191,0.036,
148,-0.143,-1.136,
149,1,0.513,
150,-0.474,0.234,
151,1.506,0.29,
152,0.506,-0.998,
153,0.994,-2.462,
154,0.09,-0.06,
155,-0.582,-0.237,
156,0.075,0.869,
157,-0.029,-1.073,
158,0.043,-0.827,
159,-0.977,-0.48,
160,0.144,-0.438,
161,-0.191,-0.095,
162,-0.156,0.255,
163,0.485,-0.58,
