1,-0.608,-0.367,
2,-0.43,-0.036,
3,0.513,-0.646,
4,-0.597,0.545,
5,-0.068,-0.062,
6,-0.135,0.5,
7,0.556,-0.071,
8,-0.082,-0.689,
9,1.844,0.325,
10,-0.274,-0.088,
11,-0.167,-0.693,
12,0.502,-0.068,
13,0.186,0.393,
14,-0.257,0.104,
15,-0.899,0.423,
16,0.724,0.137,
17,-0.207,-0.768,
18,0.15,0.04,
19,-0.157,0.279,
20,-0.106,0.02,
21,0.053,-0.201,
22,0.077,0.056,
23,-0.011,-1.262,
24,-0.059,-0.702,
25,0.154,-0.551,
26,-1.191,-1.082,
27,-0.962,-0.462,
28,0.765,-0.332,
29,0.213,0.661,
30,0.978,0.024,
31,-0.335,-0.702,
32,0.631,-0.438,
33,-1.027,-0.545,
34,0.217,-1.336,
35,-0.219,-0.161,
36,0.372,0.282,
37,0.962,0.583,
38,0.641,-0.469,
39,0.045,-0.339,
40,0.717,-0.492,
41,0.508,0.676,
42,0.11,0.652,
43,0.396,0.684,
44,-0.121,-0.713,
45,-0.315,-0.037,
46,-0.548,-0.017,
47,0.02,0.526,
48,-0.582,-0.441,
49,0.443,-0.65,
50,0.543,0.183,
51,-0.549,-0.946,
52,-0.633,0.445,
53,-0.481,1.065,
54,-0.89,-0.174,
55,-0.628,-0.179,
56,-0.551,0.168,
57,-0.133,-0.099,
58,-1.112,0.06,
59,0.105,-0.645,
60,0.063,-0.079,
61,-1.023,-0.048,
62,0.669,-0.308,
63,0.936,0.932,
64,-0.256,0.367,
65,0.313,0.116,
66,0.797,0.112,
67,0.548,0.769,
68,0.186,-0.402,
69,0.228,-0.208,
70,0.877,-0.529,
71,0.773,-0.508,
72,0.12,-0.886,
73,1.277,0.109,
74,1.18,-0.081,
75,0.182,0.587,
76,0.394,-1.138,
77,0.068,1.591,
78,0.339,0.621,
79,0.614,0.547,
80,0.31,0.516,
81,-1.059,-0.748,
82,-0.171,0.693,
83,0.21,0.053,
84,0.156,-0.004,
85,0.338,-0.198,
86,0.8,-0.333,
87,0.024,-0.382,
88,0.117,0.361,
89,-1.08,-0.245,
90,-0.48,0.55,
91,-0.4,-0.165,
92,-0.223,0.038,
93,1.076,1.141,
94,-0.761,1.678,
95,1.002,-0.409,
96,0.07,-0.523,
97,-0.638,-0.244,
98,-0.223,-1.402,
99,0.565,-0.331,
100,0.454,-1.178,
101,-0.128,-0.356,
102,-0.69,-0.781,
103,0.407,-1.38,
104,0.425,-0.617,
105,-1.238,0.579,
106,0.387,-0.773,
107,-0.274,-0.286,
108,0.485,-0.588,
109,0.325,-1.317,
110,-0.919,-2.016,
111,0.063,0.087,
112,1.055,-0.083,
113,0.326,-0.179,
114,-0.018,-0.1,
115,-0.433,-0.394,
116,0.082,-0.442,
117,1.438,-0.316,
118,0.209,-0.01,
119,0.401,-0.336,
120,-0.078,0.095,
121,-0.104,-0.083,
122,0.245,-0.008,
123,-0.009,-0.537,
124,-0.901,-0.701,
125,0.221,0.13,
126,0.262,-0.302,
127,0.528,-0.528,
128,-0.194,0.261,
129,0.144,-0.008,
130,-0.373,0.128,
131,0.586,-0.068,
132,-0.142,0.81,
133,-0.012,-0.885,
134,-0.227,0.418,
135,-0.852,-0.435,
136,0.093,-0.295,
137,0.997,0.404,
138,-0.333,-0.155,
139,-0.127,-0.043,
140,-0.795,-0.469,
141,-0.449,0.198,
142,0.856,-0.732,
143,0.012,-0.04,
144,0.486,-0.795,
145,-0.519,0.461,
146,-0.111,0.138,
147,-0.144,0.027,
148,-1.415,-0.437,
149,0.104,-0.951,
150,0.435,-1.727,
151,-0.237,0.108,
152,0.064,-0.604,
153,0.193,-0.025,
154,-0.948,0.365,
155,-0.397,-0.629,
156,0.381,0.289,
157,0.203,-0.233,
158,0.125,-0.365,
159,0.135,0.24,
160,-0.758,-0.222,
161,-0.125,-0.221,
162,0.628,0.243,
163,0.218,-0.918,
