1,-1.973,-0.892,
2,0.342,-0.334,
3,0.245,-0.754,
4,0.466,0.984,
5,-1.66,-1.691,
6,-0.778,-0.707,
7,2.257,0.362,
8,0.821,-1.124,
9,0.513,-1.683,
10,-1.616,-1.447,
11,0.349,0.774,
12,1.436,0.308,
13,0.976,-0.883,
14,0.407,0.591,
15,-0.584,-1.134,
16,0.428,0.075,
17,0.909,0.735,
18,0.279,-0.017,
19,0.253,-0.459,
20,-1.872,-1.622,
21,0.223,-0.828,
22,-0.229,0.831,
23,0.623,-0.878,
24,0.039,0.099,
25,0.473,1.281,
26,0.554,-0.863,
27,-0.173,-0.108,
28,0.541,0.035,
29,-0.205,0.965,
30,-0.628,-0.47,
31,0.053,-2.42,
32,1.846,1.058,
33,2.303,-0.746,
34,0.581,-0.554,
35,0.653,-0.653,
36,0.126,-0.052,
37,0.651,0.251,
38,-0.098,0.946,
39,1.825,1.538,
40,-0.088,-0.995,
41,0.338,-1.048,
42,1.473,0.254,
43,1.298,0.319,
44,-0.312,0.159,
45,0.262,0.531,
46,0.191,-0.831,
47,-0.598,-0.175,
48,1.885,0.346,
49,0.008,-0.521,
50,0.991,-0.027,
51,0.145,-0.796,
52,0.722,-0.275,
53,1.468,-1.31,
54,0.643,2.529,
55,1.539,-1.337,
56,0.714,-0.733,
57,-1.319,0.377,
58,-0.496,-1.26,
59,0.064,-0.092,
60,0.033,-0.284,
61,0.039,0.598,
62,1.142,-0.807,
63,-0.988,-2.4,
64,-0.527,-0.872,
65,1.244,-1.89,
66,1.771,-0.281,
67,0.401,-0.065,
68,-0.279,0.609,
69,2.115,0.478,
70,-0.012,1.559,
71,0.312,0.723,
72,2.721,-0.927,
73,1.901,-1.661,
74,0.465,-0.509,
75,0.082,-0.091,
76,1.999,-0.91,
77,1.312,0.008,
78,0.856,-1.348,
79,1.47,-1.671,
80,1.249,-0.346,
81,0.695,-1.283,
82,0.623,-0.298,
83,-0.368,-0.445,
84,0.412,-0.104,
85,0.098,-0.819,
86,-1.157,-0.287,
87,-1.891,-1.927,
88,1.117,0.914,
89,0.724,0.201,
90,2.253,0.216,
91,0.683,0.317,
92,-0.213,-0.91,
93,-0.867,0.787,
94,1.217,0.465,
95,-0.652,1.964,
96,1.095,-1.939,
97,1.202,-0.255,
98,0.417,-2.233,
99,-0.183,-2.178,
100,4.086,2.35,
101,1.961,1.378,
102,0.305,-0.912,
103,-2.237,-0.501,
104,1.758,-0.117,
105,-0.369,-0.254,
106,-2.492,-0.671,
107,0.609,0.342,
108,-0.265,-0.261,
109,1.403,-0.605,
110,-0.711,-0.323,
111,-0.448,-1.754,
112,-0.637,-0.725,
113,1.023,0.596,
114,2.471,1.08,
115,0.771,0.408,
116,1.593,0.512,
117,0.741,-1.964,
118,1.823,0.15,
119,-0.239,-1.474,
120,0.441,-1.572,
121,1.629,0.41,
122,1.63,-0.172,
123,0.122,0.495,
124,0.326,-2.623,
125,0.335,-0.71,
126,1.574,1.101,
127,1.219,1.235,
128,0.617,0.065,
129,1.591,0.104,
130,1.152,-0.618,
131,-0.024,1.299,
132,2.099,-1.771,
133,0.858,-1.41,
134,0.203,-0.415,
135,0.325,0.57,
136,0.885,0.947,
137,0.367,0.262,
138,1.562,-0.365,
139,0.102,-1.378,
140,-0.105,-0.896,
141,-0.264,0.018,
142,0.61,1.264,
143,-0.589,0.671,
144,1.304,-0.962,
145,-0.822,-0.842,
146,-0.38,-1.106,
147,0.319,-0.242,
148,-0.095,-1.925,
149,1.545,0.56,
150,-0.438,0.256,
151,2.292,-0.218,
152,0.523,-1.139,
153,1.381,-2.871,
154,0.139,-0.407,
155,-0.386,-0.855,
156,0.218,0.707,
157,-0.076,-1.455,
158,0.261,-1.082,
159,-0.768,-0.907,
160,0.582,-0.984,
161,0.007,-0.126,
162,0.215,0.012,
163,0.801,-0.791,
