1,-0.189,-0.963,
2,1.03,-0.726,
3,0.206,-1.076,
4,1.248,0.919,
5,0.109,-1.047,
6,-0.545,-0.975,
7,2.361,-0.136,
8,1.401,-1.075,
9,1.177,-2.421,
10,-0.893,-1.371,
11,1.33,0.306,
12,1.029,-0.674,
13,1.568,-0.997,
14,0.678,-0.047,
15,-0.264,-1.098,
16,0.8,-0.735,
17,1.168,0.301,
18,1.091,-0.964,
19,1.38,-1.09,
20,0.129,-1.752,
21,0.556,-1.584,
22,-0.586,-0.503,
23,1.164,-0.977,
24,0.487,-0.718,
25,1.071,0.273,
26,1.286,-1.005,
27,1.001,-0.844,
28,0.94,-0.427,
29,0.34,-0.002,
30,-0.379,-1.329,
31,1.223,-1.654,
32,1.356,0.248,
33,1.652,-1.036,
34,0.533,-0.837,
35,1.497,-0.381,
36,0.459,-0.553,
37,1.109,-0.239,
38,0.164,-0.194,
39,1.386,-0.028,
40,1.128,-0.842,
41,1.488,-1.01,
42,3.47,-0.672,
43,1.963,0.238,
44,0.823,-0.114,
45,0.282,0.107,
46,0.922,-1.203,
47,-0.045,-0.899,
48,2.169,-0.242,
49,0.72,-0.938,
50,1.368,-0.694,
51,0.956,-1.207,
52,-0.082,-0.869,
53,1.508,-2.167,
54,0.931,1.059,
55,1.278,-1.891,
56,1.69,-1.606,
57,0.011,-0.896,
58,0.443,-0.631,
59,0.35,-0.88,
60,0.71,-0.552,
61,0.615,-0.42,
62,1.78,-0.812,
63,-0.161,-1.504,
64,0.326,-0.981,
65,1.455,-1.555,
66,1.711,-0.145,
67,0.675,-0.879,
68,-0.085,-0.212,
69,1.933,-0.043,
70,0.261,-0.122,
71,0.367,-0.141,
72,2.679,-1.02,
73,1.499,-1.712,
74,0.937,-0.865,
75,0.509,-1.12,
76,1.814,-1.016,
77,1.219,-1.051,
78,0.848,-1.507,
79,1.026,-1.788,
80,1.143,-1.124,
81,0.334,-0.765,
82,1.061,-0.253,
83,-0.016,-1.051,
84,0.54,-0.473,
85,1.012,-0.768,
86,0.133,-0.603,
87,-0.823,-2.528,
88,1.247,0.467,
89,0.73,-0.34,
90,2.402,-0.138,
91,1.263,0.346,
92,0.413,-1.425,
93,-0.398,0.086,
94,0.868,-0.287,
95,0.489,0.77,
96,1.199,-2.283,
97,1.663,-0.49,
98,0.419,-2.225,
99,0.262,-1.615,
100,2.465,0.386,
101,1.433,0.579,
102,0.932,-1.398,
103,-0.224,-0.471,
104,1.667,-0.999,
105,0.243,-0.857,
106,-0.933,-0.832,
107,1.79,-0.046,
108,0.485,-1.22,
109,1.254,-0.719,
110,0.354,-0.472,
111,0.209,-1.427,
112,0.077,-1.043,
113,0.898,-0.088,
114,1.453,-0.845,
115,0.682,-0.892,
116,1.201,-0.81,
117,1.216,-1.6,
118,1.736,-0.343,
119,0.286,-1.182,
120,0.904,-2.014,
121,1.514,0.434,
122,2.066,-1.023,
123,0.818,-1.029,
124,1.034,-2.013,
125,0.237,-1.367,
126,1.59,0.036,
127,1.72,-0.183,
128,0.999,-0.483,
129,1.842,-0.723,
130,0.969,-0.405,
131,1.118,0.849,
132,1.308,-1.438,
133,0.751,0.094,
134,0.625,-0.141,
135,0.984,-0.418,
136,0.719,-0.467,
137,0.302,-0.731,
138,1.123,-0.995,
139,0.555,-1.718,
140,0.521,-0.988,
141,0.45,-1.433,
142,1.253,-0.5,
143,1.056,0.318,
144,1.01,-0.572,
145,-0.756,-1.335,
146,0.9,-0.889,
147,0.732,-0.807,
148,0.145,-2.672,
149,1.845,-0.68,
150,-0.308,-0.559,
151,2.738,-1.025,
152,0.811,-1.288,
153,1.415,-1.928,
154,0.464,-1.166,
155,0.875,-1.997,
156,0.325,-0.295,
157,0.167,-1.717,
158,1.084,-0.751,
159,0.283,-1.484,
160,1.329,-1.362,
161,0.986,-0.522,
162,1.171,-0.694,
163,1.442,-1.164,
