1,-0.838,-1.035,
2,0.851,-0.626,
3,0.233,-1.034,
4,1.079,1.062,
5,-0.514,-1.326,
6,-0.593,-1.012,
7,2.521,-0.047,
8,1.266,-1.176,
9,1.001,-2.418,
10,-1.147,-1.598,
11,1.092,0.519,
12,1.098,-0.369,
13,1.451,-0.988,
14,0.635,0.185,
15,-0.427,-1.248,
16,0.698,-0.502,
17,1.199,0.475,
18,0.891,-0.753,
19,1.153,-0.981,
20,-0.576,-1.833,
21,0.458,-1.472,
22,-0.613,-0.076,
23,1.083,-0.948,
24,0.332,-0.49,
25,0.969,0.666,
26,1.099,-1.04,
27,0.659,-0.713,
28,0.834,-0.3,
29,0.137,0.336,
30,-0.549,-1.215,
31,0.911,-2.137,
32,1.633,0.641,
33,1.975,-0.997,
34,0.588,-0.771,
35,1.319,-0.492,
36,0.371,-0.432,
37,1.014,-0.072,
38,0.051,0.206,
39,1.626,0.5,
40,0.794,-0.942,
41,1.197,-1.129,
42,3.173,-0.415,
43,1.903,0.329,
44,0.443,-0.03,
45,0.198,0.293,
46,0.732,-1.156,
47,-0.251,-0.681,
48,2.2,-0.017,
49,0.518,-0.824,
50,1.327,-0.504,
51,0.764,-1.155,
52,0.079,-0.778,
53,1.546,-2.036,
54,0.869,1.734,
55,1.447,-1.806,
56,1.558,-1.47,
57,-0.457,-0.514,
58,0.127,-0.814,
59,0.24,-0.59,
60,0.524,-0.436,
61,0.471,-0.09,
62,1.606,-0.828,
63,-0.507,-1.94,
64,0.069,-0.976,
65,1.497,-1.746,
66,1.852,-0.2,
67,0.621,-0.625,
68,-0.273,0.115,
69,2.12,0.127,
70,0.116,0.488,
71,0.331,0.186,
72,2.989,-1.063,
73,1.735,-1.891,
74,0.8,-0.793,
75,0.469,-0.836,
76,1.986,-1.063,
77,1.336,-0.779,
78,0.858,-1.602,
79,1.246,-1.879,
80,1.276,-0.922,
81,0.41,-0.891,
82,0.932,-0.253,
83,-0.284,-0.913,
84,0.505,-0.347,
85,0.778,-0.812,
86,-0.32,-0.515,
87,-1.314,-2.512,
88,1.301,0.689,
89,0.664,-0.161,
90,2.497,0.017,
91,1.135,0.383,
92,0.247,-1.358,
93,-0.643,0.348,
94,1.033,-0.06,
95,0.064,1.252,
96,1.232,-2.365,
97,1.614,-0.383,
98,0.388,-2.428,
99,0.105,-1.9,
100,3.299,1.11,
101,1.685,0.875,
102,0.907,-1.34,
103,-0.966,-0.508,
104,1.855,-0.782,
105,0.018,-0.666,
106,-1.628,-0.801,
107,1.49,-0.001,
108,0.237,-0.991,
109,1.382,-0.688,
110,-0.022,-0.442,
111,-0.026,-1.62,
112,-0.177,-0.931,
113,0.977,0.169,
114,1.834,-0.323,
115,0.735,-0.496,
116,1.358,-0.389,
117,1.108,-1.833,
118,1.891,-0.138,
119,0.088,-1.33,
120,0.787,-2.072,
121,1.723,0.649,
122,2.147,-0.854,
123,0.716,-0.554,
124,0.836,-2.388,
125,0.215,-1.22,
126,1.671,0.424,
127,1.666,0.349,
128,0.931,-0.343,
129,1.915,-0.513,
130,1.021,-0.452,
131,0.769,1.095,
132,1.651,-1.65,
133,0.834,-0.343,
134,0.538,-0.203,
135,0.793,-0.084,
136,0.814,-0.019,
137,0.298,-0.463,
138,1.321,-0.845,
139,0.426,-1.685,
140,0.292,-0.98,
141,0.24,-1.061,
142,1.12,0.129,
143,0.575,0.571,
144,1.076,-0.671,
145,-1.006,-1.283,
146,0.51,-1.019,
147,0.606,-0.671,
148,0.064,-2.742,
149,1.837,-0.139,
150,-0.315,-0.336,
151,2.788,-0.866,
152,0.753,-1.402,
153,1.482,-2.316,
154,0.35,-1.006,
155,0.509,-1.764,
156,0.317,0.016,
157,0.108,-1.627,
158,0.786,-0.854,
159,-0.079,-1.411,
160,1.187,-1.352,
161,0.708,-0.368,
162,0.94,-0.496,
163,1.341,-1.007,
