1,-2.12,-0.905,
2,0.162,-0.315,
3,0.28,-0.608,
4,0.329,0.737,
5,-1.753,-1.643,
6,-0.669,-0.69,
7,1.886,0.243,
8,0.64,-0.991,
9,0.423,-1.306,
10,-1.582,-1.131,
11,0.141,0.708,
12,1.431,0.374,
13,0.763,-0.791,
14,0.321,0.502,
15,-0.434,-1.112,
16,0.339,0.111,
17,0.651,0.671,
18,0.095,0.186,
19,0.124,-0.249,
20,-1.998,-1.349,
21,0.178,-0.556,
22,-0.081,0.901,
23,0.437,-0.834,
24,-0.017,0.201,
25,0.338,1.197,
26,0.408,-0.711,
27,-0.256,0.115,
28,0.425,0.084,
29,-0.229,0.984,
30,-0.469,-0.142,
31,-0.129,-2.145,
32,1.643,0.891,
33,2.017,-0.612,
34,0.489,-0.47,
35,0.388,-0.58,
36,0.086,0.046,
37,0.497,0.264,
38,-0.079,0.91,
39,1.753,1.649,
40,-0.294,-0.91,
41,0.136,-0.9,
42,0.862,0.353,
43,1.102,0.2,
44,-0.378,0.169,
45,0.306,0.461,
46,0.104,-0.655,
47,-0.56,-0.1,
48,1.583,0.304,
49,-0.137,-0.352,
50,0.761,0.025,
51,-0.021,-0.642,
52,0.787,-0.236,
53,1.293,-0.966,
54,0.618,2.458,
55,1.356,-1.083,
56,0.452,-0.416,
57,-1.339,0.491,
58,-0.545,-1.3,
59,0.02,-0.046,
60,-0.16,-0.081,
61,0.012,0.657,
62,0.931,-0.736,
63,-1.186,-2.193,
64,-0.515,-0.746,
65,1.038,-1.675,
66,1.523,-0.262,
67,0.317,-0.038,
68,-0.278,0.526,
69,1.985,0.543,
70,-0.135,1.523,
71,0.305,0.696,
72,2.285,-0.822,
73,1.816,-1.387,
74,0.422,-0.361,
75,0.164,0.112,
76,1.712,-0.771,
77,1.13,0.19,
78,0.785,-1.007,
79,1.292,-1.354,
80,1.038,-0.203,
81,0.786,-1.281,
82,0.47,-0.228,
83,-0.289,-0.271,
84,0.383,-0.068,
85,-0.1,-0.722,
86,-1.185,-0.193,
87,-1.726,-1.599,
88,0.97,0.793,
89,0.571,0.246,
90,1.835,0.184,
91,0.522,0.239,
92,-0.294,-0.654,
93,-0.74,0.773,
94,1.1,0.513,
95,-0.756,1.958,
96,0.96,-1.618,
97,1.008,-0.169,
98,0.383,-1.879,
99,-0.152,-2.041,
100,3.723,2.311,
101,1.706,1.285,
102,0.19,-0.708,
103,-2.265,-0.567,
104,1.636,0.079,
105,-0.377,-0.137,
106,-2.48,-0.656,
107,0.341,0.361,
108,-0.222,-0.176,
109,1.219,-0.573,
110,-0.714,-0.285,
111,-0.461,-1.668,
112,-0.723,-0.521,
113,0.909,0.575,
114,2.31,1.245,
115,0.776,0.564,
116,1.479,0.592,
117,0.598,-1.771,
118,1.55,0.153,
119,-0.233,-1.3,
120,0.35,-1.265,
121,1.208,0.355,
122,1.301,0.005,
123,-0.05,0.59,
124,0.26,-2.397,
125,0.362,-0.537,
126,1.367,1.011,
127,0.995,1.187,
128,0.454,0.188,
129,1.334,0.214,
130,1.078,-0.601,
131,-0.142,1.115,
132,1.966,-1.654,
133,0.76,-1.548,
134,0.09,-0.445,
135,0.228,0.564,
136,0.801,0.984,
137,0.464,0.525,
138,1.449,-0.196,
139,-0.004,-1.114,
140,-0.161,-0.779,
141,-0.361,0.26,
142,0.405,1.41,
143,-0.761,0.65,
144,1.372,-0.99,
145,-0.659,-0.641,
146,-0.526,-0.988,
147,0.254,-0.087,
148,-0.128,-1.524,
149,1.25,0.654,
150,-0.502,0.316,
151,1.937,0.06,
152,0.492,-1.071,
153,1.171,-2.7,
154,0.118,-0.218,
155,-0.508,-0.506,
156,0.167,0.823,
157,-0.016,-1.169,
158,0.086,-0.868,
159,-0.92,-0.7,
160,0.334,-0.696,
161,-0.114,-0.108,
162,0.027,0.18,
163,0.688,-0.614,
