1,-1.911,-0.58,
2,-0.074,-0.155,
3,0.315,-0.317,
4,0.073,0.314,
5,-1.521,-1.326,
6,-0.338,-0.43,
7,1.086,0.094,
8,0.317,-0.625,
9,0.162,-0.629,
10,-1.23,-0.498,
11,-0.154,0.503,
12,1.293,0.274,
13,0.342,-0.535,
14,0.177,0.179,
15,-0.179,-0.698,
16,0.193,0.094,
17,0.119,0.526,
18,-0.203,0.442,
19,-0.158,0.091,
20,-1.783,-0.673,
21,0.086,-0.085,
22,-0.1,0.801,
23,0.138,-0.612,
24,-0.123,0.338,
25,0.124,0.878,
26,0.26,-0.42,
27,-0.173,0.453,
28,0.171,0.111,
29,-0.283,0.752,
30,-0.048,0.342,
31,-0.313,-1.431,
32,1.105,0.486,
33,1.243,-0.368,
34,0.264,-0.275,
35,-0.073,-0.343,
36,0.041,0.188,
37,0.219,0.233,
38,-0.033,0.586,
39,1.473,1.391,
40,-0.53,-0.699,
41,-0.06,-0.543,
42,-0.018,0.374,
43,0.686,-0.005,
44,-0.348,0.035,
45,0.358,0.247,
46,0.071,-0.311,
47,-0.338,-0.022,
48,0.906,0.111,
49,-0.324,-0.056,
50,0.22,-0.06,
51,-0.198,-0.393,
52,0.635,-0.313,
53,0.733,-0.316,
54,0.63,1.789,
55,0.943,-0.555,
56,-0.052,0.179,
57,-1.074,0.568,
58,-0.546,-1.295,
59,0.102,0.005,
60,-0.301,0.139,
61,-0.068,0.575,
62,0.702,-0.53,
63,-1.402,-1.545,
64,-0.319,-0.407,
65,0.565,-1.119,
66,0.934,-0.206,
67,0.07,0.096,
68,-0.102,0.296,
69,1.585,0.499,
70,-0.503,1.307,
71,0.237,0.556,
72,1.332,-0.499,
73,1.364,-0.753,
74,0.364,-0.058,
75,0.08,0.356,
76,0.953,-0.454,
77,0.654,0.41,
78,0.561,-0.244,
79,0.8,-0.646,
80,0.478,-0.008,
81,0.86,-0.767,
82,0.191,-0.073,
83,-0.026,-0.005,
84,0.293,0.016,
85,-0.5,-0.517,
86,-0.984,-0.133,
87,-1.177,-0.78,
88,0.603,0.499,
89,0.492,0.226,
90,0.804,0.125,
91,0.306,0.136,
92,-0.256,-0.103,
93,-0.407,0.64,
94,0.754,0.494,
95,-0.89,1.498,
96,0.58,-0.865,
97,0.518,-0.086,
98,0.17,-1.106,
99,-0.059,-1.434,
100,2.515,1.802,
101,1.172,0.768,
102,-0.254,-0.228,
103,-1.927,-0.63,
104,1.005,0.337,
105,-0.383,0.131,
106,-2.022,-0.688,
107,-0.093,0.275,
108,-0.003,-0.17,
109,0.768,-0.504,
110,-0.491,-0.177,
111,-0.257,-1.099,
112,-0.799,-0.066,
113,0.546,0.485,
114,1.584,1.331,
115,0.469,0.66,
116,1.104,0.757,
117,0.393,-1.173,
118,0.841,0.096,
119,-0.182,-0.77,
120,0.239,-0.694,
121,0.433,0.161,
122,0.7,0.207,
123,-0.282,0.638,
124,0.145,-1.725,
125,0.294,-0.266,
126,0.911,0.575,
127,0.56,0.872,
128,0.144,0.377,
129,0.859,0.313,
130,0.813,-0.381,
131,-0.438,0.804,
132,1.418,-1.208,
133,0.478,-1.474,
134,-0.13,-0.332,
135,0.116,0.453,
136,0.537,0.842,
137,0.477,0.693,
138,1.103,0.07,
139,-0.124,-0.6,
140,-0.228,-0.447,
141,-0.505,0.588,
142,0.19,1.196,
143,-0.929,0.588,
144,1.291,-0.959,
145,-0.264,-0.272,
146,-0.677,-0.657,
147,0.128,0.146,
148,-0.113,-0.673,
149,0.651,0.407,
150,-0.416,0.022,
151,0.964,0.47,
152,0.559,-0.963,
153,0.732,-2.006,
154,0.052,0.061,
155,-0.524,0.009,
156,-0.021,0.847,
157,0.028,-0.791,
158,-0.046,-0.5,
159,-0.967,-0.207,
160,-0.036,-0.126,
161,-0.18,-0.104,
162,-0.279,0.317,
163,0.365,-0.446,
