1,-0.556,-0.329,
2,-0.4,0.003,
3,0.545,-0.451,
4,-0.426,0.442,
5,-0.057,-0.174,
6,-0.045,0.343,
7,0.48,-0.145,
8,-0.044,-0.601,
9,1.811,0.159,
10,-0.186,-0.124,
11,-0.196,-0.526,
12,0.48,0.02,
13,0.121,0.256,
14,-0.093,-0.071,
15,-0.644,0.331,
16,0.724,-0.02,
17,-0.184,-0.484,
18,0.119,0.217,
19,-0.378,0.388,
20,-0.12,0.064,
21,0.05,-0.063,
22,0.111,0.068,
23,0.113,-1.125,
24,-0.177,-0.499,
25,0.25,-0.476,
26,-1.004,-0.929,
27,-0.879,-0.349,
28,0.567,-0.19,
29,0.111,0.635,
30,0.823,0.155,
31,-0.263,-0.577,
32,0.485,-0.345,
33,-0.794,-0.332,
34,0.22,-1.114,
35,-0.213,-0.034,
36,0.405,0.321,
37,0.828,0.439,
38,0.467,-0.355,
39,0.251,-0.351,
40,0.598,-0.346,
41,0.388,0.7,
42,0.123,0.46,
43,0.422,0.622,
44,0.01,-0.634,
45,-0.25,0.01,
46,-0.349,-0.011,
47,0.05,0.567,
48,-0.499,-0.47,
49,0.317,-0.511,
50,0.568,0.268,
51,-0.547,-0.817,
52,-0.503,0.485,
53,-0.431,0.929,
54,-0.646,-0.151,
55,-0.445,-0.024,
56,-0.525,0.246,
57,0.019,-0.042,
58,-1.002,0.124,
59,0.106,-0.498,
60,0.029,0.01,
61,-0.832,-0.06,
62,0.505,-0.245,
63,0.81,0.908,
64,-0.093,0.511,
65,0.236,0.162,
66,0.637,0.155,
67,0.677,0.771,
68,0.224,-0.309,
69,0.277,-0.131,
70,0.691,-0.487,
71,0.72,-0.405,
72,0.096,-0.78,
73,1.183,0.145,
74,1.089,-0.05,
75,0.174,0.629,
76,0.359,-1.025,
77,0.07,1.392,
78,0.353,0.556,
79,0.572,0.611,
80,0.112,0.526,
81,-0.748,-0.697,
82,-0.118,0.677,
83,0.191,0.104,
84,0.249,0.059,
85,0.137,-0.089,
86,0.717,-0.367,
87,0.039,-0.316,
88,0.095,0.337,
89,-1.014,0.007,
90,-0.547,0.576,
91,-0.19,0.016,
92,-0.115,0.024,
93,0.938,1.1,
94,-0.626,1.33,
95,0.867,-0.318,
96,0.118,-0.485,
97,-0.505,-0.219,
98,-0.119,-1.193,
99,0.513,-0.162,
100,0.382,-0.983,
101,-0.18,-0.29,
102,-0.499,-0.557,
103,0.324,-1.15,
104,0.502,-0.493,
105,-0.873,0.741,
106,0.211,-0.875,
107,-0.281,-0.348,
108,0.544,-0.581,
109,0.22,-1.132,
110,-0.863,-1.797,
111,0.08,-0.067,
112,1.066,-0.004,
113,0.274,-0.035,
114,-0.022,-0.003,
115,-0.305,-0.001,
116,-0.06,-0.289,
117,1.372,-0.347,
118,0.108,0.004,
119,0.319,-0.153,
120,-0.125,0.057,
121,-0.087,-0.125,
122,0.226,0.033,
123,0.027,-0.361,
124,-0.722,-0.446,
125,0.272,0.149,
126,0.218,-0.295,
127,0.4,-0.302,
128,-0.293,0.354,
129,0.245,0.051,
130,-0.241,0.119,
131,0.526,-0.132,
132,-0.146,0.67,
133,0.015,-0.82,
134,-0.347,0.466,
135,-0.63,-0.26,
136,0.083,-0.261,
137,0.754,0.336,
138,-0.211,-0.056,
139,-0.121,0.136,
140,-0.696,-0.326,
141,-0.435,0.324,
142,0.696,-0.578,
143,0.07,-0.123,
144,0.625,-0.761,
145,-0.438,0.498,
146,-0.233,0.082,
147,-0.125,0.125,
148,-1.248,-0.43,
149,0.085,-0.622,
150,0.514,-1.392,
151,-0.196,0.143,
152,0.308,-0.528,
153,0.131,-0.005,
154,-0.854,0.334,
155,-0.204,-0.493,
156,0.318,0.414,
157,0.275,-0.049,
158,0.035,-0.165,
159,0.149,0.361,
160,-0.566,-0.09,
161,-0.103,-0.174,
162,0.62,0.365,
163,0.212,-0.68,
