1,-1.047,-0.281,
2,-0.1,-0.024,
3,0.374,-0.037,
4,0.02,0.024,
5,-0.662,-0.666,
6,0.089,-0.215,
7,0.254,-0.227,
8,0.108,-0.351,
9,0.104,-0.207,
10,-0.505,-0.026,
11,-0.202,0.166,
12,0.795,-0.035,
13,-0.032,-0.19,
14,0.163,-0.333,
15,0.039,-0.295,
16,0.112,-0.126,
17,-0.295,0.332,
18,-0.303,0.415,
19,-0.263,0.282,
20,-0.762,-0.075,
21,0.062,0.106,
22,-0.021,0.322,
23,-0.033,-0.191,
24,-0.195,0.255,
25,0.196,0.222,
26,0.296,-0.195,
27,0.071,0.408,
28,-0.008,0.055,
29,-0.317,0.296,
30,0.616,0.466,
31,-0.113,-0.482,
32,0.332,0.039,
33,0.302,-0.146,
34,0.049,-0.087,
35,-0.232,0.017,
36,0.129,0.26,
37,0.035,0.097,
38,-0.018,0.054,
39,0.745,0.115,
40,-0.384,-0.37,
41,0.018,-0.094,
42,-0.149,-0.022,
43,0.318,-0.143,
44,-0.125,-0.101,
45,0.201,0.005,
46,0.168,-0.076,
47,-0.053,-0.041,
48,0.241,-0.106,
49,-0.317,0.15,
50,-0.14,-0.116,
51,-0.281,-0.203,
52,0.279,-0.182,
53,0.101,0.149,
54,0.312,0.553,
55,0.363,-0.137,
56,-0.227,0.57,
57,-0.49,0.269,
58,-0.274,-0.33,
59,0.171,0.036,
60,-0.18,0.192,
61,-0.05,0.145,
62,0.397,-0.184,
63,-0.83,-0.462,
64,0.047,-0.035,
65,0.123,-0.362,
66,0.262,-0.1,
67,-0.164,0.112,
68,0.122,0.021,
69,0.761,0.237,
70,-0.407,0.469,
71,0.103,0.163,
72,0.32,-0.129,
73,0.567,0.018,
74,0.366,0.143,
75,0.156,0.344,
76,0.214,-0.142,
77,0.112,0.347,
78,0.166,0.338,
79,0.14,0.073,
80,-0.16,0.058,
81,0.371,-0.232,
82,0.047,0.014,
83,0.166,0.097,
84,0.298,0.045,
85,-0.735,-0.273,
86,-0.364,-0.287,
87,-0.345,-0.235,
88,0.219,0.134,
89,0.174,0.067,
90,-0.099,0.07,
91,0.203,0.139,
92,-0.023,0.195,
93,-0.061,0.418,
94,0.239,0.216,
95,-0.462,0.39,
96,0.258,-0.269,
97,0.002,-0.165,
98,-0.076,-0.303,
99,0.019,-0.5,
100,0.84,0.492,
101,0.336,0.023,
102,-0.26,0.197,
103,-0.762,-0.452,
104,0.223,0.3,
105,-0.145,0.066,
106,-1.027,-0.87,
107,-0.238,-0.042,
108,0.151,-0.105,
109,0.147,-0.405,
110,-0.076,-0.097,
111,-0.024,-0.338,
112,-0.398,0.068,
113,0.102,0.245,
114,0.444,0.69,
115,-0.048,0.354,
116,0.402,0.497,
117,0.2,-0.28,
118,0.158,-0.03,
119,-0.004,-0.104,
120,0.025,-0.109,
121,-0.04,-0.267,
122,0.252,0.116,
123,-0.228,0.357,
124,-0.055,-0.519,
125,0.098,-0.15,
126,0.391,-0.018,
127,0.192,0.233,
128,-0.118,0.423,
129,0.484,0.189,
130,0.312,0.02,
131,-0.352,0.188,
132,0.46,-0.448,
133,0.054,-0.733,
134,-0.289,-0.088,
135,0.097,0.199,
136,0.155,0.246,
137,0.269,0.354,
138,0.527,0.157,
139,-0.091,-0.106,
140,-0.175,-0.072,
141,-0.501,0.545,
142,0.128,0.381,
143,-0.312,0.094,
144,0.99,-0.803,
145,0.023,-0.026,
146,-0.497,-0.195,
147,-0.001,0.199,
148,0.016,-0.012,
149,0.082,0.109,
150,-0.321,-0.219,
151,0.085,0.464,
152,0.353,-0.48,
153,0.192,-0.796,
154,-0.018,0.069,
155,-0.086,0.099,
156,-0.196,0.633,
157,0.085,-0.137,
158,-0.065,0.242,
159,-0.6,0.153,
160,-0.197,0.295,
161,0.063,-0.172,
162,-0.289,0.291,
163,0.254,-0.231,
