1,-1.32,-0.945,
2,0.698,-0.482,
3,0.224,-0.974,
4,0.877,1.182,
5,-1.044,-1.524,
6,-0.727,-0.878,
7,2.59,0.202,
8,1.136,-1.223,
9,0.785,-2.285,
10,-1.355,-1.725,
11,0.846,0.682,
12,1.23,-0.077,
13,1.326,-0.974,
14,0.576,0.423,
15,-0.587,-1.216,
16,0.611,-0.243,
17,1.197,0.644,
18,0.685,-0.519,
19,0.852,-0.838,
20,-1.189,-1.877,
21,0.362,-1.314,
22,-0.567,0.325,
23,0.968,-0.928,
24,0.207,-0.257,
25,0.809,1.009,
26,0.922,-1.044,
27,0.314,-0.557,
28,0.745,-0.164,
29,-0.036,0.616,
30,-0.691,-1.058,
31,0.601,-2.428,
32,1.841,0.96,
33,2.275,-0.943,
34,0.63,-0.697,
35,1.134,-0.601,
36,0.272,-0.299,
37,0.92,0.086,
38,-0.04,0.571,
39,1.789,0.978,
40,0.475,-1.021,
41,0.9,-1.167,
42,2.722,-0.157,
43,1.723,0.404,
44,0.109,0.055,
45,0.179,0.448,
46,0.519,-1.088,
47,-0.432,-0.471,
48,2.196,0.179,
49,0.358,-0.733,
50,1.284,-0.312,
51,0.558,-1.068,
52,0.297,-0.606,
53,1.583,-1.865,
54,0.804,2.22,
55,1.594,-1.704,
56,1.29,-1.27,
57,-0.853,-0.143,
58,-0.155,-0.999,
59,0.193,-0.353,
60,0.37,-0.414,
61,0.273,0.212,
62,1.5,-0.841,
63,-0.645,-2.295,
64,-0.211,-0.973,
65,1.478,-1.92,
66,1.943,-0.247,
67,0.556,-0.361,
68,-0.339,0.41,
69,2.196,0.222,
70,0.053,1.044,
71,0.31,0.473,
72,3.115,-1.047,
73,1.878,-1.979,
74,0.662,-0.722,
75,0.251,-0.576,
76,2.124,-1.063,
77,1.413,-0.501,
78,0.892,-1.649,
79,1.449,-1.948,
80,1.371,-0.718,
81,0.515,-1.042,
82,0.841,-0.278,
83,-0.367,-0.767,
84,0.463,-0.236,
85,0.544,-0.865,
86,-0.723,-0.433,
87,-1.695,-2.387,
88,1.289,0.869,
89,0.776,-0.005,
90,2.572,0.145,
91,1.009,0.408,
92,0.059,-1.26,
93,-0.831,0.573,
94,1.176,0.162,
95,-0.281,1.629,
96,1.216,-2.322,
97,1.52,-0.335,
98,0.403,-2.541,
99,-0.041,-2.12,
100,3.925,1.744,
101,1.934,1.161,
102,0.68,-1.23,
103,-1.582,-0.502,
104,1.909,-0.563,
105,-0.165,-0.493,
106,-2.154,-0.758,
107,1.203,0.127,
108,-0.03,-0.698,
109,1.488,-0.66,
110,-0.364,-0.396,
111,-0.226,-1.744,
112,-0.385,-0.877,
113,1.05,0.4,
114,2.214,0.26,
115,0.73,-0.127,
116,1.516,0.009,
117,1.003,-2.012,
118,1.995,0.008,
119,-0.08,-1.466,
120,0.682,-2.021,
121,1.894,0.648,
122,2.1,-0.634,
123,0.541,-0.086,
124,0.644,-2.654,
125,0.226,-1.066,
126,1.723,0.791,
127,1.566,0.817,
128,0.863,-0.208,
129,1.907,-0.275,
130,1.11,-0.523,
131,0.436,1.304,
132,1.941,-1.788,
133,0.894,-0.759,
134,0.432,-0.267,
135,0.614,0.239,
136,0.881,0.423,
137,0.265,-0.261,
138,1.494,-0.702,
139,0.326,-1.672,
140,0.12,-0.985,
141,0.039,-0.67,
142,1,0.638,
143,0.087,0.679,
144,1.114,-0.79,
145,-1.025,-1.191,
146,0.15,-1.12,
147,0.49,-0.543,
148,-0.004,-2.577,
149,1.828,0.19,
150,-0.308,-0.116,
151,2.744,-0.686,
152,0.679,-1.395,
153,1.556,-2.639,
154,0.252,-0.823,
155,0.156,-1.524,
156,0.289,0.296,
157,-0.009,-1.673,
158,0.604,-1.074,
159,-0.357,-1.308,
160,1.036,-1.326,
161,0.437,-0.251,
162,0.687,-0.346,
163,1.135,-0.994,
