1,-2.079,-0.813,
2,0.182,-0.281,
3,0.265,-0.619,
4,0.309,0.792,
5,-1.774,-1.645,
6,-0.739,-0.608,
7,1.951,0.355,
8,0.657,-0.99,
9,0.404,-1.332,
10,-1.613,-1.176,
11,0.14,0.732,
12,1.461,0.399,
13,0.775,-0.804,
14,0.317,0.551,
15,-0.491,-1.016,
16,0.346,0.147,
17,0.679,0.707,
18,0.097,0.188,
19,0.088,-0.267,
20,-2.033,-1.388,
21,0.17,-0.566,
22,-0.089,0.938,
23,0.449,-0.846,
24,-0.024,0.221,
25,0.324,1.257,
26,0.415,-0.729,
27,-0.285,0.112,
28,0.431,0.095,
29,-0.236,1.008,
30,-0.515,-0.166,
31,-0.138,-2.205,
32,1.692,0.943,
33,2.086,-0.62,
34,0.504,-0.471,
35,0.401,-0.606,
36,0.076,0.052,
37,0.508,0.284,
38,-0.095,0.947,
39,1.768,1.696,
40,-0.297,-0.929,
41,0.129,-0.92,
42,0.882,0.372,
43,1.118,0.224,
44,-0.398,0.181,
45,0.31,0.488,
46,0.091,-0.669,
47,-0.575,-0.087,
48,1.619,0.323,
49,-0.125,-0.383,
50,0.792,0.041,
51,-0.022,-0.652,
52,0.815,-0.197,
53,1.32,-0.987,
54,0.614,2.491,
55,1.403,-1.099,
56,0.434,-0.439,
57,-1.366,0.521,
58,-0.565,-1.326,
59,0.029,-0.057,
60,-0.143,-0.125,
61,-0.034,0.677,
62,0.988,-0.749,
63,-1.134,-2.248,
64,-0.556,-0.763,
65,1.055,-1.728,
66,1.56,-0.271,
67,0.323,-0.008,
68,-0.26,0.549,
69,2,0.534,
70,-0.119,1.596,
71,0.304,0.73,
72,2.342,-0.817,
73,1.838,-1.431,
74,0.41,-0.375,
75,0.034,0.099,
76,1.759,-0.784,
77,1.158,0.197,
78,0.811,-1.046,
79,1.339,-1.405,
80,1.07,-0.194,
81,0.781,-1.282,
82,0.476,-0.229,
83,-0.286,-0.28,
84,0.374,-0.059,
85,-0.095,-0.735,
86,-1.213,-0.211,
87,-1.783,-1.61,
88,0.969,0.828,
89,0.666,0.227,
90,1.902,0.204,
91,0.53,0.253,
92,-0.321,-0.665,
93,-0.767,0.792,
94,1.129,0.535,
95,-0.77,2.007,
96,0.963,-1.634,
97,1.013,-0.19,
98,0.401,-1.925,
99,-0.18,-2.061,
100,3.804,2.383,
101,1.781,1.346,
102,0.087,-0.703,
103,-2.287,-0.518,
104,1.618,0.064,
105,-0.399,-0.132,
106,-2.507,-0.652,
107,0.339,0.379,
108,-0.26,-0.143,
109,1.255,-0.575,
110,-0.756,-0.282,
111,-0.47,-1.689,
112,-0.725,-0.559,
113,0.926,0.608,
114,2.389,1.31,
115,0.75,0.59,
116,1.517,0.62,
117,0.61,-1.801,
118,1.583,0.163,
119,-0.257,-1.337,
120,0.358,-1.282,
121,1.274,0.363,
122,1.33,0.015,
123,-0.053,0.638,
124,0.252,-2.439,
125,0.363,-0.542,
126,1.402,1.073,
127,1.01,1.236,
128,0.47,0.185,
129,1.364,0.238,
130,1.102,-0.616,
131,-0.155,1.155,
132,2.009,-1.66,
133,0.773,-1.568,
134,0.086,-0.443,
135,0.225,0.607,
136,0.818,1.036,
137,0.446,0.509,
138,1.481,-0.206,
139,0.01,-1.162,
140,-0.172,-0.806,
141,-0.375,0.281,
142,0.434,1.415,
143,-0.801,0.645,
144,1.37,-0.999,
145,-0.663,-0.649,
146,-0.545,-1.01,
147,0.253,-0.094,
148,-0.136,-1.559,
149,1.304,0.575,
150,-0.483,0.32,
151,1.956,0.052,
152,0.49,-1.054,
153,1.208,-2.755,
154,0.116,-0.219,
155,-0.533,-0.531,
156,0.159,0.823,
157,-0.067,-1.285,
158,0.151,-0.986,
159,-0.909,-0.714,
160,0.352,-0.731,
161,-0.128,-0.101,
162,0.014,0.155,
163,0.635,-0.692,
