1,-0.261,-0.173,
2,-0.194,0.025,
3,0.513,-0.044,
4,-0.067,0.136,
5,-0.071,-0.267,
6,0.021,0.04,
7,0.234,-0.212,
8,0.073,-0.396,
9,1.077,-0.2,
10,-0.064,-0.137,
11,-0.19,-0.143,
12,0.418,0.042,
13,-0.063,-0.023,
14,0.157,-0.425,
15,-0.147,0.076,
16,0.47,-0.275,
17,-0.286,0.092,
18,-0.089,0.388,
19,-0.539,0.417,
20,-0.117,0.056,
21,0.06,0.08,
22,0.129,0.022,
23,0.171,-0.612,
24,-0.307,-0.051,
25,0.365,-0.169,
26,-0.237,-0.437,
27,-0.417,-0.075,
28,0.137,0.048,
29,-0.148,0.375,
30,0.615,0.334,
31,-0.038,-0.254,
32,0.127,-0.16,
33,-0.228,-0.021,
34,0.109,-0.469,
35,-0.155,0.164,
36,0.336,0.352,
37,0.329,0.092,
38,0.057,-0.158,
39,0.487,-0.37,
40,0.139,-0.169,
41,0.114,0.449,
42,0.138,-0.077,
43,0.374,0.24,
44,0.131,-0.307,
45,-0.094,0.03,
46,0.045,-0.041,
47,0.037,0.315,
48,-0.186,-0.335,
49,-0.003,-0.105,
50,0.317,0.23,
51,-0.48,-0.394,
52,-0.118,0.307,
53,-0.207,0.419,
54,-0.038,-0.079,
55,-0.078,0.077,
56,-0.352,0.417,
57,0.101,0.009,
58,-0.481,0.151,
59,0.104,-0.167,
60,-0.063,0.121,
61,-0.354,-0.116,
62,0.271,-0.069,
63,0.274,0.497,
64,0.113,0.434,
65,0.064,0.095,
66,0.186,0.127,
67,0.387,0.425,
68,0.221,-0.145,
69,0.351,-0.013,
70,0.118,-0.336,
71,0.345,-0.168,
72,0.002,-0.331,
73,0.587,0.197,
74,0.677,0.02,
75,0.104,0.471,
76,0.225,-0.509,
77,-0.03,0.523,
78,0.246,0.413,
79,0.206,0.489,
80,-0.274,0.326,
81,-0.092,-0.35,
82,-0.015,0.411,
83,0.142,0.123,
84,0.377,0.169,
85,-0.394,-0.009,
86,0.328,-0.408,
87,0.051,-0.244,
88,0.009,0.159,
89,-0.425,0.221,
90,-0.447,0.332,
91,0.142,0.265,
92,-0.02,0.017,
93,0.366,0.726,
94,-0.239,0.341,
95,0.308,-0.062,
96,0.204,-0.347,
97,-0.241,-0.265,
98,0.004,-0.529,
99,0.195,0.025,
100,0.209,-0.467,
101,-0.225,-0.128,
102,-0.163,0.025,
103,0.114,-0.508,
104,0.297,-0.087,
105,-0.083,0.512,
106,-0.261,-1.032,
107,-0.227,-0.36,
108,0.36,-0.372,
109,-0.061,-0.628,
110,-0.438,-0.815,
111,0.012,-0.286,
112,0.58,0.026,
113,0.114,0.173,
114,0.004,0.11,
115,-0.189,0.474,
116,-0.188,-0.051,
117,0.774,-0.268,
118,-0.03,-0.039,
119,0.132,0.119,
120,-0.126,-0.033,
121,-0.086,-0.291,
122,0.187,0.068,
123,0.02,0.012,
124,-0.254,0.097,
125,0.187,-0.003,
126,0.121,-0.245,
127,0.081,-0.003,
128,-0.336,0.405,
129,0.389,0.127,
130,0.041,0.1,
131,0.194,-0.254,
132,-0.09,0.223,
133,-0.07,-0.486,
134,-0.469,0.298,
135,-0.148,0.04,
136,0.011,-0.17,
137,0.217,0.079,
138,0.054,0.086,
139,-0.073,0.208,
140,-0.361,-0.088,
141,-0.433,0.423,
142,0.255,-0.241,
143,0.176,-0.299,
144,0.815,-0.706,
145,-0.153,0.277,
146,-0.339,0.022,
147,-0.099,0.193,
148,-0.547,-0.305,
149,0.004,-0.113,
150,0.227,-0.584,
151,-0.067,0.2,
152,0.368,-0.241,
153,-0.019,-0.053,
154,-0.416,0.135,
155,0.171,-0.214,
156,0.003,0.519,
157,0.175,0.08,
158,-0.095,0.187,
159,-0.011,0.316,
160,-0.232,0.179,
161,0.028,-0.176,
162,0.263,0.401,
163,0.224,-0.287,
