1,-1.046,-0.28,
2,-0.1,-0.025,
3,0.374,-0.036,
4,0.021,0.024,
5,-0.661,-0.666,
6,0.089,-0.213,
7,0.255,-0.226,
8,0.108,-0.351,
9,0.105,-0.207,
10,-0.504,-0.026,
11,-0.202,0.165,
12,0.794,-0.036,
13,-0.032,-0.19,
14,0.164,-0.334,
15,0.038,-0.296,
16,0.112,-0.127,
17,-0.295,0.332,
18,-0.303,0.415,
19,-0.262,0.282,
20,-0.76,-0.075,
21,0.062,0.106,
22,-0.021,0.321,
23,-0.033,-0.191,
24,-0.195,0.254,
25,0.197,0.22,
26,0.296,-0.195,
27,0.072,0.407,
28,-0.008,0.055,
29,-0.317,0.296,
30,0.616,0.466,
31,-0.113,-0.481,
32,0.331,0.039,
33,0.301,-0.146,
34,0.049,-0.087,
35,-0.232,0.017,
36,0.129,0.26,
37,0.035,0.097,
38,-0.018,0.053,
39,0.744,0.113,
40,-0.383,-0.369,
41,0.019,-0.093,
42,-0.148,-0.024,
43,0.318,-0.143,
44,-0.124,-0.101,
45,0.201,0.005,
46,0.168,-0.076,
47,-0.053,-0.041,
48,0.241,-0.106,
49,-0.317,0.151,
50,-0.14,-0.116,
51,-0.281,-0.203,
52,0.279,-0.182,
53,0.101,0.149,
54,0.313,0.552,
55,0.362,-0.137,
56,-0.226,0.569,
57,-0.489,0.268,
58,-0.274,-0.329,
59,0.171,0.036,
60,-0.181,0.192,
61,-0.048,0.144,
62,0.398,-0.183,
63,-0.828,-0.461,
64,0.047,-0.035,
65,0.123,-0.361,
66,0.261,-0.099,
67,-0.164,0.112,
68,0.121,0.021,
69,0.76,0.237,
70,-0.406,0.467,
71,0.103,0.162,
72,0.319,-0.129,
73,0.566,0.019,
74,0.366,0.143,
75,0.156,0.345,
76,0.213,-0.141,
77,0.112,0.346,
78,0.166,0.339,
79,0.139,0.074,
80,-0.16,0.058,
81,0.371,-0.232,
82,0.047,0.014,
83,0.166,0.096,
84,0.298,0.045,
85,-0.735,-0.272,
86,-0.363,-0.287,
87,-0.344,-0.235,
88,0.22,0.133,
89,0.175,0.066,
90,-0.099,0.07,
91,0.203,0.139,
92,-0.023,0.195,
93,-0.061,0.417,
94,0.239,0.215,
95,-0.461,0.389,
96,0.258,-0.27,
97,0.002,-0.165,
98,-0.076,-0.302,
99,0.019,-0.499,
100,0.838,0.49,
101,0.334,0.022,
102,-0.259,0.197,
103,-0.76,-0.453,
104,0.223,0.299,
105,-0.144,0.065,
106,-1.026,-0.87,
107,-0.238,-0.042,
108,0.151,-0.105,
109,0.147,-0.405,
110,-0.075,-0.097,
111,-0.024,-0.338,
112,-0.397,0.068,
113,0.102,0.245,
114,0.442,0.688,
115,-0.047,0.353,
116,0.401,0.495,
117,0.2,-0.279,
118,0.158,-0.03,
119,-0.004,-0.103,
120,0.026,-0.109,
121,-0.041,-0.268,
122,0.251,0.116,
123,-0.227,0.356,
124,-0.055,-0.517,
125,0.098,-0.15,
126,0.389,-0.019,
127,0.191,0.232,
128,-0.118,0.422,
129,0.484,0.188,
130,0.312,0.02,
131,-0.351,0.187,
132,0.459,-0.448,
133,0.053,-0.731,
134,-0.289,-0.088,
135,0.097,0.198,
136,0.155,0.245,
137,0.268,0.354,
138,0.526,0.157,
139,-0.091,-0.105,
140,-0.175,-0.072,
141,-0.501,0.544,
142,0.128,0.381,
143,-0.31,0.093,
144,0.99,-0.802,
145,0.023,-0.026,
146,-0.496,-0.195,
147,-0.001,0.199,
148,0.016,-0.012,
149,0.082,0.109,
150,-0.321,-0.219,
151,0.085,0.463,
152,0.352,-0.479,
153,0.192,-0.794,
154,-0.018,0.069,
155,-0.084,0.099,
156,-0.196,0.633,
157,0.084,-0.136,
158,-0.066,0.241,
159,-0.6,0.153,
160,-0.197,0.295,
161,0.064,-0.172,
162,-0.288,0.291,
163,0.254,-0.232,
