1,-0.137,-0.875,
2,1.065,-0.68,
3,0.182,-1.082,
4,1.256,1,
5,0.112,-1.021,
6,-0.603,-0.89,
7,2.432,-0.029,
8,1.42,-1.077,
9,1.178,-2.464,
10,-0.909,-1.415,
11,1.346,0.322,
12,1.036,-0.667,
13,1.586,-1.003,
14,0.685,-0.008,
15,-0.311,-1.021,
16,0.816,-0.704,
17,1.2,0.338,
18,1.106,-0.985,
19,1.391,-1.123,
20,0.128,-1.792,
21,0.551,-1.612,
22,-0.621,-0.498,
23,1.188,-0.976,
24,0.479,-0.712,
25,1.062,0.319,
26,1.314,-1.027,
27,1,-0.869,
28,0.953,-0.419,
29,0.337,-0.002,
30,-0.429,-1.385,
31,1.251,-1.684,
32,1.38,0.288,
33,1.697,-1.043,
34,0.543,-0.828,
35,1.525,-0.392,
36,0.446,-0.546,
37,1.134,-0.222,
38,0.152,-0.186,
39,1.393,-0.012,
40,1.156,-0.857,
41,1.509,-1.025,
42,3.564,-0.707,
43,2.001,0.274,
44,0.834,-0.106,
45,0.272,0.128,
46,0.928,-1.222,
47,-0.046,-0.895,
48,2.194,-0.233,
49,0.766,-0.948,
50,1.409,-0.687,
51,0.968,-1.224,
52,-0.116,-0.866,
53,1.525,-2.198,
54,0.939,1.081,
55,1.324,-1.897,
56,1.7,-1.651,
57,0.011,-0.896,
58,0.447,-0.63,
59,0.372,-0.899,
60,0.731,-0.578,
61,0.567,-0.42,
62,1.867,-0.81,
63,-0.109,-1.536,
64,0.316,-0.982,
65,1.466,-1.587,
66,1.736,-0.141,
67,0.689,-0.867,
68,-0.091,-0.194,
69,1.95,-0.062,
70,0.258,-0.095,
71,0.358,-0.118,
72,2.737,-1.011,
73,1.514,-1.759,
74,0.93,-0.879,
75,0.403,-1.142,
76,1.852,-1.03,
77,1.234,-1.075,
78,0.871,-1.535,
79,1.066,-1.842,
80,1.163,-1.118,
81,0.323,-0.756,
82,1.071,-0.245,
83,-0.024,-1.073,
84,0.525,-0.464,
85,1.026,-0.778,
86,0.127,-0.611,
87,-0.865,-2.554,
88,1.246,0.506,
89,0.834,-0.35,
90,2.466,-0.115,
91,1.289,0.375,
92,0.386,-1.44,
93,-0.417,0.092,
94,0.88,-0.29,
95,0.49,0.806,
96,1.202,-2.312,
97,1.675,-0.498,
98,0.434,-2.261,
99,0.251,-1.629,
100,2.502,0.41,
101,1.475,0.615,
102,0.842,-1.398,
103,-0.2,-0.453,
104,1.662,-1.021,
105,0.235,-0.857,
106,-0.951,-0.837,
107,1.81,-0.056,
108,0.462,-1.214,
109,1.279,-0.719,
110,0.332,-0.462,
111,0.199,-1.439,
112,0.087,-1.062,
113,0.906,-0.055,
114,1.489,-0.822,
115,0.627,-0.883,
116,1.22,-0.812,
117,1.227,-1.623,
118,1.765,-0.337,
119,0.271,-1.193,
120,0.936,-2.02,
121,1.558,0.465,
122,2.106,-1.035,
123,0.838,-1.009,
124,1.046,-2.028,
125,0.216,-1.385,
126,1.609,0.073,
127,1.736,-0.166,
128,1.022,-0.498,
129,1.879,-0.716,
130,0.988,-0.405,
131,1.124,0.882,
132,1.324,-1.436,
133,0.753,0.141,
134,0.623,-0.115,
135,1,-0.391,
136,0.713,-0.454,
137,0.275,-0.768,
138,1.137,-1.021,
139,0.586,-1.775,
140,0.522,-1.005,
141,0.448,-1.445,
142,1.294,-0.519,
143,1.064,0.323,
144,1.005,-0.57,
145,-0.77,-1.356,
146,0.903,-0.901,
147,0.73,-0.822,
148,0.126,-2.741,
149,1.881,-0.73,
150,-0.274,-0.568,
151,2.771,-1.063,
152,0.824,-1.302,
153,1.447,-1.942,
154,0.462,-1.186,
155,0.895,-2.064,
156,0.313,-0.307,
157,0.115,-1.821,
158,1.139,-0.851,
159,0.306,-1.529,
160,1.369,-1.411,
161,0.992,-0.522,
162,1.174,-0.745,
163,1.396,-1.25,
