1,-0.222,-0.616,
2,-0.071,-0.889,
3,-0.331,-1.057,
4,-0.621,-0.339,
5,-0.039,0.03,
6,-1.118,-0.162,
7,0.008,-0.107,
8,0.085,-0.997,
9,-0.306,-0.765,
10,-1.042,-0.077,
11,0.22,-0.655,
12,0.322,-0.782,
13,0.279,-0.055,
14,-0.812,-0.383,
15,-0.881,-0.466,
16,-0.169,-0.5,
17,-1.034,-1.378,
18,-0.147,-1.009,
19,0.212,-0.594,
20,-0.074,-0.601,
21,-0.135,-1.074,
22,-0.287,-0.646,
23,-0.57,-1.252,
24,0.534,-1.19,
25,-0.504,-0.484,
26,-0.249,-0.418,
27,-0.086,-0.785,
28,0.38,-0.68,
29,0.201,-0.373,
30,1.003,-0.29,
31,-0.252,-0.505,
32,0.332,-0.956,
33,-0.972,-1.221,
34,-0.619,-1.416,
35,-0.029,-0.458,
36,-0.402,-0.294,
37,0.077,-0.338,
38,0.102,-0.884,
39,-0.63,-0.755,
40,-0.067,-1.469,
41,0.254,-0.298,
42,0,0.152,
43,-0.132,0.031,
44,-0.399,-0.552,
45,-0.177,-0.699,
46,-0.594,-0.529,
47,-0.61,-0.947,
48,0.161,-0.299,
49,-0.023,-0.968,
50,-0.611,-1.065,
51,-0.243,-0.884,
52,-0.35,-0.7,
53,-0.149,-0.422,
54,-0.483,-0.39,
55,-0.936,-1.449,
56,-0.268,-0.476,
57,-0.446,-0.834,
58,-0.439,-0.388,
59,-0.35,-1.111,
60,-0.148,-0.744,
61,-0.665,-0.42,
62,0.503,-0.601,
63,0.144,-0.48,
64,-0.943,-1.097,
65,0.321,-0.825,
66,0.272,-0.236,
67,-1.314,-0.418,
68,-0.221,-0.723,
69,-0.177,-0.288,
70,0.032,-0.536,
71,-0.181,-0.862,
72,0.012,-0.637,
73,-0.137,-0.617,
74,0.216,-0.549,
75,0.171,-0.651,
76,-0.388,-0.646,
77,-0.231,-0.497,
78,-0.391,0.419,
79,-0.823,-0.59,
80,0.398,-1.149,
81,-0.696,-0.762,
82,-0.224,-0.227,
83,-0.017,-0.527,
84,-0.314,-0.744,
85,0.148,-0.807,
86,-0.127,0.094,
87,-0.286,-1.006,
88,0.04,-0.298,
89,-0.044,-1.143,
90,-0.199,-0.719,
91,-0.942,-0.536,
92,-0.526,-0.645,
93,-0.262,-0.058,
94,-0.581,0.482,
95,0.097,-0.888,
96,-0.281,-0.805,
97,-0.334,-0.664,
98,-0.971,-1.487,
99,-0.324,-0.934,
100,-0.321,-1.409,
101,-0.139,-0.376,
102,-0.694,-1.022,
103,-0.109,-0.957,
104,-0.758,-0.515,
105,-1.062,-1.06,
106,-0.014,-0.358,
107,-0.056,0.164,
108,-0.58,-0.842,
109,-0.068,-1.167,
110,-0.021,-0.721,
111,-0.368,0.098,
112,-0.95,-1.107,
113,-0.033,-0.817,
114,-0.245,-0.956,
115,-0.698,-2.142,
116,0.171,-1.214,
117,0.317,-0.717,
118,0.048,-0.717,
119,0.259,-0.983,
120,-0.107,-0.641,
121,-0.354,-0.7,
122,0.18,-0.442,
123,-0.577,-1.41,
124,-0.271,-1.049,
125,-0.47,-0.992,
126,0.16,-0.494,
127,0.127,-1.449,
128,0.064,-0.638,
129,-0.358,-0.654,
130,-0.379,-0.337,
131,-0.169,0.158,
132,-0.319,0.102,
133,-0.685,-0.569,
134,-0.061,-0.64,
135,-1.037,-1.206,
136,-0.32,-0.686,
137,0.14,-0.218,
138,-0.588,-0.677,
139,-0.674,-1.447,
140,-0.365,-1.092,
141,-0.843,-1.039,
142,-0.073,-1.279,
143,-0.354,-0.055,
144,-0.626,-0.76,
145,-0.604,-1.054,
146,0.45,0.1,
147,-0.193,-0.778,
148,-0.847,-0.465,
149,-0.36,-2.151,
150,-1.63,-1.967,
151,0.24,-0.299,
152,-1.4,-0.315,
153,0.026,-0.852,
154,-0.556,-0.526,
155,-0.757,-1.032,
156,-0.237,-0.525,
157,-0.819,-1.022,
158,0.061,-0.73,
159,-0.386,-0.92,
160,-0.942,-0.58,
161,-0.222,-0.58,
162,-0.336,-0.588,
163,0.475,-1.389,
