1,0.82,-0.762,
2,1.186,-0.91,
3,0.189,-1.096,
4,1.355,0.292,
5,1.063,-0.666,
6,-0.411,-0.949,
7,1.617,-0.273,
8,1.477,-0.854,
9,1.117,-1.968,
10,-0.261,-0.702,
11,1.555,-0.327,
12,1.118,-1.13,
13,1.681,-0.983,
14,0.709,-0.448,
15,0.265,-0.922,
16,0.932,-1.085,
17,0.897,-0.145,
18,1.202,-1.087,
19,1.437,-0.971,
20,1.024,-1.407,
21,0.737,-1.437,
22,0.021,-1.089,
23,1.169,-1.049,
24,0.81,-1.011,
25,1.016,-0.5,
26,1.467,-0.776,
27,1.374,-0.93,
28,1.145,-0.58,
29,0.713,-0.621,
30,0.17,-1.12,
31,1.342,-0.633,
32,0.908,-0.584,
33,1.142,-1.057,
34,0.408,-0.956,
35,1.565,-0.211,
36,0.561,-0.735,
37,1.164,-0.566,
38,0.519,-0.811,
39,0.962,-0.772,
40,1.391,-0.743,
41,1.749,-0.477,
42,2.554,-0.692,
43,1.629,-0.109,
44,1.387,-0.298,
45,0.649,-0.328,
46,0.918,-1.079,
47,0.289,-1.249,
48,1.974,-0.71,
49,0.927,-1.111,
50,1.214,-1.033,
51,1.104,-0.998,
52,0.133,-0.905,
53,1.442,-1.924,
54,1.142,-0.189,
55,0.869,-2.016,
56,1.293,-1.238,
57,0.713,-1.256,
58,0.77,-0.429,
59,0.652,-1.322,
60,0.909,-0.851,
61,0.851,-0.888,
62,1.832,-0.739,
63,0.649,-0.797,
64,0.501,-1.062,
65,1.258,-1.223,
66,1.308,-0.081,
67,0.667,-1.206,
68,0.531,-0.624,
69,1.479,-0.354,
70,0.616,-0.921,
71,0.551,-0.74,
72,1.765,-0.884,
73,0.997,-1,
74,1.148,-0.891,
75,0.577,-1.457,
76,1.307,-0.784,
77,0.971,-1.242,
78,0.884,-1.086,
79,0.602,-1.466,
80,0.917,-1.388,
81,0.634,-0.703,
82,1.309,-0.427,
83,0.758,-1.074,
84,0.628,-0.736,
85,1.243,-0.77,
86,0.772,-0.597,
87,0.251,-2.092,
88,1.132,-0.284,
89,0.983,-0.692,
90,1.879,-0.551,
91,1.352,0.108,
92,0.699,-1.314,
93,0.177,-0.352,
94,0.621,-0.528,
95,1.093,-0.293,
96,1.066,-1.804,
97,1.635,-0.67,
98,0.507,-1.742,
99,0.63,-1.141,
100,1.003,-0.735,
101,1.059,-0.08,
102,0.956,-1.353,
103,0.835,-0.419,
104,1.186,-1.12,
105,0.691,-1.108,
106,0.194,-0.724,
107,1.933,0.365,
108,0.822,-1.31,
109,1.038,-0.809,
110,1.071,-0.46,
111,0.638,-0.993,
112,0.257,-1.201,
113,1.06,-0.498,
114,0.892,-1.336,
115,0.693,-1.655,
116,1.035,-1.265,
117,1.321,-1.081,
118,1.355,-0.805,
119,0.738,-0.942,
120,0.957,-1.578,
121,1.058,-0.365,
122,1.622,-0.968,
123,0.767,-1.672,
124,1.329,-1.35,
125,0.459,-1.475,
126,1.35,-0.725,
127,1.523,-1.08,
128,1.032,-0.624,
129,1.326,-0.915,
130,1.113,-0.494,
131,1.478,0.391,
132,0.752,-1.078,
133,0.7,0.141,
134,0.748,-0.193,
135,1.127,-0.994,
136,0.652,-1.022,
137,0.378,-0.999,
138,0.826,-1.108,
139,0.677,-1.653,
140,0.947,-0.96,
141,0.764,-1.665,
142,1.237,-1.338,
143,1.462,-0.257,
144,0.968,-0.679,
145,0.222,-1.316,
146,1.535,-0.616,
147,0.955,-0.957,
148,0.347,-1.73,
149,1.586,-1.715,
150,-0.243,-0.773,
151,2.312,-0.973,
152,0.904,-0.914,
153,1.344,-1.3,
154,0.669,-1.323,
155,1.226,-1.939,
156,0.388,-0.674,
157,0.405,-1.633,
158,1.431,-0.612,
159,0.931,-1.336,
160,1.341,-1.137,
161,1.32,-0.821,
162,1.362,-0.942,
163,1.603,-1.395,
