1,1.154,1.268,
2,-0.537,0.974,
3,0.275,0.612,
4,-0.33,-0.194,
5,-1.129,1.69,
6,1.563,0.044,
7,1.617,1.566,
8,1.072,-0.557,
9,-0.447,-0.314,
10,-0.126,-0.288,
11,-0.553,0.725,
12,-0.227,-0.192,
13,0.69,0.552,
14,-0.627,0.623,
15,-0.985,0.996,
16,0.236,1.393,
17,-0.634,0.6,
18,0.314,0.278,
19,0.255,-0.375,
20,0.014,-0.691,
21,0.132,-0.398,
22,0.044,-0.541,
23,0.35,0.281,
24,0.007,0.623,
25,0.818,-0.312,
26,0.219,1.317,
27,0.196,0.537,
28,0.208,1.019,
29,0.527,0.702,
30,-0.411,0.558,
31,0.49,1.539,
32,0.467,0.762,
33,-0.693,-1.133,
34,-1.138,0.482,
35,0.561,0.99,
36,-0.192,0.919,
37,0.121,0.3,
38,0.67,-0.22,
39,0.222,0.001,
40,0.745,-0.219,
41,1.186,-0.522,
42,0.585,1.521,
43,-0.262,-0.387,
44,0.304,0.805,
45,-0.81,0.924,
46,0.453,0.269,
47,-0.807,0.435,
48,0.277,0.404,
49,0.863,0.29,
50,-0.214,0.374,
51,0.667,0.973,
52,0.155,0.141,
53,0.735,0.351,
54,0.485,0.103,
55,0.677,-0.386,
56,0.129,0.094,
57,1.117,0.193,
58,0.703,1.508,
59,0.76,0.868,
60,-0.185,0.744,
61,-0.343,0.321,
62,1.516,-0.383,
63,-0.426,0.616,
64,-0.113,-0.876,
65,0.552,0.49,
66,0.732,1.115,
67,-0.102,0.321,
68,0.818,0.986,
69,-0.275,1.355,
70,-0.016,0.392,
71,0.102,0.647,
72,0.885,1.096,
73,0.08,-0.567,
74,-0.16,0.661,
75,-1.566,0.43,
76,0.544,0.238,
77,0.659,1.847,
78,0.472,1.042,
79,-1.163,-0.456,
80,0.44,-0.036,
81,-0.041,0.842,
82,0.311,0.581,
83,0.351,0.74,
84,-0.297,-0.666,
85,0.123,0.81,
86,-0.035,0.516,
87,0.658,0.085,
88,-0.317,-0.045,
89,1.846,0.102,
90,-0.012,0.671,
91,0.192,1.123,
92,0.156,-0.146,
93,-0.413,0.652,
94,-0.299,0.877,
95,0.417,-0.836,
96,-0.333,0.344,
97,-0.681,-0.479,
98,-0.246,-0.339,
99,0.278,-1.754,
100,0.292,0.451,
101,-0.19,1.042,
102,-1.147,-0.568,
103,0.202,1.781,
104,0.527,0.067,
105,-0.502,-0.357,
106,-0.429,-0.481,
107,-1.003,0.395,
108,0.54,-0.82,
109,-0.574,-0.073,
110,0.717,0.341,
111,0.137,0.665,
112,-0.167,-0.177,
113,0.985,-0.498,
114,-0.053,-0.246,
115,-0.486,-0.854,
116,1.584,0.376,
117,0.584,0.525,
118,0.956,-0.464,
119,1.201,0.068,
120,0.155,-0.298,
121,-0.182,0.17,
122,0.757,0.369,
123,-0.141,-1.498,
124,0.287,0.237,
125,-0.476,-0.744,
126,0.036,-0.336,
127,-0.911,0.395,
128,0.006,0.244,
129,-0.15,-0.049,
130,0.447,-1.331,
131,1.851,0.611,
132,0.105,0.054,
133,0.427,0.163,
134,0.055,-0.717,
135,1.945,-0.727,
136,1.272,0.354,
137,0.818,0.335,
138,0.1,-0.114,
139,0.488,-0.474,
140,-0.485,0.912,
141,-0.195,-0.228,
142,-1.161,-0.132,
143,0.41,-0.243,
144,-0.26,0.721,
145,-0.424,-0.149,
146,-0.03,0.949,
147,-0.678,0.741,
148,-1.751,-0.511,
149,-0.464,-0.84,
150,-1.208,-0.383,
151,0.903,0.252,
152,-1.231,0.519,
153,-0.578,0.247,
154,-0.049,0.069,
155,0.002,0.442,
156,-0.802,1.165,
157,-0.552,-1.533,
158,1.493,-0.573,
159,0.651,-0.873,
160,0.015,0.168,
161,-0.095,-0.084,
162,0.002,0.118,
163,1.163,0.614,
