1,-1.57,-0.425,
2,-0.131,-0.06,
3,0.35,-0.153,
4,0.009,0.102,
5,-1.132,-0.992,
6,-0.038,-0.312,
7,0.608,-0.123,
8,0.168,-0.444,
9,0.083,-0.34,
10,-0.856,-0.168,
11,-0.22,0.329,
12,1.065,0.099,
13,0.124,-0.344,
14,0.145,-0.131,
15,-0.048,-0.49,
16,0.156,0.005,
17,-0.153,0.397,
18,-0.295,0.464,
19,-0.25,0.225,
20,-1.317,-0.281,
21,0.055,0.071,
22,-0.106,0.579,
23,0.019,-0.365,
24,-0.167,0.317,
25,0.092,0.561,
26,0.252,-0.269,
27,-0.007,0.508,
28,0.029,0.071,
29,-0.309,0.507,
30,0.352,0.484,
31,-0.264,-0.913,
32,0.689,0.213,
33,0.687,-0.238,
34,0.128,-0.168,
35,-0.233,-0.147,
36,0.068,0.235,
37,0.098,0.16,
38,-0.021,0.294,
39,1.115,0.733,
40,-0.516,-0.53,
41,-0.049,-0.303,
42,-0.213,0.21,
43,0.458,-0.105,
44,-0.24,-0.071,
45,0.312,0.087,
46,0.14,-0.154,
47,-0.16,-0.029,
48,0.506,-0.026,
49,-0.337,0.089,
50,-0.072,-0.13,
51,-0.237,-0.292,
52,0.444,-0.312,
53,0.341,-0.015,
54,0.49,1.149,
55,0.631,-0.286,
56,-0.202,0.453,
57,-0.771,0.454,
58,-0.439,-0.982,
59,0.145,0.05,
60,-0.256,0.209,
61,-0.08,0.388,
62,0.548,-0.347,
63,-1.317,-0.97,
64,-0.087,-0.18,
65,0.298,-0.695,
66,0.554,-0.157,
67,-0.077,0.131,
68,0.028,0.134,
69,1.176,0.399,
70,-0.564,0.933,
71,0.172,0.386,
72,0.754,-0.3,
73,0.95,-0.32,
74,0.36,0.09,
75,0.142,0.421,
76,0.483,-0.27,
77,0.333,0.423,
78,0.322,0.15,
79,0.423,-0.195,
80,0.092,0.018,
81,0.667,-0.442,
82,0.086,-0.032,
83,0.103,0.079,
84,0.283,0.042,
85,-0.671,-0.389,
86,-0.688,-0.184,
87,-0.728,-0.403,
88,0.39,0.284,
89,0.328,0.149,
90,0.211,0.08,
91,0.231,0.11,
92,-0.1,0.115,
93,-0.198,0.52,
94,0.482,0.372,
95,-0.733,0.882,
96,0.371,-0.471,
97,0.222,-0.091,
98,-0.009,-0.649,
99,0.008,-0.928,
100,1.589,1.136,
101,0.739,0.317,
102,-0.319,0.001,
103,-1.38,-0.59,
104,0.565,0.368,
105,-0.286,0.15,
106,-1.52,-0.763,
107,-0.224,0.12,
108,0.129,-0.164,
109,0.433,-0.454,
110,-0.243,-0.12,
111,-0.097,-0.643,
112,-0.658,0.078,
113,0.267,0.356,
114,0.949,1.071,
115,0.174,0.49,
116,0.75,0.709,
117,0.276,-0.659,
118,0.412,0.031,
119,-0.093,-0.387,
120,0.112,-0.344,
121,0.1,-0.072,
122,0.422,0.183,
123,-0.308,0.508,
124,0.031,-1.099,
125,0.193,-0.176,
126,0.641,0.229,
127,0.336,0.539,
128,-0.017,0.427,
129,0.627,0.258,
130,0.545,-0.155,
131,-0.467,0.483,
132,0.911,-0.811,
133,0.261,-1.164,
134,-0.222,-0.206,
135,0.096,0.307,
136,0.335,0.552,
137,0.389,0.572,
138,0.805,0.153,
139,-0.113,-0.318,
140,-0.216,-0.213,
141,-0.52,0.607,
142,0.144,0.811,
143,-0.704,0.41,
144,1.14,-0.876,
145,-0.099,-0.104,
146,-0.639,-0.415,
147,0.057,0.215,
148,-0.066,-0.25,
149,0.316,0.258,
150,-0.363,-0.174,
151,0.403,0.537,
152,0.517,-0.782,
153,0.422,-1.392,
154,0.012,0.117,
155,-0.339,0.15,
156,-0.123,0.755,
157,0.06,-0.408,
158,-0.09,-0.061,
159,-0.823,0.021,
160,-0.162,0.156,
161,-0.086,-0.133,
162,-0.341,0.297,
163,0.292,-0.322,
