1,0.925,-0.743,
2,1.128,-0.953,
3,0.247,-1.077,
4,1.276,-0.16,
5,1.226,-0.606,
6,-0.243,-1.037,
7,1.191,-0.429,
8,1.414,-0.779,
9,0.879,-1.637,
10,0.019,-0.378,
11,1.529,-0.56,
12,1.244,-1.255,
13,1.685,-0.97,
14,0.688,-0.644,
15,0.537,-1.041,
16,0.999,-1.144,
17,0.696,-0.401,
18,1.121,-1.024,
19,1.276,-0.825,
20,1.071,-1.177,
21,0.793,-1.246,
22,0.415,-1.147,
23,1.115,-1.096,
24,0.931,-1.048,
25,0.817,-0.708,
26,1.436,-0.581,
27,1.411,-0.846,
28,1.135,-0.657,
29,0.82,-0.782,
30,0.503,-0.814,
31,1.228,-0.271,
32,0.869,-0.905,
33,1.001,-1.06,
34,0.373,-1.053,
35,1.434,-0.188,
36,0.563,-0.786,
37,1.134,-0.699,
38,0.686,-0.936,
39,0.874,-0.936,
40,1.246,-0.777,
41,1.672,-0.321,
42,1.82,-0.588,
43,1.345,-0.345,
44,1.455,-0.405,
45,0.897,-0.548,
46,0.905,-0.996,
47,0.393,-1.363,
48,1.838,-0.908,
49,0.939,-1.138,
50,0.971,-1.187,
51,1.132,-0.922,
52,0.442,-0.876,
53,1.401,-1.515,
54,1.188,-0.549,
55,0.787,-1.913,
56,1.003,-0.934,
57,0.857,-1.192,
58,0.78,-0.4,
59,0.727,-1.384,
60,0.931,-0.95,
61,0.9,-0.933,
62,1.586,-0.7,
63,0.928,-0.671,
64,0.481,-1.145,
65,1.177,-1.141,
66,1.208,-0.123,
67,0.604,-1.227,
68,0.843,-0.673,
69,1.287,-0.377,
70,0.761,-0.92,
71,0.674,-0.899,
72,1.446,-0.868,
73,0.864,-0.751,
74,1.202,-0.829,
75,0.731,-1.392,
76,1.015,-0.675,
77,0.884,-1.151,
78,0.846,-0.881,
79,0.413,-1.225,
80,0.845,-1.487,
81,0.889,-0.815,
82,1.361,-0.591,
83,1.092,-0.966,
84,0.703,-0.833,
85,1.217,-0.815,
86,0.848,-0.514,
87,0.628,-1.76,
88,1.162,-0.705,
89,1.027,-0.854,
90,1.486,-0.779,
91,1.265,-0.089,
92,0.867,-1.182,
93,0.424,-0.451,
94,0.605,-0.489,
95,1.162,-0.763,
96,0.987,-1.484,
97,1.583,-0.692,
98,0.458,-1.615,
99,0.81,-1.037,
100,0.687,-0.928,
101,1.024,-0.401,
102,1.035,-1.351,
103,1.003,-0.449,
104,1.021,-1.021,
105,0.814,-1.137,
106,0.566,-0.619,
107,1.652,0.403,
108,0.917,-1.206,
109,1.017,-0.868,
110,1.321,-0.463,
111,0.824,-0.83,
112,0.198,-1.24,
113,1.077,-0.711,
114,0.803,-1.281,
115,0.748,-1.999,
116,1.091,-1.203,
117,1.295,-0.872,
118,1.144,-0.95,
119,0.891,-0.891,
120,0.955,-1.205,
121,0.931,-0.726,
122,1.416,-0.841,
123,0.657,-1.787,
124,1.363,-1.234,
125,0.631,-1.433,
126,1.316,-0.984,
127,1.358,-1.322,
128,1.008,-0.618,
129,1.084,-0.924,
130,1.191,-0.579,
131,1.439,0.219,
132,0.638,-1.006,
133,0.732,-0.195,
134,0.813,-0.315,
135,1.057,-1.177,
136,0.757,-1.06,
137,0.473,-0.947,
138,0.779,-1.065,
139,0.687,-1.594,
140,1.056,-0.92,
141,0.818,-1.539,
142,1.105,-1.386,
143,1.352,-0.405,
144,0.92,-0.745,
145,0.632,-1.231,
146,1.65,-0.535,
147,1.035,-0.944,
148,0.406,-1.116,
149,1.359,-2.019,
150,-0.245,-0.738,
151,1.997,-0.761,
152,0.93,-0.717,
153,1.342,-1.199,
154,0.742,-1.38,
155,1.137,-1.615,
156,0.463,-0.686,
157,0.577,-1.374,
158,1.375,-0.517,
159,1.117,-1.177,
160,1.211,-0.927,
161,1.322,-0.945,
162,1.284,-1.008,
163,1.735,-1.4,
