1,0.354,0.823,
2,0.106,0.305,
3,-0.139,0.313,
4,0.257,0.381,
5,-0.037,0.876,
6,-0.832,0.42,
7,0.182,1.235,
8,0.561,0.619,
9,-0.17,-0.042,
10,-0.326,1.168,
11,0.505,0.87,
12,-0.041,-0.222,
13,0.777,0.442,
14,-0.293,0.71,
15,-0.354,0.188,
16,0.1,0.469,
17,-0.485,0.636,
18,-0.205,0.497,
19,0.326,0.624,
20,0.083,0.179,
21,-0.009,0.322,
22,0.013,0.157,
23,0.2,0.231,
24,0.141,0.449,
25,-0.025,0.488,
26,0.279,1.285,
27,0.435,0.578,
28,0.35,0.811,
29,0.252,0.659,
30,0.257,1.043,
31,0.266,1.304,
32,0.261,0.305,
33,-0.122,0.308,
34,-0.451,0.04,
35,0.274,1.153,
36,-0.197,0.627,
37,0.096,0.319,
38,0.042,0.464,
39,0.063,0.424,
40,0.112,0.512,
41,0.568,0.668,
42,0.496,0.927,
43,0.254,0.597,
44,0.364,1.078,
45,-0.149,0.788,
46,-0.004,0.501,
47,-0.732,0.262,
48,0.811,0.54,
49,0.104,0.214,
50,-0.293,0.15,
51,0.137,0.512,
52,0.255,0.547,
53,0.403,-0.008,
54,0.368,0.607,
55,-0.194,-0.256,
56,0.112,0.606,
57,0.009,0.432,
58,0.066,0.777,
59,-0.208,0.406,
60,-0.027,0.536,
61,-0.02,0.536,
62,0.509,0.578,
63,-0.132,0.695,
64,-0.346,0.064,
65,0.359,0.353,
66,0.522,1.229,
67,-0.216,0.349,
68,0.305,0.586,
69,0.162,1.182,
70,-0.06,0.462,
71,-0.012,0.396,
72,0.532,0.601,
73,-0.262,0.324,
74,0.289,0.687,
75,-0.401,0.279,
76,-0.151,0.734,
77,0.086,0.64,
78,-0.267,0.663,
79,-0.903,0.372,
80,0.122,0.085,
81,0.308,0.411,
82,0.293,0.523,
83,0.369,0.551,
84,-0.079,0.327,
85,0.306,0.729,
86,-0.092,0.94,
87,0.229,-0.134,
88,0.096,0.11,
89,0.538,0.599,
90,0.193,0.366,
91,0.046,0.995,
92,0.005,0.225,
93,-0.292,1,
94,-0.207,1.007,
95,0.206,0.171,
96,-0.097,0.355,
97,0.361,0.468,
98,-0.508,-0.212,
99,0.243,0.131,
100,-0.079,0.488,
101,0.041,0.902,
102,0,0.08,
103,-0.066,0.866,
104,0.052,0.478,
105,-0.26,-0.085,
106,0.052,0.831,
107,0.323,1.492,
108,-0.038,0.085,
109,0.028,0.484,
110,0.601,0.763,
111,0.104,0.614,
112,-0.57,0.182,
113,0.282,0.205,
114,0.071,0.12,
115,0.008,-1.03,
116,0.435,0.24,
117,0.394,0.519,
118,0.114,0.324,
119,0.339,0.368,
120,0.226,0.295,
121,-0.182,0.394,
122,0.698,0.707,
123,-0.231,-0.604,
124,0.396,0.13,
125,0.013,0.121,
126,0.485,0.298,
127,0.317,0.093,
128,-0.055,0.729,
129,-0.121,0.397,
130,0.277,0.278,
131,0.695,1.414,
132,-0.318,0.382,
133,-0.121,0.709,
134,0.141,0.554,
135,0.135,-0.063,
136,0.11,0.251,
137,-0.018,0.778,
138,0.003,0.474,
139,-0.299,-0.117,
140,-0.015,0.602,
141,-0.052,-0.146,
142,-0.227,0.121,
143,0.104,0.682,
144,-0.378,0.881,
145,-0.303,0.078,
146,0.63,1.003,
147,-0.128,0.722,
148,-0.554,0.436,
149,-0.095,-1.166,
150,-1.083,0.634,
151,0.9,0.981,
152,-0.373,0.988,
153,0.262,0.288,
154,-0.084,0.269,
155,-0.023,0.563,
156,-0.437,1.011,
157,-0.206,0.161,
158,0.463,0.641,
159,0.313,0.383,
160,-0.107,0.722,
161,0.236,0.41,
162,-0.079,0.376,
163,0.81,-0.134,
