1,0.88,0.902,
2,-0.636,0.454,
3,0.011,0.535,
4,-0.047,0.064,
5,-0.532,1.078,
6,0.916,0.065,
7,0.575,1.04,
8,0.804,-0.343,
9,-0.454,-0.048,
10,-0.364,0.412,
11,0.582,0.92,
12,0.387,-0.194,
13,0.64,0.808,
14,-0.198,0.42,
15,-0.356,0.251,
16,0.235,0.365,
17,-0.376,0.69,
18,-0.43,0.113,
19,0.558,0.287,
20,-0.763,-0.609,
21,0.296,0.088,
22,0.544,-0.228,
23,0.221,0.161,
24,-0.087,0.607,
25,0.45,-0.329,
26,0.222,1.186,
27,0.381,0.515,
28,0.362,0.609,
29,0.438,0.369,
30,0.059,0.533,
31,0.465,1.694,
32,0.413,0.352,
33,0.058,0.188,
34,-0.4,0.215,
35,0.414,1.084,
36,-0.252,0.726,
37,0.098,0.419,
38,-0.168,0.103,
39,0.436,0.118,
40,0.228,0.28,
41,0.889,-0.362,
42,0.816,1.295,
43,-0.344,-0.13,
44,0.302,0.763,
45,-0.161,0.631,
46,0.52,0.139,
47,-0.465,0.34,
48,0.418,0.488,
49,0.075,0.22,
50,-0.119,0.211,
51,0.447,0.493,
52,0.406,0.097,
53,0.683,-0.684,
54,0.74,0.146,
55,0.316,-0.332,
56,-0.186,0.957,
57,1.026,0.079,
58,0.549,0.965,
59,-0.09,0.064,
60,-0.221,0.683,
61,0.472,0.589,
62,0.56,-0.343,
63,-0.223,0.753,
64,0.412,-0.446,
65,0.31,0.35,
66,0.629,0.926,
67,-0.333,0.197,
68,0.282,0.764,
69,0.192,0.789,
70,-0.006,0.351,
71,-0.351,0.748,
72,0.814,0.986,
73,-0.029,0.505,
74,-0.079,0.605,
75,-0.428,0.125,
76,-0.362,0.404,
77,0.119,0.632,
78,0.176,0.793,
79,-1.305,-0.085,
80,0.26,0.121,
81,-0.187,0.552,
82,0.291,0.626,
83,0.845,0.844,
84,0.501,0.579,
85,0.553,0.951,
86,-0.039,0.781,
87,0.749,0.328,
88,-0.274,0.054,
89,0.97,0.45,
90,0.206,0.46,
91,-0.069,0.896,
92,0.172,-0.216,
93,-0.666,0.557,
94,-0.335,0.969,
95,0.148,-0.193,
96,0.351,-0.197,
97,-0.104,0.171,
98,-0.298,-0.92,
99,0.24,-0.974,
100,0.034,0.264,
101,-0.202,0.893,
102,-0.109,-0.256,
103,-0.191,1.525,
104,0.249,0.311,
105,-0.174,-0.386,
106,-0.206,0.272,
107,0.264,0.987,
108,0.146,0.318,
109,-0.156,0.337,
110,0.89,0.658,
111,-0.238,-0.063,
112,-0.23,-0.017,
113,0.702,0.312,
114,-0.033,0.002,
115,0.018,-0.737,
116,1.209,0.162,
117,0.985,0.085,
118,0.726,0.418,
119,0.459,0.229,
120,-0.082,0.147,
121,-0.217,0.54,
122,1.195,0.261,
123,0.064,-0.948,
124,0.36,0.493,
125,-0.819,-0.83,
126,0.407,0.198,
127,-0.407,0.291,
128,0.029,0.503,
129,0.163,0.144,
130,0.358,-0.465,
131,1.288,1.364,
132,-0.012,0.213,
133,0.31,0.08,
134,-0.124,-0.052,
135,0.828,-0.409,
136,1.154,0.748,
137,0.168,0.626,
138,0.04,0.123,
139,0.048,0.259,
140,-0.066,0.415,
141,0.063,-0.137,
142,-0.87,0.171,
143,-0.115,0.405,
144,-0.238,0.643,
145,0.139,0.143,
146,0.564,1.043,
147,-0.216,0.756,
148,-1.018,0.157,
149,-0.705,-0.627,
150,-1.651,0.267,
151,0.934,0.454,
152,-0.887,0.996,
153,0.427,-0.372,
154,-0.112,0.035,
155,-0.016,0.229,
156,-0.31,1.256,
157,-0.1,-0.445,
158,0.907,0.431,
159,0.338,-0.401,
160,-0.005,0.446,
161,0.126,-0.047,
162,0.18,0.42,
163,1.123,0.589,
