1,0.953,1.008,
2,-0.491,0.568,
3,0.162,-0.191,
4,-0.117,-1.03,
5,-1.212,1.391,
6,1.683,-0.06,
7,1.593,1.379,
8,0.814,-0.998,
9,-0.505,-0.604,
10,-0.134,-0.357,
11,-0.331,0.86,
12,-0.3,-0.459,
13,1.014,-0.163,
14,-0.409,0.198,
15,-1.087,0.881,
16,-0.291,1.621,
17,-0.82,0.518,
18,0.195,0.325,
19,0.218,-0.472,
20,-0.103,-0.872,
21,0.019,-0.264,
22,0.107,-0.546,
23,0.298,0.295,
24,0.301,0.282,
25,1.129,-0.597,
26,-0.167,0.856,
27,0.19,0.507,
28,0.268,0.975,
29,0.59,0.618,
30,-0.448,0.473,
31,0.489,1.595,
32,0.399,0.674,
33,-0.619,-0.841,
34,-1.102,0.338,
35,0.655,0.857,
36,0.431,0.49,
37,-0.636,0.112,
38,0.399,-0.124,
39,0.324,0.1,
40,0.58,-0.052,
41,1.094,-0.549,
42,0.815,1.576,
43,-0.263,-0.242,
44,0.215,0.919,
45,-0.768,0.985,
46,0.287,0.224,
47,-0.938,0.578,
48,0.973,0.366,
49,0.612,0.237,
50,-0.296,0.346,
51,0.5,0.92,
52,0.12,0.166,
53,0.696,0.076,
54,0.633,0.171,
55,0.645,-0.428,
56,0.09,0.429,
57,1.239,0.243,
58,0.756,1.385,
59,0.57,0.78,
60,-0.119,0.79,
61,-0.21,-0.029,
62,1.198,-0.269,
63,-0.734,0.515,
64,-0.052,-0.69,
65,0.455,0.409,
66,0.578,1.039,
67,-0.117,0.353,
68,0.692,1.053,
69,-0.316,1.469,
70,-0.069,0.336,
71,-0.021,0.686,
72,0.831,1.211,
73,0.015,-0.522,
74,0.153,0.624,
75,-1.504,0.439,
76,0.086,0.412,
77,0.569,1.7,
78,0.336,1.002,
79,-1.363,-0.543,
80,0.46,0.16,
81,-0.062,0.861,
82,0.228,0.531,
83,0.454,0.791,
84,-0.379,-0.621,
85,0.274,0.854,
86,-0.068,0.58,
87,0.734,0.291,
88,0.09,-0.17,
89,1.643,-0.071,
90,-0.303,0.787,
91,0.151,1.038,
92,0.044,-0.088,
93,-0.522,0.607,
94,-0.354,0.941,
95,0.402,-0.764,
96,-0.321,0.198,
97,-0.647,-0.342,
98,-0.305,-0.577,
99,0.325,-1.664,
100,0.306,0.549,
101,0.219,1.105,
102,-1.1,-0.585,
103,-0.179,1.668,
104,0.443,0.086,
105,-0.592,-0.444,
106,-0.303,-0.1,
107,-0.803,0.602,
108,0.478,-0.574,
109,-0.469,0.009,
110,0.81,0.437,
111,0.153,0.408,
112,-0.013,-0.081,
113,1.138,-0.338,
114,0.062,-0.241,
115,-0.112,-1.177,
116,0.897,0.652,
117,0.787,0.512,
118,1.009,-0.243,
119,0.867,0.032,
120,0.06,-0.192,
121,-0.176,0.116,
122,1.05,0.322,
123,-0.286,-1.287,
124,0.345,0.316,
125,-0.639,-0.718,
126,0.214,-0.048,
127,-0.275,0.428,
128,-0.462,0.761,
129,-0.315,0.041,
130,0.473,-1.309,
131,1.764,0.664,
132,0.001,0.16,
133,0.262,0.307,
134,-0.063,-0.655,
135,1.876,-0.658,
136,1.426,0.439,
137,0.911,0.378,
138,0.552,0.569,
139,0.014,-0.473,
140,-0.888,1.495,
141,-0.14,-0.209,
142,-1.255,-0.078,
143,0.173,-0.217,
144,-0.349,0.97,
145,-0.346,0.039,
146,-0.042,1.036,
147,-0.692,0.853,
148,-1.674,-0.319,
149,-0.472,-0.717,
150,-1.057,0.162,
151,0.794,0.541,
152,-1.322,0.74,
153,-0.567,0.318,
154,-0.056,0.087,
155,0.244,1.039,
156,-0.847,1.719,
157,-0.515,-1.428,
158,1.46,-0.657,
159,0.771,-0.528,
160,-0.373,0.603,
161,0.091,0.782,
162,0.069,0.402,
163,1.244,0.662,
