1,0.16,0.113,
2,-0.042,0.658,
3,0.567,0.159,
4,-0.703,-0.623,
5,-0.71,0.898,
6,-0.099,-0.44,
7,1.444,-0.019,
8,-0.258,-1.251,
9,-0.297,-1.411,
10,-0.247,-1.133,
11,-0.027,0.375,
12,-0.022,0.119,
13,0.329,-0.146,
14,-0.487,-1.593,
15,-0.331,0.479,
16,0.666,0.649,
17,-0.6,0.244,
18,0.079,-0.033,
19,-0.583,-0.016,
20,-0.736,0.006,
21,-0.051,0.128,
22,-0.348,0.079,
23,0.058,0.045,
24,-0.325,0.341,
25,1.754,-0.39,
26,0.221,0.059,
27,-0.027,0.31,
28,-0.468,0.218,
29,0.028,0.187,
30,-0.823,-0.735,
31,0.087,0.114,
32,-0.087,0.519,
33,-0.401,-1.104,
34,-1.098,0.526,
35,0.049,0.518,
36,0.458,0.733,
37,-0.15,0.233,
38,0.272,0.152,
39,0.439,0.205,
40,0.208,-0.817,
41,0.167,-0.157,
42,0.566,0.415,
43,-0.278,-0.177,
44,0.443,0.117,
45,-0.469,0.584,
46,0.153,-0.364,
47,-0.437,0.123,
48,-0.02,-0.008,
49,0.16,0.359,
50,0.053,0.344,
51,-0.096,0.462,
52,-0.281,-0.045,
53,0.362,0.157,
54,0.502,-0.118,
55,0.617,-0.358,
56,-0.492,0.895,
57,0.594,-0.216,
58,0.518,1.078,
59,0.686,0.351,
60,-0.269,0.727,
61,-0.247,-0.291,
62,0.764,-0.059,
63,-0.168,0.12,
64,0.471,-0.861,
65,0.144,0.315,
66,-0.426,0.088,
67,-0.24,-0.059,
68,0.192,0.228,
69,-0.065,0.499,
70,0.046,-0.048,
71,0.761,0.192,
72,0.033,0.725,
73,0.252,-0.322,
74,-0.068,0.263,
75,-0.697,0.854,
76,1.182,-0.208,
77,0.199,1.355,
78,0.416,0.598,
79,-1.281,-0.65,
80,-0.114,0.135,
81,-0.245,0.893,
82,0.188,0.243,
83,0.372,0.591,
84,-0.088,-0.66,
85,0.235,0.456,
86,0.182,0.177,
87,0.188,0.303,
88,-0.155,0.092,
89,0.207,0.552,
90,-0.401,0.59,
91,0.744,0.218,
92,-0.044,-0.101,
93,-0.395,-0.029,
94,-0.33,0.345,
95,-0.17,-0.759,
96,0.267,-0.699,
97,-0.88,-0.779,
98,0.125,-0.949,
99,-0.01,-0.614,
100,0.147,-0.074,
101,-0.302,0.349,
102,-0.487,-0.161,
103,-0.505,1.149,
104,0.575,-0.162,
105,-0.289,0.743,
106,-0.537,-1.373,
107,-1.292,-0.239,
108,0.825,-0.184,
109,-0.762,-0.526,
110,0.647,-0.236,
111,-0.023,-0.239,
112,0.347,0.04,
113,1.251,0.978,
114,-0.311,-0.304,
115,0.015,0.335,
116,0.204,0.6,
117,0.543,0.584,
118,0.314,-0.192,
119,0.319,-0.117,
120,-0.137,-0.347,
121,-0.242,-0.355,
122,0.832,-0.447,
123,-0.508,0.064,
124,0.27,0.816,
125,-0.781,-0.326,
126,0.044,0.12,
127,-0.984,0.623,
128,-0.277,0.325,
129,0.52,-0.312,
130,0.2,-0.574,
131,0.866,-0.011,
132,-0.038,0.072,
133,0.163,-0.161,
134,-0.623,-0.351,
135,1.17,0.145,
136,1.08,0.937,
137,1.138,0.013,
138,0.195,0.06,
139,0.139,-0.494,
140,-0.739,0.833,
141,-0.632,0.465,
142,-0.302,-0.209,
143,0.151,-0.857,
144,0.675,-0.266,
145,-0.709,0.237,
146,-0.937,0.396,
147,-0.544,0.701,
148,-0.764,-0.514,
149,-0.595,0.683,
150,-0.849,-0.13,
151,0.527,-0.503,
152,-0.804,-0.376,
153,-0.378,-0.09,
154,-0.021,-0.04,
155,0.157,0.128,
156,-0.36,0.371,
157,-0.009,-1.061,
158,0.178,0.236,
159,-0.015,-0.278,
160,-0.296,-0.113,
161,-0.136,0.187,
162,0.167,1.423,
163,0.581,1.036,
