1,0.383,0.843,
2,0.077,0.387,
3,-0.114,0.446,
4,0.21,0.505,
5,-0.013,0.946,
6,-0.837,0.427,
7,0.151,1.229,
8,0.636,0.712,
9,-0.151,0.013,
10,-0.318,1.164,
11,0.458,0.842,
12,-0.033,-0.162,
13,0.724,0.547,
14,-0.343,0.805,
15,-0.314,0.203,
16,0.219,0.391,
17,-0.457,0.655,
18,-0.18,0.484,
19,0.335,0.643,
20,0.102,0.212,
21,0.016,0.293,
22,0.004,0.157,
23,0.212,0.227,
24,0.096,0.497,
25,-0.08,0.547,
26,0.337,1.345,
27,0.434,0.586,
28,0.338,0.818,
29,0.242,0.674,
30,0.261,1.054,
31,0.269,1.297,
32,0.275,0.325,
33,-0.135,0.244,
34,-0.462,0.072,
35,0.259,1.176,
36,-0.299,0.706,
37,0.213,0.353,
38,0.099,0.443,
39,0.045,0.403,
40,0.147,0.472,
41,0.588,0.662,
42,0.454,0.92,
43,0.247,0.557,
44,0.386,1.048,
45,-0.153,0.768,
46,0.034,0.508,
47,-0.702,0.233,
48,0.708,0.542,
49,0.151,0.226,
50,-0.277,0.16,
51,0.175,0.522,
52,0.261,0.539,
53,0.414,0.046,
54,0.341,0.589,
55,-0.183,-0.248,
56,0.117,0.537,
57,-0.007,0.423,
58,0.061,0.805,
59,-0.168,0.421,
60,-0.037,0.528,
61,-0.038,0.617,
62,0.538,0.541,
63,-0.073,0.698,
64,-0.352,0.021,
65,0.375,0.36,
66,0.553,1.242,
67,-0.213,0.34,
68,0.336,0.572,
69,0.175,1.149,
70,-0.046,0.469,
71,0.014,0.389,
72,0.546,0.578,
73,-0.245,0.317,
74,0.241,0.694,
75,-0.373,0.266,
76,-0.051,0.679,
77,0.104,0.671,
78,-0.234,0.67,
79,-0.861,0.394,
80,0.118,0.045,
81,0.305,0.406,
82,0.314,0.535,
83,0.343,0.537,
84,-0.04,0.334,
85,0.273,0.709,
86,-0.082,0.925,
87,0.219,-0.171,
88,0,0.159,
89,0.537,0.649,
90,0.238,0.353,
91,0.054,1.012,
92,0.031,0.211,
93,-0.275,1.004,
94,-0.199,0.997,
95,0.211,0.155,
96,-0.096,0.385,
97,0.356,0.441,
98,-0.495,-0.17,
99,0.239,0.119,
100,-0.088,0.451,
101,-0.02,0.894,
102,0.009,0.082,
103,0.016,0.906,
104,0.074,0.469,
105,-0.241,-0.067,
106,0.025,0.752,
107,0.278,1.443,
108,-0.026,0.035,
109,0.008,0.465,
110,0.586,0.743,
111,0.098,0.664,
112,-0.598,0.163,
113,0.253,0.173,
114,0.044,0.115,
115,-0.065,-0.944,
116,0.531,0.206,
117,0.358,0.519,
118,0.109,0.278,
119,0.41,0.375,
120,0.243,0.272,
121,-0.182,0.408,
122,0.64,0.713,
123,-0.199,-0.65,
124,0.384,0.118,
125,0.036,0.106,
126,0.447,0.239,
127,0.211,0.087,
128,0.015,0.652,
129,-0.096,0.379,
130,0.271,0.268,
131,0.711,1.392,
132,-0.29,0.359,
133,-0.085,0.677,
134,0.164,0.537,
135,0.157,-0.082,
136,0.089,0.246,
137,-0.027,0.755,
138,-0.075,0.363,
139,-0.173,-0.09,
140,0.048,0.502,
141,-0.064,-0.149,
142,-0.21,0.117,
143,0.155,0.674,
144,-0.358,0.824,
145,-0.316,0.04,
146,0.63,0.986,
147,-0.136,0.693,
148,-0.563,0.397,
149,-0.125,-1.155,
150,-1.134,0.502,
151,0.91,0.929,
152,-0.357,0.937,
153,0.268,0.253,
154,-0.08,0.269,
155,-0.066,0.474,
156,-0.416,0.89,
157,-0.186,0.168,
158,0.468,0.677,
159,0.272,0.286,
160,-0.058,0.649,
161,0.199,0.278,
162,-0.063,0.313,
163,0.805,-0.128,
