1,-2.135,-0.644,
2,0.194,-0.127,
3,0.274,-0.593,
4,0.265,0.871,
5,-1.834,-1.46,
6,-0.724,-0.445,
7,2.121,0.43,
8,0.687,-0.962,
9,0.397,-1.342,
10,-1.615,-1.136,
11,0.136,0.751,
12,1.488,0.424,
13,0.795,-0.798,
14,0.292,0.626,
15,-0.659,-0.962,
16,0.496,0.307,
17,0.724,0.739,
18,0.099,0.192,
19,0.052,-0.283,
20,-2.068,-1.423,
21,0.163,-0.573,
22,-0.096,0.973,
23,0.46,-0.859,
24,-0.048,0.242,
25,0.158,1.444,
26,0.439,-0.703,
27,-0.312,0.11,
28,0.439,0.107,
29,-0.241,1.031,
30,-0.557,-0.187,
31,-0.148,-2.262,
32,1.744,0.993,
33,2.147,-0.627,
34,0.517,-0.474,
35,0.413,-0.632,
36,0.052,0.089,
37,0.566,0.301,
38,-0.108,0.982,
39,1.777,1.743,
40,-0.294,-0.944,
41,0.123,-0.941,
42,0.898,0.392,
43,1.135,0.247,
44,-0.418,0.193,
45,0.311,0.514,
46,0.08,-0.679,
47,-0.594,-0.077,
48,1.603,0.34,
49,0.057,-0.392,
50,0.819,0.058,
51,-0.022,-0.662,
52,0.842,-0.162,
53,1.344,-1.007,
54,0.61,2.524,
55,1.446,-1.11,
56,0.415,-0.46,
57,-1.391,0.55,
58,-0.587,-1.351,
59,0.035,-0.066,
60,-0.127,-0.164,
61,-0.256,0.76,
62,1.085,-0.657,
63,-1.028,-2.241,
64,-0.594,-0.777,
65,1.075,-1.776,
66,1.593,-0.276,
67,0.332,0.026,
68,-0.244,0.573,
69,2.012,0.534,
70,-0.106,1.666,
71,0.304,0.759,
72,2.395,-0.81,
73,1.85,-1.469,
74,0.384,-0.368,
75,-0.108,0.213,
76,1.846,-0.796,
77,1.183,0.206,
78,0.832,-1.081,
79,1.38,-1.449,
80,1.1,-0.188,
81,0.776,-1.283,
82,0.48,-0.231,
83,-0.292,-0.286,
84,0.369,-0.051,
85,-0.093,-0.746,
86,-1.241,-0.231,
87,-1.837,-1.62,
88,0.905,0.81,
89,0.803,0.13,
90,1.978,0.205,
91,0.533,0.265,
92,-0.347,-0.678,
93,-0.792,0.808,
94,1.158,0.554,
95,-0.783,2.049,
96,0.962,-1.652,
97,1.018,-0.209,
98,0.419,-1.972,
99,-0.21,-2.082,
100,3.878,2.449,
101,1.845,1.389,
102,-0.02,-0.764,
103,-2.143,-0.569,
104,1.602,0.049,
105,-0.417,-0.13,
106,-2.531,-0.647,
107,0.334,0.396,
108,-0.295,-0.112,
109,1.261,-0.576,
110,-0.765,-0.279,
111,-0.479,-1.711,
112,-0.73,-0.593,
113,0.939,0.638,
114,2.466,1.373,
115,0.534,0.548,
116,1.606,0.65,
117,0.622,-1.832,
118,1.591,0.171,
119,-0.255,-1.375,
120,0.363,-1.296,
121,1.333,0.37,
122,1.357,0.026,
123,-0.06,0.681,
124,0.239,-2.479,
125,0.363,-0.548,
126,1.435,1.131,
127,0.977,1.287,
128,0.507,0.14,
129,1.393,0.263,
130,1.122,-0.63,
131,-0.166,1.191,
132,2.045,-1.664,
133,0.786,-1.592,
134,0.081,-0.446,
135,0.22,0.645,
136,0.832,1.088,
137,0.382,0.411,
138,1.493,-0.248,
139,0.176,-1.341,
140,-0.165,-0.835,
141,-0.388,0.298,
142,0.459,1.41,
143,-0.84,0.64,
144,1.369,-1.008,
145,-0.668,-0.654,
146,-0.568,-1.033,
147,0.232,-0.103,
148,-0.247,-1.649,
149,1.426,0.554,
150,-0.407,0.3,
151,1.931,-0.011,
152,0.486,-1.039,
153,1.243,-2.809,
154,0.11,-0.221,
155,-0.554,-0.566,
156,0.133,0.795,
157,-0.223,-1.359,
158,0.126,-1.173,
159,-0.833,-0.869,
160,0.39,-0.792,
161,-0.166,-0.13,
162,-0.04,-0.068,
163,0.658,-0.857,
