1,0.834,0.814,
2,-0.438,0.698,
3,0.313,-0.355,
4,-0.348,-1.493,
5,-1.433,1.626,
6,1.76,-0.154,
7,2.015,1.19,
8,0.644,-1.607,
9,-0.523,-0.841,
10,-0.025,-0.936,
11,-0.577,0.87,
12,-0.511,-0.31,
13,1.117,-0.501,
14,-0.617,-0.177,
15,-1.219,1.125,
16,-0.244,1.886,
17,-0.927,0.471,
18,0.412,0.215,
19,-0.026,-0.663,
20,-0.14,-1.043,
21,-0.058,-0.347,
22,-0.12,-0.566,
23,0.315,0.316,
24,0.332,0.179,
25,1.641,-0.774,
26,-0.281,0.615,
27,0.069,0.49,
28,-0.046,0.932,
29,0.613,0.612,
30,-0.913,0.078,
31,0.456,1.481,
32,0.334,0.828,
33,-0.823,-1.344,
34,-1.525,0.533,
35,0.689,0.782,
36,0.656,0.515,
37,-0.858,0.085,
38,0.473,-0.261,
39,0.407,0.165,
40,0.676,-0.375,
41,1.024,-0.778,
42,0.961,1.793,
43,-0.395,-0.425,
44,0.263,0.834,
45,-0.922,1.06,
46,0.337,0.061,
47,-0.988,0.547,
48,1.023,0.269,
49,0.741,0.29,
50,-0.289,0.435,
51,0.591,1.078,
52,-0.051,0.057,
53,0.803,0.17,
54,0.697,0.009,
55,0.917,-0.483,
56,0.098,0.545,
57,1.555,0.159,
58,0.967,1.708,
59,0.871,0.899,
60,-0.125,0.857,
61,-0.343,-0.28,
62,1.33,-0.297,
63,-0.732,0.358,
64,0.064,-1.032,
65,0.43,0.429,
66,0.368,0.883,
67,-0.095,0.296,
68,0.753,1.067,
69,-0.54,1.571,
70,-0.04,0.29,
71,0.186,0.737,
72,0.82,1.369,
73,0.18,-0.789,
74,0.116,0.596,
75,-1.828,0.685,
76,0.528,0.326,
77,0.681,2.108,
78,0.558,1.074,
79,-1.336,-0.921,
80,0.464,0.202,
81,-0.183,1.14,
82,0.273,0.46,
83,0.395,0.863,
84,-0.554,-1.016,
85,0.319,0.759,
86,-0.022,0.487,
87,0.727,0.528,
88,0.086,-0.19,
89,1.568,-0.054,
90,-0.5,0.951,
91,0.368,0.956,
92,0.04,-0.164,
93,-0.569,0.377,
94,-0.402,0.887,
95,0.394,-1.102,
96,-0.316,0.04,
97,-0.935,-0.597,
98,-0.262,-0.784,
99,0.388,-1.754,
100,0.36,0.498,
101,0.293,1.139,
102,-1.412,-0.773,
103,-0.354,1.907,
104,0.618,-0.066,
105,-0.704,-0.138,
106,-0.403,-0.457,
107,-1.329,0.248,
108,0.76,-0.739,
109,-0.669,-0.226,
110,0.928,0.251,
111,0.157,0.334,
112,0.203,-0.107,
113,1.534,-0.203,
114,-0.003,-0.395,
115,-0.046,-1.003,
116,0.815,0.875,
117,0.854,0.682,
118,1.136,-0.413,
119,0.837,-0.059,
120,-0.02,-0.396,
121,-0.188,-0.04,
122,1.153,0.086,
123,-0.471,-1.281,
124,0.403,0.419,
125,-0.891,-0.834,
126,0.048,-0.147,
127,-0.495,0.554,
128,-0.602,0.782,
129,-0.348,-0.106,
130,0.423,-1.641,
131,2.005,0.359,
132,0.066,0.135,
133,0.379,0.162,
134,-0.169,-0.907,
135,2.353,-0.676,
136,2.018,0.702,
137,1.253,0.141,
138,0.669,0.604,
139,0.079,-0.665,
140,-1.205,1.805,
141,-0.263,-0.129,
142,-1.382,-0.16,
143,0.228,-0.58,
144,-0.264,0.834,
145,-0.531,0.158,
146,-0.427,1.015,
147,-0.927,0.813,
148,-1.893,-0.459,
149,-0.652,-0.323,
150,-1.18,0.087,
151,0.688,0.327,
152,-1.459,0.431,
153,-0.914,0.42,
154,-0.021,0.104,
155,0.308,1.216,
156,-0.889,1.582,
157,-0.49,-1.87,
158,1.628,-0.848,
159,0.837,-0.705,
160,-0.527,0.495,
161,-0.021,1.018,
162,0.156,0.78,
163,1.469,0.951,
