1,-0.148,-0.032,
2,-0.019,0.104,
3,0.607,0.002,
4,-0.256,-0.283,
5,-0.32,0.148,
6,-0.115,-0.345,
7,0.643,-0.151,
8,-0.03,-0.499,
9,0.082,-0.834,
10,-0.002,-0.526,
11,-0.293,-0.067,
12,0.05,0.037,
13,0.053,-0.405,
14,-0.067,-0.81,
15,-0.207,0.171,
16,0.173,0.393,
17,-0.559,0.179,
18,-0.055,0.191,
19,-0.356,0.233,
20,-0.149,0.288,
21,0.078,0.011,
22,-0.18,0.102,
23,0.015,-0.094,
24,-0.249,0.15,
25,0.96,-0.003,
26,0.303,-0.155,
27,-0.048,0.275,
28,-0.066,0.243,
29,-0.213,0.263,
30,0.173,-0.1,
31,0.128,-0.167,
32,-0.047,0.267,
33,-0.224,-0.651,
34,-0.458,0.178,
35,-0.073,0.346,
36,0.414,0.569,
37,-0.079,0.07,
38,0.496,0.061,
39,0.224,-0.136,
40,0.072,-0.573,
41,0.061,0.113,
42,0.069,-0.236,
43,0.258,-0.189,
44,0.269,-0.034,
45,-0.221,0.156,
46,0.099,-0.085,
47,-0.119,-0.017,
48,0.107,-0.094,
49,-0.036,0.209,
50,-0.019,0.232,
51,-0.387,0.061,
52,-0.043,0.046,
53,0.065,0.579,
54,0.156,-0.025,
55,0.206,-0.139,
56,-0.314,0.426,
57,-0.137,-0.045,
58,0.084,0.443,
59,0.51,0.442,
60,-0.121,0.235,
61,-0.456,-0.36,
62,0.363,0.065,
63,-0.201,-0.121,
64,0.025,-0.296,
65,0.098,0.05,
66,-0.138,0.095,
67,-0.137,0.002,
68,0.301,-0.065,
69,0.247,0.203,
70,-0.054,-0.125,
71,0.54,-0.168,
72,-0.059,0.132,
73,0.13,-0.088,
74,0.328,0.223,
75,-0.066,0.425,
76,0.573,-0.23,
77,0.101,0.768,
78,0.21,0.427,
79,-0.536,0.059,
80,-0.319,0.075,
81,-0.027,0.23,
82,0.134,0.155,
83,0.123,0.158,
84,-0.037,-0.465,
85,-0.442,-0.155,
86,0.142,-0.241,
87,-0.008,-0.307,
88,0.141,0.082,
89,0.118,0.224,
90,-0.357,0.293,
91,0.422,0.348,
92,-0.075,0.119,
93,-0.038,0.351,
94,-0.059,0.071,
95,-0.151,-0.047,
96,0.092,-0.174,
97,-0.396,-0.715,
98,0.05,-0.148,
99,-0.037,-0.182,
100,0.205,-0.079,
101,-0.151,0.108,
102,-0.132,0.411,
103,-0.04,-0.118,
104,0.258,-0.038,
105,-0.06,0.299,
106,-0.598,-1.335,
107,-0.661,-0.302,
108,0.323,-0.321,
109,-0.462,-0.53,
110,0.144,-0.239,
111,0.042,0.127,
112,0.035,-0.012,
113,0.266,0.331,
114,-0.182,-0.076,
115,-0.25,0.156,
116,-0.242,0.378,
117,0.06,0.24,
118,0.052,-0.371,
119,0.425,0.043,
120,0.066,-0.139,
121,-0.154,-0.34,
122,0.123,-0.065,
123,-0.14,0.108,
124,-0.072,0.279,
125,-0.091,-0.016,
126,-0.046,-0.217,
127,-0.127,0.086,
128,-0.26,0.39,
129,0.278,-0.039,
130,0.069,-0.075,
131,0.097,-0.14,
132,0.029,-0.077,
133,0.018,-0.088,
134,-0.38,-0.052,
135,0.391,0.105,
136,-0.074,-0.027,
137,0.627,-0.044,
138,0.198,0.198,
139,0.132,-0.309,
140,-0.524,0.518,
141,-0.617,0.457,
142,0.038,-0.231,
143,0.373,-0.622,
144,0.815,-0.67,
145,-0.394,-0.131,
146,-0.566,0.11,
147,-0.369,0.31,
148,-0.175,-0.355,
149,-0.132,0.238,
150,-0.093,-0.18,
151,0.218,-0.025,
152,-0.3,-0.395,
153,-0.228,0.008,
154,0.013,0.032,
155,0.163,0.142,
156,-0.371,0.646,
157,-0.101,-0.327,
158,-0.073,0.125,
159,-0.251,0.091,
160,-0.379,0.056,
161,0.013,0.147,
162,0.14,0.615,
163,0.252,0.28,
