1,0.294,0.333,
2,0.148,0.758,
3,0.776,-0.219,
4,-1.045,-1.544,
5,-1.388,1.762,
6,0.436,-0.277,
7,2.337,0.621,
8,0.211,-1.716,
9,-0.363,-1.76,
10,0.188,-1.704,
11,-0.758,0.6,
12,-0.711,-0.015,
13,0.95,-0.93,
14,-0.861,-1.217,
15,-1.139,1.252,
16,0.286,1.735,
17,-1.083,0.164,
18,0.686,0.004,
19,-0.728,-0.46,
20,-0.356,-0.335,
21,-0.118,-0.236,
22,-0.768,-0.195,
23,0.25,0.284,
24,0.147,0.01,
25,2.275,-0.296,
26,-0.062,0.188,
27,-0.245,0.347,
28,-0.81,0.586,
29,0.324,0.483,
30,-1.439,-0.666,
31,0.241,0.599,
32,0.094,0.997,
33,-1.022,-2.266,
34,-1.966,1,
35,0.457,0.533,
36,0.828,0.841,
37,-0.633,0.116,
38,0.686,-0.205,
39,0.376,0.273,
40,0.806,-1.243,
41,0.681,-0.453,
42,0.632,1.21,
43,-0.486,-0.549,
44,0.585,0.317,
45,-1.067,0.893,
46,0.37,-0.312,
47,-0.837,0.146,
48,0.484,-0.044,
49,1.011,0.434,
50,-0.205,0.557,
51,0.583,1.177,
52,-0.455,-0.054,
53,0.668,0.669,
54,0.446,-0.289,
55,1.109,-0.521,
56,0.157,0.288,
57,1.005,-0.074,
58,0.96,1.994,
59,1.282,0.884,
60,-0.098,0.914,
61,-1.003,-0.729,
62,1.577,-0.112,
63,-0.543,-0.05,
64,0.183,-1.5,
65,0.378,0.495,
66,-0.186,0.471,
67,-0.077,0.05,
68,0.683,0.546,
69,-0.687,1.294,
70,0.044,0.109,
71,1.041,0.467,
72,0.393,1.083,
73,0.456,-1.075,
74,0.039,0.402,
75,-1.933,1.011,
76,1.931,0.167,
77,0.701,2.515,
78,0.83,0.965,
79,-0.899,-1.07,
80,0.227,-0.038,
81,-0.318,1.342,
82,0.448,0.282,
83,-0.019,0.67,
84,-0.832,-1.796,
85,0.285,0.832,
86,0.152,0.264,
87,0.284,0.449,
88,0.094,-0.154,
89,1.14,0.406,
90,-0.902,1.148,
91,0.997,0.46,
92,0.097,-0.228,
93,-0.393,-0.101,
94,-0.438,0.549,
95,0.145,-1.346,
96,-0.249,-0.252,
97,-1.366,-0.99,
98,0.039,-0.689,
99,0.126,-1.432,
100,0.482,0.276,
101,0.216,0.847,
102,-1.721,-0.764,
103,-0.156,1.86,
104,0.878,-0.375,
105,-0.622,0.844,
106,-0.685,-1.858,
107,-2.436,-0.581,
108,1.087,-0.981,
109,-1.033,-0.843,
110,0.817,-0.295,
111,0.146,0.314,
112,0.391,-0.121,
113,1.908,0.432,
114,-0.212,-0.662,
115,-0.219,-0.238,
116,0.348,1.163,
117,0.527,0.984,
118,0.673,-0.677,
119,1.084,-0.122,
120,0.031,-0.85,
121,-0.28,-0.471,
122,0.856,-0.317,
123,-0.715,-0.741,
124,0.409,0.743,
125,-0.839,-0.635,
126,-0.239,-0.289,
127,-1.324,0.855,
128,-0.599,0.446,
129,-0.086,-0.412,
130,0.232,-1.377,
131,2.105,-0.144,
132,0.166,0.012,
133,0.471,-0.173,
134,-0.312,-1.047,
135,2.543,-0.358,
136,1.767,0.849,
137,1.887,-0.332,
138,0.484,0.269,
139,0.306,-1.207,
140,-1.56,1.98,
141,-0.693,0.225,
142,-0.763,-0.508,
143,0.549,-1.216,
144,0.389,0.083,
145,-1.191,0.167,
146,-1.284,0.569,
147,-1.114,0.877,
148,-1.499,-0.828,
149,-0.543,0.359,
150,-0.651,-0.254,
151,0.611,-0.345,
152,-1.446,-0.496,
153,-1.466,0.832,
154,0.069,0.171,
155,0.326,1.147,
156,-0.892,0.786,
157,-0.235,-2.09,
158,0.968,-0.765,
159,0.683,-0.819,
160,-0.562,-0.12,
161,-0.399,0.946,
162,0.105,1.301,
163,0.988,0.861,
