1,0.615,0.665,
2,-0.302,0.789,
3,0.467,-0.423,
4,-0.585,-1.761,
5,-1.521,1.818,
6,1.531,-0.183,
7,2.28,0.983,
8,0.49,-1.889,
9,-0.511,-1.118,
10,0.071,-1.367,
11,-0.717,0.853,
12,-0.696,-0.165,
13,1.172,-0.766,
14,-0.78,-0.511,
15,-1.29,1.291,
16,-0.113,2.01,
17,-0.992,0.444,
18,0.573,0.127,
19,-0.266,-0.706,
20,-0.165,-1.029,
21,-0.115,-0.364,
22,-0.374,-0.498,
23,0.32,0.332,
24,0.336,0.087,
25,1.988,-0.757,
26,-0.309,0.438,
27,-0.044,0.461,
28,-0.36,0.858,
29,0.589,0.601,
30,-1.259,-0.243,
31,0.407,1.315,
32,0.268,0.951,
33,-0.977,-1.768,
34,-1.844,0.714,
35,0.668,0.711,
36,0.802,0.59,
37,-0.951,0.075,
38,0.53,-0.331,
39,0.448,0.238,
40,0.758,-0.681,
41,0.921,-0.807,
42,0.982,1.849,
43,-0.478,-0.544,
44,0.355,0.727,
45,-1.031,1.069,
46,0.376,-0.084,
47,-0.994,0.436,
48,0.989,0.176,
49,0.878,0.349,
50,-0.279,0.506,
51,0.662,1.192,
52,-0.21,-0.013,
53,0.837,0.288,
54,0.687,-0.137,
55,1.104,-0.524,
56,0.157,0.569,
57,1.586,0.109,
58,1.091,1.957,
59,1.072,0.958,
60,-0.121,0.906,
61,-0.553,-0.511,
62,1.425,-0.279,
63,-0.675,0.215,
64,0.146,-1.295,
65,0.397,0.435,
66,0.175,0.754,
67,-0.082,0.23,
68,0.776,0.997,
69,-0.706,1.61,
70,-0.011,0.242,
71,0.438,0.734,
72,0.756,1.403,
73,0.323,-0.965,
74,0.074,0.558,
75,-2.038,0.871,
76,1.019,0.291,
77,0.749,2.407,
78,0.728,1.107,
79,-1.184,-1.123,
80,0.428,0.205,
81,-0.268,1.333,
82,0.355,0.376,
83,0.284,0.858,
84,-0.707,-1.371,
85,0.382,0.767,
86,0.007,0.431,
87,0.647,0.665,
88,0.085,-0.208,
89,1.457,0.07,
90,-0.642,1.08,
91,0.598,0.838,
92,0.051,-0.221,
93,-0.564,0.17,
94,-0.436,0.822,
95,0.368,-1.322,
96,-0.295,-0.076,
97,-1.145,-0.764,
98,-0.213,-0.879,
99,0.395,-1.707,
100,0.395,0.426,
101,0.338,1.124,
102,-1.648,-0.867,
103,-0.409,2.008,
104,0.751,-0.191,
105,-0.758,0.189,
106,-0.492,-0.831,
107,-1.781,-0.06,
108,0.969,-0.865,
109,-0.827,-0.437,
110,0.987,0.078,
111,0.159,0.302,
112,0.349,-0.122,
113,1.82,-0.017,
114,-0.062,-0.52,
115,-0.042,-0.804,
116,0.7,1.055,
117,0.826,0.838,
118,1.113,-0.534,
119,0.863,-0.112,
120,-0.032,-0.581,
121,-0.213,-0.193,
122,1.175,-0.097,
123,-0.62,-1.207,
124,0.445,0.504,
125,-1.004,-0.846,
126,-0.104,-0.253,
127,-0.735,0.666,
128,-0.678,0.747,
129,-0.341,-0.226,
130,0.363,-1.785,
131,2.198,0.163,
132,0.119,0.107,
133,0.457,0.035,
134,-0.228,-1.062,
135,2.644,-0.632,
136,2.317,0.864,
137,1.516,-0.084,
138,0.699,0.571,
139,0.148,-0.865,
140,-1.437,2.029,
141,-0.391,-0.04,
142,-1.304,-0.284,
143,0.308,-0.869,
144,-0.14,0.677,
145,-0.772,0.241,
146,-0.765,0.943,
147,-1.122,0.746,
148,-1.905,-0.566,
149,-0.734,-0.029,
150,-1.162,0.004,
151,0.615,0.129,
152,-1.522,0.146,
153,-1.211,0.575,
154,0.011,0.128,
155,0.35,1.332,
156,-0.928,1.379,
157,-0.402,-2.102,
158,1.598,-0.935,
159,0.877,-0.834,
160,-0.628,0.353,
161,-0.148,1.151,
162,0.187,1.051,
163,1.557,0.961,
