1,0.453,-0.627,
2,1.227,-0.579,
3,0.18,-1.05,
4,1.341,0.789,
5,0.699,-0.515,
6,-0.468,-0.729,
7,2.222,-0.106,
8,1.533,-0.902,
9,1.252,-2.261,
10,-0.555,-1.009,
11,1.53,-0.036,
12,1.039,-0.959,
13,1.682,-0.97,
14,0.69,-0.178,
15,-0.197,-0.872,
16,1.072,-0.788,
17,1.123,0.119,
18,1.238,-1.115,
19,1.516,-1.112,
20,0.782,-1.635,
21,0.661,-1.597,
22,-0.374,-0.914,
23,1.219,-1.009,
24,0.637,-0.911,
25,0.908,0.003,
26,1.496,-0.879,
27,1.28,-0.966,
28,1.099,-0.508,
29,0.563,-0.387,
30,-0.167,-1.373,
31,1.43,-1.058,
32,1.063,-0.192,
33,1.373,-1.059,
34,0.467,-0.882,
35,1.64,-0.277,
36,0.493,-0.606,
37,1.258,-0.406,
38,0.336,-0.595,
39,1.12,-0.501,
40,1.417,-0.765,
41,1.74,-0.722,
42,3.274,-0.795,
43,1.888,0.126,
44,1.221,-0.199,
45,0.433,-0.099,
46,0.971,-1.181,
47,0.16,-1.111,
48,2.036,-0.497,
49,1.154,-0.992,
50,1.402,-0.878,
51,1.085,-1.134,
52,-0.115,-0.912,
53,1.489,-2.204,
54,1.064,0.325,
55,1.067,-2.014,
56,1.567,-1.537,
57,0.474,-1.205,
58,0.703,-0.478,
59,0.551,-1.197,
60,0.874,-0.745,
61,0.481,-0.661,
62,2.063,-0.631,
63,0.38,-1.025,
64,0.478,-1.003,
65,1.359,-1.375,
66,1.491,-0.079,
67,0.717,-1.104,
68,0.217,-0.487,
69,1.698,-0.269,
70,0.455,-0.692,
71,0.436,-0.491,
72,2.21,-0.924,
73,1.203,-1.359,
74,1.041,-0.897,
75,0.348,-1.273,
76,1.664,-0.911,
77,1.087,-1.263,
78,0.901,-1.323,
79,0.826,-1.701,
80,1.022,-1.282,
81,0.411,-0.661,
82,1.228,-0.3,
83,0.386,-1.142,
84,0.563,-0.614,
85,1.209,-0.76,
86,0.569,-0.649,
87,-0.236,-2.397,
88,1.077,0.123,
89,1.038,-0.679,
90,2.273,-0.351,
91,1.386,0.286,
92,0.532,-1.424,
93,-0.101,-0.191,
94,0.704,-0.49,
95,0.91,0.222,
96,1.137,-2.107,
97,1.682,-0.616,
98,0.511,-1.962,
99,0.445,-1.322,
100,1.56,-0.341,
101,1.192,0.243,
102,0.798,-1.491,
103,0.76,-0.499,
104,1.389,-1.163,
105,0.509,-1.033,
106,-0.25,-0.814,
107,2.014,0.124,
108,0.681,-1.348,
109,1.12,-0.76,
110,0.766,-0.457,
111,0.442,-1.194,
112,0.266,-1.165,
113,0.965,-0.288,
114,1.103,-1.23,
115,0.356,-1.394,
116,1.146,-1.18,
117,1.316,-1.33,
118,1.553,-0.608,
119,0.546,-1.036,
120,1.019,-1.789,
121,1.273,0.041,
122,1.876,-1.071,
123,0.853,-1.447,
124,1.247,-1.59,
125,0.303,-1.486,
126,1.457,-0.377,
127,1.596,-0.729,
128,1.096,-0.669,
129,1.618,-0.868,
130,1.035,-0.422,
131,1.413,0.614,
132,0.956,-1.197,
133,0.687,0.362,
134,0.69,-0.097,
135,1.14,-0.74,
136,0.62,-0.856,
137,0.267,-1.043,
138,0.904,-1.184,
139,0.883,-1.921,
140,0.818,-1.007,
141,0.658,-1.7,
142,1.345,-1.123,
143,1.428,-0.026,
144,0.984,-0.588,
145,-0.256,-1.37,
146,1.317,-0.74,
147,0.829,-0.945,
148,0.072,-2.457,
149,1.922,-1.328,
150,-0.174,-0.785,
151,2.576,-1.168,
152,0.881,-1.118,
153,1.388,-1.519,
154,0.581,-1.281,
155,1.211,-2.192,
156,0.299,-0.63,
157,0.068,-1.829,
158,1.314,-0.898,
159,0.757,-1.72,
160,1.472,-1.389,
161,1.204,-0.751,
162,1.305,-1.169,
163,1.563,-1.528,
