1,0.138,0.19,
2,0.096,0.574,
3,0.717,-0.061,
4,-0.878,-0.959,
5,-0.936,1.039,
6,-0.099,-0.392,
7,1.71,0.243,
8,-0.025,-1.105,
9,-0.233,-1.705,
10,-0.036,-1.44,
11,-0.58,0.206,
12,-0.416,0.061,
13,0.534,-0.709,
14,-0.577,-1.496,
15,-0.708,0.775,
16,0.462,1.33,
17,-0.883,0.099,
18,0.429,0.046,
19,-0.65,-0.102,
20,-0.297,0.21,
21,-0.041,-0.107,
22,-0.578,0.021,
23,0.137,0.108,
24,-0.106,0.114,
25,1.814,-0.066,
26,0.149,0.003,
27,-0.198,0.34,
28,-0.534,0.435,
29,0.036,0.381,
30,-0.854,-0.552,
31,0.16,0.079,
32,-0.021,0.731,
33,-0.692,-1.724,
34,-1.349,0.699,
35,0.18,0.474,
36,0.69,0.816,
37,-0.311,0.118,
38,0.799,0.005,
39,0.237,0.114,
40,0.527,-1.095,
41,0.347,-0.092,
42,0.266,0.403,
43,-0.226,-0.37,
44,0.546,0.073,
45,-0.707,0.558,
46,0.215,-0.239,
47,-0.524,0.068,
48,0.187,-0.102,
49,0.592,0.356,
50,-0.098,0.453,
51,0.079,0.671,
52,-0.34,0.002,
53,0.361,0.8,
54,0.245,-0.174,
55,0.72,-0.378,
56,-0.281,0.25,
57,0.358,-0.109,
58,0.515,1.341,
59,1.067,0.734,
60,-0.116,0.724,
61,-0.815,-0.614,
62,1.08,0.027,
63,-0.35,-0.132,
64,0.09,-1.083,
65,0.282,0.333,
66,-0.254,0.275,
67,-0.092,-0.01,
68,0.506,0.183,
69,-0.24,0.756,
70,0.038,0.013,
71,1.041,0.102,
72,0.109,0.587,
73,0.29,-0.749,
74,0.102,0.306,
75,-1.057,0.833,
76,1.492,-0.223,
77,0.445,1.846,
78,0.557,0.689,
79,-0.986,-0.574,
80,-0.062,-0.086,
81,-0.162,0.854,
82,0.301,0.285,
83,0.035,0.47,
84,-0.574,-1.343,
85,-0.021,0.392,
86,0.205,0.069,
87,0.063,0.009,
88,0.065,0.09,
89,0.637,0.43,
90,-0.709,0.788,
91,0.873,0.368,
92,0.041,-0.056,
93,-0.202,0.097,
94,-0.281,0.293,
95,-0.023,-0.88,
96,-0.11,-0.21,
97,-1.071,-1.12,
98,0.191,-0.465,
99,-0.036,-0.862,
100,0.373,0.13,
101,-0.039,0.481,
102,-0.973,-0.202,
103,-0.169,1.092,
104,0.703,-0.3,
105,-0.349,0.795,
106,-0.701,-1.876,
107,-1.873,-0.493,
108,0.843,-0.773,
109,-0.955,-0.816,
110,0.495,-0.362,
111,0.156,0.315,
112,0.215,-0.058,
113,1.221,0.506,
114,-0.339,-0.477,
115,-0.291,0.017,
116,-0.011,0.884,
117,0.214,0.759,
118,0.279,-0.623,
119,0.864,-0.165,
120,0.07,-0.589,
121,-0.251,-0.43,
122,0.439,-0.281,
123,-0.487,-0.265,
124,0.186,0.675,
125,-0.436,-0.211,
126,-0.175,-0.248,
127,-0.972,0.671,
128,-0.433,0.36,
129,0.216,-0.339,
130,0.22,-0.794,
131,1.136,-0.212,
132,0.101,-0.059,
133,0.301,-0.129,
134,-0.389,-0.591,
135,1.568,-0.073,
136,0.743,0.501,
137,1.579,-0.165,
138,0.301,0.195,
139,0.289,-0.947,
140,-1.142,1.372,
141,-0.753,0.388,
142,-0.277,-0.448,
143,0.56,-1.03,
144,0.695,-0.339,
145,-1.003,-0.031,
146,-1.103,0.298,
147,-0.825,0.722,
148,-0.904,-0.771,
149,-0.303,0.401,
150,-0.318,-0.283,
151,0.53,-0.441,
152,-1,-0.641,
153,-0.881,0.375,
154,0.054,0.124,
155,0.218,0.625,
156,-0.672,0.614,
157,-0.196,-1.33,
158,0.351,-0.328,
159,0.2,-0.382,
160,-0.459,-0.194,
161,-0.293,0.585,
162,0.155,1.111,
163,0.414,0.819,
