1,0.227,0.318,
2,0.08,0.739,
3,0.681,0.192,
4,-0.836,-0.642,
5,-0.872,1.098,
6,-0.168,-0.336,
7,1.68,0.286,
8,-0.037,-0.978,
9,-0.218,-1.386,
10,-0.101,-1.131,
11,-0.488,0.274,
12,-0.282,0.215,
13,0.356,-0.202,
14,-0.649,-1.346,
15,-0.597,0.752,
16,0.645,1.108,
17,-0.668,0.238,
18,0.432,0.051,
19,-0.634,-0.081,
20,-0.384,0.196,
21,-0.042,-0.072,
22,-0.547,0.026,
23,0.134,0.116,
24,-0.342,0.394,
25,1.647,-0.09,
26,0.263,0.14,
27,-0.052,0.391,
28,-0.515,0.424,
29,0.022,0.39,
30,-0.828,-0.507,
31,0.164,0.071,
32,0,0.739,
33,-0.646,-1.672,
34,-1.296,0.646,
35,0.046,0.573,
36,0.478,0.87,
37,-0.078,0.2,
38,0.697,0.015,
39,0.287,0.134,
40,0.564,-1.118,
41,0.373,-0.079,
42,0.272,0.389,
43,-0.212,-0.333,
44,0.556,0.052,
45,-0.722,0.542,
46,0.184,-0.256,
47,-0.524,0.086,
48,-0.077,-0.034,
49,0.545,0.391,
50,0.05,0.423,
51,0.078,0.627,
52,-0.322,-0.002,
53,0.363,0.665,
54,0.264,-0.171,
55,0.673,-0.398,
56,-0.301,0.319,
57,0.386,-0.145,
58,0.497,1.344,
59,0.982,0.628,
60,-0.276,0.73,
61,-0.696,-0.391,
62,1.154,-0.004,
63,-0.142,0.045,
64,0.177,-0.981,
65,0.315,0.368,
66,-0.284,0.247,
67,-0.187,-0.042,
68,0.376,0.163,
69,-0.154,0.621,
70,0.09,-0.022,
71,0.987,0.111,
72,0.116,0.561,
73,0.289,-0.623,
74,-0.139,0.317,
75,-1.071,0.896,
76,1.555,-0.23,
77,0.43,1.797,
78,0.575,0.689,
79,-0.925,-0.547,
80,-0.075,-0.099,
81,-0.229,0.867,
82,0.237,0.252,
83,0.211,0.527,
84,-0.426,-1.172,
85,-0.048,0.385,
86,0.197,0.067,
87,0.066,-0.021,
88,-0.139,0.068,
89,0.623,0.489,
90,-0.434,0.647,
91,0.838,0.334,
92,0.06,-0.079,
93,-0.23,0.078,
94,-0.329,0.336,
95,-0.073,-0.804,
96,0.02,-0.338,
97,-0.968,-0.974,
98,0.176,-0.535,
99,-0.047,-0.897,
100,0.263,0.03,
101,-0.365,0.388,
102,-0.889,-0.204,
103,-0.155,1.108,
104,0.718,-0.257,
105,-0.333,0.773,
106,-0.72,-1.924,
107,-1.755,-0.432,
108,0.837,-0.678,
109,-0.888,-0.649,
110,0.508,-0.328,
111,0.12,0.218,
112,0.182,-0.073,
113,1.19,0.62,
114,-0.398,-0.404,
115,-0.325,0.194,
116,0.259,0.694,
117,0.252,0.708,
118,0.308,-0.572,
119,0.932,-0.146,
120,0.092,-0.61,
121,-0.25,-0.415,
122,0.523,-0.304,
123,-0.459,-0.298,
124,0.167,0.627,
125,-0.478,-0.213,
126,-0.148,-0.216,
127,-1.124,0.634,
128,-0.263,0.228,
129,0.438,-0.413,
130,0.224,-0.738,
131,1.128,-0.219,
132,0.128,-0.089,
133,0.337,-0.153,
134,-0.345,-0.602,
135,1.51,-0.066,
136,0.827,0.656,
137,1.301,-0.164,
138,0.167,0.005,
139,0.35,-0.841,
140,-0.795,0.945,
141,-0.748,0.378,
142,-0.284,-0.366,
143,0.428,-1.004,
144,0.682,-0.323,
145,-0.931,0,
146,-1.089,0.28,
147,-0.805,0.564,
148,-0.93,-0.744,
149,-0.349,0.402,
150,-0.508,-0.405,
151,0.586,-0.651,
152,-0.85,-0.613,
153,-0.759,0.212,
154,-0.011,-0.045,
155,0.119,0.17,
156,-0.61,0.371,
157,-0.204,-1.322,
158,0.317,-0.163,
159,0.146,-0.463,
160,-0.3,-0.278,
161,-0.26,0.223,
162,0.087,1.099,
163,0.46,0.798,
