1,0.465,0.403,
2,-0.054,1.048,
3,0.551,0.331,
4,-0.818,-0.787,
5,-0.987,1.58,
6,0.39,-0.4,
7,1.943,0.224,
8,-0.192,-1.851,
9,-0.575,-1.333,
10,-0.257,-1.341,
11,0.201,0.835,
12,0.057,0.128,
13,0.514,0.249,
14,-0.737,-1.327,
15,-0.444,0.74,
16,0.751,0.491,
17,-0.543,0.393,
18,0.071,-0.201,
19,-0.567,-0.211,
20,-1.196,-0.615,
21,-0.052,0.149,
22,-0.33,-0.063,
23,0.125,0.165,
24,-0.363,0.525,
25,2.064,-0.782,
26,0.15,0.357,
27,0.042,0.319,
28,-0.714,0.173,
29,0.27,0.146,
30,-1.343,-0.985,
31,0.132,0.662,
32,0.006,0.647,
33,-0.458,-1.225,
34,-1.489,0.762,
35,0.201,0.678,
36,0.312,0.812,
37,-0.171,0.376,
38,-0.165,0.021,
39,0.712,0.387,
40,0.301,-0.838,
41,0.385,-0.581,
42,1.08,1.185,
43,-0.623,-0.31,
44,0.469,0.301,
45,-0.591,0.828,
46,0.373,-0.549,
47,-0.572,0.166,
48,-0.08,0.125,
49,0.299,0.449,
50,0.094,0.384,
51,0.318,0.824,
52,-0.306,-0.172,
53,0.696,-0.441,
54,0.868,-0.241,
55,0.93,-0.47,
56,-0.269,1.378,
57,1.396,-0.303,
58,0.942,1.563,
59,0.693,0.249,
60,-0.385,0.899,
61,-0.046,-0.079,
62,1.11,-0.291,
63,-0.139,0.394,
64,0.906,-1.244,
65,0.14,0.452,
66,-0.441,0.137,
67,-0.343,-0.076,
68,0.13,0.558,
69,-0.321,0.729,
70,0.088,0.033,
71,0.58,0.623,
72,0.294,1.258,
73,0.377,-0.335,
74,-0.373,0.341,
75,-1.274,1.058,
76,1.455,0.137,
77,0.269,1.613,
78,0.65,0.803,
79,-1.338,-1.098,
80,0.102,0.261,
81,-0.493,1.426,
82,0.279,0.238,
83,0.639,0.938,
84,0.073,-0.584,
85,0.727,0.941,
86,0.13,0.447,
87,0.486,0.901,
88,-0.325,-0.156,
89,0.442,0.66,
90,-0.307,0.753,
91,0.771,0.212,
92,0.024,-0.361,
93,-0.734,-0.332,
94,-0.512,0.609,
95,-0.18,-1.153,
96,0.497,-1.108,
97,-1.086,-0.559,
98,-0.03,-1.52,
99,0.137,-1.029,
100,0.105,-0.095,
101,-0.409,0.576,
102,-0.851,-0.68,
103,-0.639,1.982,
104,0.712,-0.165,
105,-0.434,0.815,
106,-0.467,-1.134,
107,-1.419,-0.206,
108,1.105,0.059,
109,-0.787,-0.386,
110,1.078,-0.098,
111,-0.221,-0.623,
112,0.549,0.013,
113,1.891,1.277,
114,-0.262,-0.384,
115,0.221,0.414,
116,0.855,0.599,
117,1.068,0.62,
118,0.718,0.065,
119,0.241,-0.02,
120,-0.329,-0.455,
121,-0.277,-0.258,
122,1.444,-0.618,
123,-0.628,-0.218,
124,0.48,1.077,
125,-1.443,-0.899,
126,0.082,0.259,
127,-1.497,0.77,
128,-0.213,0.273,
129,0.513,-0.41,
130,0.184,-0.946,
131,1.682,0.275,
132,-0.028,0.187,
133,0.335,-0.342,
134,-0.684,-0.616,
135,1.831,-0.068,
136,2.269,1.554,
137,1.237,0.109,
138,0.195,-0.091,
139,0.149,-0.42,
140,-0.717,0.853,
141,-0.489,0.357,
142,-0.776,-0.122,
143,-0.101,-0.884,
144,0.416,0.038,
145,-0.646,0.571,
146,-0.957,0.688,
147,-0.572,0.909,
148,-1.336,-0.54,
149,-1.059,0.858,
150,-1.61,-0.113,
151,0.732,-0.627,
152,-1.176,-0.115,
153,-0.544,-0.033,
154,-0.066,-0.11,
155,0.137,0.071,
156,-0.311,0.271,
157,0.047,-1.667,
158,0.655,0.252,
159,0.292,-0.758,
160,-0.189,-0.133,
161,-0.182,0.074,
162,0.15,1.809,
163,1.26,1.297,
