1,-0.15,-0.043,
2,-0.032,0.111,
3,0.586,0.029,
4,-0.232,-0.241,
5,-0.301,0.136,
6,-0.116,-0.344,
7,0.617,-0.173,
8,-0.05,-0.515,
9,0.086,-0.782,
10,-0.023,-0.472,
11,-0.239,-0.047,
12,0.093,0.036,
13,0.03,-0.339,
14,-0.061,-0.818,
15,-0.175,0.147,
16,0.192,0.333,
17,-0.524,0.204,
18,-0.09,0.187,
19,-0.353,0.236,
20,-0.188,0.264,
21,0.073,0.036,
22,-0.161,0.106,
23,0.006,-0.099,
24,-0.266,0.172,
25,0.957,-0.035,
26,0.31,-0.14,
27,-0.031,0.264,
28,-0.061,0.224,
29,-0.211,0.244,
30,0.171,-0.118,
31,0.119,-0.164,
32,-0.056,0.245,
33,-0.199,-0.588,
34,-0.437,0.159,
35,-0.082,0.343,
36,0.386,0.555,
37,-0.06,0.08,
38,0.441,0.077,
39,0.244,-0.124,
40,0.037,-0.541,
41,0.042,0.108,
42,0.103,-0.232,
43,0.255,-0.164,
44,0.255,-0.022,
45,-0.202,0.166,
46,0.087,-0.096,
47,-0.118,-0.007,
48,0.085,-0.083,
49,-0.073,0.209,
50,-0.007,0.217,
51,-0.406,0.04,
52,-0.04,0.044,
53,0.064,0.517,
54,0.183,-0.017,
55,0.194,-0.137,
56,-0.332,0.494,
57,-0.113,-0.053,
58,0.086,0.417,
59,0.469,0.403,
60,-0.133,0.238,
61,-0.402,-0.33,
62,0.335,0.059,
63,-0.182,-0.085,
64,0.059,-0.269,
65,0.084,0.049,
66,-0.158,0.077,
67,-0.153,0,
68,0.271,-0.056,
69,0.26,0.186,
70,-0.058,-0.133,
71,0.513,-0.159,
72,-0.069,0.151,
73,0.127,-0.048,
74,0.311,0.215,
75,-0.041,0.427,
76,0.547,-0.227,
77,0.077,0.722,
78,0.192,0.419,
79,-0.571,0.043,
80,-0.322,0.101,
81,-0.032,0.233,
82,0.122,0.15,
83,0.149,0.164,
84,0.006,-0.401,
85,-0.416,-0.148,
86,0.138,-0.229,
87,0.005,-0.272,
88,0.115,0.083,
89,0.079,0.233,
90,-0.316,0.273,
91,0.411,0.333,
92,-0.088,0.117,
93,-0.057,0.339,
94,-0.064,0.078,
95,-0.161,-0.037,
96,0.123,-0.222,
97,-0.373,-0.661,
98,0.042,-0.197,
99,-0.032,-0.156,
100,0.182,-0.098,
101,-0.173,0.095,
102,-0.092,0.413,
103,-0.073,-0.109,
104,0.232,-0.016,
105,-0.06,0.292,
106,-0.577,-1.275,
107,-0.608,-0.273,
108,0.32,-0.264,
109,-0.434,-0.494,
110,0.16,-0.225,
111,0.028,0.071,
112,0.053,0.001,
113,0.272,0.377,
114,-0.164,-0.053,
115,-0.222,0.185,
116,-0.204,0.341,
117,0.094,0.227,
118,0.055,-0.328,
119,0.363,0.046,
120,0.046,-0.115,
121,-0.153,-0.338,
122,0.167,-0.081,
123,-0.151,0.145,
124,-0.059,0.29,
125,-0.124,-0.023,
126,-0.02,-0.175,
127,-0.131,0.085,
128,-0.243,0.383,
129,0.309,-0.029,
130,0.068,-0.057,
131,0.069,-0.125,
132,0.011,-0.061,
133,-0.002,-0.084,
134,-0.406,-0.03,
135,0.354,0.132,
136,-0.035,0.018,
137,0.568,-0.029,
138,0.189,0.177,
139,0.115,-0.271,
140,-0.478,0.457,
141,-0.604,0.465,
142,0.035,-0.206,
143,0.33,-0.607,
144,0.809,-0.654,
145,-0.369,-0.1,
146,-0.553,0.123,
147,-0.339,0.303,
148,-0.16,-0.325,
149,-0.156,0.26,
150,-0.145,-0.163,
151,0.207,-0.018,
152,-0.272,-0.353,
153,-0.183,-0.034,
154,0.005,0.016,
155,0.162,0.093,
156,-0.344,0.618,
157,-0.085,-0.303,
158,-0.087,0.173,
159,-0.267,0.103,
160,-0.353,0.073,
161,0.035,0.095,
162,0.133,0.643,
163,0.265,0.294,
