1,-2.043,-0.694,
2,0.352,-0.148,
3,0.258,-0.721,
4,0.412,1.087,
5,-1.725,-1.462,
6,-0.751,-0.515,
7,2.463,0.445,
8,0.858,-1.089,
9,0.502,-1.7,
10,-1.608,-1.394,
11,0.347,0.798,
12,1.462,0.334,
13,1.001,-0.873,
14,0.377,0.68,
15,-0.786,-1.076,
16,0.608,0.262,
17,0.966,0.772,
18,0.284,-0.017,
19,0.215,-0.478,
20,-1.91,-1.665,
21,0.215,-0.84,
22,-0.244,0.87,
23,0.638,-0.89,
24,0.008,0.12,
25,0.27,1.503,
26,0.587,-0.83,
27,-0.2,-0.114,
28,0.55,0.049,
29,-0.214,0.989,
30,-0.678,-0.501,
31,0.047,-2.487,
32,1.905,1.121,
33,2.373,-0.755,
34,0.596,-0.555,
35,0.669,-0.681,
36,0.096,-0.005,
37,0.725,0.271,
38,-0.114,0.987,
39,1.838,1.584,
40,-0.085,-1.013,
41,0.334,-1.073,
42,1.508,0.271,
43,1.32,0.348,
44,-0.333,0.172,
45,0.26,0.561,
46,0.181,-0.844,
47,-0.618,-0.163,
48,1.862,0.365,
49,0.229,-0.523,
50,1.025,-0.009,
51,0.148,-0.81,
52,0.746,-0.237,
53,1.493,-1.335,
54,0.639,2.565,
55,1.591,-1.35,
56,0.694,-0.761,
57,-1.342,0.407,
58,-0.521,-1.284,
59,0.076,-0.104,
60,0.054,-0.33,
61,-0.229,0.699,
62,1.258,-0.689,
63,-0.861,-2.392,
64,-0.568,-0.886,
65,1.266,-1.943,
66,1.81,-0.287,
67,0.409,-0.023,
68,-0.262,0.634,
69,2.127,0.473,
70,0.002,1.638,
71,0.31,0.758,
72,2.786,-0.915,
73,1.909,-1.711,
74,0.436,-0.498,
75,-0.081,0.043,
76,2.102,-0.924,
77,1.341,0.015,
78,0.878,-1.391,
79,1.518,-1.724,
80,1.282,-0.34,
81,0.682,-1.277,
82,0.629,-0.301,
83,-0.373,-0.455,
84,0.407,-0.094,
85,0.102,-0.832,
86,-1.189,-0.31,
87,-1.952,-1.937,
88,1.036,0.89,
89,0.881,0.077,
90,2.343,0.214,
91,0.69,0.334,
92,-0.24,-0.927,
93,-0.897,0.807,
94,1.249,0.484,
95,-0.666,2.01,
96,1.093,-1.959,
97,1.206,-0.28,
98,0.436,-2.29,
99,-0.217,-2.202,
100,4.166,2.421,
101,2.037,1.422,
102,0.186,-0.987,
103,-2.053,-0.568,
104,1.736,-0.132,
105,-0.389,-0.251,
106,-2.515,-0.667,
107,0.607,0.358,
108,-0.307,-0.227,
109,1.409,-0.605,
110,-0.719,-0.318,
111,-0.458,-1.773,
112,-0.641,-0.764,
113,1.036,0.631,
114,2.555,1.15,
115,0.506,0.352,
116,1.699,0.546,
117,0.755,-2.003,
118,1.83,0.16,
119,-0.234,-1.515,
120,0.449,-1.589,
121,1.703,0.421,
122,1.668,-0.164,
123,0.119,0.544,
124,0.311,-2.668,
125,0.33,-0.719,
126,1.613,1.168,
127,1.178,1.293,
128,0.664,0.007,
129,1.628,0.129,
130,1.174,-0.632,
131,-0.037,1.342,
132,2.138,-1.776,
133,0.873,-1.43,
134,0.199,-0.416,
135,0.321,0.615,
136,0.899,1.003,
137,0.282,0.131,
138,1.572,-0.42,
139,0.308,-1.592,
140,-0.094,-0.926,
141,-0.278,0.034,
142,0.647,1.248,
143,-0.628,0.665,
144,1.297,-0.971,
145,-0.83,-0.851,
146,-0.404,-1.134,
147,0.291,-0.252,
148,-0.229,-2.03,
149,1.689,0.543,
150,-0.339,0.229,
151,2.254,-0.299,
152,0.52,-1.125,
153,1.424,-2.929,
154,0.132,-0.412,
155,-0.402,-0.904,
156,0.187,0.671,
157,-0.265,-1.536,
158,0.225,-1.3,
159,-0.676,-1.09,
160,0.631,-1.06,
161,-0.038,-0.164,
162,0.156,-0.264,
163,0.834,-0.986,
