1,0.326,0.256,
2,0.005,0.903,
3,0.571,0.25,
4,-0.809,-0.726,
5,-0.881,1.28,
6,0.102,-0.412,
7,1.748,0.101,
8,-0.255,-1.597,
9,-0.448,-1.432,
10,-0.271,-1.288,
11,0.112,0.643,
12,0.007,0.13,
13,0.429,0.082,
14,-0.636,-1.492,
15,-0.391,0.622,
16,0.748,0.542,
17,-0.573,0.321,
18,0.085,-0.13,
19,-0.613,-0.127,
20,-1.013,-0.31,
21,-0.065,0.158,
22,-0.349,0.014,
23,0.091,0.115,
24,-0.352,0.443,
25,1.982,-0.613,
26,0.183,0.21,
27,0.004,0.309,
28,-0.643,0.178,
29,0.158,0.149,
30,-1.155,-0.905,
31,0.101,0.384,
32,-0.048,0.594,
33,-0.44,-1.204,
34,-1.339,0.684,
35,0.126,0.596,
36,0.4,0.779,
37,-0.165,0.314,
38,0.016,0.097,
39,0.596,0.322,
40,0.265,-0.853,
41,0.28,-0.373,
42,0.851,0.822,
43,-0.515,-0.233,
44,0.47,0.212,
45,-0.558,0.739,
46,0.262,-0.486,
47,-0.541,0.16,
48,-0.071,0.058,
49,0.254,0.423,
50,0.079,0.371,
51,0.14,0.683,
52,-0.321,-0.113,
53,0.541,-0.172,
54,0.703,-0.188,
55,0.798,-0.434,
56,-0.367,1.156,
57,1.023,-0.275,
58,0.756,1.358,
59,0.698,0.256,
60,-0.337,0.865,
61,-0.149,-0.189,
62,0.987,-0.174,
63,-0.147,0.277,
64,0.726,-1.095,
65,0.148,0.412,
66,-0.466,0.102,
67,-0.298,-0.074,
68,0.147,0.399,
69,-0.22,0.629,
70,0.073,-0.008,
71,0.699,0.428,
72,0.153,1.028,
73,0.327,-0.349,
74,-0.252,0.292,
75,-1.038,0.993,
76,1.401,-0.013,
77,0.238,1.527,
78,0.545,0.711,
79,-1.309,-0.933,
80,0.01,0.193,
81,-0.38,1.208,
82,0.229,0.253,
83,0.509,0.802,
84,-0.01,-0.645,
85,0.52,0.776,
86,0.164,0.331,
87,0.338,0.64,
88,-0.273,-0.028,
89,0.316,0.635,
90,-0.361,0.696,
91,0.793,0.177,
92,-0.011,-0.248,
93,-0.583,-0.222,
94,-0.445,0.488,
95,-0.185,-1.025,
96,0.395,-0.95,
97,-1.03,-0.673,
98,0.073,-1.306,
99,0.049,-0.853,
100,0.129,-0.086,
101,-0.367,0.468,
102,-0.71,-0.493,
103,-0.606,1.695,
104,0.664,-0.175,
105,-0.38,0.826,
106,-0.496,-1.302,
107,-1.439,-0.228,
108,1.002,-0.051,
109,-0.809,-0.466,
110,0.889,-0.176,
111,-0.127,-0.477,
112,0.475,0.031,
113,1.68,1.187,
114,-0.301,-0.365,
115,0.134,0.411,
116,0.548,0.612,
117,0.845,0.63,
118,0.517,-0.042,
119,0.281,-0.081,
120,-0.244,-0.432,
121,-0.269,-0.33,
122,1.2,-0.576,
123,-0.608,-0.059,
124,0.409,1.016,
125,-1.152,-0.628,
126,0.082,0.233,
127,-1.326,0.767,
128,-0.253,0.291,
129,0.538,-0.388,
130,0.206,-0.784,
131,1.33,0.126,
132,-0.042,0.141,
133,0.247,-0.258,
134,-0.673,-0.516,
135,1.56,0.063,
136,1.752,1.348,
137,1.247,0.059,
138,0.195,-0.028,
139,0.138,-0.481,
140,-0.741,0.857,
141,-0.569,0.419,
142,-0.54,-0.168,
143,0.011,-0.896,
144,0.557,-0.094,
145,-0.708,0.434,
146,-0.992,0.55,
147,-0.574,0.84,
148,-1.075,-0.539,
149,-0.848,0.807,
150,-1.275,-0.122,
151,0.645,-0.62,
152,-1.016,-0.262,
153,-0.495,-0.041,
154,-0.044,-0.08,
155,0.155,0.096,
156,-0.337,0.279,
157,0.047,-1.409,
158,0.409,0.262,
159,0.153,-0.543,
160,-0.232,-0.139,
161,-0.168,0.132,
162,0.137,1.683,
163,0.908,1.225,
