1,-2.103,-0.572,
2,0.055,-0.106,
3,0.294,-0.455,
4,0.145,0.616,
5,-1.78,-1.383,
6,-0.583,-0.392,
7,1.68,0.325,
8,0.511,-0.795,
9,0.279,-0.978,
10,-1.49,-0.822,
11,-0.034,0.652,
12,1.441,0.405,
13,0.575,-0.688,
14,0.217,0.474,
15,-0.476,-0.824,
16,0.382,0.276,
17,0.441,0.662,
18,-0.064,0.35,
19,-0.066,-0.092,
20,-2.044,-1.091,
21,0.121,-0.315,
22,-0.055,0.949,
23,0.292,-0.797,
24,-0.094,0.321,
25,0.08,1.265,
26,0.333,-0.56,
27,-0.303,0.305,
28,0.317,0.131,
29,-0.262,0.949,
30,-0.383,0.099,
31,-0.272,-1.911,
32,1.482,0.78,
33,1.773,-0.501,
34,0.406,-0.383,
35,0.164,-0.524,
36,0.03,0.157,
37,0.403,0.291,
38,-0.076,0.843,
39,1.673,1.746,
40,-0.441,-0.842,
41,-0.008,-0.766,
42,0.375,0.437,
43,0.923,0.129,
44,-0.422,0.147,
45,0.351,0.41,
46,0.039,-0.499,
47,-0.5,-0.031,
48,1.278,0.251,
49,-0.092,-0.224,
50,0.553,0.032,
51,-0.137,-0.52,
52,0.808,-0.193,
53,1.095,-0.665,
54,0.628,2.274,
55,1.234,-0.843,
56,0.156,-0.145,
57,-1.3,0.608,
58,-0.598,-1.367,
59,0.054,-0.039,
60,-0.251,-0.001,
61,-0.237,0.73,
62,0.915,-0.59,
63,-1.194,-1.969,
64,-0.518,-0.62,
65,0.84,-1.508,
66,1.301,-0.249,
67,0.219,0.069,
68,-0.191,0.455,
69,1.832,0.542,
70,-0.279,1.569,
71,0.28,0.689,
72,1.908,-0.67,
73,1.676,-1.162,
74,0.361,-0.219,
75,-0.08,0.336,
76,1.469,-0.639,
77,0.956,0.34,
78,0.748,-0.692,
79,1.144,-1.094,
80,0.835,-0.073,
81,0.856,-1.102,
82,0.326,-0.141,
83,-0.17,-0.133,
84,0.326,-0.014,
85,-0.297,-0.64,
86,-1.18,-0.163,
87,-1.577,-1.218,
88,0.747,0.672,
89,0.708,0.171,
90,1.46,0.173,
91,0.404,0.197,
92,-0.366,-0.393,
93,-0.626,0.75,
94,0.995,0.562,
95,-0.888,1.918,
96,0.785,-1.283,
97,0.79,-0.143,
98,0.338,-1.574,
99,-0.153,-1.835,
100,3.334,2.277,
101,1.563,1.177,
102,-0.195,-0.516,
103,-2.088,-0.624,
104,1.359,0.216,
105,-0.425,0.018,
106,-2.375,-0.651,
107,0.096,0.375,
108,-0.183,-0.111,
109,1.048,-0.543,
110,-0.689,-0.232,
111,-0.405,-1.495,
112,-0.802,-0.336,
113,0.78,0.592,
114,2.151,1.447,
115,0.491,0.674,
116,1.423,0.721,
117,0.506,-1.584,
118,1.254,0.148,
119,-0.237,-1.129,
120,0.312,-1.015,
121,0.886,0.315,
122,1.03,0.157,
123,-0.197,0.716,
124,0.201,-2.195,
125,0.354,-0.395,
126,1.198,0.927,
127,0.764,1.149,
128,0.337,0.258,
129,1.133,0.332,
130,1.008,-0.551,
131,-0.308,1.033,
132,1.82,-1.495,
133,0.655,-1.616,
134,-0.032,-0.42,
135,0.152,0.592,
136,0.712,1.046,
137,0.448,0.595,
138,1.337,-0.087,
139,0.054,-1.037,
140,-0.208,-0.682,
141,-0.467,0.489,
142,0.306,1.396,
143,-0.954,0.611,
144,1.369,-1.006,
145,-0.466,-0.459,
146,-0.661,-0.876,
147,0.178,0.029,
148,-0.228,-1.208,
149,1.095,0.491,
150,-0.42,0.219,
151,1.491,0.249,
152,0.502,-0.985,
153,1.02,-2.505,
154,0.087,-0.06,
155,-0.603,-0.258,
156,0.057,0.849,
157,-0.146,-1.131,
158,0.026,-0.97,
159,-0.922,-0.601,
160,0.17,-0.482,
161,-0.221,-0.115,
162,-0.2,0.091,
163,0.501,-0.705,
