1,0.654,0.886,
2,0.025,1.285,
3,0.71,0.534,
4,-0.984,-0.74,
5,-1.361,2.194,
6,0.614,-0.116,
7,2.528,1.03,
8,0.397,-1.427,
9,-0.412,-0.959,
10,0.098,-1.219,
11,-0.876,0.691,
12,-0.491,0.318,
13,0.613,0.299,
14,-1.139,-0.555,
15,-1.068,1.412,
16,0.689,1.519,
17,-0.627,0.492,
18,0.84,-0.016,
19,-0.577,-0.479,
20,-0.304,-0.469,
21,-0.041,-0.397,
22,-0.793,-0.312,
23,0.34,0.32,
24,-0.357,0.705,
25,1.807,-0.295,
26,0.232,0.751,
27,0.023,0.483,
28,-0.791,0.739,
29,0.363,0.644,
30,-1.434,-0.467,
31,0.301,0.818,
32,0.241,1.14,
33,-1.108,-2.468,
34,-2.031,1.027,
35,0.291,0.838,
36,0.186,1.095,
37,0.028,0.336,
38,0.753,-0.369,
39,0.376,0.227,
40,1.033,-1.317,
41,0.905,-0.56,
42,0.554,1.452,
43,-0.498,-0.706,
44,0.619,0.343,
45,-1.184,0.931,
46,0.515,-0.246,
47,-0.791,0.082,
48,-0.2,0.157,
49,1.144,0.51,
50,0.052,0.535,
51,0.835,1.257,
52,-0.368,-0.074,
53,0.799,0.639,
54,0.409,-0.339,
55,1.127,-0.543,
56,0.256,0.167,
57,1.163,-0.088,
58,0.996,2.222,
59,1.37,0.933,
60,-0.399,0.896,
61,-0.887,-0.181,
62,1.997,-0.265,
63,-0.104,0.377,
64,0.233,-1.547,
65,0.516,0.613,
66,0.029,0.615,
67,-0.215,0.028,
68,0.653,0.629,
69,-0.642,1.212,
70,0.141,0.151,
71,0.952,0.564,
72,0.595,1.109,
73,0.504,-1.042,
74,-0.57,0.505,
75,-2.257,1.147,
76,2.143,0.16,
77,0.835,2.721,
78,1.008,1.095,
79,-0.718,-1.07,
80,0.291,-0.149,
81,-0.423,1.431,
82,0.427,0.254,
83,0.23,0.783,
84,-0.692,-1.702,
85,0.175,0.774,
86,0.128,0.25,
87,0.332,0.339,
88,-0.361,-0.232,
89,1.488,0.481,
90,-0.259,0.863,
91,0.922,0.62,
92,0.21,-0.321,
93,-0.381,-0.04,
94,-0.49,0.669,
95,0.185,-1.375,
96,-0.126,-0.274,
97,-1.238,-0.815,
98,-0.045,-0.608,
99,0.19,-1.68,
100,0.327,0.16,
101,-0.539,0.763,
102,-1.781,-0.844,
103,0.043,2.029,
104,0.967,-0.3,
105,-0.614,0.75,
106,-0.763,-1.943,
107,-2.395,-0.592,
108,1.165,-1.118,
109,-0.982,-0.561,
110,0.832,-0.256,
111,0.093,0.445,
112,0.24,-0.244,
113,1.803,0.318,
114,-0.329,-0.554,
115,-0.448,0.033,
116,1.323,0.716,
117,0.461,0.956,
118,0.849,-0.818,
119,1.42,-0.079,
120,0.13,-0.945,
121,-0.272,-0.358,
122,0.828,-0.24,
123,-0.57,-1.188,
124,0.373,0.527,
125,-0.823,-0.759,
126,-0.374,-0.549,
127,-1.812,0.742,
128,-0.103,0.028,
129,0.256,-0.559,
130,0.254,-1.554,
131,2.396,-0.103,
132,0.284,-0.086,
133,0.68,-0.284,
134,-0.12,-1.186,
135,2.751,-0.552,
136,2.053,0.972,
137,1.393,-0.29,
138,0.127,-0.306,
139,0.614,-1.074,
140,-0.797,1.085,
141,-0.67,0.103,
142,-0.921,-0.447,
143,0.503,-1.18,
144,0.253,0.098,
145,-1.12,0.084,
146,-1.176,0.601,
147,-1.137,0.529,
148,-1.837,-0.889,
149,-0.667,0.182,
150,-1.13,-0.684,
151,0.82,-0.779,
152,-1.295,-0.385,
153,-1.412,0.666,
154,-0.057,-0.122,
155,0.046,0.152,
156,-0.824,0.298,
157,-0.41,-2.341,
158,1.212,-0.649,
159,0.732,-1.229,
160,-0.1,-0.399,
161,-0.396,-0.008,
162,-0.05,1.091,
163,1.295,0.771,
