1,0.328,0.686,
2,-0.017,0.267,
3,-0.126,0.416,
4,0.192,0.454,
5,0.076,0.815,
6,-0.81,0.342,
7,0.002,1.034,
8,0.555,0.558,
9,-0.185,-0.008,
10,-0.338,1.134,
11,0.692,0.888,
12,0.079,-0.1,
13,0.73,0.542,
14,-0.248,0.646,
15,-0.165,0.054,
16,0.204,0.155,
17,-0.433,0.645,
18,-0.346,0.38,
19,0.39,0.74,
20,-0.173,0.149,
21,0.082,0.372,
22,0.126,0.197,
23,0.187,0.19,
24,0.06,0.488,
25,-0.028,0.413,
26,0.322,1.263,
27,0.44,0.595,
28,0.322,0.699,
29,0.234,0.566,
30,0.275,0.923,
31,0.275,1.361,
32,0.262,0.255,
33,0.033,0.474,
34,-0.357,0.067,
35,0.242,1.202,
36,-0.273,0.696,
37,0.179,0.392,
38,-0.093,0.469,
39,0.137,0.412,
40,0.041,0.516,
41,0.526,0.569,
42,0.559,0.944,
43,0.14,0.504,
44,0.396,0.988,
45,-0.007,0.693,
46,0.121,0.418,
47,-0.582,0.198,
48,0.718,0.535,
49,-0.067,0.21,
50,-0.247,0.159,
51,0.171,0.425,
52,0.31,0.47,
53,0.456,-0.237,
54,0.457,0.551,
55,-0.176,-0.25,
56,0.01,0.804,
57,0.133,0.337,
58,0.096,0.741,
59,-0.307,0.21,
60,-0.054,0.526,
61,0.201,0.649,
62,0.301,0.497,
63,-0.04,0.677,
64,-0.145,0.012,
65,0.307,0.335,
66,0.504,1.144,
67,-0.26,0.286,
68,0.221,0.545,
69,0.255,0.993,
70,-0.023,0.461,
71,-0.085,0.452,
72,0.556,0.608,
73,-0.21,0.567,
74,0.233,0.683,
75,-0.122,0.226,
76,-0.25,0.681,
77,-0.01,0.441,
78,-0.222,0.63,
79,-0.928,0.377,
80,0.08,0.082,
81,0.2,0.393,
82,0.328,0.554,
83,0.499,0.612,
84,0.169,0.596,
85,0.416,0.74,
86,-0.061,0.963,
87,0.29,-0.037,
88,0.027,0.172,
89,0.301,0.697,
90,0.226,0.347,
91,0.009,0.948,
92,0.055,0.14,
93,-0.381,0.908,
94,-0.216,0.999,
95,0.137,0.225,
96,0.112,0.184,
97,0.404,0.481,
98,-0.487,-0.408,
99,0.233,0.206,
100,-0.129,0.386,
101,-0.034,0.87,
102,0.239,0.11,
103,-0.15,0.935,
104,0.084,0.468,
105,-0.164,-0.024,
106,0.052,0.849,
107,0.499,1.474,
108,-0.055,0.302,
109,0.021,0.473,
110,0.678,0.774,
111,-0.03,0.431,
112,-0.55,0.185,
113,0.28,0.414,
114,0.005,0.118,
115,0.104,-0.859,
116,0.455,0.213,
117,0.512,0.408,
118,0.138,0.46,
119,0.206,0.39,
120,0.139,0.332,
121,-0.194,0.501,
122,0.794,0.606,
123,-0.151,-0.547,
124,0.42,0.221,
125,-0.175,-0.023,
126,0.491,0.329,
127,0.234,0.091,
128,0.009,0.695,
129,-0.026,0.365,
130,0.246,0.376,
131,0.635,1.506,
132,-0.275,0.379,
133,-0.053,0.575,
134,0.076,0.625,
135,0.008,-0.026,
136,0.264,0.448,
137,-0.063,0.762,
138,-0.077,0.407,
139,-0.264,0.106,
140,0.06,0.464,
141,-0.014,-0.107,
142,-0.213,0.21,
143,0.021,0.755,
144,-0.319,0.712,
145,-0.17,0.13,
146,0.716,1.012,
147,-0.093,0.701,
148,-0.444,0.556,
149,-0.278,-0.965,
150,-1.315,0.646,
151,0.919,0.876,
152,-0.338,0.935,
153,0.475,0.069,
154,-0.083,0.265,
155,-0.078,0.44,
156,-0.277,0.949,
157,-0.057,0.334,
158,0.383,0.898,
159,0.19,0.349,
160,-0.093,0.643,
161,0.206,0.312,
162,0.041,0.503,
163,0.879,0.027,
