1,-1.941,-0.503,
2,-0.063,-0.082,
3,0.318,-0.307,
4,0.055,0.343,
5,-1.556,-1.243,
6,-0.331,-0.355,
7,1.162,0.128,
8,0.33,-0.612,
9,0.16,-0.63,
10,-1.237,-0.479,
11,-0.158,0.511,
12,1.31,0.285,
13,0.349,-0.534,
14,0.165,0.213,
15,-0.256,-0.673,
16,0.264,0.172,
17,0.135,0.541,
18,-0.203,0.447,
19,-0.174,0.085,
20,-1.806,-0.686,
21,0.083,-0.085,
22,-0.102,0.817,
23,0.141,-0.621,
24,-0.132,0.35,
25,0.048,0.968,
26,0.268,-0.41,
27,-0.185,0.455,
28,0.174,0.116,
29,-0.284,0.763,
30,-0.067,0.338,
31,-0.322,-1.456,
32,1.129,0.505,
33,1.27,-0.372,
34,0.27,-0.279,
35,-0.07,-0.358,
36,0.031,0.203,
37,0.241,0.241,
38,-0.038,0.601,
39,1.478,1.42,
40,-0.53,-0.707,
41,-0.065,-0.553,
42,-0.023,0.39,
43,0.691,0.004,
44,-0.358,0.041,
45,0.362,0.258,
46,0.065,-0.315,
47,-0.346,-0.018,
48,0.902,0.119,
49,-0.236,-0.057,
50,0.228,-0.055,
51,-0.2,-0.397,
52,0.651,-0.3,
53,0.744,-0.323,
54,0.631,1.809,
55,0.962,-0.559,
56,-0.063,0.173,
57,-1.088,0.583,
58,-0.557,-1.317,
59,0.104,0.002,
60,-0.297,0.126,
61,-0.171,0.611,
62,0.74,-0.488,
63,-1.365,-1.55,
64,-0.338,-0.414,
65,0.573,-1.142,
66,0.949,-0.209,
67,0.075,0.11,
68,-0.095,0.307,
69,1.593,0.503,
70,-0.501,1.343,
71,0.238,0.569,
72,1.353,-0.499,
73,1.375,-0.771,
74,0.352,-0.056,
75,0.014,0.412,
76,0.991,-0.459,
77,0.665,0.418,
78,0.571,-0.257,
79,0.818,-0.664,
80,0.492,-0.005,
81,0.867,-0.769,
82,0.191,-0.072,
83,-0.029,-0.005,
84,0.29,0.018,
85,-0.5,-0.521,
86,-1,-0.139,
87,-1.201,-0.782,
88,0.575,0.49,
89,0.557,0.183,
90,0.834,0.126,
91,0.305,0.138,
92,-0.268,-0.106,
93,-0.417,0.648,
94,0.769,0.505,
95,-0.899,1.518,
96,0.578,-0.873,
97,0.521,-0.094,
98,0.179,-1.125,
99,-0.07,-1.447,
100,2.553,1.837,
101,1.199,0.791,
102,-0.306,-0.258,
103,-1.866,-0.655,
104,1.001,0.335,
105,-0.392,0.134,
106,-2.04,-0.684,
107,-0.098,0.287,
108,-0.017,-0.157,
109,0.772,-0.505,
110,-0.496,-0.176,
111,-0.26,-1.113,
112,-0.804,-0.08,
113,0.553,0.498,
114,1.622,1.363,
115,0.37,0.646,
116,1.144,0.773,
117,0.397,-1.189,
118,0.844,0.099,
119,-0.183,-0.788,
120,0.241,-0.701,
121,0.452,0.167,
122,0.709,0.216,
123,-0.289,0.659,
124,0.14,-1.746,
125,0.297,-0.267,
126,0.928,0.6,
127,0.547,0.895,
128,0.159,0.36,
129,0.869,0.327,
130,0.823,-0.388,
131,-0.445,0.822,
132,1.438,-1.213,
133,0.484,-1.493,
134,-0.134,-0.336,
135,0.113,0.47,
136,0.545,0.87,
137,0.456,0.661,
138,1.11,0.055,
139,-0.05,-0.685,
140,-0.227,-0.462,
141,-0.512,0.6,
142,0.198,1.202,
143,-0.955,0.589,
144,1.294,-0.964,
145,-0.263,-0.272,
146,-0.689,-0.668,
147,0.121,0.142,
148,-0.166,-0.719,
149,0.711,0.39,
150,-0.385,0.012,
151,0.955,0.45,
152,0.557,-0.957,
153,0.747,-2.034,
154,0.05,0.063,
155,-0.54,0.001,
156,-0.032,0.836,
157,-0.043,-0.826,
158,-0.059,-0.587,
159,-0.934,-0.284,
160,-0.022,-0.151,
161,-0.198,-0.115,
162,-0.311,0.216,
163,0.377,-0.522,
