1,1.054,0.876,
2,-0.767,0.887,
3,0.253,0.529,
4,-0.421,-0.469,
5,-1.03,1.584,
6,1.655,-0.318,
7,1.541,0.769,
8,0.521,-1.599,
9,-0.732,-0.542,
10,-0.317,-0.594,
11,0.309,0.992,
12,0.388,-0.056,
13,0.641,0.701,
14,-0.539,-0.216,
15,-0.518,0.663,
16,0.389,0.654,
17,-0.418,0.622,
18,-0.174,-0.16,
19,0.198,-0.213,
20,-1.141,-1.156,
21,0.21,-0.049,
22,0.337,-0.372,
23,0.226,0.175,
24,-0.242,0.658,
25,1.381,-1.002,
26,0.117,0.926,
27,0.26,0.454,
28,-0.092,0.446,
29,0.503,0.269,
30,-0.791,-0.274,
31,0.375,1.517,
32,0.312,0.568,
33,-0.181,-0.531,
34,-1.064,0.513,
35,0.455,0.98,
36,-0.073,0.819,
37,-0.052,0.451,
38,-0.204,-0.146,
39,0.708,0.184,
40,0.329,-0.228,
41,0.796,-0.997,
42,1.246,1.751,
43,-0.647,-0.434,
44,0.321,0.592,
45,-0.369,0.763,
46,0.651,-0.241,
47,-0.481,0.366,
48,0.153,0.382,
49,0.182,0.299,
50,0.008,0.31,
51,0.56,0.719,
52,0.166,-0.174,
53,0.93,-0.844,
54,1.055,-0.105,
55,0.818,-0.429,
56,-0.337,1.472,
57,1.931,-0.183,
58,0.98,1.462,
59,0.395,0.175,
60,-0.357,0.822,
61,0.463,0.369,
62,0.878,-0.569,
63,-0.212,0.668,
64,0.857,-1.06,
65,0.235,0.412,
66,0.225,0.545,
67,-0.383,0.061,
68,0.276,0.923,
69,-0.117,0.817,
70,0.047,0.233,
71,-0.16,0.918,
72,0.822,1.417,
73,0.237,0.101,
74,-0.331,0.53,
75,-1.025,0.575,
76,0.259,0.181,
77,0.265,1.202,
78,0.59,0.924,
79,-1.495,-0.864,
80,0.28,0.28,
81,-0.512,1.139,
82,0.277,0.514,
83,1.004,1.091,
84,0.436,0.146,
85,0.761,0.875,
86,-0.004,0.687,
87,0.91,0.902,
88,-0.396,-0.037,
89,0.935,0.309,
90,0.021,0.631,
91,0.185,0.732,
92,0.16,-0.44,
93,-0.916,0.067,
94,-0.466,0.899,
95,0.034,-0.856,
96,0.557,-0.749,
97,-0.621,-0.183,
98,-0.222,-1.569,
99,0.36,-1.474,
100,0.076,0.097,
101,-0.344,0.875,
102,-0.569,-0.64,
103,-0.588,2.117,
104,0.535,0.074,
105,-0.351,0.037,
106,-0.368,-0.236,
107,-0.456,0.366,
108,0.707,0.251,
109,-0.437,0.067,
110,1.202,0.367,
111,-0.338,-0.485,
112,0.234,-0.071,
113,1.461,0.679,
114,-0.158,-0.197,
115,0.192,-0.247,
116,1.51,0.337,
117,1.335,0.229,
118,1.162,0.257,
119,0.291,0.078,
120,-0.368,-0.142,
121,-0.225,0.331,
122,1.566,-0.263,
123,-0.187,-0.921,
124,0.413,0.839,
125,-1.546,-1.277,
126,0.184,0.139,
127,-1.046,0.513,
128,-0.026,0.357,
129,0.318,-0.144,
130,0.319,-1.147,
131,1.766,0.902,
132,0.067,0.178,
133,0.534,-0.289,
134,-0.441,-0.526,
135,1.693,-0.513,
136,2.473,1.371,
137,0.634,0.413,
138,0.148,-0.053,
139,0.191,0.078,
140,-0.409,0.643,
141,-0.089,0.012,
142,-1.344,0.125,
143,-0.219,-0.234,
144,-0.087,0.363,
145,0.022,0.432,
146,-0.067,1.039,
147,-0.383,0.871,
148,-1.66,-0.25,
149,-1.177,0.173,
150,-2.104,0.01,
151,0.885,-0.081,
152,-1.282,0.668,
153,-0.002,-0.469,
154,-0.117,-0.084,
155,0.026,0.103,
156,-0.287,0.997,
157,-0.146,-1.48,
158,1.325,0.135,
159,0.429,-0.888,
160,-0.053,0.152,
161,-0.04,-0.106,
162,0.338,1.187,
163,1.65,1.446,
