1,0.997,1.273,
2,-0.386,0.753,
3,0.106,0.574,
4,-0.078,0.102,
5,-0.777,1.416,
6,0.856,0.299,
7,0.999,1.594,
8,1.056,0.066,
9,-0.351,-0.133,
10,-0.229,0.307,
11,-0.156,0.76,
12,-0.105,-0.313,
13,0.673,0.638,
14,-0.451,0.847,
15,-0.787,0.683,
16,0.247,1.055,
17,-0.564,0.645,
18,0.058,0.395,
19,0.415,0.015,
20,0.054,-0.411,
21,0.137,-0.176,
22,0.18,-0.359,
23,0.306,0.262,
24,0.068,0.586,
25,0.326,0.053,
26,0.256,1.396,
27,0.303,0.54,
28,0.396,0.985,
29,0.465,0.684,
30,0.02,0.89,
31,0.474,1.56,
32,0.466,0.572,
33,-0.45,-0.523,
34,-0.719,0.268,
35,0.489,1.028,
36,-0.265,0.81,
37,0.163,0.29,
38,0.451,-0.006,
39,0.157,0.063,
40,0.559,0.124,
41,1.097,-0.121,
42,0.472,1.243,
43,-0.082,-0.076,
44,0.287,0.909,
45,-0.592,0.837,
46,0.323,0.404,
47,-0.785,0.412,
48,0.438,0.476,
49,0.693,0.263,
50,-0.247,0.276,
51,0.512,0.784,
52,0.273,0.283,
53,0.578,0.193,
54,0.384,0.227,
55,0.35,-0.334,
56,0.14,0.109,
57,0.629,0.315,
58,0.46,1.161,
59,0.35,0.681,
60,-0.137,0.676,
61,-0.219,0.465,
62,1.229,-0.225,
63,-0.388,0.7,
64,-0.204,-0.476,
65,0.516,0.431,
66,0.809,1.22,
67,-0.134,0.365,
68,0.665,0.838,
69,-0.058,1.249,
70,-0.049,0.416,
71,-0.048,0.569,
72,0.811,0.885,
73,-0.096,-0.214,
74,-0.009,0.671,
75,-1.142,0.233,
76,0.197,0.39,
77,0.469,1.342,
78,0.182,0.919,
79,-1.091,-0.041,
80,0.377,-0.026,
81,0.111,0.57,
82,0.291,0.594,
83,0.357,0.626,
84,-0.123,-0.224,
85,0.126,0.862,
86,-0.075,0.639,
87,0.548,-0.09,
88,-0.306,0.014,
89,1.654,0.315,
90,0.114,0.543,
91,0.071,1.104,
92,0.126,-0.029,
93,-0.341,0.841,
94,-0.26,0.937,
95,0.39,-0.416,
96,-0.277,0.439,
97,-0.319,-0.129,
98,-0.307,-0.19,
99,0.239,-1.254,
100,0.185,0.467,
101,-0.113,1.01,
102,-0.772,-0.336,
103,0.284,1.446,
104,0.316,0.238,
105,-0.383,-0.501,
106,-0.285,-0.036,
107,-0.431,0.84,
108,0.234,-0.519,
109,-0.327,0.174,
110,0.617,0.541,
111,0.131,0.666,
112,-0.363,-0.09,
113,0.617,-0.424,
114,0.032,-0.088,
115,-0.463,-0.999,
116,1.33,0.257,
117,0.509,0.417,
118,0.649,-0.171,
119,1.065,0.177,
120,0.235,-0.06,
121,-0.185,0.286,
122,0.708,0.572,
123,-0.055,-1.302,
124,0.271,0.164,
125,-0.196,-0.48,
126,0.24,-0.133,
127,-0.492,0.277,
128,0.013,0.377,
129,-0.151,0.138,
130,0.426,-0.806,
131,1.514,0.991,
132,-0.016,0.134,
133,0.238,0.359,
134,0.142,-0.332,
135,1.3,-0.577,
136,0.649,0.155,
137,0.479,0.547,
138,0.053,0.027,
139,0.321,-0.297,
140,-0.237,0.697,
141,-0.088,-0.259,
142,-0.842,-0.09,
143,0.321,0.157,
144,-0.333,0.904,
145,-0.302,-0.161,
146,0.321,0.965,
147,-0.448,0.765,
148,-1.325,-0.246,
149,-0.273,-1.158,
150,-1.116,-0.135,
151,0.928,0.566,
152,-0.993,0.812,
153,-0.195,0.185,
154,-0.071,0.1,
155,-0.003,0.457,
156,-0.712,1.144,
157,-0.458,-0.9,
158,1.153,-0.213,
159,0.559,-0.556,
160,0.029,0.391,
161,0.043,-0.031,
162,-0.091,-0.124,
163,0.912,0.151,
