1,-0.143,-0.025,
2,-0.021,0.116,
3,0.603,0.021,
4,-0.252,-0.259,
5,-0.315,0.151,
6,-0.12,-0.338,
7,0.638,-0.149,
8,-0.032,-0.493,
9,0.086,-0.806,
10,-0.006,-0.497,
11,-0.279,-0.058,
12,0.059,0.048,
13,0.039,-0.366,
14,-0.073,-0.8,
15,-0.197,0.169,
16,0.187,0.373,
17,-0.543,0.191,
18,-0.06,0.193,
19,-0.356,0.232,
20,-0.158,0.282,
21,0.076,0.018,
22,-0.176,0.102,
23,0.013,-0.094,
24,-0.265,0.17,
25,0.949,-0.009,
26,0.311,-0.143,
27,-0.037,0.277,
28,-0.064,0.24,
29,-0.212,0.261,
30,0.172,-0.1,
31,0.127,-0.167,
32,-0.048,0.264,
33,-0.219,-0.637,
34,-0.453,0.171,
35,-0.082,0.352,
36,0.398,0.572,
37,-0.062,0.076,
38,0.481,0.065,
39,0.23,-0.132,
40,0.068,-0.568,
41,0.059,0.113,
42,0.076,-0.236,
43,0.259,-0.181,
44,0.267,-0.031,
45,-0.221,0.159,
46,0.093,-0.087,
47,-0.122,-0.013,
48,0.088,-0.089,
49,-0.041,0.211,
50,-0.008,0.229,
51,-0.391,0.055,
52,-0.043,0.047,
53,0.065,0.562,
54,0.162,-0.023,
55,0.202,-0.141,
56,-0.317,0.442,
57,-0.131,-0.048,
58,0.084,0.439,
59,0.496,0.429,
60,-0.132,0.236,
61,-0.442,-0.342,
62,0.366,0.063,
63,-0.186,-0.107,
64,0.033,-0.284,
65,0.098,0.053,
66,-0.144,0.091,
67,-0.145,0,
68,0.289,-0.064,
69,0.253,0.195,
70,-0.051,-0.129,
71,0.534,-0.167,
72,-0.061,0.135,
73,0.13,-0.074,
74,0.311,0.223,
75,-0.068,0.429,
76,0.576,-0.23,
77,0.097,0.758,
78,0.206,0.427,
79,-0.54,0.054,
80,-0.32,0.08,
81,-0.031,0.231,
82,0.128,0.152,
83,0.136,0.161,
84,-0.023,-0.447,
85,-0.439,-0.154,
86,0.14,-0.239,
87,-0.006,-0.301,
88,0.122,0.081,
89,0.113,0.228,
90,-0.336,0.284,
91,0.419,0.343,
92,-0.077,0.118,
93,-0.043,0.348,
94,-0.063,0.075,
95,-0.154,-0.04,
96,0.103,-0.189,
97,-0.387,-0.699,
98,0.047,-0.16,
99,-0.036,-0.181,
100,0.195,-0.088,
101,-0.173,0.101,
102,-0.124,0.411,
103,-0.043,-0.114,
104,0.257,-0.034,
105,-0.062,0.296,
106,-0.594,-1.325,
107,-0.648,-0.292,
108,0.321,-0.307,
109,-0.455,-0.515,
110,0.147,-0.234,
111,0.039,0.113,
112,0.037,-0.01,
113,0.266,0.343,
114,-0.184,-0.069,
115,-0.25,0.171,
116,-0.219,0.362,
117,0.068,0.237,
118,0.054,-0.361,
119,0.417,0.044,
120,0.064,-0.137,
121,-0.154,-0.34,
122,0.137,-0.068,
123,-0.143,0.114,
124,-0.069,0.276,
125,-0.099,-0.015,
126,-0.039,-0.206,
127,-0.138,0.084,
128,-0.248,0.38,
129,0.294,-0.043,
130,0.069,-0.07,
131,0.092,-0.141,
132,0.027,-0.075,
133,0.015,-0.086,
134,-0.382,-0.05,
135,0.382,0.112,
136,-0.061,-0.01,
137,0.603,-0.045,
138,0.188,0.183,
139,0.133,-0.299,
140,-0.497,0.485,
141,-0.614,0.457,
142,0.037,-0.222,
143,0.358,-0.619,
144,0.812,-0.664,
145,-0.388,-0.123,
146,-0.564,0.111,
147,-0.368,0.298,
148,-0.174,-0.348,
149,-0.136,0.238,
150,-0.112,-0.186,
151,0.219,-0.037,
152,-0.287,-0.39,
153,-0.216,-0.007,
154,0.008,0.02,
155,0.156,0.11,
156,-0.365,0.624,
157,-0.1,-0.324,
158,-0.076,0.14,
159,-0.255,0.087,
160,-0.366,0.052,
161,0.017,0.119,
162,0.131,0.616,
163,0.256,0.277,
