1,-0.018,-0.006,
2,-0.069,0.324,
3,0.573,0.053,
4,-0.489,-0.471,
5,-0.492,0.442,
6,-0.146,-0.487,
7,1.036,-0.133,
8,-0.172,-0.832,
9,-0.11,-1.201,
10,-0.122,-0.859,
11,-0.216,0.075,
12,-0.012,0.09,
13,0.194,-0.355,
14,-0.267,-1.403,
15,-0.262,0.303,
16,0.388,0.626,
17,-0.608,0.177,
18,0.048,0.086,
19,-0.48,0.124,
20,-0.38,0.262,
21,0.009,0.051,
22,-0.3,0.113,
23,0.035,-0.035,
24,-0.285,0.227,
25,1.376,-0.142,
26,0.263,-0.087,
27,-0.047,0.308,
28,-0.219,0.269,
29,-0.114,0.246,
30,-0.318,-0.432,
31,0.103,-0.105,
32,-0.088,0.408,
33,-0.328,-0.926,
34,-0.772,0.335,
35,-0.026,0.434,
36,0.467,0.66,
37,-0.125,0.142,
38,0.527,0.141,
39,0.27,0.027,
40,0.146,-0.729,
41,0.087,0.028,
42,0.238,0.004,
43,0.053,-0.175,
44,0.381,0.008,
45,-0.334,0.35,
46,0.091,-0.197,
47,-0.259,0.055,
48,0.06,-0.066,
49,0.027,0.264,
50,0.017,0.297,
51,-0.316,0.226,
52,-0.177,0.018,
53,0.18,0.497,
54,0.276,-0.055,
55,0.394,-0.244,
56,-0.474,0.575,
57,0.14,-0.128,
58,0.255,0.745,
59,0.644,0.479,
60,-0.188,0.465,
61,-0.405,-0.379,
62,0.487,0.024,
63,-0.197,-0.048,
64,0.174,-0.557,
65,0.131,0.17,
66,-0.293,0.097,
67,-0.177,-0.032,
68,0.271,0.048,
69,0.122,0.341,
70,0.002,-0.088,
71,0.721,-0.053,
72,-0.039,0.362,
73,0.17,-0.245,
74,0.159,0.245,
75,-0.277,0.628,
76,0.853,-0.307,
77,0.157,1.086,
78,0.294,0.481,
79,-1.031,-0.244,
80,-0.247,0.076,
81,-0.114,0.516,
82,0.165,0.198,
83,0.228,0.34,
84,-0.131,-0.626,
85,-0.141,0.066,
86,0.177,-0.034,
87,0.052,-0.085,
88,0.062,0.135,
89,0.132,0.396,
90,-0.414,0.439,
91,0.593,0.314,
92,-0.061,0.048,
93,-0.178,0.21,
94,-0.18,0.187,
95,-0.161,-0.359,
96,0.123,-0.371,
97,-0.634,-0.812,
98,0.107,-0.46,
99,-0.042,-0.364,
100,0.183,-0.064,
101,-0.218,0.218,
102,-0.234,0.229,
103,-0.278,0.401,
104,0.432,-0.117,
105,-0.16,0.541,
106,-0.603,-1.411,
107,-0.997,-0.287,
108,0.572,-0.324,
109,-0.631,-0.556,
110,0.355,-0.268,
111,0.055,0.045,
112,0.163,0.021,
113,0.68,0.621,
114,-0.279,-0.198,
115,-0.127,0.195,
116,-0.113,0.523,
117,0.214,0.443,
118,0.138,-0.356,
119,0.415,-0.065,
120,-0.01,-0.233,
121,-0.195,-0.346,
122,0.376,-0.233,
123,-0.312,0.112,
124,0.076,0.506,
125,-0.355,-0.086,
126,-0.027,-0.083,
127,-0.511,0.339,
128,-0.28,0.369,
129,0.394,-0.182,
130,0.126,-0.298,
131,0.388,-0.118,
132,0.003,-0.02,
133,0.093,-0.093,
134,-0.501,-0.17,
135,0.724,0.144,
136,0.332,0.353,
137,0.911,-0.024,
138,0.197,0.158,
139,0.143,-0.432,
140,-0.674,0.728,
141,-0.662,0.479,
142,-0.101,-0.244,
143,0.307,-0.761,
144,0.778,-0.497,
145,-0.61,-0.009,
146,-0.775,0.225,
147,-0.469,0.501,
148,-0.427,-0.468,
149,-0.33,0.496,
150,-0.358,-0.148,
151,0.376,-0.275,
152,-0.544,-0.439,
153,-0.291,-0.057,
154,0.002,0.005,
155,0.153,0.153,
156,-0.378,0.57,
157,-0.075,-0.642,
158,-0.01,0.165,
159,-0.182,-0.01,
160,-0.368,-0.046,
161,-0.074,0.212,
162,0.227,1.019,
163,0.342,0.712,
