1,0.765,1.017,
2,-0.144,1.363,
3,0.646,0.601,
4,-0.892,-0.685,
5,-1.398,2.252,
6,0.983,-0.07,
7,2.54,1.206,
8,0.552,-1.422,
9,-0.448,-0.751,
10,0.066,-1.179,
11,-0.945,0.721,
12,-0.506,0.304,
13,0.656,0.393,
14,-1.141,-0.264,
15,-1.134,1.463,
16,0.635,1.649,
17,-0.62,0.546,
18,0.818,0.017,
19,-0.413,-0.553,
20,-0.162,-0.665,
21,-0.015,-0.485,
22,-0.664,-0.413,
23,0.372,0.326,
24,-0.302,0.734,
25,1.678,-0.4,
26,0.219,0.924,
27,0.053,0.514,
28,-0.652,0.841,
29,0.444,0.695,
30,-1.376,-0.323,
31,0.357,1.05,
32,0.304,1.133,
33,-1.127,-2.374,
34,-2.016,0.98,
35,0.375,0.903,
36,0.077,1.105,
37,0.054,0.344,
38,0.802,-0.44,
39,0.357,0.182,
40,1.031,-1.139,
41,0.976,-0.68,
42,0.627,1.664,
43,-0.499,-0.745,
44,0.549,0.471,
45,-1.176,0.991,
46,0.562,-0.149,
47,-0.813,0.144,
48,-0.147,0.222,
49,1.171,0.48,
50,0.007,0.529,
51,0.884,1.288,
52,-0.279,-0.065,
53,0.862,0.617,
54,0.455,-0.302,
55,1.148,-0.53,
56,0.263,0.175,
57,1.329,-0.028,
58,1.033,2.221,
59,1.345,0.972,
60,-0.384,0.885,
61,-0.801,-0.094,
62,2.013,-0.344,
63,-0.148,0.445,
64,0.183,-1.565,
65,0.531,0.601,
66,0.197,0.736,
67,-0.188,0.088,
68,0.764,0.779,
69,-0.671,1.343,
70,0.116,0.219,
71,0.793,0.639,
72,0.722,1.206,
73,0.498,-1.023,
74,-0.557,0.56,
75,-2.317,1.078,
76,1.912,0.157,
77,0.876,2.73,
78,0.991,1.15,
79,-0.8,-1.095,
80,0.35,-0.082,
81,-0.365,1.416,
82,0.436,0.32,
83,0.248,0.811,
84,-0.68,-1.618,
85,0.189,0.743,
86,0.083,0.292,
87,0.441,0.389,
88,-0.407,-0.2,
89,1.679,0.388,
90,-0.195,0.85,
91,0.809,0.785,
92,0.205,-0.321,
93,-0.403,0.074,
94,-0.458,0.729,
95,0.287,-1.432,
96,-0.18,-0.131,
97,-1.199,-0.824,
98,-0.105,-0.606,
99,0.281,-1.771,
100,0.324,0.216,
101,-0.507,0.862,
102,-1.787,-0.863,
103,0.022,2.095,
104,0.935,-0.25,
105,-0.646,0.548,
106,-0.713,-1.643,
107,-2.257,-0.477,
108,1.145,-1.165,
109,-0.954,-0.491,
110,0.865,-0.166,
111,0.114,0.531,
112,0.212,-0.255,
113,1.761,0.083,
114,-0.306,-0.525,
115,-0.465,-0.133,
116,1.551,0.658,
117,0.502,0.929,
118,0.972,-0.839,
119,1.369,-0.085,
120,0.117,-0.862,
121,-0.249,-0.258,
122,0.842,-0.154,
123,-0.521,-1.372,
124,0.392,0.426,
125,-0.818,-0.812,
126,-0.386,-0.625,
127,-1.737,0.681,
128,-0.052,0.027,
129,0.158,-0.497,
130,0.297,-1.742,
131,2.415,-0.008,
132,0.284,-0.064,
133,0.692,-0.23,
134,-0.088,-1.196,
135,2.791,-0.628,
136,2.19,0.916,
137,1.296,-0.243,
138,0.124,-0.325,
139,0.651,-0.992,
140,-0.759,1.085,
141,-0.576,0.013,
142,-1.063,-0.418,
143,0.521,-1.079,
144,0.101,0.239,
145,-1.022,0.058,
146,-1,0.719,
147,-1.139,0.493,
148,-1.965,-0.828,
149,-0.709,0.007,
150,-1.311,-0.688,
151,0.813,-0.626,
152,-1.32,-0.218,
153,-1.364,0.594,
154,-0.06,-0.099,
155,0.024,0.194,
156,-0.838,0.44,
157,-0.47,-2.36,
158,1.445,-0.743,
159,0.786,-1.282,
160,-0.055,-0.334,
161,-0.369,-0.063,
162,-0.02,0.948,
163,1.455,0.805,
