1,0.655,1.052,
2,-0.092,0.394,
3,-0.071,0.189,
4,0.198,0.002,
5,-0.453,1.041,
6,0.009,0.411,
7,0.577,1.466,
8,0.708,0.236,
9,-0.298,-0.171,
10,-0.301,0.766,
11,0.279,0.871,
12,-0.073,-0.417,
13,0.822,0.359,
14,-0.283,0.675,
15,-0.639,0.389,
16,0.016,0.883,
17,-0.578,0.61,
18,-0.148,0.485,
19,0.402,0.313,
20,0.044,-0.188,
21,0.023,0.126,
22,0.162,-0.113,
23,0.235,0.253,
24,0.197,0.43,
25,0.173,0.213,
26,0.148,1.242,
27,0.38,0.54,
28,0.428,0.897,
29,0.394,0.641,
30,0.203,0.999,
31,0.386,1.475,
32,0.36,0.389,
33,-0.246,0.049,
34,-0.497,0.072,
35,0.417,1.038,
36,-0.041,0.56,
37,-0.101,0.229,
38,0.121,0.254,
39,0.145,0.255,
40,0.28,0.422,
41,0.835,0.283,
42,0.54,1.07,
43,0.103,0.329,
44,0.271,1.05,
45,-0.367,0.837,
46,0.093,0.458,
47,-0.829,0.404,
48,0.828,0.511,
49,0.364,0.228,
50,-0.299,0.191,
51,0.263,0.621,
52,0.279,0.43,
53,0.45,-0.028,
54,0.396,0.417,
55,0.052,-0.309,
56,0.126,0.427,
57,0.302,0.412,
58,0.268,0.884,
59,-0.034,0.502,
60,-0.07,0.624,
61,-0.076,0.382,
62,0.834,0.183,
63,-0.399,0.709,
64,-0.257,-0.102,
65,0.417,0.369,
66,0.657,1.221,
67,-0.179,0.384,
68,0.43,0.721,
69,0.052,1.255,
70,-0.089,0.421,
71,-0.116,0.499,
72,0.663,0.768,
73,-0.234,0.087,
74,0.229,0.662,
75,-0.814,0.237,
76,-0.169,0.647,
77,0.246,0.905,
78,-0.12,0.776,
79,-1.081,0.168,
80,0.275,0.098,
81,0.232,0.458,
82,0.25,0.544,
83,0.401,0.589,
84,-0.125,0.082,
85,0.253,0.856,
86,-0.109,0.809,
87,0.42,-0.074,
88,-0.02,-0.012,
89,1.193,0.472,
90,0.077,0.476,
91,0.041,1.012,
92,0.022,0.123,
93,-0.335,0.931,
94,-0.252,0.998,
95,0.308,-0.069,
96,-0.19,0.37,
97,0.027,0.23,
98,-0.417,-0.242,
99,0.245,-0.581,
100,0.069,0.533,
101,0.086,0.977,
102,-0.414,-0.13,
103,0.024,1.086,
104,0.131,0.382,
105,-0.347,-0.396,
106,-0.08,0.534,
107,0.06,1.287,
108,0.035,-0.127,
109,-0.096,0.384,
110,0.615,0.708,
111,0.132,0.544,
112,-0.429,0.07,
113,0.467,-0.099,
114,0.115,0.034,
115,-0.153,-1.18,
116,0.725,0.304,
117,0.513,0.437,
118,0.371,0.179,
119,0.631,0.256,
120,0.221,0.172,
121,-0.187,0.319,
122,0.81,0.656,
123,-0.166,-0.901,
124,0.342,0.157,
125,-0.091,-0.151,
126,0.453,0.199,
127,0.121,0.193,
128,-0.157,0.703,
129,-0.184,0.307,
130,0.351,-0.314,
131,1.095,1.268,
132,-0.208,0.291,
133,-0.01,0.601,
134,0.12,0.12,
135,0.674,-0.31,
136,0.345,0.16,
137,0.235,0.717,
138,0.187,0.46,
139,-0.16,-0.228,
140,-0.231,0.82,
141,-0.03,-0.217,
142,-0.543,0.003,
143,0.13,0.461,
144,-0.407,1.05,
145,-0.252,0.004,
146,0.512,1.017,
147,-0.269,0.804,
148,-0.913,0.146,
149,-0.118,-1.246,
150,-1.031,0.443,
151,0.896,0.887,
152,-0.735,1.038,
153,0.06,0.259,
154,-0.093,0.165,
155,0.079,0.682,
156,-0.609,1.259,
157,-0.359,-0.353,
158,0.8,0.152,
159,0.518,0.032,
160,-0.127,0.711,
161,0.221,0.431,
162,-0.144,0.12,
163,0.821,-0.09,
