1,0.874,1.131,
2,-0.33,0.463,
3,0.02,0.03,
4,0.088,-0.445,
5,-0.841,1.184,
6,0.913,0.24,
7,1.031,1.521,
8,0.842,-0.247,
9,-0.413,-0.344,
10,-0.244,0.291,
11,0.007,0.861,
12,-0.142,-0.509,
13,0.894,0.178,
14,-0.288,0.535,
15,-0.883,0.607,
16,-0.15,1.254,
17,-0.684,0.574,
18,-0.028,0.434,
19,0.389,-0.053,
20,-0.023,-0.538,
21,0.054,-0.078,
22,0.222,-0.362,
23,0.268,0.274,
24,0.251,0.378,
25,0.532,-0.156,
26,0.004,1.108,
27,0.305,0.516,
28,0.443,0.958,
29,0.508,0.628,
30,0.001,0.841,
31,0.469,1.594,
32,0.418,0.506,
33,-0.399,-0.306,
34,-0.685,0.16,
35,0.546,0.942,
36,0.159,0.511,
37,-0.335,0.162,
38,0.252,0.065,
39,0.227,0.133,
40,0.439,0.252,
41,1.032,-0.123,
42,0.629,1.274,
43,-0.071,0.044,
44,0.217,0.999,
45,-0.569,0.892,
46,0.198,0.375,
47,-0.884,0.516,
48,0.882,0.457,
49,0.516,0.224,
50,-0.302,0.25,
51,0.387,0.746,
52,0.251,0.306,
53,0.545,-0.005,
54,0.484,0.281,
55,0.319,-0.363,
56,0.116,0.348,
57,0.703,0.35,
58,0.487,1.065,
59,0.209,0.619,
60,-0.098,0.706,
61,-0.131,0.21,
62,1.052,-0.129,
63,-0.61,0.658,
64,-0.169,-0.333,
65,0.454,0.387,
66,0.702,1.17,
67,-0.147,0.389,
68,0.565,0.885,
69,-0.09,1.34,
70,-0.092,0.381,
71,-0.139,0.596,
72,0.77,0.965,
73,-0.148,-0.183,
74,0.189,0.644,
75,-1.153,0.256,
76,-0.144,0.54,
77,0.405,1.235,
78,0.076,0.891,
79,-1.238,-0.107,
80,0.393,0.114,
81,0.104,0.583,
82,0.225,0.556,
83,0.443,0.668,
84,-0.208,-0.209,
85,0.236,0.912,
86,-0.104,0.689,
87,0.596,0.048,
88,0.003,-0.108,
89,1.567,0.176,
90,-0.08,0.608,
91,0.041,1.044,
92,0.041,0.016,
93,-0.412,0.816,
94,-0.298,0.979,
95,0.376,-0.362,
96,-0.271,0.332,
97,-0.294,-0.028,
98,-0.351,-0.35,
99,0.264,-1.204,
100,0.2,0.558,
101,0.141,1.042,
102,-0.759,-0.342,
103,0.007,1.343,
104,0.25,0.26,
105,-0.449,-0.568,
106,-0.189,0.247,
107,-0.279,1,
108,0.188,-0.343,
109,-0.251,0.24,
110,0.677,0.611,
111,0.145,0.484,
112,-0.258,-0.021,
113,0.722,-0.31,
114,0.117,-0.077,
115,-0.196,-1.251,
116,0.887,0.426,
117,0.646,0.409,
118,0.678,-0.01,
119,0.823,0.151,
120,0.173,0.018,
121,-0.182,0.244,
122,0.916,0.544,
123,-0.159,-1.149,
124,0.312,0.214,
125,-0.297,-0.448,
126,0.371,0.076,
127,-0.063,0.299,
128,-0.288,0.715,
129,-0.249,0.199,
130,0.446,-0.784,
131,1.454,1.044,
132,-0.1,0.211,
133,0.113,0.468,
134,0.06,-0.283,
135,1.239,-0.521,
136,0.744,0.2,
137,0.523,0.598,
138,0.366,0.492,
139,-0.058,-0.327,
140,-0.506,1.103,
141,-0.047,-0.248,
142,-0.906,-0.059,
143,0.145,0.181,
144,-0.401,1.094,
145,-0.248,-0.03,
146,0.317,1.026,
147,-0.441,0.852,
148,-1.28,-0.107,
149,-0.239,-1.117,
150,-0.987,0.279,
151,0.868,0.756,
152,-1.049,0.979,
153,-0.196,0.259,
154,-0.084,0.102,
155,0.164,0.832,
156,-0.754,1.552,
157,-0.468,-0.859,
158,1.13,-0.292,
159,0.665,-0.27,
160,-0.206,0.681,
161,0.182,0.54,
162,-0.084,0.09,
163,0.955,0.167,
