1,-1.408,-0.722,
2,0.706,-0.258,
3,0.242,-0.929,
4,0.828,1.314,
5,-1.115,-1.235,
6,-0.675,-0.662,
7,2.835,0.277,
8,1.182,-1.179,
9,0.775,-2.315,
10,-1.33,-1.655,
11,0.851,0.708,
12,1.247,-0.055,
13,1.359,-0.958,
14,0.544,0.522,
15,-0.823,-1.164,
16,0.824,-0.035,
17,1.267,0.682,
18,0.694,-0.53,
19,0.83,-0.863,
20,-1.221,-1.925,
21,0.354,-1.336,
22,-0.6,0.359,
23,0.991,-0.935,
24,0.169,-0.24,
25,0.564,1.263,
26,0.97,-1,
27,0.297,-0.572,
28,0.755,-0.15,
29,-0.047,0.635,
30,-0.749,-1.106,
31,0.609,-2.496,
32,1.898,1.03,
33,2.345,-0.952,
34,0.645,-0.694,
35,1.157,-0.623,
36,0.235,-0.24,
37,1.014,0.106,
38,-0.058,0.607,
39,1.805,1.015,
40,0.485,-1.04,
41,0.907,-1.195,
42,2.797,-0.159,
43,1.758,0.442,
44,0.094,0.065,
45,0.17,0.479,
46,0.517,-1.104,
47,-0.449,-0.461,
48,2.157,0.196,
49,0.635,-0.699,
50,1.325,-0.297,
51,0.568,-1.087,
52,0.296,-0.58,
53,1.606,-1.898,
54,0.802,2.258,
55,1.652,-1.714,
56,1.277,-1.311,
57,-0.865,-0.119,
58,-0.176,-1.013,
59,0.208,-0.365,
60,0.393,-0.455,
61,-0.047,0.33,
62,1.626,-0.687,
63,-0.52,-2.296,
64,-0.241,-0.982,
65,1.502,-1.97,
66,1.983,-0.25,
67,0.567,-0.322,
68,-0.336,0.445,
69,2.203,0.205,
70,0.062,1.117,
71,0.305,0.51,
72,3.194,-1.033,
73,1.887,-2.041,
74,0.631,-0.704,
75,0.079,-0.423,
76,2.239,-1.079,
77,1.441,-0.506,
78,0.916,-1.694,
79,1.5,-2.007,
80,1.403,-0.713,
81,0.5,-1.036,
82,0.849,-0.278,
83,-0.371,-0.784,
84,0.457,-0.223,
85,0.552,-0.88,
86,-0.753,-0.45,
87,-1.76,-2.406,
88,1.187,0.835,
89,0.944,-0.164,
90,2.67,0.139,
91,1.023,0.434,
92,0.031,-1.281,
93,-0.861,0.59,
94,1.205,0.172,
95,-0.293,1.673,
96,1.211,-2.343,
97,1.528,-0.353,
98,0.419,-2.604,
99,-0.07,-2.148,
100,4.004,1.803,
101,2.003,1.194,
102,0.56,-1.324,
103,-1.337,-0.594,
104,1.898,-0.58,
105,-0.185,-0.488,
106,-2.186,-0.758,
107,1.209,0.13,
108,-0.071,-0.668,
109,1.502,-0.659,
110,-0.378,-0.387,
111,-0.238,-1.763,
112,-0.387,-0.911,
113,1.059,0.44,
114,2.29,0.324,
115,0.402,-0.209,
116,1.635,0.039,
117,1.016,-2.056,
118,2.004,0.018,
119,-0.075,-1.501,
120,0.699,-2.04,
121,1.971,0.676,
122,2.151,-0.637,
123,0.55,-0.041,
124,0.634,-2.699,
125,0.209,-1.082,
126,1.76,0.855,
127,1.513,0.871,
128,0.921,-0.284,
129,1.955,-0.259,
130,1.131,-0.531,
131,0.428,1.351,
132,1.977,-1.792,
133,0.907,-0.755,
134,0.43,-0.257,
135,0.616,0.283,
136,0.889,0.469,
137,0.166,-0.416,
138,1.496,-0.776,
139,0.582,-1.921,
140,0.138,-1.011,
141,0.029,-0.666,
142,1.044,0.622,
143,0.061,0.676,
144,1.1,-0.794,
145,-1.041,-1.208,
146,0.131,-1.148,
147,0.452,-0.553,
148,-0.176,-2.72,
149,1.987,0.185,
150,-0.174,-0.159,
151,2.717,-0.784,
152,0.682,-1.397,
153,1.602,-2.684,
154,0.245,-0.835,
155,0.16,-1.597,
156,0.25,0.247,
157,-0.234,-1.747,
158,0.546,-1.317,
159,-0.263,-1.546,
160,1.103,-1.421,
161,0.39,-0.301,
162,0.626,-0.69,
163,1.191,-1.214,
