1,0.246,0.293,
2,0.19,0.723,
3,0.776,-0.123,
4,-1.034,-1.269,
5,-1.213,1.462,
6,0.119,-0.323,
7,2.112,0.466,
8,0.084,-1.433,
9,-0.313,-1.842,
10,0.064,-1.661,
11,-0.687,0.425,
12,-0.59,0.022,
13,0.758,-0.822,
14,-0.755,-1.372,
15,-0.959,1.054,
16,0.409,1.56,
17,-1.008,0.118,
18,0.593,0.012,
19,-0.729,-0.292,
20,-0.35,-0.045,
21,-0.084,-0.173,
22,-0.697,-0.083,
23,0.2,0.211,
24,0.024,0.062,
25,2.114,-0.17,
26,0.049,0.112,
27,-0.24,0.336,
28,-0.734,0.505,
29,0.186,0.429,
30,-1.219,-0.64,
31,0.199,0.332,
32,0.037,0.893,
33,-0.885,-2.088,
34,-1.721,0.911,
35,0.332,0.496,
36,0.772,0.857,
37,-0.459,0.124,
38,0.75,-0.105,
39,0.31,0.209,
40,0.708,-1.225,
41,0.534,-0.273,
42,0.449,0.825,
43,-0.423,-0.473,
44,0.593,0.187,
45,-0.93,0.746,
46,0.309,-0.298,
47,-0.714,0.111,
48,0.3,-0.083,
49,0.872,0.412,
50,-0.156,0.52,
51,0.38,0.983,
52,-0.425,-0.031,
53,0.53,0.755,
54,0.341,-0.25,
55,0.949,-0.471,
56,-0.035,0.236,
57,0.69,-0.103,
58,0.763,1.73,
59,1.221,0.797,
60,-0.1,0.873,
61,-0.965,-0.696,
62,1.421,-0.039,
63,-0.452,-0.091,
64,0.151,-1.366,
65,0.346,0.443,
66,-0.236,0.376,
67,-0.08,0.013,
68,0.607,0.36,
69,-0.502,1.051,
70,0.049,0.067,
71,1.095,0.299,
72,0.25,0.856,
73,0.387,-0.968,
74,0.045,0.346,
75,-1.584,0.955,
76,1.831,-0.013,
77,0.596,2.258,
78,0.724,0.845,
79,-0.905,-0.868,
80,0.1,-0.093,
81,-0.245,1.147,
82,0.387,0.306,
83,-0.012,0.605,
84,-0.738,-1.646,
85,0.151,0.687,
86,0.189,0.178,
87,0.163,0.242,
88,0.058,-0.028,
89,0.928,0.442,
90,-0.832,1.008,
91,0.982,0.387,
92,0.082,-0.162,
93,-0.302,-0.037,
94,-0.38,0.427,
95,0.056,-1.197,
96,-0.189,-0.237,
97,-1.287,-1.098,
98,0.151,-0.612,
99,0.026,-1.202,
100,0.451,0.215,
101,0.087,0.68,
102,-1.43,-0.555,
103,-0.154,1.61,
104,0.819,-0.361,
105,-0.501,0.878,
106,-0.706,-1.972,
107,-2.287,-0.57,
108,1.008,-0.909,
109,-1.05,-0.865,
110,0.672,-0.35,
111,0.154,0.314,
112,0.315,-0.096,
113,1.663,0.496,
114,-0.292,-0.605,
115,-0.275,-0.088,
116,0.192,1.051,
117,0.384,0.908,
118,0.472,-0.661,
119,1.029,-0.159,
120,0.055,-0.774,
121,-0.277,-0.472,
122,0.671,-0.332,
123,-0.629,-0.516,
124,0.318,0.78,
125,-0.653,-0.437,
126,-0.21,-0.262,
127,-1.26,0.842,
128,-0.521,0.378,
129,0.069,-0.402,
130,0.24,-1.123,
131,1.706,-0.193,
132,0.14,-0.027,
133,0.405,-0.166,
134,-0.348,-0.871,
135,2.148,-0.217,
136,1.3,0.735,
137,1.835,-0.243,
138,0.388,0.205,
139,0.318,-1.143,
140,-1.389,1.716,
141,-0.741,0.308,
142,-0.516,-0.501,
143,0.579,-1.16,
144,0.561,-0.131,
145,-1.148,0.073,
146,-1.249,0.429,
147,-0.994,0.854,
148,-1.247,-0.856,
149,-0.418,0.389,
150,-0.49,-0.296,
151,0.596,-0.448,
152,-1.272,-0.604,
153,-1.245,0.657,
154,0.067,0.158,
155,0.275,0.907,
156,-0.804,0.664,
157,-0.21,-1.79,
158,0.667,-0.576,
159,0.474,-0.645,
160,-0.49,-0.197,
161,-0.375,0.768,
162,0.106,1.242,
163,0.666,0.882,
