1,0.876,0.784,
2,-0.621,1.048,
3,0.356,0.5,
4,-0.573,-0.647,
5,-1.086,1.757,
6,1.415,-0.346,
7,1.832,0.624,
8,0.287,-1.886,
9,-0.76,-0.773,
10,-0.297,-0.951,
11,0.279,1.016,
12,0.285,0.034,
13,0.632,0.609,
14,-0.692,-0.546,
15,-0.534,0.781,
16,0.552,0.665,
17,-0.449,0.574,
18,-0.078,-0.23,
19,-0.037,-0.269,
20,-1.215,-1.192,
21,0.12,-0.009,
22,0.125,-0.303,
23,0.21,0.186,
24,-0.297,0.655,
25,1.683,-1.069,
26,0.1,0.787,
27,0.2,0.42,
28,-0.36,0.347,
29,0.479,0.233,
30,-1.122,-0.608,
31,0.307,1.359,
32,0.227,0.638,
33,-0.295,-0.807,
34,-1.323,0.625,
35,0.402,0.916,
36,0.025,0.845,
37,-0.108,0.451,
38,-0.26,-0.169,
39,0.784,0.285,
40,0.334,-0.441,
41,0.656,-1.005,
42,1.332,1.79,
43,-0.713,-0.471,
44,0.365,0.531,
45,-0.451,0.815,
46,0.623,-0.39,
47,-0.51,0.299,
48,0.057,0.321,
49,0.243,0.362,
50,0.051,0.346,
51,0.554,0.801,
52,0.013,-0.227,
53,0.94,-0.85,
54,1.092,-0.209,
55,0.961,-0.462,
56,-0.321,1.627,
57,1.99,-0.235,
58,1.082,1.62,
59,0.528,0.212,
60,-0.395,0.869,
61,0.353,0.228,
62,1.011,-0.551,
63,-0.181,0.61,
64,0.99,-1.237,
65,0.183,0.429,
66,-0.012,0.388,
67,-0.392,0.006,
68,0.225,0.881,
69,-0.251,0.833,
70,0.068,0.178,
71,0.025,0.919,
72,0.725,1.488,
73,0.325,-0.058,
74,-0.405,0.488,
75,-1.25,0.8,
76,0.678,0.166,
77,0.29,1.408,
78,0.691,0.939,
79,-1.445,-1.082,
80,0.243,0.351,
81,-0.573,1.365,
82,0.303,0.406,
83,0.957,1.097,
84,0.351,-0.083,
85,0.849,0.886,
86,0.015,0.639,
87,0.847,1.083,
88,-0.437,-0.091,
89,0.833,0.435,
90,-0.073,0.695,
91,0.381,0.586,
92,0.126,-0.48,
93,-0.939,-0.138,
94,-0.508,0.847,
95,-0.028,-1.072,
96,0.625,-0.956,
97,-0.805,-0.292,
98,-0.198,-1.74,
99,0.372,-1.354,
100,0.057,-0.001,
101,-0.39,0.825,
102,-0.737,-0.729,
103,-0.711,2.215,
104,0.632,-0.013,
105,-0.414,0.315,
106,-0.4,-0.436,
107,-0.777,0.153,
108,0.924,0.236,
109,-0.558,-0.062,
110,1.276,0.23,
111,-0.343,-0.626,
112,0.409,-0.054,
113,1.739,0.934,
114,-0.197,-0.275,
115,0.254,0.012,
116,1.473,0.421,
117,1.364,0.363,
118,1.141,0.223,
119,0.196,0.034,
120,-0.412,-0.259,
121,-0.242,0.17,
122,1.662,-0.456,
123,-0.354,-0.766,
124,0.445,0.963,
125,-1.686,-1.274,
126,0.104,0.141,
127,-1.275,0.606,
128,-0.067,0.311,
129,0.38,-0.255,
130,0.268,-1.253,
131,1.889,0.722,
132,0.046,0.191,
133,0.534,-0.372,
134,-0.55,-0.625,
135,1.904,-0.44,
136,2.776,1.548,
137,0.842,0.319,
138,0.175,-0.103,
139,0.203,-0.059,
140,-0.517,0.722,
141,-0.189,0.108,
142,-1.268,0.064,
143,-0.239,-0.487,
144,0.01,0.288,
145,-0.166,0.57,
146,-0.376,0.989,
147,-0.441,0.93,
148,-1.701,-0.361,
149,-1.282,0.48,
150,-2.181,-0.047,
151,0.849,-0.293,
152,-1.329,0.447,
153,-0.206,-0.391,
154,-0.111,-0.114,
155,0.05,0.072,
156,-0.271,0.725,
157,-0.105,-1.746,
158,1.265,0.14,
159,0.442,-0.971,
160,-0.084,0.04,
161,-0.104,-0.078,
162,0.311,1.509,
163,1.766,1.479,
