1,-0.87,-0.712,
2,0.907,-0.329,
3,0.226,-0.997,
4,1.04,1.284,
5,-0.586,-1.011,
6,-0.608,-0.698,
7,2.851,0.149,
8,1.331,-1.135,
9,0.977,-2.501,
10,-1.144,-1.603,
11,1.115,0.565,
12,1.121,-0.339,
13,1.505,-0.979,
14,0.611,0.326,
15,-0.718,-1.108,
16,0.926,-0.264,
17,1.306,0.553,
18,0.914,-0.789,
19,1.145,-1.043,
20,-0.617,-1.925,
21,0.444,-1.525,
22,-0.687,-0.031,
23,1.133,-0.955,
24,0.283,-0.468,
25,0.713,0.973,
26,1.175,-1.02,
27,0.639,-0.754,
28,0.854,-0.28,
29,0.12,0.358,
30,-0.664,-1.324,
31,0.947,-2.249,
32,1.722,0.761,
33,2.097,-1.013,
34,0.615,-0.759,
35,1.372,-0.528,
36,0.319,-0.366,
37,1.134,-0.033,
38,0.017,0.256,
39,1.654,0.557,
40,0.828,-0.979,
41,1.225,-1.177,
42,3.359,-0.455,
43,1.984,0.407,
44,0.435,-0.011,
45,0.178,0.347,
46,0.738,-1.194,
47,-0.269,-0.664,
48,2.19,0.011,
49,0.842,-0.791,
50,1.412,-0.482,
51,0.788,-1.196,
52,0.041,-0.75,
53,1.586,-2.103,
54,0.872,1.802,
55,1.559,-1.822,
56,1.559,-1.561,
57,-0.472,-0.487,
58,0.106,-0.828,
59,0.275,-0.618,
60,0.569,-0.503,
61,0.1,0.032,
62,1.827,-0.67,
63,-0.336,-1.99,
64,0.028,-0.986,
65,1.535,-1.835,
66,1.924,-0.201,
67,0.647,-0.571,
68,-0.282,0.172,
69,2.148,0.09,
70,0.118,0.598,
71,0.315,0.252,
72,3.142,-1.043,
73,1.767,-2.013,
74,0.763,-0.787,
75,0.178,-0.708,
76,2.143,-1.096,
77,1.381,-0.809,
78,0.905,-1.681,
79,1.342,-1.997,
80,1.331,-0.912,
81,0.379,-0.876,
82,0.95,-0.246,
83,-0.3,-0.953,
84,0.482,-0.323,
85,0.802,-0.838,
86,-0.361,-0.54,
87,-1.433,-2.562,
88,1.207,0.715,
89,0.949,-0.334,
90,2.665,0.037,
91,1.178,0.441,
92,0.191,-1.395,
93,-0.698,0.375,
94,1.077,-0.05,
95,0.049,1.34,
96,1.231,-2.419,
97,1.635,-0.407,
98,0.416,-2.537,
99,0.062,-1.947,
100,3.431,1.202,
101,1.804,0.949,
102,0.674,-1.45,
103,-0.703,-0.579,
104,1.844,-0.822,
105,-0.013,-0.66,
106,-1.691,-0.806,
107,1.515,-0.013,
108,0.169,-0.954,
109,1.432,-0.687,
110,-0.069,-0.422,
111,-0.049,-1.656,
112,-0.172,-0.984,
113,0.994,0.246,
114,1.955,-0.231,
115,0.349,-0.568,
116,1.498,-0.356,
117,1.132,-1.907,
118,1.939,-0.12,
119,0.067,-1.378,
120,0.836,-2.1,
121,1.854,0.72,
122,2.247,-0.872,
123,0.749,-0.485,
124,0.837,-2.457,
125,0.173,-1.255,
126,1.733,0.533,
127,1.631,0.426,
128,1.014,-0.434,
129,2.009,-0.489,
130,1.06,-0.459,
131,0.764,1.18,
132,1.711,-1.656,
133,0.852,-0.292,
134,0.535,-0.163,
135,0.812,-0.008,
136,0.818,0.045,
137,0.176,-0.643,
138,1.34,-0.948,
139,0.715,-1.993,
140,0.307,-1.022,
141,0.225,-1.068,
142,1.209,0.102,
143,0.553,0.581,
144,1.054,-0.671,
145,-1.045,-1.324,
146,0.492,-1.06,
147,0.567,-0.694,
148,-0.137,-2.975,
149,2.035,-0.202,
150,-0.138,-0.388,
151,2.808,-0.995,
152,0.771,-1.421,
153,1.564,-2.381,
154,0.34,-1.039,
155,0.532,-1.907,
156,0.265,-0.044,
157,-0.179,-1.82,
158,0.789,-1.212,
159,0.027,-1.706,
160,1.299,-1.501,
161,0.667,-0.417,
162,0.884,-0.893,
163,1.344,-1.326,
