1,-1.802,-0.716,
2,0.521,-0.195,
3,0.246,-0.835,
4,0.613,1.241,
5,-1.492,-1.386,
6,-0.728,-0.596,
7,2.696,0.382,
8,1.023,-1.162,
9,0.613,-2.032,
10,-1.493,-1.57,
11,0.59,0.784,
12,1.377,0.171,
13,1.19,-0.925,
14,0.464,0.641,
15,-0.843,-1.149,
16,0.718,0.144,
17,1.151,0.754,
18,0.484,-0.264,
19,0.494,-0.672,
20,-1.641,-1.833,
21,0.278,-1.1,
22,-0.438,0.662,
23,0.819,-0.914,
24,0.08,-0.041,
25,0.408,1.442,
26,0.769,-0.932,
27,0.011,-0.349,
28,0.655,-0.038,
29,-0.159,0.839,
30,-0.748,-0.817,
31,0.303,-2.569,
32,1.958,1.14,
33,2.441,-0.865,
34,0.639,-0.626,
35,0.919,-0.677,
36,0.158,-0.118,
37,0.876,0.206,
38,-0.098,0.854,
39,1.85,1.338,
40,0.178,-1.047,
41,0.604,-1.159,
42,2.157,0.087,
43,1.512,0.418,
44,-0.163,0.127,
45,0.211,0.548,
46,0.328,-0.985,
47,-0.569,-0.292,
48,2.046,0.316,
49,0.428,-0.613,
50,1.194,-0.137,
51,0.35,-0.954,
52,0.556,-0.379,
53,1.578,-1.637,
54,0.721,2.476,
55,1.662,-1.554,
56,0.977,-1.043,
57,-1.157,0.183,
58,-0.385,-1.169,
59,0.153,-0.194,
60,0.234,-0.429,
61,-0.158,0.554,
62,1.436,-0.696,
63,-0.694,-2.425,
64,-0.446,-0.952,
65,1.41,-2.008,
66,1.944,-0.278,
67,0.479,-0.125,
68,-0.308,0.61,
69,2.184,0.355,
70,0.053,1.464,
71,0.307,0.678,
72,3.057,-0.981,
73,1.908,-1.924,
74,0.519,-0.608,
75,-0.012,-0.169,
76,2.229,-1.02,
77,1.428,-0.227,
78,0.906,-1.601,
79,1.559,-1.913,
80,1.383,-0.518,
81,0.606,-1.184,
82,0.748,-0.307,
83,-0.395,-0.625,
84,0.434,-0.149,
85,0.312,-0.884,
86,-1.033,-0.373,
87,-1.92,-2.175,
88,1.131,0.897,
89,0.931,-0.017,
90,2.563,0.195,
91,0.858,0.394,
92,-0.113,-1.123,
93,-0.924,0.734,
94,1.264,0.355,
95,-0.523,1.879,
96,1.171,-2.187,
97,1.374,-0.329,
98,0.43,-2.508,
99,-0.16,-2.229,
100,4.226,2.214,
101,2.088,1.353,
102,0.39,-1.171,
103,-1.791,-0.588,
104,1.836,-0.344,
105,-0.3,-0.356,
106,-2.437,-0.706,
107,0.903,0.266,
108,-0.234,-0.414,
109,1.494,-0.632,
110,-0.593,-0.353,
111,-0.367,-1.784,
112,-0.534,-0.857,
113,1.075,0.567,
114,2.492,0.795,
115,0.458,0.099,
116,1.706,0.344,
117,0.89,-2.088,
118,1.962,0.109,
119,-0.172,-1.551,
120,0.57,-1.86,
121,1.925,0.529,
122,1.939,-0.391,
123,0.327,0.304,
124,0.447,-2.753,
125,0.272,-0.9,
126,1.718,1.067,
127,1.358,1.157,
128,0.803,-0.136,
129,1.821,-0.048,
130,1.176,-0.595,
131,0.155,1.406,
132,2.116,-1.822,
133,0.914,-1.144,
134,0.317,-0.347,
135,0.454,0.493,
136,0.917,0.794,
137,0.203,-0.155,
138,1.574,-0.598,
139,0.445,-1.785,
140,0.006,-0.982,
141,-0.139,-0.292,
142,0.859,0.984,
143,-0.328,0.673,
144,1.187,-0.898,
145,-0.946,-1.041,
146,-0.17,-1.173,
147,0.361,-0.406,
148,-0.205,-2.39,
149,1.874,0.427,
150,-0.248,0.055,
151,2.51,-0.547,
152,0.582,-1.264,
153,1.554,-2.875,
154,0.176,-0.621,
155,-0.159,-1.254,
156,0.224,0.487,
157,-0.264,-1.657,
158,0.359,-1.352,
159,-0.489,-1.32,
160,0.874,-1.272,
161,0.151,-0.219,
162,0.379,-0.476,
163,1.017,-1.102,
