1,0.725,1.118,
2,-0.144,0.581,
3,-0.015,0.512,
4,0.092,0.317,
5,-0.407,1.196,
6,-0.013,0.438,
7,0.527,1.478,
8,0.862,0.44,
9,-0.255,-0.037,
10,-0.288,0.768,
11,0.174,0.807,
12,-0.053,-0.288,
13,0.691,0.626,
14,-0.393,0.882,
15,-0.562,0.432,
16,0.279,0.729,
17,-0.507,0.657,
18,-0.093,0.457,
19,0.419,0.356,
20,0.089,-0.111,
21,0.078,0.062,
22,0.138,-0.112,
23,0.26,0.245,
24,0.089,0.548,
25,0.046,0.346,
26,0.293,1.4,
27,0.379,0.556,
28,0.399,0.913,
29,0.369,0.675,
30,0.213,1.025,
31,0.391,1.456,
32,0.391,0.432,
33,-0.276,-0.092,
34,-0.521,0.142,
35,0.382,1.09,
36,-0.292,0.742,
37,0.188,0.306,
38,0.248,0.208,
39,0.103,0.21,
40,0.358,0.336,
41,0.879,0.275,
42,0.443,1.054,
43,0.09,0.245,
44,0.318,0.987,
45,-0.378,0.796,
46,0.175,0.475,
47,-0.764,0.338,
48,0.573,0.52,
49,0.473,0.254,
50,-0.263,0.209,
51,0.346,0.645,
52,0.292,0.413,
53,0.474,0.096,
54,0.335,0.38,
55,0.074,-0.291,
56,0.14,0.272,
57,0.263,0.39,
58,0.255,0.947,
59,0.056,0.539,
60,-0.094,0.607,
61,-0.123,0.555,
62,0.919,0.11,
63,-0.261,0.726,
64,-0.274,-0.196,
65,0.454,0.391,
66,0.724,1.251,
67,-0.172,0.367,
68,0.497,0.692,
69,0.076,1.188,
70,-0.059,0.44,
71,-0.058,0.483,
72,0.692,0.718,
73,-0.198,0.068,
74,0.113,0.679,
75,-0.776,0.215,
76,0.053,0.535,
77,0.286,0.973,
78,-0.049,0.793,
79,-0.987,0.212,
80,0.265,0.009,
81,0.231,0.449,
82,0.294,0.569,
83,0.345,0.56,
84,-0.053,0.084,
85,0.182,0.817,
86,-0.088,0.776,
87,0.394,-0.158,
88,-0.23,0.085,
89,1.216,0.573,
90,0.19,0.441,
91,0.059,1.05,
92,0.077,0.093,
93,-0.293,0.944,
94,-0.23,0.973,
95,0.317,-0.104,
96,-0.191,0.438,
97,0.013,0.167,
98,-0.387,-0.145,
99,0.233,-0.61,
100,0.053,0.461,
101,-0.063,0.959,
102,-0.407,-0.128,
103,0.205,1.166,
104,0.177,0.365,
105,-0.305,-0.355,
106,-0.142,0.353,
107,-0.039,1.18,
108,0.064,-0.239,
109,-0.143,0.341,
110,0.58,0.663,
111,0.121,0.658,
112,-0.493,0.027,
113,0.403,-0.17,
114,0.057,0.024,
115,-0.319,-1,
116,0.975,0.212,
117,0.431,0.44,
118,0.358,0.076,
119,0.792,0.272,
120,0.258,0.121,
121,-0.188,0.349,
122,0.679,0.671,
123,-0.097,-1.001,
124,0.316,0.129,
125,-0.035,-0.179,
126,0.368,0.066,
127,-0.134,0.18,
128,0.015,0.509,
129,-0.126,0.268,
130,0.339,-0.332,
131,1.132,1.225,
132,-0.15,0.241,
133,0.07,0.531,
134,0.171,0.085,
135,0.718,-0.349,
136,0.291,0.14,
137,0.21,0.675,
138,0,0.185,
139,0.105,-0.187,
140,-0.07,0.572,
141,-0.057,-0.223,
142,-0.504,-0.011,
143,0.243,0.443,
144,-0.362,0.925,
145,-0.284,-0.08,
146,0.514,0.979,
147,-0.281,0.744,
148,-0.937,0.058,
149,-0.164,-1.244,
150,-1.132,0.16,
151,0.927,0.769,
152,-0.7,0.93,
153,0.069,0.194,
154,-0.084,0.165,
155,-0.021,0.464,
156,-0.572,0.992,
157,-0.332,-0.358,
158,0.813,0.219,
159,0.437,-0.173,
160,0.003,0.539,
161,0.134,0.099,
162,-0.127,-0.022,
163,0.804,-0.09,
