1,0.789,-0.651,
2,1.217,-0.754,
3,0.198,-1.064,
4,1.342,0.358,
5,1.045,-0.499,
6,-0.369,-0.846,
7,1.731,-0.249,
8,1.502,-0.825,
9,1.125,-1.967,
10,-0.259,-0.682,
11,1.564,-0.33,
12,1.12,-1.132,
13,1.697,-0.966,
14,0.697,-0.402,
15,0.155,-0.904,
16,1.057,-0.98,
17,0.93,-0.132,
18,1.211,-1.097,
19,1.447,-0.982,
20,1.035,-1.419,
21,0.738,-1.445,
22,0.014,-1.097,
23,1.18,-1.049,
24,0.791,-1.009,
25,0.891,-0.391,
26,1.502,-0.745,
27,1.379,-0.943,
28,1.158,-0.574,
29,0.716,-0.631,
30,0.155,-1.145,
31,1.358,-0.629,
32,0.909,-0.579,
33,1.154,-1.059,
34,0.409,-0.951,
35,1.58,-0.213,
36,0.539,-0.698,
37,1.216,-0.562,
38,0.52,-0.818,
39,0.96,-0.769,
40,1.407,-0.745,
41,1.764,-0.476,
42,2.579,-0.701,
43,1.641,-0.094,
44,1.4,-0.296,
45,0.646,-0.322,
46,0.918,-1.083,
47,0.291,-1.252,
48,1.936,-0.713,
49,1.101,-1.067,
50,1.234,-1.033,
51,1.109,-0.999,
52,0.115,-0.907,
53,1.448,-1.932,
54,1.155,-0.187,
55,0.877,-2.022,
56,1.292,-1.251,
57,0.719,-1.262,
58,0.775,-0.424,
59,0.666,-1.334,
60,0.915,-0.861,
61,0.688,-0.84,
62,1.91,-0.644,
63,0.682,-0.777,
64,0.497,-1.06,
65,1.258,-1.23,
66,1.309,-0.075,
67,0.676,-1.207,
68,0.529,-0.62,
69,1.486,-0.362,
70,0.616,-0.924,
71,0.547,-0.739,
72,1.773,-0.878,
73,0.996,-1.004,
74,1.133,-0.878,
75,0.499,-1.382,
76,1.356,-0.787,
77,0.974,-1.256,
78,0.896,-1.088,
79,0.615,-1.487,
80,0.923,-1.384,
81,0.639,-0.696,
82,1.316,-0.422,
83,0.754,-1.083,
84,0.622,-0.736,
85,1.25,-0.774,
86,0.778,-0.6,
87,0.247,-2.101,
88,1.082,-0.291,
89,1.059,-0.786,
90,1.913,-0.563,
91,1.364,0.12,
92,0.686,-1.317,
93,0.175,-0.357,
94,0.621,-0.535,
95,1.098,-0.285,
96,1.067,-1.819,
97,1.642,-0.672,
98,0.518,-1.746,
99,0.629,-1.142,
100,1,-0.741,
101,1.057,-0.084,
102,0.9,-1.427,
103,1.004,-0.47,
104,1.182,-1.129,
105,0.696,-1.111,
106,0.191,-0.727,
107,1.946,0.372,
108,0.818,-1.313,
109,1.039,-0.809,
110,1.077,-0.455,
111,0.636,-0.996,
112,0.263,-1.207,
113,1.067,-0.484,
114,0.895,-1.335,
115,0.514,-1.711,
116,1.084,-1.271,
117,1.326,-1.085,
118,1.356,-0.809,
119,0.742,-0.942,
120,0.975,-1.576,
121,1.063,-0.362,
122,1.63,-0.97,
123,0.775,-1.672,
124,1.339,-1.346,
125,0.452,-1.482,
126,1.349,-0.721,
127,1.48,-1.084,
128,1.064,-0.67,
129,1.332,-0.914,
130,1.124,-0.495,
131,1.486,0.401,
132,0.749,-1.07,
133,0.697,0.165,
134,0.745,-0.18,
135,1.135,-0.989,
136,0.645,-1.023,
137,0.355,-1.039,
138,0.807,-1.157,
139,0.821,-1.778,
140,0.971,-0.968,
141,0.767,-1.673,
142,1.25,-1.354,
143,1.471,-0.26,
144,0.973,-0.679,
145,0.227,-1.323,
146,1.546,-0.618,
147,0.936,-0.968,
148,0.227,-1.835,
149,1.687,-1.723,
150,-0.195,-0.804,
151,2.31,-1.016,
152,0.912,-0.923,
153,1.354,-1.294,
154,0.668,-1.336,
155,1.248,-1.983,
156,0.364,-0.714,
157,0.291,-1.652,
158,1.39,-0.726,
159,0.978,-1.501,
160,1.382,-1.189,
161,1.304,-0.86,
162,1.339,-1.127,
163,1.648,-1.502,
