1,-1.05,-0.277,
2,-0.099,-0.018,
3,0.374,-0.036,
4,0.019,0.025,
5,-0.665,-0.66,
6,0.091,-0.21,
7,0.259,-0.226,
8,0.109,-0.35,
9,0.104,-0.206,
10,-0.506,-0.024,
11,-0.203,0.166,
12,0.796,-0.035,
13,-0.032,-0.19,
14,0.162,-0.332,
15,0.033,-0.294,
16,0.117,-0.121,
17,-0.295,0.332,
18,-0.303,0.415,
19,-0.264,0.282,
20,-0.764,-0.075,
21,0.062,0.107,
22,-0.022,0.323,
23,-0.033,-0.192,
24,-0.196,0.255,
25,0.19,0.228,
26,0.296,-0.194,
27,0.071,0.408,
28,-0.009,0.055,
29,-0.317,0.297,
30,0.616,0.466,
31,-0.114,-0.483,
32,0.334,0.04,
33,0.303,-0.146,
34,0.05,-0.087,
35,-0.233,0.016,
36,0.128,0.261,
37,0.036,0.097,
38,-0.018,0.055,
39,0.745,0.116,
40,-0.385,-0.37,
41,0.018,-0.095,
42,-0.15,-0.022,
43,0.317,-0.143,
44,-0.125,-0.101,
45,0.202,0.005,
46,0.168,-0.076,
47,-0.053,-0.041,
48,0.24,-0.106,
49,-0.31,0.151,
50,-0.141,-0.116,
51,-0.281,-0.204,
52,0.28,-0.183,
53,0.101,0.149,
54,0.312,0.554,
55,0.364,-0.136,
56,-0.228,0.57,
57,-0.49,0.27,
58,-0.275,-0.332,
59,0.171,0.036,
60,-0.18,0.192,
61,-0.057,0.148,
62,0.398,-0.18,
63,-0.829,-0.462,
64,0.046,-0.035,
65,0.123,-0.363,
66,0.263,-0.1,
67,-0.163,0.113,
68,0.122,0.021,
69,0.762,0.237,
70,-0.408,0.471,
71,0.103,0.164,
72,0.321,-0.129,
73,0.567,0.017,
74,0.365,0.144,
75,0.152,0.349,
76,0.216,-0.142,
77,0.113,0.347,
78,0.166,0.338,
79,0.14,0.073,
80,-0.16,0.057,
81,0.372,-0.232,
82,0.047,0.014,
83,0.167,0.097,
84,0.297,0.046,
85,-0.735,-0.273,
86,-0.364,-0.287,
87,-0.346,-0.235,
88,0.217,0.133,
89,0.177,0.064,
90,-0.098,0.07,
91,0.203,0.138,
92,-0.023,0.195,
93,-0.062,0.418,
94,0.24,0.217,
95,-0.463,0.391,
96,0.257,-0.269,
97,0.002,-0.165,
98,-0.076,-0.303,
99,0.019,-0.5,
100,0.842,0.494,
101,0.337,0.024,
102,-0.263,0.194,
103,-0.757,-0.454,
104,0.223,0.3,
105,-0.145,0.066,
106,-1.027,-0.869,
107,-0.239,-0.041,
108,0.151,-0.105,
109,0.147,-0.405,
110,-0.076,-0.097,
111,-0.023,-0.339,
112,-0.398,0.068,
113,0.102,0.246,
114,0.446,0.692,
115,-0.055,0.352,
116,0.404,0.498,
117,0.2,-0.28,
118,0.158,-0.03,
119,-0.004,-0.104,
120,0.025,-0.109,
121,-0.04,-0.267,
122,0.252,0.117,
123,-0.229,0.358,
124,-0.056,-0.52,
125,0.098,-0.15,
126,0.392,-0.017,
127,0.191,0.234,
128,-0.117,0.422,
129,0.484,0.189,
130,0.312,0.02,
131,-0.352,0.188,
132,0.461,-0.448,
133,0.054,-0.734,
134,-0.289,-0.089,
135,0.096,0.2,
136,0.156,0.247,
137,0.268,0.353,
138,0.527,0.156,
139,-0.086,-0.112,
140,-0.175,-0.073,
141,-0.502,0.545,
142,0.128,0.382,
143,-0.314,0.095,
144,0.99,-0.803,
145,0.023,-0.025,
146,-0.498,-0.196,
147,-0.001,0.199,
148,0.012,-0.015,
149,0.086,0.108,
150,-0.319,-0.22,
151,0.083,0.463,
152,0.353,-0.48,
153,0.193,-0.798,
154,-0.018,0.07,
155,-0.087,0.1,
156,-0.197,0.632,
157,0.08,-0.138,
158,-0.067,0.237,
159,-0.598,0.147,
160,-0.196,0.294,
161,0.062,-0.172,
162,-0.292,0.283,
163,0.256,-0.236,
