1,0.414,0.549,
2,0.183,1.016,
3,0.73,0.326,
4,-0.989,-0.717,
5,-1.124,1.583,
6,-0.002,-0.242,
7,2.098,0.57,
8,0.089,-1.185,
9,-0.308,-1.354,
10,-0.03,-1.229,
11,-0.622,0.485,
12,-0.385,0.273,
13,0.463,0.018,
14,-0.883,-1.107,
15,-0.797,1.041,
16,0.721,1.237,
17,-0.656,0.334,
18,0.639,0.004,
19,-0.696,-0.239,
20,-0.437,-0.019,
21,-0.059,-0.164,
22,-0.672,-0.081,
23,0.214,0.222,
24,-0.375,0.532,
25,1.823,-0.165,
26,0.254,0.357,
27,-0.031,0.419,
28,-0.721,0.514,
29,0.148,0.475,
30,-1.168,-0.549,
31,0.211,0.314,
32,0.087,0.935,
33,-0.843,-2.1,
34,-1.655,0.869,
35,0.125,0.668,
36,0.404,0.976,
37,-0.037,0.264,
38,0.681,-0.119,
39,0.348,0.21,
40,0.811,-1.305,
41,0.604,-0.244,
42,0.386,0.79,
43,-0.404,-0.468,
44,0.632,0.128,
45,-0.962,0.701,
46,0.307,-0.308,
47,-0.685,0.106,
48,-0.172,0.026,
49,0.842,0.471,
50,0.071,0.483,
51,0.418,0.945,
52,-0.391,-0.04,
53,0.541,0.644,
54,0.323,-0.263,
55,0.881,-0.489,
56,-0.049,0.243,
57,0.686,-0.153,
58,0.718,1.77,
59,1.169,0.698,
60,-0.345,0.868,
61,-0.827,-0.339,
62,1.586,-0.085,
63,-0.101,0.192,
64,0.251,-1.275,
65,0.416,0.503,
66,-0.233,0.36,
67,-0.213,-0.036,
68,0.445,0.313,
69,-0.372,0.842,
70,0.13,0.032,
71,1.051,0.3,
72,0.282,0.78,
73,0.39,-0.834,
74,-0.366,0.372,
75,-1.627,1.06,
76,1.974,-0.041,
77,0.601,2.24,
78,0.788,0.859,
79,-0.769,-0.798,
80,0.084,-0.171,
81,-0.339,1.164,
82,0.303,0.265,
83,0.234,0.691,
84,-0.552,-1.456,
85,0.061,0.658,
86,0.189,0.155,
87,0.146,0.131,
88,-0.256,-0.061,
89,0.951,0.536,
90,-0.381,0.772,
91,0.942,0.362,
92,0.139,-0.205,
93,-0.309,-0.046,
94,-0.438,0.474,
95,-0.017,-1.107,
96,-0.013,-0.382,
97,-1.158,-0.936,
98,0.146,-0.638,
99,-0.001,-1.274,
100,0.304,0.076,
101,-0.467,0.525,
102,-1.329,-0.563,
103,-0.08,1.633,
104,0.861,-0.305,
105,-0.46,0.866,
106,-0.762,-2.128,
107,-2.176,-0.533,
108,1.02,-0.849,
109,-0.985,-0.644,
110,0.662,-0.325,
111,0.104,0.252,
112,0.221,-0.147,
113,1.58,0.614,
114,-0.399,-0.504,
115,-0.381,0.198,
116,0.662,0.739,
117,0.376,0.84,
118,0.502,-0.651,
119,1.21,-0.133,
120,0.12,-0.836,
121,-0.278,-0.439,
122,0.711,-0.347,
123,-0.548,-0.629,
124,0.266,0.698,
125,-0.657,-0.438,
126,-0.215,-0.293,
127,-1.547,0.782,
128,-0.221,0.132,
129,0.412,-0.53,
130,0.245,-1.05,
131,1.738,-0.208,
132,0.205,-0.1,
133,0.501,-0.234,
134,-0.253,-0.908,
135,2.103,-0.249,
136,1.367,0.903,
137,1.449,-0.223,
138,0.148,-0.135,
139,0.456,-1.009,
140,-0.818,1.02,
141,-0.757,0.286,
142,-0.512,-0.411,
143,0.447,-1.13,
144,0.56,-0.168,
145,-1.066,0.062,
146,-1.229,0.377,
147,-0.972,0.6,
148,-1.316,-0.865,
149,-0.472,0.37,
150,-0.763,-0.539,
151,0.71,-0.82,
152,-1.057,-0.59,
153,-1.099,0.442,
154,-0.031,-0.091,
155,0.103,0.144,
156,-0.716,0.262,
157,-0.249,-1.802,
158,0.626,-0.345,
159,0.4,-0.809,
160,-0.213,-0.372,
161,-0.341,0.146,
162,-0.004,1.189,
163,0.722,0.847,
