1,0.34,0.413,
2,0.03,0.799,
3,0.719,-0.325,
4,-0.963,-1.746,
5,-1.473,1.935,
6,0.809,-0.242,
7,2.432,0.717,
8,0.3,-1.911,
9,-0.423,-1.599,
10,0.206,-1.709,
11,-0.788,0.716,
12,-0.775,-0.049,
13,1.091,-0.985,
14,-0.905,-1.028,
15,-1.251,1.357,
16,0.153,1.901,
17,-1.088,0.263,
18,0.709,0.022,
19,-0.637,-0.592,
20,-0.311,-0.62,
21,-0.138,-0.294,
22,-0.763,-0.306,
23,0.286,0.324,
24,0.243,-0.008,
25,2.286,-0.438,
26,-0.17,0.25,
27,-0.211,0.382,
28,-0.764,0.676,
29,0.44,0.535,
30,-1.513,-0.613,
31,0.287,0.861,
32,0.151,1.046,
33,-1.084,-2.259,
34,-2.07,0.966,
35,0.555,0.586,
36,0.869,0.782,
37,-0.799,0.097,
38,0.632,-0.285,
39,0.426,0.299,
40,0.836,-1.146,
41,0.778,-0.613,
42,0.796,1.526,
43,-0.514,-0.592,
44,0.534,0.458,
45,-1.12,0.989,
46,0.399,-0.276,
47,-0.901,0.183,
48,0.688,0.016,
49,1.04,0.427,
50,-0.241,0.567,
51,0.688,1.234,
52,-0.425,-0.061,
53,0.766,0.553,
54,0.548,-0.285,
55,1.191,-0.544,
56,0.246,0.395,
57,1.275,-0.019,
58,1.085,2.119,
59,1.257,0.921,
60,-0.104,0.934,
61,-0.932,-0.709,
62,1.565,-0.178,
63,-0.584,0.004,
64,0.184,-1.507,
65,0.384,0.493,
66,-0.101,0.562,
67,-0.077,0.101,
68,0.738,0.723,
69,-0.786,1.471,
70,0.028,0.144,
71,0.901,0.597,
72,0.529,1.255,
73,0.485,-1.078,
74,0.048,0.46,
75,-2.092,0.999,
76,1.79,0.257,
77,0.761,2.618,
78,0.868,1.051,
79,-0.947,-1.178,
80,0.309,0.066,
81,-0.357,1.412,
82,0.469,0.264,
83,0.046,0.731,
84,-0.858,-1.79,
85,0.375,0.829,
86,0.102,0.327,
87,0.412,0.603,
88,0.097,-0.197,
89,1.271,0.326,
90,-0.882,1.192,
91,0.93,0.578,
92,0.09,-0.257,
93,-0.471,-0.085,
94,-0.456,0.653,
95,0.256,-1.391,
96,-0.278,-0.229,
97,-1.354,-0.91,
98,-0.079,-0.775,
99,0.249,-1.553,
100,0.462,0.318,
101,0.306,0.977,
102,-1.828,-0.844,
103,-0.234,1.959,
104,0.884,-0.349,
105,-0.709,0.706,
106,-0.638,-1.569,
107,-2.357,-0.496,
108,1.123,-0.992,
109,-0.999,-0.755,
110,0.923,-0.202,
111,0.145,0.316,
112,0.431,-0.132,
113,1.986,0.32,
114,-0.149,-0.659,
115,-0.148,-0.412,
116,0.471,1.208,
117,0.628,1,
118,0.86,-0.667,
119,1.036,-0.116,
120,0.003,-0.825,
121,-0.265,-0.417,
122,0.999,-0.273,
123,-0.743,-0.933,
124,0.45,0.659,
125,-0.963,-0.755,
126,-0.248,-0.325,
127,-1.193,0.821,
128,-0.66,0.549,
129,-0.208,-0.38,
130,0.253,-1.602,
131,2.296,-0.067,
132,0.174,0.044,
133,0.503,-0.142,
134,-0.276,-1.117,
135,2.73,-0.478,
136,2.109,0.907,
137,1.827,-0.35,
138,0.58,0.372,
139,0.271,-1.165,
140,-1.63,2.132,
141,-0.613,0.138,
142,-0.979,-0.473,
143,0.483,-1.189,
144,0.197,0.294,
145,-1.133,0.236,
146,-1.206,0.707,
147,-1.201,0.811,
148,-1.691,-0.758,
149,-0.652,0.29,
150,-0.806,-0.177,
151,0.593,-0.208,
152,-1.522,-0.327,
153,-1.52,0.866,
154,0.059,0.168,
155,0.357,1.308,
156,-0.939,0.96,
157,-0.269,-2.204,
158,1.235,-0.889,
159,0.817,-0.902,
160,-0.632,0.015,
161,-0.364,1.091,
162,0.133,1.277,
163,1.295,0.83,
