1,0.4,0.795,
2,0.035,0.226,
3,-0.14,0.348,
4,0.274,0.43,
5,0.06,0.732,
6,-0.878,0.344,
7,0.148,1.242,
8,0.552,0.627,
9,-0.182,-0.039,
10,-0.345,1.19,
11,0.53,0.893,
12,-0.031,-0.277,
13,0.764,0.514,
14,-0.301,0.718,
15,-0.335,0.114,
16,0.035,0.316,
17,-0.48,0.625,
18,-0.216,0.511,
19,0.319,0.606,
20,0.086,0.153,
21,-0.034,0.337,
22,0.009,0.153,
23,0.197,0.237,
24,0.12,0.494,
25,-0.004,0.379,
26,0.296,1.361,
27,0.448,0.581,
28,0.361,0.82,
29,0.264,0.656,
30,0.258,1.038,
31,0.259,1.299,
32,0.25,0.29,
33,-0.125,0.343,
34,-0.449,0.014,
35,0.26,1.161,
36,-0.242,0.639,
37,0.147,0.301,
38,0.008,0.478,
39,0.068,0.441,
40,0.083,0.543,
41,0.555,0.68,
42,0.518,0.929,
43,0.273,0.638,
44,0.344,1.107,
45,-0.156,0.817,
46,-0.038,0.499,
47,-0.766,0.29,
48,0.768,0.552,
49,-0.023,0.221,
50,-0.287,0.147,
51,0.105,0.512,
52,0.247,0.556,
53,0.39,-0.037,
54,0.379,0.623,
55,-0.202,-0.262,
56,0.118,0.65,
57,0.01,0.443,
58,0.07,0.754,
59,-0.231,0.406,
60,-0.039,0.538,
61,0.016,0.589,
62,0.483,0.593,
63,-0.153,0.727,
64,-0.344,0.104,
65,0.35,0.352,
66,0.504,1.227,
67,-0.211,0.361,
68,0.276,0.595,
69,0.166,1.19,
70,-0.082,0.469,
71,-0.025,0.399,
72,0.525,0.615,
73,-0.281,0.318,
74,0.265,0.677,
75,-0.387,0.224,
76,-0.183,0.751,
77,0.081,0.638,
78,-0.298,0.656,
79,-0.943,0.345,
80,0.131,0.115,
81,0.311,0.419,
82,0.268,0.507,
83,0.399,0.565,
84,-0.077,0.348,
85,0.331,0.752,
86,-0.1,0.952,
87,0.233,-0.114,
88,0.195,0.11,
89,0.502,0.579,
90,0.207,0.358,
91,0.043,0.988,
92,-0.022,0.244,
93,-0.299,1.005,
94,-0.21,1.009,
95,0.2,0.178,
96,-0.096,0.34,
97,0.357,0.484,
98,-0.518,-0.226,
99,0.245,0.133,
100,-0.098,0.488,
101,0.025,0.909,
102,0.062,0.139,
103,-0.266,0.87,
104,0.052,0.482,
105,-0.284,-0.098,
106,0.07,0.898,
107,0.342,1.535,
108,-0.039,0.105,
109,0.037,0.501,
110,0.607,0.774,
111,0.117,0.59,
112,-0.547,0.196,
113,0.299,0.222,
114,0.084,0.117,
115,0.164,-1.01,
116,0.529,0.212,
117,0.408,0.533,
118,0.112,0.353,
119,0.285,0.356,
120,0.221,0.311,
121,-0.183,0.376,
122,0.733,0.713,
123,-0.256,-0.574,
124,0.412,0.127,
125,0.015,0.146,
126,0.514,0.34,
127,0.277,0.086,
128,-0.024,0.688,
129,-0.109,0.391,
130,0.284,0.279,
131,0.687,1.431,
132,-0.341,0.404,
133,-0.152,0.745,
134,0.124,0.567,
135,0.126,-0.044,
136,0.14,0.271,
137,-0.021,0.816,
138,0,0.428,
139,-0.365,-0.037,
140,0.012,0.577,
141,-0.046,-0.147,
142,-0.239,0.115,
143,0.068,0.687,
144,-0.399,0.942,
145,-0.305,0.102,
146,0.623,1.016,
147,-0.114,0.758,
148,-0.529,0.505,
149,-0.123,-1.156,
150,-1.133,0.645,
151,0.913,0.972,
152,-0.377,1.016,
153,0.271,0.285,
154,-0.107,0.241,
155,-0.013,0.529,
156,-0.407,0.979,
157,-0.178,0.169,
158,0.472,0.736,
159,0.226,0.556,
160,-0.065,0.708,
161,0.23,0.36,
162,-0.041,0.567,
163,0.775,-0.052,
