1,1.042,1.055,
2,-0.559,0.243,
3,0.044,0.212,
4,0.118,-0.225,
5,-0.574,0.792,
6,0.817,-0.051,
7,0.933,1.541,
8,0.851,-0.206,
9,-0.44,-0.271,
10,-0.307,0.351,
11,0.066,0.93,
12,-0.097,-0.694,
13,0.828,0.495,
14,-0.328,0.578,
15,-0.794,0.354,
16,-0.334,0.789,
17,-0.629,0.576,
18,-0.049,0.465,
19,0.371,-0.124,
20,-0.02,-0.635,
21,-0.02,-0.049,
22,0.214,-0.394,
23,0.266,0.29,
24,0.139,0.58,
25,0.594,-0.504,
26,0.093,1.422,
27,0.358,0.537,
28,0.478,0.997,
29,0.556,0.617,
30,0.002,0.811,
31,0.456,1.587,
32,0.388,0.469,
33,-0.414,-0.231,
34,-0.693,0.092,
35,0.492,0.987,
36,-0.036,0.598,
37,-0.095,0.108,
38,0.163,0.091,
39,0.243,0.177,
40,0.364,0.331,
41,1.011,-0.127,
42,0.696,1.296,
43,-0.029,0.141,
44,0.163,1.074,
45,-0.588,0.963,
46,0.104,0.365,
47,-0.99,0.607,
48,0.654,0.505,
49,0.139,0.249,
50,-0.26,0.242,
51,0.306,0.756,
52,0.225,0.33,
53,0.513,-0.089,
54,0.521,0.318,
55,0.314,-0.389,
56,0.137,0.464,
57,0.73,0.395,
58,0.514,1.005,
59,0.156,0.622,
60,-0.162,0.719,
61,-0.031,0.39,
62,0.975,-0.119,
63,-0.637,0.784,
64,-0.159,-0.227,
65,0.422,0.361,
66,0.652,1.164,
67,-0.14,0.423,
68,0.486,0.913,
69,-0.079,1.358,
70,-0.159,0.399,
71,-0.177,0.61,
72,0.764,1.008,
73,-0.2,-0.207,
74,0.049,0.617,
75,-1.071,0.068,
76,-0.222,0.587,
77,0.402,1.256,
78,-0.001,0.872,
79,-1.36,-0.186,
80,0.432,0.198,
81,0.09,0.61,
82,0.148,0.505,
83,0.543,0.708,
84,-0.206,-0.16,
85,0.299,0.951,
86,-0.118,0.712,
87,0.625,0.111,
88,0.248,-0.094,
89,1.473,0.142,
90,0.016,0.574,
91,0.034,1.026,
92,-0.035,0.073,
93,-0.438,0.827,
94,-0.318,0.99,
95,0.361,-0.347,
96,-0.27,0.295,
97,-0.313,0.033,
98,-0.374,-0.393,
99,0.286,-1.201,
100,0.147,0.558,
101,0.022,1.065,
102,-0.534,-0.16,
103,-0.566,1.368,
104,0.271,0.268,
105,-0.524,-0.621,
106,-0.14,0.455,
107,-0.247,1.112,
108,0.191,-0.305,
109,-0.222,0.297,
110,0.701,0.64,
111,0.189,0.418,
112,-0.175,0.022,
113,0.773,-0.277,
114,0.155,-0.097,
115,0.258,-1.188,
116,1.293,0.318,
117,0.696,0.449,
118,0.699,0.057,
119,0.69,0.107,
120,0.153,0.059,
121,-0.186,0.193,
122,1.025,0.56,
123,-0.222,-1.087,
124,0.366,0.202,
125,-0.3,-0.397,
126,0.446,0.187,
127,-0.274,0.279,
128,-0.142,0.515,
129,-0.187,0.156,
130,0.474,-0.815,
131,1.439,1.053,
132,-0.142,0.272,
133,0.02,0.586,
134,0.013,-0.27,
135,1.257,-0.484,
136,0.849,0.252,
137,0.515,0.709,
138,0.325,0.271,
139,-0.254,-0.087,
140,-0.388,0.975,
141,-0.036,-0.256,
142,-0.955,-0.061,
143,0.038,0.183,
144,-0.461,1.283,
145,-0.255,0.033,
146,0.289,1.071,
147,-0.433,0.932,
148,-1.236,0.05,
149,-0.336,-1.059,
150,-1.139,0.268,
151,0.905,0.658,
152,-1.048,1.072,
153,-0.181,0.248,
154,-0.172,-0.018,
155,0.176,0.644,
156,-0.661,1.447,
157,-0.39,-0.828,
158,1.15,0.018,
159,0.426,0.199,
160,-0.021,0.577,
161,0.133,0.289,
162,0.021,0.679,
163,0.878,0.481,
