1,0.185,0.193,
2,0.129,0.506,
3,0.609,-0.309,
4,-0.772,-1.229,
5,-0.927,0.935,
6,-0.039,-0.471,
7,1.73,0.287,
8,-0.054,-1.206,
9,-0.267,-1.747,
10,-0.076,-1.455,
11,-0.545,0.24,
12,-0.402,0.038,
13,0.574,-0.721,
14,-0.487,-1.671,
15,-0.714,0.694,
16,0.264,1.301,
17,-0.916,0.022,
18,0.434,0.045,
19,-0.667,-0.122,
20,-0.332,0.182,
21,-0.062,-0.087,
22,-0.589,0.019,
23,0.14,0.113,
24,-0.131,0.163,
25,1.936,-0.19,
26,0.013,-0.214,
27,-0.137,0.393,
28,-0.546,0.437,
29,0.053,0.373,
30,-0.875,-0.581,
31,0.158,0.072,
32,-0.033,0.733,
33,-0.698,-1.727,
34,-1.371,0.689,
35,0.131,0.515,
36,0.846,0.629,
37,-0.552,0.104,
38,0.764,0.023,
39,0.261,0.144,
40,0.513,-1.098,
41,0.338,-0.106,
42,0.291,0.414,
43,-0.23,-0.354,
44,0.55,0.075,
45,-0.714,0.569,
46,0.182,-0.262,
47,-0.558,0.095,
48,0.384,-0.098,
49,0.46,0.355,
50,-0.043,0.457,
51,0.066,0.681,
52,-0.355,0,
53,0.356,0.751,
54,0.261,-0.176,
55,0.719,-0.425,
56,-0.281,0.285,
57,0.377,-0.103,
58,0.538,1.353,
59,1.049,0.724,
60,-0.177,0.756,
61,-0.709,-0.699,
62,1.118,0.046,
63,-0.411,-0.123,
64,0.112,-1.054,
65,0.271,0.319,
66,-0.293,0.258,
67,-0.13,-0.019,
68,0.468,0.183,
69,-0.232,0.745,
70,0.07,0,
71,1.043,0.108,
72,0.106,0.599,
73,0.278,-0.745,
74,0.136,0.301,
75,-1.038,0.811,
76,1.305,-0.211,
77,0.448,1.868,
78,0.552,0.685,
79,-1.02,-0.601,
80,-0.056,-0.072,
81,-0.194,0.875,
82,0.281,0.272,
83,0.093,0.504,
84,-0.558,-1.332,
85,0.011,0.403,
86,0.206,0.08,
87,0.066,0.038,
88,0.255,0.122,
89,0.693,0.409,
90,-0.802,0.787,
91,0.875,0.35,
92,0.031,-0.046,
93,-0.226,0.081,
94,-0.328,0.327,
95,-0.039,-0.871,
96,-0.086,-0.238,
97,-1.043,-1.061,
98,0.192,-0.509,
99,-0.03,-0.862,
100,0.35,0.118,
101,-0.05,0.485,
102,-0.932,-0.206,
103,-0.335,1.092,
104,0.746,-0.316,
105,-0.367,0.807,
106,-0.705,-1.869,
107,-1.878,-0.467,
108,0.855,-0.747,
109,-0.939,-0.751,
110,0.514,-0.352,
111,0.164,0.276,
112,0.242,-0.047,
113,1.234,0.549,
114,-0.355,-0.499,
115,-0.138,-0.048,
116,-0.255,0.924,
117,0.246,0.777,
118,0.294,-0.598,
119,0.855,-0.18,
120,0.059,-0.589,
121,-0.254,-0.437,
122,0.493,-0.293,
123,-0.503,-0.246,
124,0.203,0.684,
125,-0.468,-0.21,
126,-0.16,-0.21,
127,-0.779,0.678,
128,-0.551,0.568,
129,0.273,-0.392,
130,0.223,-0.805,
131,1.143,-0.222,
132,0.106,-0.045,
133,0.289,-0.109,
134,-0.404,-0.598,
135,1.591,-0.058,
136,0.788,0.541,
137,1.583,-0.135,
138,0.444,0.43,
139,0.209,-0.837,
140,-1.202,1.481,
141,-0.757,0.388,
142,-0.299,-0.438,
143,0.51,-1.041,
144,0.687,-0.286,
145,-1.014,-0.001,
146,-1.127,0.308,
147,-0.822,0.781,
148,-0.882,-0.775,
149,-0.28,0.429,
150,-0.357,-0.128,
151,0.551,-0.508,
152,-0.972,-0.647,
153,-0.866,0.356,
154,0.022,0.044,
155,0.238,0.604,
156,-0.628,0.822,
157,-0.221,-1.371,
158,0.31,-0.299,
159,0.135,-0.261,
160,-0.59,-0.051,
161,-0.189,0.832,
162,0.307,1.235,
163,0.466,0.896,
