1,0.872,0.751,
2,-0.418,0.653,
3,0.435,-0.282,
4,-0.488,-1.603,
5,-1.397,1.623,
6,1.568,-0.433,
7,2.295,1.145,
8,0.457,-1.914,
9,-0.52,-0.911,
10,0.018,-1.327,
11,-0.661,0.932,
12,-0.6,-0.366,
13,1.021,-0.222,
14,-0.673,-0.764,
15,-1.271,1.051,
16,-0.455,1.666,
17,-0.85,0.523,
18,0.58,0.135,
19,-0.297,-0.773,
20,-0.202,-1.128,
21,-0.18,-0.335,
22,-0.398,-0.523,
23,0.327,0.345,
24,0.103,0.471,
25,2.152,-1.259,
26,-0.265,0.66,
27,0.063,0.543,
28,-0.366,0.885,
29,0.639,0.589,
30,-1.295,-0.304,
31,0.403,1.312,
32,0.24,0.942,
33,-0.999,-1.758,
34,-1.895,0.676,
35,0.566,0.82,
36,0.651,0.599,
37,-0.727,0.028,
38,0.445,-0.31,
39,0.49,0.296,
40,0.71,-0.657,
41,0.904,-0.853,
42,1.059,1.904,
43,-0.47,-0.496,
44,0.337,0.761,
45,-1.034,1.091,
46,0.295,-0.119,
47,-1.086,0.514,
48,0.691,0.229,
49,0.418,0.368,
50,-0.166,0.503,
51,0.619,1.218,
52,-0.245,-0.01,
53,0.824,0.188,
54,0.731,-0.13,
55,1.109,-0.6,
56,0.175,0.671,
57,1.64,0.164,
58,1.151,1.962,
59,1.04,0.959,
60,-0.265,0.94,
61,-0.231,-0.369,
62,1.536,-0.207,
63,-0.562,0.381,
64,0.187,-1.219,
65,0.348,0.366,
66,0.102,0.725,
67,-0.126,0.235,
68,0.677,1.015,
69,-0.686,1.592,
70,-0.005,0.255,
71,0.422,0.751,
72,0.759,1.442,
73,0.288,-0.982,
74,-0.164,0.545,
75,-2,0.78,
76,0.625,0.336,
77,0.758,2.463,
78,0.699,1.097,
79,-1.25,-1.18,
80,0.456,0.269,
81,-0.342,1.383,
82,0.272,0.316,
83,0.429,0.917,
84,-0.692,-1.347,
85,0.444,0.771,
86,0.009,0.442,
87,0.675,0.743,
88,0.509,-0.073,
89,1.589,-0.028,
90,-0.479,1.005,
91,0.6,0.811,
92,0.004,-0.183,
93,-0.61,0.15,
94,-0.501,0.865,
95,0.34,-1.309,
96,-0.248,-0.151,
97,-1.128,-0.653,
98,-0.226,-0.96,
99,0.427,-1.684,
100,0.33,0.409,
101,0.018,1.124,
102,-1.486,-0.836,
103,-0.94,2.064,
104,0.838,-0.198,
105,-0.819,0.182,
106,-0.485,-0.735,
107,-1.786,0.01,
108,1.003,-0.826,
109,-0.797,-0.335,
110,1.029,0.101,
111,0.19,0.222,
112,0.43,-0.094,
113,1.852,0.047,
114,-0.061,-0.561,
115,0.422,-0.728,
116,1.047,0.893,
117,0.897,0.88,
118,1.164,-0.484,
119,0.791,-0.153,
120,-0.059,-0.569,
121,-0.216,-0.226,
122,1.299,-0.11,
123,-0.671,-1.17,
124,0.495,0.505,
125,-1.061,-0.84,
126,-0.063,-0.166,
127,-0.943,0.657,
128,-0.535,0.577,
129,-0.21,-0.342,
130,0.38,-1.837,
131,2.204,0.134,
132,0.126,0.152,
133,0.412,0.109,
134,-0.27,-1.079,
135,2.714,-0.614,
136,2.446,0.928,
137,1.533,0.055,
138,0.716,0.431,
139,-0.126,-0.482,
140,-1.258,1.842,
141,-0.395,-0.045,
142,-1.368,-0.273,
143,0.19,-0.894,
144,-0.179,0.826,
145,-0.786,0.312,
146,-0.815,0.98,
147,-1.206,0.697,
148,-1.839,-0.392,
149,-0.647,-0.014,
150,-1.435,0.146,
151,0.672,-0.176,
152,-1.466,0.217,
153,-1.193,0.543,
154,-0.095,-0.063,
155,0.283,0.91,
156,-0.642,1.62,
157,-0.561,-2.132,
158,1.552,-0.709,
159,0.703,-0.501,
160,-0.4,0.23,
161,-0.13,0.902,
162,0.31,1.538,
163,1.655,1.219,
