1,-0.141,-0.03,
2,-0.021,0.084,
3,0.608,-0.005,
4,-0.258,-0.294,
5,-0.311,0.123,
6,-0.105,-0.371,
7,0.653,-0.154,
8,-0.035,-0.51,
9,0.073,-0.851,
10,-0.007,-0.537,
11,-0.295,-0.068,
12,0.047,0.041,
13,0.056,-0.404,
14,-0.058,-0.829,
15,-0.205,0.154,
16,0.146,0.386,
17,-0.563,0.172,
18,-0.053,0.189,
19,-0.358,0.232,
20,-0.15,0.29,
21,0.079,0.01,
22,-0.182,0.102,
23,0.017,-0.094,
24,-0.258,0.159,
25,0.977,-0.018,
26,0.3,-0.16,
27,-0.044,0.283,
28,-0.067,0.244,
29,-0.212,0.263,
30,0.172,-0.104,
31,0.128,-0.169,
32,-0.048,0.268,
33,-0.225,-0.657,
34,-0.462,0.18,
35,-0.081,0.354,
36,0.42,0.571,
37,-0.083,0.072,
38,0.501,0.061,
39,0.223,-0.135,
40,0.072,-0.577,
41,0.06,0.11,
42,0.067,-0.238,
43,0.257,-0.192,
44,0.272,-0.037,
45,-0.221,0.155,
46,0.1,-0.086,
47,-0.119,-0.017,
48,0.108,-0.093,
49,-0.056,0.209,
50,-0.012,0.235,
51,-0.387,0.062,
52,-0.045,0.045,
53,0.065,0.581,
54,0.155,-0.026,
55,0.208,-0.143,
56,-0.315,0.423,
57,-0.136,-0.045,
58,0.086,0.446,
59,0.513,0.445,
60,-0.127,0.236,
61,-0.448,-0.372,
62,0.361,0.062,
63,-0.204,-0.125,
64,0.024,-0.299,
65,0.098,0.048,
66,-0.14,0.094,
67,-0.14,0,
68,0.302,-0.067,
69,0.247,0.203,
70,-0.051,-0.126,
71,0.545,-0.169,
72,-0.058,0.13,
73,0.128,-0.09,
74,0.324,0.224,
75,-0.053,0.423,
76,0.557,-0.232,
77,0.102,0.772,
78,0.211,0.426,
79,-0.541,0.058,
80,-0.319,0.074,
81,-0.029,0.231,
82,0.136,0.155,
83,0.125,0.162,
84,-0.04,-0.47,
85,-0.438,-0.155,
86,0.143,-0.239,
87,-0.008,-0.307,
88,0.178,0.078,
89,0.117,0.227,
90,-0.363,0.294,
91,0.423,0.348,
92,-0.074,0.121,
93,-0.039,0.35,
94,-0.063,0.074,
95,-0.152,-0.048,
96,0.091,-0.171,
97,-0.396,-0.719,
98,0.052,-0.148,
99,-0.037,-0.184,
100,0.207,-0.079,
101,-0.16,0.108,
102,-0.119,0.418,
103,-0.06,-0.119,
104,0.268,-0.043,
105,-0.061,0.302,
106,-0.602,-1.341,
107,-0.667,-0.304,
108,0.325,-0.324,
109,-0.465,-0.528,
110,0.145,-0.24,
111,0.044,0.129,
112,0.036,-0.011,
113,0.265,0.33,
114,-0.191,-0.081,
115,-0.227,0.147,
116,-0.25,0.384,
117,0.059,0.242,
118,0.052,-0.373,
119,0.43,0.042,
120,0.066,-0.14,
121,-0.155,-0.339,
122,0.122,-0.065,
123,-0.139,0.108,
124,-0.071,0.28,
125,-0.091,-0.016,
126,-0.047,-0.218,
127,-0.128,0.085,
128,-0.261,0.394,
129,0.283,-0.048,
130,0.068,-0.077,
131,0.098,-0.142,
132,0.032,-0.077,
133,0.02,-0.087,
134,-0.38,-0.053,
135,0.394,0.105,
136,-0.077,-0.03,
137,0.634,-0.042,
138,0.199,0.204,
139,0.123,-0.293,
140,-0.528,0.525,
141,-0.619,0.457,
142,0.036,-0.234,
143,0.375,-0.624,
144,0.816,-0.671,
145,-0.398,-0.132,
146,-0.569,0.11,
147,-0.372,0.319,
148,-0.17,-0.356,
149,-0.136,0.252,
150,-0.089,-0.17,
151,0.226,-0.043,
152,-0.301,-0.405,
153,-0.231,0.01,
154,0.01,0.025,
155,0.16,0.134,
156,-0.365,0.676,
157,-0.098,-0.327,
158,-0.082,0.132,
159,-0.263,0.111,
160,-0.386,0.051,
161,0.011,0.157,
162,0.169,0.64,
163,0.258,0.304,
