1,0.524,0.505,
2,0.043,0.713,
3,0.588,-0.449,
4,-0.781,-1.87,
5,-1.397,1.733,
6,0.907,-0.462,
7,2.403,0.85,
8,0.284,-2.02,
9,-0.426,-1.392,
10,0.138,-1.716,
11,-0.728,0.795,
12,-0.714,-0.178,
13,1.005,-0.565,
14,-0.755,-1.358,
15,-1.236,1.143,
16,-0.244,1.661,
17,-0.946,0.348,
18,0.721,0.024,
19,-0.674,-0.648,
20,-0.363,-0.704,
21,-0.194,-0.26,
22,-0.796,-0.322,
23,0.295,0.337,
24,0.027,0.35,
25,2.466,-0.865,
26,-0.269,0.192,
27,-0.09,0.484,
28,-0.787,0.693,
29,0.485,0.522,
30,-1.556,-0.677,
31,0.283,0.855,
32,0.125,1.047,
33,-1.107,-2.268,
34,-2.128,0.94,
35,0.441,0.705,
36,0.91,0.604,
37,-0.86,0.056,
38,0.551,-0.259,
39,0.473,0.36,
40,0.801,-1.142,
41,0.763,-0.654,
42,0.864,1.574,
43,-0.514,-0.553,
44,0.53,0.478,
45,-1.129,1.009,
46,0.325,-0.319,
47,-0.986,0.249,
48,0.641,0.062,
49,0.635,0.445,
50,-0.116,0.572,
51,0.66,1.262,
52,-0.461,-0.063,
53,0.757,0.454,
54,0.587,-0.287,
55,1.195,-0.63,
56,0.266,0.481,
57,1.324,0.021,
58,1.147,2.144,
59,1.228,0.918,
60,-0.256,0.971,
61,-0.608,-0.68,
62,1.667,-0.09,
63,-0.454,0.149,
64,0.227,-1.44,
65,0.345,0.437,
66,-0.179,0.53,
67,-0.138,0.094,
68,0.637,0.732,
69,-0.766,1.445,
70,0.069,0.15,
71,0.897,0.614,
72,0.53,1.288,
73,0.451,-1.081,
74,-0.153,0.456,
75,-2.049,0.939,
76,1.364,0.304,
77,0.771,2.68,
78,0.852,1.044,
79,-0.999,-1.234,
80,0.331,0.113,
81,-0.442,1.462,
82,0.392,0.207,
83,0.193,0.794,
84,-0.841,-1.778,
85,0.434,0.834,
86,0.104,0.345,
87,0.43,0.677,
88,0.463,-0.064,
89,1.375,0.226,
90,-0.738,1.117,
91,0.937,0.545,
92,0.056,-0.228,
93,-0.519,-0.115,
94,-0.539,0.71,
95,0.224,-1.372,
96,-0.222,-0.308,
97,-1.317,-0.786,
98,-0.088,-0.858,
99,0.282,-1.532,
100,0.399,0.297,
101,0.006,0.961,
102,-1.696,-0.874,
103,-0.706,2.001,
104,0.988,-0.367,
105,-0.762,0.719,
106,-0.642,-1.52,
107,-2.374,-0.441,
108,1.157,-0.951,
109,-0.971,-0.638,
110,0.966,-0.181,
111,0.17,0.237,
112,0.503,-0.108,
113,1.992,0.395,
114,-0.137,-0.705,
115,0.269,-0.399,
116,0.489,1.114,
117,0.698,1.043,
118,0.905,-0.62,
119,0.995,-0.15,
120,-0.021,-0.826,
121,-0.27,-0.445,
122,1.119,-0.291,
123,-0.789,-0.9,
124,0.496,0.664,
125,-1.027,-0.756,
126,-0.215,-0.246,
127,-1.16,0.817,
128,-0.666,0.621,
129,-0.072,-0.513,
130,0.264,-1.644,
131,2.316,-0.093,
132,0.19,0.081,
133,0.472,-0.086,
134,-0.312,-1.138,
135,2.803,-0.457,
136,2.23,0.98,
137,1.85,-0.234,
138,0.722,0.491,
139,0.029,-0.831,
140,-1.498,2.024,
141,-0.621,0.135,
142,-1.037,-0.461,
143,0.368,-1.217,
144,0.168,0.425,
145,-1.157,0.306,
146,-1.26,0.737,
147,-1.316,0.724,
148,-1.657,-0.652,
149,-0.585,0.343,
150,-1.044,0.053,
151,0.671,-0.525,
152,-1.455,-0.305,
153,-1.504,0.836,
154,-0.038,-0.027,
155,0.309,0.934,
156,-0.71,1.282,
157,-0.404,-2.246,
158,1.158,-0.716,
159,0.652,-0.599,
160,-0.577,0.057,
161,-0.238,1.126,
162,0.348,1.677,
163,1.439,1.038,
