1,0.388,0.819,
2,0.068,0.262,
3,-0.141,0.34,
4,0.269,0.417,
5,0.006,0.814,
6,-0.855,0.388,
7,0.179,1.245,
8,0.547,0.614,
9,-0.175,-0.034,
10,-0.337,1.182,
11,0.522,0.885,
12,-0.027,-0.26,
13,0.761,0.502,
14,-0.28,0.683,
15,-0.358,0.148,
16,0.047,0.39,
17,-0.476,0.636,
18,-0.211,0.505,
19,0.322,0.614,
20,0.082,0.163,
21,-0.023,0.332,
22,0.011,0.155,
23,0.198,0.234,
24,0.123,0.485,
25,0.006,0.391,
26,0.291,1.332,
27,0.445,0.58,
28,0.356,0.816,
29,0.259,0.657,
30,0.256,1.041,
31,0.262,1.302,
32,0.255,0.297,
33,-0.124,0.329,
34,-0.449,0.025,
35,0.265,1.159,
36,-0.227,0.635,
37,0.135,0.309,
38,0.02,0.473,
39,0.068,0.435,
40,0.096,0.53,
41,0.56,0.674,
42,0.51,0.93,
43,0.264,0.62,
44,0.353,1.094,
45,-0.153,0.803,
46,-0.025,0.5,
47,-0.751,0.279,
48,0.775,0.547,
49,0.009,0.217,
50,-0.287,0.147,
51,0.119,0.512,
52,0.251,0.552,
53,0.396,-0.028,
54,0.375,0.616,
55,-0.2,-0.262,
56,0.115,0.633,
57,0.01,0.438,
58,0.068,0.764,
59,-0.223,0.406,
60,-0.037,0.538,
61,0.031,0.567,
62,0.509,0.595,
63,-0.136,0.718,
64,-0.343,0.088,
65,0.353,0.352,
66,0.51,1.226,
67,-0.215,0.355,
68,0.286,0.591,
69,0.166,1.184,
70,-0.071,0.468,
71,-0.021,0.398,
72,0.527,0.609,
73,-0.273,0.321,
74,0.268,0.679,
75,-0.403,0.256,
76,-0.211,0.744,
77,0.083,0.638,
78,-0.284,0.659,
79,-0.925,0.357,
80,0.126,0.102,
81,0.308,0.417,
82,0.277,0.513,
83,0.39,0.561,
84,-0.076,0.34,
85,0.32,0.741,
86,-0.097,0.946,
87,0.231,-0.123,
88,0.208,0.119,
89,0.536,0.574,
90,0.208,0.359,
91,0.043,0.99,
92,-0.009,0.235,
93,-0.297,1.001,
94,-0.209,1.009,
95,0.202,0.176,
96,-0.093,0.343,
97,0.359,0.479,
98,-0.514,-0.223,
99,0.244,0.133,
100,-0.092,0.487,
101,0.023,0.907,
102,0.026,0.101,
103,-0.183,0.871,
104,0.052,0.482,
105,-0.272,-0.092,
106,0.062,0.868,
107,0.337,1.517,
108,-0.038,0.099,
109,0.034,0.496,
110,0.605,0.771,
111,0.11,0.598,
112,-0.557,0.19,
113,0.29,0.217,
114,0.077,0.119,
115,0.103,-1.018,
116,0.493,0.216,
117,0.404,0.526,
118,0.114,0.342,
119,0.309,0.361,
120,0.223,0.304,
121,-0.183,0.385,
122,0.72,0.709,
123,-0.245,-0.587,
124,0.404,0.129,
125,0.012,0.134,
126,0.501,0.323,
127,0.288,0.09,
128,-0.033,0.7,
129,-0.11,0.392,
130,0.281,0.279,
131,0.691,1.424,
132,-0.331,0.394,
133,-0.138,0.728,
134,0.131,0.561,
135,0.129,-0.053,
136,0.127,0.263,
137,-0.019,0.806,
138,0.003,0.442,
139,-0.357,-0.037,
140,0.006,0.584,
141,-0.048,-0.147,
142,-0.235,0.118,
143,0.081,0.685,
144,-0.389,0.916,
145,-0.302,0.092,
146,0.626,1.009,
147,-0.122,0.734,
148,-0.522,0.507,
149,-0.083,-1.165,
150,-1.13,0.664,
151,0.907,0.968,
152,-0.375,1.009,
153,0.269,0.284,
154,-0.099,0.25,
155,-0.022,0.529,
156,-0.395,1.03,
157,-0.215,0.164,
158,0.468,0.685,
159,0.27,0.47,
160,-0.075,0.71,
161,0.232,0.37,
162,-0.064,0.472,
163,0.798,-0.101,
