1,1.025,0.985,
2,-0.531,0.345,
3,0.04,0.241,
4,0.133,-0.197,
5,-0.523,0.717,
6,0.859,-0.177,
7,0.871,1.459,
8,0.842,-0.178,
9,-0.458,-0.286,
10,-0.311,0.382,
11,0.083,0.938,
12,-0.123,-0.725,
13,0.832,0.547,
14,-0.377,0.657,
15,-0.701,0.238,
16,-0.261,0.834,
17,-0.622,0.583,
18,-0.053,0.474,
19,0.364,-0.156,
20,-0.014,-0.663,
21,-0.05,-0.048,
22,0.207,-0.411,
23,0.268,0.297,
24,0.115,0.622,
25,0.542,-0.46,
26,0.111,1.488,
27,0.375,0.552,
28,0.496,1.018,
29,0.566,0.613,
30,0.013,0.795,
31,0.452,1.583,
32,0.376,0.456,
33,-0.422,-0.213,
34,-0.701,0.07,
35,0.479,0.999,
36,-0.082,0.61,
37,-0.065,0.101,
38,0.138,0.093,
39,0.242,0.188,
40,0.335,0.36,
41,1.007,-0.134,
42,0.714,1.3,
43,-0.014,0.176,
44,0.142,1.103,
45,-0.597,0.992,
46,0.073,0.363,
47,-1.031,0.641,
48,0.628,0.529,
49,0.226,0.258,
50,-0.248,0.244,
51,0.278,0.763,
52,0.215,0.339,
53,0.502,-0.104,
54,0.532,0.332,
55,0.321,-0.387,
56,0.149,0.498,
57,0.741,0.413,
58,0.528,0.985,
59,0.141,0.624,
60,-0.183,0.728,
61,-0.094,0.427,
62,0.855,-0.124,
63,-0.635,0.804,
64,-0.164,-0.193,
65,0.41,0.349,
66,0.638,1.168,
67,-0.132,0.441,
68,0.47,0.925,
69,-0.083,1.378,
70,-0.187,0.398,
71,-0.188,0.614,
72,0.766,1.019,
73,-0.218,-0.22,
74,0.008,0.616,
75,-0.999,0.049,
76,-0.15,0.602,
77,0.404,1.275,
78,-0.033,0.865,
79,-1.41,-0.222,
80,0.452,0.23,
81,0.094,0.612,
82,0.131,0.492,
83,0.561,0.715,
84,-0.217,-0.152,
85,0.324,0.966,
86,-0.119,0.719,
87,0.638,0.135,
88,0.136,-0.151,
89,1.343,0.143,
90,0.056,0.575,
91,0.034,1.025,
92,-0.065,0.1,
93,-0.443,0.836,
94,-0.326,0.993,
95,0.364,-0.347,
96,-0.288,0.298,
97,-0.326,0.04,
98,-0.38,-0.398,
99,0.295,-1.201,
100,0.137,0.563,
101,0,1.074,
102,-0.406,-0.125,
103,-0.519,1.372,
104,0.285,0.264,
105,-0.557,-0.644,
106,-0.126,0.535,
107,-0.248,1.149,
108,0.189,-0.304,
109,-0.217,0.305,
110,0.709,0.647,
111,0.211,0.404,
112,-0.142,0.038,
113,0.803,-0.277,
114,0.159,-0.11,
115,0.19,-1.188,
116,1.374,0.297,
117,0.706,0.467,
118,0.71,0.077,
119,0.643,0.09,
120,0.146,0.073,
121,-0.189,0.172,
122,1.053,0.57,
123,-0.243,-1.068,
124,0.392,0.19,
125,-0.292,-0.376,
126,0.472,0.225,
127,-0.314,0.263,
128,-0.111,0.491,
129,-0.181,0.138,
130,0.488,-0.837,
131,1.433,1.046,
132,-0.155,0.299,
133,-0.016,0.638,
134,-0.008,-0.268,
135,1.271,-0.469,
136,0.887,0.274,
137,0.49,0.678,
138,0.312,0.238,
139,-0.227,-0.173,
140,-0.369,0.953,
141,-0.035,-0.262,
142,-0.967,-0.065,
143,0.011,0.182,
144,-0.483,1.355,
145,-0.26,0.052,
146,0.275,1.09,
147,-0.438,0.976,
148,-1.263,0.004,
149,-0.507,-1.021,
150,-1.134,0.226,
151,0.918,0.636,
152,-1.056,1.077,
153,-0.19,0.259,
154,-0.195,-0.055,
155,0.192,0.622,
156,-0.714,1.325,
157,-0.246,-0.79,
158,1.106,0.15,
159,0.471,0.148,
160,-0.008,0.559,
161,0.127,0.256,
162,-0.001,0.739,
163,0.833,0.67,
