1,0.643,0.402,
2,-0.14,0.642,
3,0.772,-0.109,
4,-0.95,-1.609,
5,-1.107,1.318,
6,0.858,-0.972,
7,2.45,0.747,
8,0.34,-1.94,
9,-0.472,-1.405,
10,0.096,-1.853,
11,-0.757,0.821,
12,-0.829,-0.209,
13,1.007,-0.342,
14,-0.996,-1.068,
15,-1.011,0.841,
16,-0.199,1.322,
17,-0.942,0.327,
18,0.782,0.007,
19,-0.733,-0.739,
20,-0.36,-0.768,
21,-0.26,-0.289,
22,-0.883,-0.36,
23,0.324,0.36,
24,-0.129,0.567,
25,2.487,-0.996,
26,-0.075,0.657,
27,-0.057,0.562,
28,-0.849,0.741,
29,0.517,0.524,
30,-1.592,-0.781,
31,0.284,0.842,
32,0.09,1.071,
33,-1.183,-2.416,
34,-2.279,0.972,
35,0.371,0.787,
36,0.653,0.925,
37,-0.49,0.053,
38,0.553,-0.289,
39,0.476,0.407,
40,0.793,-1.188,
41,0.77,-0.729,
42,0.905,1.628,
43,-0.53,-0.554,
44,0.536,0.5,
45,-1.165,1.039,
46,0.295,-0.354,
47,-1.084,0.297,
48,0.28,0.109,
49,0.504,0.499,
50,-0.058,0.629,
51,0.697,1.31,
52,-0.526,-0.073,
53,0.761,0.467,
54,0.607,-0.306,
55,1.286,-0.62,
56,0.329,0.499,
57,1.394,0.092,
58,1.255,2.242,
59,1.259,0.915,
60,-0.309,0.954,
61,-0.816,-0.527,
62,1.494,-0.252,
63,-0.488,0.196,
64,0.198,-1.432,
65,0.299,0.347,
66,-0.231,0.53,
67,-0.113,0.114,
68,0.62,0.736,
69,-0.812,1.496,
70,-0.005,0.117,
71,0.955,0.635,
72,0.559,1.33,
73,0.441,-1.063,
74,-0.395,0.477,
75,-1.867,0.878,
76,1.769,0.341,
77,0.816,2.857,
78,0.86,1.046,
79,-1.042,-1.334,
80,0.388,0.156,
81,-0.529,1.495,
82,0.371,0.169,
83,0.218,0.78,
84,-0.886,-1.83,
85,0.5,0.836,
86,0.123,0.359,
87,0.462,0.776,
88,0.388,-0.262,
89,1.119,0.394,
90,-0.654,1.131,
91,0.991,0.536,
92,0.016,-0.187,
93,-0.553,-0.143,
94,-0.59,0.719,
95,0.237,-1.4,
96,-0.255,-0.289,
97,-1.377,-0.751,
98,-0.084,-0.882,
99,0.337,-1.523,
100,0.394,0.31,
101,-0.197,0.979,
102,-1.359,-0.628,
103,-0.94,2.045,
104,1.12,-0.435,
105,-0.858,0.767,
106,-0.677,-1.515,
107,-2.554,-0.454,
108,1.166,-1.018,
109,-0.96,-0.669,
110,1.016,-0.203,
111,0.229,0.245,
112,0.607,-0.086,
113,2.044,0.4,
114,-0.081,-0.808,
115,0.532,-0.336,
116,1.058,1.102,
117,0.725,1.141,
118,0.964,-0.645,
119,0.99,-0.203,
120,-0.041,-0.87,
121,-0.28,-0.499,
122,1.172,-0.291,
123,-0.853,-0.907,
124,0.596,0.638,
125,-1.06,-0.761,
126,-0.215,-0.221,
127,-1.641,0.8,
128,-0.444,0.29,
129,-0.035,-0.635,
130,0.28,-1.765,
131,2.38,-0.167,
132,0.254,0.13,
133,0.458,-0.011,
134,-0.352,-1.207,
135,2.995,-0.429,
136,2.386,1.046,
137,1.911,-0.37,
138,0.54,0.12,
139,-0.02,-0.82,
140,-1.418,1.922,
141,-0.654,0.128,
142,-1.09,-0.507,
143,0.351,-1.288,
144,0.137,0.539,
145,-1.259,0.356,
146,-1.372,0.783,
147,-1.383,0.904,
148,-1.705,-0.737,
149,-0.896,0.599,
150,-1.003,-0.254,
151,0.702,-0.807,
152,-1.425,-0.4,
153,-1.617,0.916,
154,-0.109,-0.152,
155,0.299,0.771,
156,-0.825,0.917,
157,-0.23,-2.214,
158,1.14,-0.316,
159,0.528,-0.37,
160,-0.407,-0.264,
161,-0.436,0.82,
162,0.483,2.305,
163,1.401,1.583,
