1,0.378,0.275,
2,0.118,0.559,
3,0.796,-0.12,
4,-1.038,-1.345,
5,-0.995,1.029,
6,0.212,-0.775,
7,2.172,0.437,
8,0.089,-1.522,
9,-0.341,-1.747,
10,-0.018,-1.765,
11,-0.659,0.494,
12,-0.651,-0.013,
13,0.757,-0.509,
14,-0.745,-1.523,
15,-0.854,0.718,
16,0.087,1.204,
17,-0.933,0.138,
18,0.649,-0.005,
19,-0.801,-0.375,
20,-0.405,-0.116,
21,-0.151,-0.16,
22,-0.776,-0.106,
23,0.227,0.234,
24,-0.213,0.407,
25,2.34,-0.562,
26,0.048,0.232,
27,-0.121,0.486,
28,-0.806,0.535,
29,0.233,0.42,
30,-1.287,-0.751,
31,0.196,0.311,
32,-0.002,0.921,
33,-0.949,-2.214,
34,-1.862,0.93,
35,0.186,0.649,
36,0.747,0.902,
37,-0.395,0.102,
38,0.707,-0.094,
39,0.345,0.287,
40,0.696,-1.276,
41,0.532,-0.332,
42,0.507,0.875,
43,-0.448,-0.454,
44,0.613,0.199,
45,-0.977,0.789,
46,0.245,-0.361,
47,-0.829,0.179,
48,0.166,-0.032,
49,0.466,0.458,
50,-0.016,0.572,
51,0.398,1.038,
52,-0.494,-0.042,
53,0.526,0.7,
54,0.369,-0.269,
55,1.005,-0.544,
56,0.006,0.28,
57,0.756,-0.058,
58,0.868,1.827,
59,1.231,0.792,
60,-0.264,0.927,
61,-0.827,-0.684,
62,1.362,-0.058,
63,-0.393,0.002,
64,0.162,-1.332,
65,0.31,0.377,
66,-0.328,0.352,
67,-0.126,0.006,
68,0.523,0.353,
69,-0.514,1.054,
70,0.06,0.037,
71,1.15,0.322,
72,0.263,0.898,
73,0.364,-0.971,
74,-0.212,0.362,
75,-1.413,0.944,
76,1.732,0.037,
77,0.631,2.42,
78,0.731,0.844,
79,-0.98,-0.979,
80,0.146,-0.062,
81,-0.363,1.208,
82,0.327,0.257,
83,0.107,0.646,
84,-0.748,-1.678,
85,0.244,0.727,
86,0.205,0.209,
87,0.18,0.342,
88,0.391,-0.079,
89,0.837,0.474,
90,-0.742,0.983,
91,1.028,0.35,
92,0.048,-0.124,
93,-0.358,-0.082,
94,-0.491,0.487,
95,0.028,-1.208,
96,-0.163,-0.275,
97,-1.285,-0.989,
98,0.164,-0.693,
99,0.059,-1.215,
100,0.41,0.208,
101,-0.221,0.674,
102,-1.147,-0.467,
103,-0.655,1.654,
104,1.006,-0.431,
105,-0.589,0.947,
106,-0.741,-1.999,
107,-2.436,-0.549,
108,1.036,-0.921,
109,-1.03,-0.788,
110,0.731,-0.354,
111,0.204,0.27,
112,0.415,-0.069,
113,1.71,0.567,
114,-0.295,-0.716,
115,0.22,-0.108,
116,0.374,1.062,
117,0.446,1.005,
118,0.526,-0.644,
119,1.037,-0.214,
120,0.032,-0.818,
121,-0.291,-0.518,
122,0.781,-0.352,
123,-0.696,-0.496,
124,0.403,0.792,
125,-0.718,-0.439,
126,-0.188,-0.192,
127,-1.457,0.844,
128,-0.464,0.328,
129,0.206,-0.6,
130,0.255,-1.214,
131,1.779,-0.251,
132,0.187,0.022,
133,0.387,-0.096,
134,-0.392,-0.935,
135,2.324,-0.181,
136,1.464,0.847,
137,1.908,-0.275,
138,0.405,0.173,
139,0.096,-0.854,
140,-1.313,1.672,
141,-0.774,0.304,
142,-0.579,-0.522,
143,0.497,-1.225,
144,0.537,0.011,
145,-1.246,0.148,
146,-1.366,0.469,
147,-1.132,0.92,
148,-1.216,-0.808,
149,-0.528,0.624,
150,-0.576,-0.263,
151,0.71,-0.884,
152,-1.21,-0.703,
153,-1.302,0.686,
154,-0.038,-0.063,
155,0.252,0.604,
156,-0.726,0.816,
157,-0.197,-1.788,
158,0.56,-0.271,
159,0.249,-0.259,
160,-0.469,-0.325,
161,-0.405,0.767,
162,0.439,1.877,
163,0.792,1.327,
