1,0.332,0.343,
2,0.17,0.588,
3,0.719,-0.228,
4,-0.958,-1.422,
5,-1.072,1.145,
6,0.22,-0.608,
7,2.168,0.5,
8,0.085,-1.57,
9,-0.326,-1.706,
10,-0.014,-1.718,
11,-0.651,0.495,
12,-0.615,-0.004,
13,0.746,-0.536,
14,-0.664,-1.618,
15,-0.929,0.803,
16,0.053,1.245,
17,-0.925,0.142,
18,0.624,0.003,
19,-0.777,-0.351,
20,-0.398,-0.111,
21,-0.135,-0.152,
22,-0.746,-0.097,
23,0.216,0.227,
24,-0.191,0.375,
25,2.342,-0.575,
26,-0.01,0.092,
27,-0.119,0.472,
28,-0.782,0.523,
29,0.232,0.42,
30,-1.275,-0.718,
31,0.196,0.317,
32,0.008,0.907,
33,-0.923,-2.154,
34,-1.81,0.912,
35,0.189,0.641,
36,0.812,0.779,
37,-0.518,0.107,
38,0.701,-0.085,
39,0.345,0.271,
40,0.692,-1.252,
41,0.526,-0.314,
42,0.499,0.861,
43,-0.437,-0.451,
44,0.604,0.196,
45,-0.959,0.777,
46,0.251,-0.347,
47,-0.8,0.167,
48,0.294,-0.039,
49,0.465,0.443,
50,-0.02,0.556,
51,0.378,1.018,
52,-0.473,-0.037,
53,0.524,0.689,
54,0.367,-0.261,
55,0.974,-0.544,
56,-0.012,0.284,
57,0.739,-0.073,
58,0.835,1.788,
59,1.215,0.79,
60,-0.261,0.92,
61,-0.726,-0.711,
62,1.45,-0.001,
63,-0.391,0.002,
64,0.173,-1.326,
65,0.319,0.398,
66,-0.31,0.351,
67,-0.13,0.003,
68,0.526,0.355,
69,-0.496,1.036,
70,0.078,0.048,
71,1.124,0.316,
72,0.255,0.888,
73,0.367,-0.968,
74,-0.167,0.357,
75,-1.467,0.944,
76,1.572,0.029,
77,0.617,2.358,
78,0.723,0.841,
79,-0.965,-0.944,
80,0.129,-0.065,
81,-0.34,1.197,
82,0.326,0.261,
83,0.108,0.65,
84,-0.73,-1.652,
85,0.222,0.716,
86,0.197,0.202,
87,0.176,0.315,
88,0.458,0.009,
89,0.94,0.41,
90,-0.759,0.964,
91,1.007,0.355,
92,0.054,-0.136,
93,-0.349,-0.073,
94,-0.472,0.481,
95,0.025,-1.194,
96,-0.151,-0.285,
97,-1.264,-0.995,
98,0.157,-0.684,
99,0.049,-1.207,
100,0.408,0.202,
101,-0.191,0.659,
102,-1.245,-0.547,
103,-0.66,1.634,
104,0.981,-0.415,
105,-0.563,0.919,
106,-0.726,-1.976,
107,-2.367,-0.54,
108,1.033,-0.897,
109,-1.029,-0.774,
110,0.716,-0.344,
111,0.187,0.263,
112,0.388,-0.074,
113,1.685,0.563,
114,-0.317,-0.684,
115,0.184,-0.111,
116,0.217,1.047,
117,0.441,0.972,
118,0.512,-0.635,
119,1.024,-0.198,
120,0.036,-0.797,
121,-0.286,-0.504,
122,0.772,-0.35,
123,-0.679,-0.492,
124,0.374,0.793,
125,-0.709,-0.437,
126,-0.186,-0.197,
127,-1.288,0.833,
128,-0.526,0.441,
129,0.205,-0.574,
130,0.25,-1.177,
131,1.75,-0.229,
132,0.167,0.008,
133,0.386,-0.115,
134,-0.38,-0.91,
135,2.257,-0.189,
136,1.423,0.818,
137,1.885,-0.209,
138,0.465,0.29,
139,0.089,-0.819,
140,-1.302,1.664,
141,-0.76,0.307,
142,-0.57,-0.501,
143,0.495,-1.202,
144,0.54,-0.014,
145,-1.206,0.134,
146,-1.327,0.457,
147,-1.115,0.856,
148,-1.201,-0.768,
149,-0.433,0.547,
150,-0.613,-0.171,
151,0.696,-0.819,
152,-1.204,-0.678,
153,-1.262,0.655,
154,-0.029,-0.047,
155,0.247,0.616,
156,-0.656,0.949,
157,-0.269,-1.806,
158,0.569,-0.388,
159,0.26,-0.284,
160,-0.526,-0.201,
161,-0.326,0.859,
162,0.386,1.703,
163,0.805,1.153,
