1,1.173,0.698,
2,-0.732,0.562,
3,0.403,0.047,
4,-0.35,-1.105,
5,-1.034,1.041,
6,1.739,-0.898,
7,1.86,1.149,
8,0.693,-1.543,
9,-0.618,-0.738,
10,-0.112,-0.94,
11,-0.535,0.973,
12,-0.499,-0.609,
13,0.998,0.156,
14,-0.781,-0.029,
15,-0.907,0.569,
16,-0.441,1.292,
17,-0.815,0.502,
18,0.442,0.229,
19,-0.085,-0.841,
20,-0.147,-1.241,
21,-0.203,-0.35,
22,-0.181,-0.653,
23,0.339,0.349,
24,0.04,0.657,
25,1.718,-1.271,
26,-0.081,1.248,
27,0.184,0.595,
28,-0.036,1.027,
29,0.706,0.598,
30,-0.948,-0.059,
31,0.452,1.471,
32,0.27,0.804,
33,-0.894,-1.372,
34,-1.661,0.472,
35,0.565,0.919,
36,0.267,0.755,
37,-0.359,0.013,
38,0.366,-0.265,
39,0.443,0.249,
40,0.575,-0.318,
41,1.007,-0.903,
42,1.093,1.889,
43,-0.372,-0.334,
44,0.203,0.927,
45,-0.946,1.14,
46,0.2,0.016,
47,-1.191,0.714,
48,0.494,0.374,
49,0.309,0.349,
50,-0.166,0.46,
51,0.512,1.142,
52,-0.133,0.069,
53,0.78,0.06,
54,0.778,0.034,
55,0.992,-0.524,
56,0.153,0.717,
57,1.695,0.283,
58,1.105,1.717,
59,0.845,0.912,
60,-0.292,0.887,
61,-0.307,0.038,
62,1.109,-0.382,
63,-0.714,0.574,
64,0.082,-0.911,
65,0.337,0.286,
66,0.261,0.86,
67,-0.091,0.346,
68,0.641,1.119,
69,-0.553,1.621,
70,-0.141,0.297,
71,0.168,0.771,
72,0.849,1.456,
73,0.117,-0.839,
74,-0.255,0.581,
75,-1.565,0.388,
76,0.574,0.401,
77,0.718,2.281,
78,0.483,1.052,
79,-1.524,-1.091,
80,0.558,0.347,
81,-0.287,1.215,
82,0.154,0.363,
83,0.568,0.915,
84,-0.587,-1.008,
85,0.442,0.763,
86,0.001,0.488,
87,0.812,0.694,
88,0.231,-0.238,
89,1.305,-0.018,
90,-0.282,0.905,
91,0.389,0.935,
92,-0.082,-0.063,
93,-0.642,0.366,
94,-0.483,0.923,
95,0.383,-1.122,
96,-0.326,-0.011,
97,-0.992,-0.485,
98,-0.286,-0.882,
99,0.462,-1.721,
100,0.284,0.501,
101,-0.068,1.181,
102,-0.867,-0.441,
103,-1.06,1.989,
104,0.759,-0.108,
105,-0.869,-0.181,
106,-0.386,-0.198,
107,-1.422,0.365,
108,0.806,-0.746,
109,-0.639,-0.154,
110,1.009,0.272,
111,0.255,0.24,
112,0.397,-0.042,
113,1.658,-0.161,
114,0.048,-0.497,
115,0.535,-0.883,
116,1.668,0.693,
117,0.962,0.794,
118,1.253,-0.363,
119,0.672,-0.166,
120,-0.079,-0.375,
121,-0.194,-0.133,
122,1.347,0.092,
123,-0.584,-1.23,
124,0.542,0.389,
125,-0.957,-0.811,
126,0.125,0.003,
127,-1.034,0.515,
128,-0.279,0.356,
129,-0.219,-0.273,
130,0.476,-1.81,
131,2.027,0.262,
132,0.078,0.244,
133,0.27,0.362,
134,-0.269,-0.96,
135,2.558,-0.639,
136,2.304,0.826,
137,1.271,0.174,
138,0.55,0.151,
139,-0.161,-0.429,
140,-1.002,1.579,
141,-0.279,-0.144,
142,-1.512,-0.171,
143,0.068,-0.645,
144,-0.36,1.151,
145,-0.589,0.275,
146,-0.546,1.113,
147,-1.008,0.978,
148,-1.912,-0.42,
149,-1.025,-0.12,
150,-1.407,-0.067,
151,0.731,-0.055,
152,-1.418,0.508,
153,-0.97,0.437,
154,-0.195,-0.176,
155,0.291,0.774,
156,-0.809,1.294,
157,-0.263,-1.804,
158,1.583,-0.176,
159,0.597,-0.21,
160,-0.171,0.174,
161,-0.155,0.516,
162,0.325,1.802,
163,1.396,1.806,
