1,0.448,0.425,
2,0.096,0.624,
3,0.73,-0.239,
4,-0.955,-1.609,
5,-1.183,1.356,
6,0.537,-0.667,
7,2.373,0.684,
8,0.255,-1.834,
9,-0.375,-1.539,
10,0.081,-1.798,
11,-0.718,0.692,
12,-0.726,-0.092,
13,0.894,-0.468,
14,-0.796,-1.45,
15,-1.082,0.921,
16,-0.131,1.264,
17,-0.942,0.235,
18,0.725,-0.004,
19,-0.789,-0.542,
20,-0.406,-0.433,
21,-0.19,-0.214,
22,-0.834,-0.22,
23,0.271,0.307,
24,-0.149,0.454,
25,2.527,-0.843,
26,-0.084,0.285,
27,-0.1,0.503,
28,-0.868,0.615,
29,0.386,0.472,
30,-1.507,-0.767,
31,0.238,0.583,
32,0.056,1.011,
33,-1.073,-2.346,
34,-2.083,0.997,
35,0.288,0.708,
36,0.794,0.798,
37,-0.586,0.088,
38,0.619,-0.188,
39,0.42,0.351,
40,0.78,-1.27,
41,0.672,-0.513,
42,0.704,1.266,
43,-0.497,-0.52,
44,0.592,0.336,
45,-1.099,0.929,
46,0.294,-0.369,
47,-0.952,0.221,
48,0.354,0.02,
49,0.465,0.478,
50,-0.041,0.598,
51,0.58,1.22,
52,-0.517,-0.061,
53,0.66,0.587,
54,0.484,-0.301,
55,1.146,-0.602,
56,0.197,0.358,
57,1.074,-0.022,
58,1.057,2.065,
59,1.272,0.878,
60,-0.289,0.953,
61,-0.721,-0.668,
62,1.622,-0.066,
63,-0.433,0.101,
64,0.208,-1.441,
65,0.334,0.425,
66,-0.279,0.441,
67,-0.128,0.046,
68,0.58,0.545,
69,-0.683,1.28,
70,0.063,0.095,
71,1.071,0.491,
72,0.404,1.128,
73,0.427,-1.071,
74,-0.281,0.416,
75,-1.781,0.969,
76,1.665,0.226,
77,0.73,2.646,
78,0.825,0.959,
79,-0.967,-1.167,
80,0.268,0.009,
81,-0.441,1.405,
82,0.366,0.216,
83,0.135,0.725,
84,-0.828,-1.806,
85,0.37,0.855,
86,0.162,0.291,
87,0.307,0.55,
88,0.547,-0.09,
89,1.147,0.363,
90,-0.748,1.075,
91,1.029,0.422,
92,0.054,-0.191,
93,-0.453,-0.146,
94,-0.545,0.608,
95,0.112,-1.339,
96,-0.204,-0.315,
97,-1.349,-0.858,
98,0.038,-0.775,
99,0.167,-1.426,
100,0.425,0.261,
101,-0.182,0.821,
102,-1.468,-0.733,
103,-0.83,1.903,
104,1.069,-0.438,
105,-0.707,0.887,
106,-0.708,-1.84,
107,-2.537,-0.542,
108,1.118,-0.97,
109,-1.002,-0.74,
110,0.875,-0.286,
111,0.191,0.249,
112,0.493,-0.091,
113,1.921,0.508,
114,-0.199,-0.759,
115,0.393,-0.215,
116,0.544,1.105,
117,0.602,1.066,
118,0.731,-0.645,
119,1.063,-0.172,
120,0.004,-0.876,
121,-0.289,-0.517,
122,0.987,-0.335,
123,-0.784,-0.713,
124,0.488,0.749,
125,-0.911,-0.638,
126,-0.207,-0.207,
127,-1.46,0.837,
128,-0.538,0.422,
129,0.077,-0.618,
130,0.246,-1.455,
131,2.16,-0.193,
132,0.204,0.061,
133,0.442,-0.101,
134,-0.355,-1.097,
135,2.69,-0.325,
136,1.935,0.945,
137,1.96,-0.256,
138,0.543,0.267,
139,0.004,-0.784,
140,-1.394,1.837,
141,-0.715,0.221,
142,-0.838,-0.511,
143,0.44,-1.272,
144,0.355,0.242,
145,-1.263,0.249,
146,-1.382,0.61,
147,-1.28,0.847,
148,-1.465,-0.714,
149,-0.569,0.555,
150,-0.839,-0.16,
151,0.727,-0.824,
152,-1.358,-0.562,
153,-1.496,0.836,
154,-0.058,-0.086,
155,0.274,0.717,
156,-0.692,1.046,
157,-0.324,-2.097,
158,0.862,-0.479,
159,0.401,-0.333,
160,-0.507,-0.189,
161,-0.361,0.921,
162,0.407,1.947,
163,1.154,1.236,
