1,1.146,1.025,
2,-0.645,0.426,
3,0.178,0.006,
4,-0.083,-0.801,
5,-1.074,1.203,
6,1.648,-0.249,
7,1.58,1.447,
8,0.795,-0.99,
9,-0.507,-0.461,
10,-0.177,-0.297,
11,-0.281,0.921,
12,-0.22,-0.63,
13,0.897,0.24,
14,-0.358,0.074,
15,-1.069,0.691,
16,-0.507,1.299,
17,-0.713,0.587,
18,0.187,0.341,
19,0.202,-0.528,
20,-0.121,-0.953,
21,-0.034,-0.239,
22,0.1,-0.57,
23,0.299,0.306,
24,0.149,0.542,
25,1.247,-1.004,
26,-0.08,1.128,
27,0.258,0.546,
28,0.286,1.001,
29,0.629,0.608,
30,-0.462,0.44,
31,0.482,1.594,
32,0.377,0.655,
33,-0.63,-0.798,
34,-1.118,0.292,
35,0.592,0.92,
36,0.248,0.571,
37,-0.376,0.071,
38,0.325,-0.104,
39,0.351,0.139,
40,0.53,-0.007,
41,1.081,-0.572,
42,0.876,1.61,
43,-0.244,-0.183,
44,0.184,0.962,
45,-0.776,1.023,
46,0.214,0.206,
47,-1.015,0.649,
48,0.697,0.409,
49,0.239,0.252,
50,-0.228,0.337,
51,0.448,0.933,
52,0.099,0.177,
53,0.679,-0.004,
54,0.669,0.19,
55,0.641,-0.476,
56,0.102,0.519,
57,1.276,0.279,
58,0.788,1.356,
59,0.534,0.782,
60,-0.209,0.812,
61,0.009,0.12,
62,1.222,-0.23,
63,-0.66,0.645,
64,-0.027,-0.614,
65,0.425,0.376,
66,0.529,1.023,
67,-0.133,0.368,
68,0.617,1.075,
69,-0.299,1.464,
70,-0.093,0.353,
71,-0.048,0.699,
72,0.829,1.245,
73,-0.022,-0.54,
74,-0.028,0.603,
75,-1.475,0.332,
76,-0.169,0.448,
77,0.57,1.724,
78,0.292,0.991,
79,-1.443,-0.599,
80,0.485,0.219,
81,-0.099,0.892,
82,0.16,0.485,
83,0.562,0.838,
84,-0.366,-0.586,
85,0.317,0.859,
86,-0.072,0.591,
87,0.759,0.345,
88,0.457,-0.092,
89,1.676,-0.141,
90,-0.155,0.737,
91,0.144,1.02,
92,-0.004,-0.051,
93,-0.552,0.604,
94,-0.385,0.963,
95,0.383,-0.751,
96,-0.297,0.146,
97,-0.65,-0.272,
98,-0.32,-0.631,
99,0.35,-1.647,
100,0.255,0.541,
101,0.024,1.124,
102,-0.959,-0.512,
103,-0.614,1.707,
104,0.482,0.094,
105,-0.643,-0.473,
106,-0.277,0.029,
107,-0.781,0.678,
108,0.493,-0.538,
109,-0.443,0.077,
110,0.836,0.461,
111,0.181,0.344,
112,0.051,-0.053,
113,1.17,-0.297,
114,0.071,-0.26,
115,0.255,-1.118,
116,1.262,0.518,
117,0.839,0.54,
118,1.042,-0.194,
119,0.784,-0.001,
120,0.04,-0.168,
121,-0.178,0.085,
122,1.147,0.322,
123,-0.328,-1.249,
124,0.382,0.313,
125,-0.667,-0.699,
126,0.262,0.033,
127,-0.496,0.419,
128,-0.311,0.557,
129,-0.227,-0.023,
130,0.492,-1.34,
131,1.756,0.652,
132,-0.016,0.201,
133,0.204,0.383,
134,-0.099,-0.657,
135,1.907,-0.638,
136,1.518,0.488,
137,0.903,0.488,
138,0.515,0.361,
139,-0.212,-0.159,
140,-0.749,1.343,
141,-0.136,-0.215,
142,-1.301,-0.066,
143,0.077,-0.224,
144,-0.389,1.105,
145,-0.347,0.091,
146,-0.069,1.067,
147,-0.734,0.827,
148,-1.598,-0.118,
149,-0.422,-0.708,
150,-1.259,0.241,
151,0.827,0.368,
152,-1.302,0.833,
153,-0.546,0.292,
154,-0.138,-0.042,
155,0.209,0.754,
156,-0.647,1.826,
157,-0.584,-1.419,
158,1.457,-0.454,
159,0.631,-0.25,
160,-0.164,0.478,
161,0.058,0.5,
162,0.127,0.81,
163,1.247,0.863,
