1,0.788,0.485,
2,-0.376,0.657,
3,0.686,-0.076,
4,-0.796,-1.569,
5,-1.115,1.315,
6,1.208,-1.013,
7,2.388,0.872,
8,0.421,-1.966,
9,-0.547,-1.204,
10,0.051,-1.728,
11,-0.744,0.91,
12,-0.811,-0.317,
13,1.048,-0.208,
14,-1.013,-0.76,
15,-1.006,0.807,
16,-0.286,1.383,
17,-0.91,0.414,
18,0.736,0.053,
19,-0.568,-0.847,
20,-0.265,-1.044,
21,-0.28,-0.341,
22,-0.724,-0.477,
23,0.347,0.374,
24,-0.073,0.616,
25,2.347,-1.2,
26,-0.108,0.868,
27,0.009,0.592,
28,-0.674,0.85,
29,0.613,0.564,
30,-1.523,-0.65,
31,0.346,1.089,
32,0.14,1.041,
33,-1.168,-2.219,
34,-2.238,0.851,
35,0.449,0.841,
36,0.553,0.893,
37,-0.489,0.025,
38,0.492,-0.342,
39,0.501,0.395,
40,0.752,-0.964,
41,0.824,-0.871,
42,1.045,1.86,
43,-0.521,-0.543,
44,0.435,0.66,
45,-1.127,1.083,
46,0.278,-0.271,
47,-1.154,0.423,
48,0.349,0.195,
49,0.457,0.471,
50,-0.089,0.604,
51,0.684,1.325,
52,-0.443,-0.057,
53,0.814,0.323,
54,0.705,-0.247,
55,1.294,-0.608,
56,0.319,0.645,
57,1.605,0.2,
58,1.308,2.205,
59,1.184,0.949,
60,-0.322,0.957,
61,-0.687,-0.383,
62,1.404,-0.337,
63,-0.555,0.31,
64,0.202,-1.365,
65,0.276,0.279,
66,-0.114,0.62,
67,-0.101,0.189,
68,0.648,0.905,
69,-0.819,1.615,
70,-0.048,0.177,
71,0.73,0.724,
72,0.686,1.448,
73,0.39,-1.053,
74,-0.4,0.521,
75,-1.88,0.766,
76,1.483,0.374,
77,0.832,2.821,
78,0.809,1.089,
79,-1.154,-1.355,
80,0.457,0.286,
81,-0.497,1.505,
82,0.32,0.197,
83,0.328,0.834,
84,-0.854,-1.682,
85,0.545,0.802,
86,0.072,0.404,
87,0.604,0.873,
88,0.33,-0.273,
89,1.194,0.288,
90,-0.548,1.104,
91,0.85,0.671,
92,-0.025,-0.167,
93,-0.615,-0.038,
94,-0.579,0.802,
95,0.313,-1.425,
96,-0.268,-0.225,
97,-1.307,-0.682,
98,-0.171,-0.973,
99,0.442,-1.598,
100,0.349,0.354,
101,-0.161,1.085,
102,-1.258,-0.591,
103,-1.095,2.098,
104,1.065,-0.366,
105,-0.923,0.516,
106,-0.601,-1.091,
107,-2.315,-0.249,
108,1.147,-0.977,
109,-0.905,-0.535,
110,1.082,-0.072,
111,0.252,0.226,
112,0.62,-0.076,
113,2.063,0.239,
114,-0.053,-0.757,
115,0.606,-0.489,
116,1.346,1.016,
117,0.836,1.094,
118,1.133,-0.592,
119,0.849,-0.23,
120,-0.073,-0.758,
121,-0.253,-0.414,
122,1.305,-0.223,
123,-0.832,-1.057,
124,0.619,0.55,
125,-1.112,-0.802,
126,-0.167,-0.204,
127,-1.526,0.727,
128,-0.404,0.294,
129,-0.124,-0.562,
130,0.343,-1.95,
131,2.369,-0.079,
132,0.237,0.175,
133,0.435,0.091,
134,-0.344,-1.208,
135,3.029,-0.518,
136,2.618,1.055,
137,1.769,-0.278,
138,0.578,0.117,
139,-0.072,-0.718,
140,-1.35,1.895,
141,-0.547,0.037,
142,-1.274,-0.428,
143,0.25,-1.173,
144,-0.06,0.777,
145,-1.103,0.394,
146,-1.196,0.926,
147,-1.362,0.897,
148,-1.838,-0.658,
149,-1.033,0.46,
150,-1.246,-0.213,
151,0.679,-0.627,
152,-1.455,-0.141,
153,-1.524,0.798,
154,-0.144,-0.179,
155,0.309,0.806,
156,-0.831,1.01,
157,-0.245,-2.201,
158,1.373,-0.286,
159,0.589,-0.354,
160,-0.343,-0.157,
161,-0.379,0.762,
162,0.477,2.316,
163,1.551,1.73,
