1,0.388,0.769,
2,0.044,0.255,
3,-0.142,0.355,
4,0.28,0.439,
5,0.081,0.701,
6,-0.869,0.311,
7,0.127,1.216,
8,0.546,0.637,
9,-0.184,-0.04,
10,-0.347,1.206,
11,0.539,0.897,
12,-0.039,-0.286,
13,0.764,0.53,
14,-0.314,0.74,
15,-0.307,0.076,
16,0.057,0.324,
17,-0.476,0.629,
18,-0.219,0.515,
19,0.316,0.598,
20,0.088,0.145,
21,-0.044,0.341,
22,0.006,0.15,
23,0.197,0.239,
24,0.113,0.506,
25,-0.02,0.391,
26,0.301,1.38,
27,0.454,0.585,
28,0.365,0.825,
29,0.266,0.655,
30,0.261,1.035,
31,0.257,1.296,
32,0.245,0.285,
33,-0.127,0.355,
34,-0.448,0.005,
35,0.255,1.164,
36,-0.255,0.64,
37,0.156,0.299,
38,-0.003,0.481,
39,0.068,0.446,
40,0.072,0.555,
41,0.55,0.685,
42,0.525,0.929,
43,0.281,0.655,
44,0.336,1.118,
45,-0.159,0.829,
46,-0.051,0.499,
47,-0.779,0.3,
48,0.762,0.559,
49,-0.002,0.224,
50,-0.283,0.146,
51,0.093,0.513,
52,0.245,0.56,
53,0.385,-0.044,
54,0.382,0.63,
55,-0.203,-0.262,
56,0.122,0.666,
57,0.01,0.447,
58,0.071,0.746,
59,-0.239,0.406,
60,-0.046,0.541,
61,0.002,0.601,
62,0.442,0.596,
63,-0.151,0.733,
64,-0.346,0.118,
65,0.347,0.352,
66,0.498,1.228,
67,-0.208,0.367,
68,0.268,0.598,
69,0.165,1.195,
70,-0.091,0.469,
71,-0.03,0.4,
72,0.523,0.618,
73,-0.288,0.315,
74,0.253,0.677,
75,-0.367,0.22,
76,-0.166,0.757,
77,0.079,0.639,
78,-0.311,0.653,
79,-0.959,0.333,
80,0.135,0.126,
81,0.316,0.42,
82,0.261,0.502,
83,0.405,0.569,
84,-0.08,0.354,
85,0.341,0.761,
86,-0.103,0.957,
87,0.234,-0.107,
88,0.163,0.095,
89,0.457,0.578,
90,0.221,0.357,
91,0.043,0.986,
92,-0.032,0.254,
93,-0.3,1.008,
94,-0.212,1.009,
95,0.199,0.18,
96,-0.101,0.339,
97,0.356,0.487,
98,-0.521,-0.229,
99,0.246,0.134,
100,-0.104,0.489,
101,0.018,0.91,
102,0.104,0.147,
103,-0.258,0.87,
104,0.054,0.482,
105,-0.293,-0.104,
106,0.076,0.925,
107,0.347,1.551,
108,-0.041,0.11,
109,0.04,0.506,
110,0.609,0.778,
111,0.123,0.585,
112,-0.537,0.202,
113,0.308,0.226,
114,0.083,0.114,
115,0.147,-1.007,
116,0.55,0.205,
117,0.41,0.539,
118,0.112,0.363,
119,0.264,0.352,
120,0.219,0.317,
121,-0.185,0.369,
122,0.743,0.716,
123,-0.265,-0.562,
124,0.419,0.124,
125,0.019,0.157,
126,0.524,0.355,
127,0.269,0.081,
128,-0.015,0.682,
129,-0.107,0.387,
130,0.288,0.279,
131,0.683,1.435,
132,-0.349,0.413,
133,-0.165,0.762,
134,0.117,0.572,
135,0.122,-0.036,
136,0.151,0.279,
137,-0.029,0.811,
138,-0.003,0.419,
139,-0.361,-0.059,
140,0.02,0.568,
141,-0.045,-0.149,
142,-0.241,0.111,
143,0.057,0.689,
144,-0.406,0.966,
145,-0.306,0.11,
146,0.62,1.021,
147,-0.115,0.769,
148,-0.536,0.497,
149,-0.178,-1.148,
150,-1.135,0.637,
151,0.92,0.967,
152,-0.379,1.018,
153,0.271,0.287,
154,-0.114,0.23,
155,-0.009,0.521,
156,-0.42,0.941,
157,-0.131,0.182,
158,0.455,0.78,
159,0.237,0.547,
160,-0.062,0.705,
161,0.229,0.351,
162,-0.048,0.59,
163,0.758,0.002,
