1,0.732,1.041,
2,-0.176,0.303,
3,-0.07,0.261,
4,0.221,0.094,
5,-0.365,0.915,
6,-0.034,0.334,
7,0.569,1.486,
8,0.683,0.231,
9,-0.302,-0.13,
10,-0.325,0.804,
11,0.313,0.903,
12,-0.038,-0.5,
13,0.779,0.514,
14,-0.256,0.618,
15,-0.641,0.298,
16,-0.094,0.713,
17,-0.543,0.625,
18,-0.161,0.499,
19,0.394,0.29,
20,0.04,-0.223,
21,-0.006,0.146,
22,0.159,-0.121,
23,0.232,0.259,
24,0.145,0.525,
25,0.237,0.004,
26,0.181,1.355,
27,0.406,0.548,
28,0.441,0.908,
29,0.41,0.635,
30,0.202,0.991,
31,0.379,1.472,
32,0.348,0.372,
33,-0.248,0.092,
34,-0.494,0.04,
35,0.393,1.057,
36,-0.117,0.584,
37,-0.003,0.207,
38,0.075,0.27,
39,0.155,0.276,
40,0.246,0.459,
41,0.823,0.291,
42,0.569,1.077,
43,0.122,0.375,
44,0.249,1.082,
45,-0.375,0.866,
46,0.049,0.454,
47,-0.871,0.44,
48,0.733,0.529,
49,0.164,0.235,
50,-0.277,0.184,
51,0.227,0.623,
52,0.271,0.44,
53,0.436,-0.07,
54,0.412,0.434,
55,0.042,-0.326,
56,0.132,0.484,
57,0.307,0.426,
58,0.275,0.858,
59,-0.063,0.501,
60,-0.1,0.631,
61,0.033,0.452,
62,0.831,0.213,
63,-0.39,0.766,
64,-0.248,-0.053,
65,0.404,0.365,
66,0.632,1.216,
67,-0.181,0.397,
68,0.389,0.733,
69,0.06,1.257,
70,-0.111,0.432,
71,-0.135,0.505,
72,0.656,0.785,
73,-0.256,0.08,
74,0.167,0.647,
75,-0.809,0.184,
76,-0.298,0.667,
77,0.24,0.904,
78,-0.154,0.768,
79,-1.128,0.137,
80,0.286,0.133,
81,0.228,0.469,
82,0.215,0.522,
83,0.449,0.611,
84,-0.116,0.11,
85,0.281,0.878,
86,-0.118,0.821,
87,0.426,-0.05,
88,0.206,0.012,
89,1.192,0.424,
90,0.128,0.457,
91,0.036,1.002,
92,-0.008,0.145,
93,-0.345,0.934,
94,-0.258,1.005,
95,0.298,-0.058,
96,-0.181,0.345,
97,0.024,0.26,
98,-0.427,-0.266,
99,0.249,-0.579,
100,0.042,0.53,
101,0.029,0.988,
102,-0.35,-0.086,
103,-0.22,1.099,
104,0.135,0.391,
105,-0.373,-0.414,
106,-0.058,0.616,
107,0.087,1.339,
108,0.037,-0.1,
109,-0.082,0.415,
110,0.624,0.723,
111,0.146,0.51,
112,-0.4,0.086,
113,0.485,-0.075,
114,0.125,0.031,
115,0.047,-1.155,
116,0.868,0.247,
117,0.535,0.451,
118,0.374,0.215,
119,0.569,0.242,
120,0.213,0.191,
121,-0.189,0.3,
122,0.858,0.66,
123,-0.193,-0.869,
124,0.359,0.155,
125,-0.095,-0.127,
126,0.486,0.25,
127,0.045,0.187,
128,-0.101,0.628,
129,-0.152,0.29,
130,0.36,-0.317,
131,1.087,1.283,
132,-0.231,0.316,
133,-0.047,0.643,
134,0.101,0.13,
135,0.667,-0.291,
136,0.385,0.187,
137,0.225,0.775,
138,0.181,0.38,
139,-0.282,-0.059,
140,-0.175,0.763,
141,-0.023,-0.22,
142,-0.561,0,
143,0.079,0.466,
144,-0.43,1.125,
145,-0.25,0.033,
146,0.505,1.032,
147,-0.268,0.814,
148,-0.851,0.287,
149,-0.095,-1.238,
150,-1.131,0.501,
151,0.913,0.843,
152,-0.735,1.087,
153,0.077,0.247,
154,-0.13,0.116,
155,0.077,0.584,
156,-0.516,1.299,
157,-0.378,-0.344,
158,0.807,0.25,
159,0.431,0.208,
160,-0.047,0.676,
161,0.21,0.325,
162,-0.114,0.324,
163,0.8,-0.008,
