1,-0.141,-0.026,
2,-0.018,0.091,
3,0.601,-0.015,
4,-0.252,-0.303,
5,-0.315,0.13,
6,-0.107,-0.362,
7,0.652,-0.15,
8,-0.034,-0.511,
9,0.074,-0.849,
10,-0.007,-0.535,
11,-0.294,-0.067,
12,0.048,0.04,
13,0.056,-0.406,
14,-0.056,-0.83,
15,-0.208,0.16,
16,0.149,0.39,
17,-0.564,0.17,
18,-0.054,0.19,
19,-0.357,0.233,
20,-0.149,0.289,
21,0.078,0.011,
22,-0.181,0.102,
23,0.016,-0.094,
24,-0.256,0.157,
25,0.975,-0.016,
26,0.294,-0.17,
27,-0.044,0.283,
28,-0.067,0.243,
29,-0.211,0.263,
30,0.172,-0.103,
31,0.128,-0.168,
32,-0.048,0.267,
33,-0.225,-0.654,
34,-0.46,0.179,
35,-0.08,0.353,
36,0.425,0.56,
37,-0.094,0.072,
38,0.499,0.061,
39,0.223,-0.135,
40,0.071,-0.575,
41,0.06,0.111,
42,0.068,-0.237,
43,0.258,-0.191,
44,0.271,-0.036,
45,-0.22,0.155,
46,0.099,-0.086,
47,-0.12,-0.017,
48,0.119,-0.093,
49,-0.051,0.209,
50,-0.012,0.234,
51,-0.388,0.062,
52,-0.044,0.045,
53,0.065,0.58,
54,0.156,-0.026,
55,0.207,-0.143,
56,-0.315,0.424,
57,-0.136,-0.045,
58,0.086,0.445,
59,0.512,0.445,
60,-0.127,0.236,
61,-0.448,-0.372,
62,0.366,0.064,
63,-0.206,-0.124,
64,0.024,-0.298,
65,0.098,0.048,
66,-0.14,0.094,
67,-0.14,0,
68,0.302,-0.066,
69,0.247,0.203,
70,-0.051,-0.126,
71,0.543,-0.169,
72,-0.059,0.131,
73,0.128,-0.09,
74,0.327,0.223,
75,-0.058,0.422,
76,0.554,-0.231,
77,0.102,0.77,
78,0.21,0.426,
79,-0.54,0.058,
80,-0.319,0.074,
81,-0.028,0.231,
82,0.135,0.155,
83,0.125,0.161,
84,-0.039,-0.469,
85,-0.439,-0.155,
86,0.143,-0.239,
87,-0.008,-0.306,
88,0.173,0.081,
89,0.123,0.225,
90,-0.366,0.294,
91,0.423,0.348,
92,-0.074,0.12,
93,-0.039,0.35,
94,-0.062,0.074,
95,-0.152,-0.048,
96,0.091,-0.172,
97,-0.395,-0.717,
98,0.051,-0.149,
99,-0.037,-0.184,
100,0.206,-0.079,
101,-0.157,0.108,
102,-0.125,0.415,
103,-0.056,-0.119,
104,0.267,-0.042,
105,-0.061,0.301,
106,-0.601,-1.338,
107,-0.665,-0.303,
108,0.325,-0.322,
109,-0.464,-0.527,
110,0.145,-0.239,
111,0.043,0.128,
112,0.036,-0.011,
113,0.265,0.33,
114,-0.19,-0.08,
115,-0.232,0.147,
116,-0.261,0.383,
117,0.06,0.241,
118,0.052,-0.372,
119,0.428,0.042,
120,0.066,-0.139,
121,-0.155,-0.339,
122,0.123,-0.065,
123,-0.14,0.109,
124,-0.071,0.28,
125,-0.091,-0.016,
126,-0.047,-0.217,
127,-0.116,0.085,
128,-0.267,0.404,
129,0.283,-0.047,
130,0.068,-0.076,
131,0.098,-0.141,
132,0.031,-0.077,
133,0.019,-0.087,
134,-0.38,-0.052,
135,0.393,0.105,
136,-0.076,-0.03,
137,0.633,-0.04,
138,0.205,0.214,
139,0.124,-0.295,
140,-0.529,0.526,
141,-0.618,0.457,
142,0.036,-0.233,
143,0.374,-0.623,
144,0.815,-0.67,
145,-0.397,-0.131,
146,-0.568,0.11,
147,-0.37,0.318,
148,-0.172,-0.358,
149,-0.132,0.246,
150,-0.091,-0.167,
151,0.224,-0.038,
152,-0.301,-0.403,
153,-0.23,0.009,
154,0.01,0.025,
155,0.161,0.136,
156,-0.365,0.676,
157,-0.101,-0.33,
158,-0.079,0.127,
159,-0.26,0.107,
160,-0.391,0.061,
161,0.018,0.166,
162,0.163,0.631,
163,0.257,0.295,
