1,0.004,0.05,
2,-0.013,0.245,
3,0.616,-0.101,
4,-0.549,-0.691,
5,-0.552,0.417,
6,-0.115,-0.546,
7,1.173,-0.027,
8,-0.101,-0.822,
9,-0.118,-1.364,
10,-0.062,-1.036,
11,-0.43,0.011,
12,-0.183,0.083,
13,0.287,-0.559,
14,-0.26,-1.456,
15,-0.404,0.358,
16,0.207,0.848,
17,-0.731,0.088,
18,0.196,0.107,
19,-0.512,0.09,
20,-0.224,0.344,
21,0.013,-0.041,
22,-0.397,0.092,
23,0.073,-0.009,
24,-0.246,0.194,
25,1.463,-0.088,
26,0.202,-0.168,
27,-0.087,0.368,
28,-0.252,0.356,
29,-0.106,0.322,
30,-0.337,-0.379,
31,0.134,-0.126,
32,-0.067,0.497,
33,-0.444,-1.192,
34,-0.885,0.409,
35,-0.016,0.462,
36,0.602,0.666,
37,-0.245,0.101,
38,0.744,0.088,
39,0.193,-0.001,
40,0.273,-0.856,
41,0.155,0.044,
42,0.117,-0.005,
43,0.068,-0.26,
44,0.435,-0.024,
45,-0.426,0.334,
46,0.114,-0.159,
47,-0.296,0.035,
48,0.179,-0.1,
49,0.11,0.265,
50,-0.006,0.357,
51,-0.248,0.315,
52,-0.207,0.031,
53,0.179,0.744,
54,0.173,-0.084,
55,0.443,-0.272,
56,-0.4,0.32,
57,0.051,-0.088,
58,0.263,0.864,
59,0.804,0.637,
60,-0.167,0.474,
61,-0.575,-0.541,
62,0.62,0.056,
63,-0.274,-0.161,
64,0.031,-0.65,
65,0.182,0.167,
66,-0.236,0.165,
67,-0.133,-0.024,
68,0.382,0.019,
69,0.061,0.428,
70,0.018,-0.066,
71,0.846,-0.09,
72,-0.005,0.301,
73,0.178,-0.416,
74,0.199,0.269,
75,-0.372,0.614,
76,0.889,-0.316,
77,0.259,1.296,
78,0.358,0.512,
79,-0.935,-0.215,
80,-0.228,-0.018,
81,-0.102,0.511,
82,0.204,0.211,
83,0.127,0.313,
84,-0.318,-0.9,
85,-0.226,0.043,
86,0.192,-0.071,
87,0,-0.2,
88,0.28,0.136,
89,0.312,0.351,
90,-0.562,0.518,
91,0.649,0.37,
92,-0.024,0.069,
93,-0.111,0.254,
94,-0.182,0.177,
95,-0.117,-0.406,
96,-0.012,-0.181,
97,-0.71,-0.963,
98,0.141,-0.279,
99,-0.054,-0.467,
100,0.269,0.014,
101,-0.167,0.266,
102,-0.378,0.224,
103,-0.242,0.376,
104,0.545,-0.2,
105,-0.185,0.578,
106,-0.684,-1.633,
107,-1.242,-0.389,
108,0.59,-0.555,
109,-0.722,-0.661,
110,0.301,-0.321,
111,0.129,0.262,
112,0.116,-0.017,
113,0.667,0.449,
114,-0.338,-0.296,
115,-0.152,0.046,
116,-0.269,0.66,
117,0.086,0.52,
118,0.128,-0.526,
119,0.645,-0.091,
120,0.068,-0.332,
121,-0.2,-0.371,
122,0.226,-0.172,
123,-0.296,-0.017,
124,0.045,0.46,
125,-0.227,-0.044,
126,-0.119,-0.228,
127,-0.476,0.351,
128,-0.364,0.435,
129,0.305,-0.244,
130,0.133,-0.389,
131,0.503,-0.2,
132,0.071,-0.071,
133,0.157,-0.081,
134,-0.412,-0.267,
135,0.895,0.056,
136,0.202,0.187,
137,1.128,-0.081,
138,0.265,0.276,
139,0.161,-0.536,
140,-0.84,0.962,
141,-0.718,0.449,
142,-0.1,-0.344,
143,0.461,-0.836,
144,0.791,-0.522,
145,-0.737,-0.115,
146,-0.854,0.185,
147,-0.603,0.538,
148,-0.469,-0.575,
149,-0.22,0.43,
150,-0.158,-0.158,
151,0.423,-0.348,
152,-0.627,-0.598,
153,-0.487,0.12,
154,0.014,0.026,
155,0.163,0.303,
156,-0.467,0.781,
157,-0.155,-0.757,
158,0.027,-0.024,
159,-0.15,0.026,
160,-0.485,-0.076,
161,-0.125,0.451,
162,0.326,0.988,
163,0.309,0.703,
