1,1.078,0.876,
2,-0.59,0.553,
3,0.319,-0.148,
4,-0.294,-1.261,
5,-1.295,1.434,
6,1.755,-0.385,
7,2.012,1.298,
8,0.621,-1.611,
9,-0.532,-0.665,
10,-0.073,-0.882,
11,-0.524,0.943,
12,-0.416,-0.509,
13,0.973,0,
14,-0.542,-0.363,
15,-1.198,0.9,
16,-0.527,1.532,
17,-0.793,0.558,
18,0.412,0.227,
19,-0.05,-0.728,
20,-0.168,-1.137,
21,-0.119,-0.321,
22,-0.136,-0.593,
23,0.319,0.328,
24,0.13,0.515,
25,1.787,-1.25,
26,-0.195,0.903,
27,0.159,0.551,
28,-0.039,0.961,
29,0.66,0.601,
30,-0.939,0.029,
31,0.45,1.478,
32,0.308,0.813,
33,-0.84,-1.318,
34,-1.561,0.49,
35,0.605,0.87,
36,0.463,0.587,
37,-0.573,0.038,
38,0.393,-0.241,
39,0.442,0.214,
40,0.625,-0.339,
41,1.009,-0.818,
42,1.033,1.842,
43,-0.382,-0.372,
44,0.238,0.873,
45,-0.927,1.092,
46,0.258,0.034,
47,-1.075,0.625,
48,0.697,0.319,
49,0.306,0.307,
50,-0.195,0.43,
51,0.542,1.099,
52,-0.08,0.064,
53,0.789,0.078,
54,0.739,0.023,
55,0.919,-0.547,
56,0.112,0.645,
57,1.607,0.205,
58,1.016,1.696,
59,0.838,0.902,
60,-0.246,0.886,
61,-0.067,-0.119,
62,1.39,-0.246,
63,-0.626,0.513,
64,0.098,-0.955,
65,0.389,0.376,
66,0.306,0.859,
67,-0.125,0.307,
68,0.665,1.088,
69,-0.521,1.56,
70,-0.051,0.306,
71,0.163,0.753,
72,0.822,1.407,
73,0.143,-0.809,
74,-0.11,0.578,
75,-1.787,0.58,
76,0.199,0.367,
77,0.687,2.152,
78,0.521,1.063,
79,-1.415,-0.982,
80,0.492,0.265,
81,-0.24,1.182,
82,0.195,0.406,
83,0.526,0.918,
84,-0.54,-0.986,
85,0.374,0.762,
86,-0.02,0.494,
87,0.756,0.596,
88,0.497,-0.08,
89,1.642,-0.136,
90,-0.326,0.886,
91,0.365,0.934,
92,-0.009,-0.125,
93,-0.609,0.365,
94,-0.45,0.921,
95,0.37,-1.091,
96,-0.28,-0.025,
97,-0.93,-0.506,
98,-0.276,-0.854,
99,0.416,-1.732,
100,0.3,0.485,
101,0.021,1.149,
102,-1.251,-0.713,
103,-0.855,1.958,
104,0.683,-0.066,
105,-0.763,-0.158,
106,-0.387,-0.341,
107,-1.321,0.322,
108,0.786,-0.702,
109,-0.64,-0.139,
110,0.964,0.275,
111,0.188,0.26,
112,0.279,-0.079,
113,1.569,-0.15,
114,0.001,-0.426,
115,0.388,-0.927,
116,1.222,0.718,
117,0.919,0.718,
118,1.182,-0.364,
119,0.757,-0.099,
120,-0.046,-0.378,
121,-0.19,-0.073,
122,1.267,0.08,
123,-0.519,-1.243,
124,0.448,0.418,
125,-0.936,-0.823,
126,0.093,-0.061,
127,-0.746,0.544,
128,-0.432,0.56,
129,-0.235,-0.199,
130,0.442,-1.687,
131,2.003,0.335,
132,0.061,0.179,
133,0.327,0.24,
134,-0.21,-0.918,
135,2.408,-0.658,
136,2.135,0.762,
137,1.256,0.267,
138,0.642,0.394,
139,-0.182,-0.301,
140,-1.041,1.629,
141,-0.264,-0.134,
142,-1.442,-0.148,
143,0.118,-0.598,
144,-0.304,0.98,
145,-0.538,0.221,
146,-0.466,1.051,
147,-0.997,0.767,
148,-1.82,-0.258,
149,-0.578,-0.317,
150,-1.426,0.19,
151,0.727,0.078,
152,-1.419,0.528,
153,-0.895,0.39,
154,-0.12,-0.062,
155,0.252,0.844,
156,-0.634,1.754,
157,-0.602,-1.87,
158,1.606,-0.621,
159,0.68,-0.399,
160,-0.284,0.346,
161,-0.044,0.711,
162,0.241,1.25,
163,1.517,1.195,
