1,0.757,0.991,
2,-0.247,0.231,
3,-0.064,0.289,
4,0.227,0.131,
5,-0.256,0.747,
6,-0.076,0.233,
7,0.504,1.476,
8,0.699,0.259,
9,-0.317,-0.136,
10,-0.344,0.817,
11,0.329,0.92,
12,-0.045,-0.538,
13,0.785,0.548,
14,-0.305,0.697,
15,-0.589,0.223,
16,-0.116,0.559,
17,-0.549,0.604,
18,-0.169,0.511,
19,0.388,0.271,
20,0.048,-0.248,
21,-0.029,0.154,
22,0.155,-0.128,
23,0.231,0.265,
24,0.135,0.546,
25,0.217,-0.022,
26,0.197,1.43,
27,0.413,0.548,
28,0.452,0.92,
29,0.423,0.633,
30,0.206,0.985,
31,0.375,1.467,
32,0.339,0.359,
33,-0.253,0.119,
34,-0.494,0.019,
35,0.383,1.062,
36,-0.157,0.601,
37,0.034,0.192,
38,0.051,0.278,
39,0.155,0.288,
40,0.222,0.485,
41,0.814,0.298,
42,0.586,1.078,
43,0.139,0.409,
44,0.23,1.108,
45,-0.382,0.893,
46,0.023,0.453,
47,-0.903,0.464,
48,0.705,0.541,
49,0.098,0.244,
50,-0.277,0.183,
51,0.2,0.624,
52,0.263,0.448,
53,0.425,-0.089,
54,0.42,0.448,
55,0.04,-0.324,
56,0.139,0.519,
57,0.31,0.439,
58,0.28,0.838,
59,-0.08,0.501,
60,-0.105,0.632,
61,-0.001,0.499,
62,0.776,0.204,
63,-0.427,0.789,
64,-0.251,-0.021,
65,0.397,0.362,
66,0.62,1.217,
67,-0.172,0.41,
68,0.372,0.74,
69,0.06,1.268,
70,-0.137,0.434,
71,-0.145,0.508,
72,0.653,0.797,
73,-0.272,0.073,
74,0.154,0.641,
75,-0.768,0.113,
76,-0.233,0.68,
77,0.238,0.907,
78,-0.181,0.762,
79,-1.167,0.112,
80,0.298,0.159,
81,0.233,0.474,
82,0.196,0.509,
83,0.467,0.617,
84,-0.119,0.126,
85,0.302,0.897,
86,-0.124,0.83,
87,0.433,-0.033,
88,0.172,-0.008,
89,1.12,0.438,
90,0.131,0.455,
91,0.036,0.997,
92,-0.034,0.164,
93,-0.35,0.941,
94,-0.261,1.004,
95,0.296,-0.055,
96,-0.189,0.342,
97,0.017,0.27,
98,-0.435,-0.271,
99,0.253,-0.579,
100,0.03,0.533,
101,0.027,0.991,
102,-0.27,-0.003,
103,-0.388,1.098,
104,0.136,0.391,
105,-0.397,-0.43,
106,-0.042,0.682,
107,0.096,1.374,
108,0.033,-0.091,
109,-0.075,0.424,
110,0.629,0.731,
111,0.161,0.495,
112,-0.377,0.1,
113,0.503,-0.069,
114,0.141,0.025,
115,0.171,-1.138,
116,0.964,0.236,
117,0.545,0.465,
118,0.374,0.235,
119,0.521,0.229,
120,0.209,0.205,
121,-0.19,0.282,
122,0.885,0.668,
123,-0.215,-0.846,
124,0.377,0.15,
125,-0.087,-0.105,
126,0.511,0.284,
127,0.008,0.178,
128,-0.074,0.592,
129,-0.148,0.287,
130,0.369,-0.322,
131,1.081,1.293,
132,-0.249,0.336,
133,-0.077,0.68,
134,0.087,0.139,
135,0.665,-0.275,
136,0.414,0.202,
137,0.223,0.795,
138,0.17,0.335,
139,-0.299,-0.059,
140,-0.158,0.744,
141,-0.019,-0.221,
142,-0.571,-0.006,
143,0.053,0.469,
144,-0.45,1.182,
145,-0.255,0.051,
146,0.498,1.046,
147,-0.251,0.866,
148,-0.869,0.278,
149,-0.183,-1.212,
150,-1.137,0.454,
151,0.923,0.846,
152,-0.738,1.102,
153,0.078,0.249,
154,-0.149,0.093,
155,0.094,0.579,
156,-0.545,1.186,
157,-0.298,-0.33,
158,0.816,0.36,
159,0.34,0.382,
160,-0.019,0.662,
161,0.198,0.29,
162,-0.066,0.524,
163,0.757,0.105,
