1,1.147,0.8,
2,-0.763,0.413,
3,0.385,-0.01,
4,-0.34,-1.136,
5,-1.095,1.134,
6,1.692,-0.66,
7,1.938,1.264,
8,0.701,-1.57,
9,-0.573,-0.676,
10,-0.114,-0.93,
11,-0.534,0.973,
12,-0.447,-0.577,
13,0.982,0.099,
14,-0.685,-0.159,
15,-1.066,0.728,
16,-0.557,1.198,
17,-0.81,0.508,
18,0.425,0.23,
19,-0.067,-0.785,
20,-0.15,-1.201,
21,-0.163,-0.334,
22,-0.158,-0.623,
23,0.329,0.34,
24,0.076,0.597,
25,1.782,-1.354,
26,-0.115,1.142,
27,0.169,0.568,
28,-0.04,0.994,
29,0.696,0.6,
30,-0.952,-0.014,
31,0.451,1.474,
32,0.288,0.807,
33,-0.866,-1.34,
34,-1.61,0.479,
35,0.578,0.9,
36,0.332,0.706,
37,-0.416,0.017,
38,0.379,-0.249,
39,0.443,0.234,
40,0.599,-0.326,
41,1.006,-0.858,
42,1.066,1.865,
43,-0.375,-0.351,
44,0.219,0.902,
45,-0.937,1.118,
46,0.228,0.025,
47,-1.136,0.67,
48,0.556,0.343,
49,0.154,0.333,
50,-0.184,0.445,
51,0.523,1.118,
52,-0.109,0.067,
53,0.783,0.066,
54,0.759,0.03,
55,0.952,-0.534,
56,0.131,0.683,
57,1.65,0.246,
58,1.058,1.704,
59,0.841,0.909,
60,-0.265,0.879,
61,-0.175,-0.006,
62,1.287,-0.332,
63,-0.71,0.558,
64,0.09,-0.93,
65,0.363,0.331,
66,0.283,0.858,
67,-0.103,0.327,
68,0.649,1.102,
69,-0.534,1.586,
70,-0.104,0.306,
71,0.165,0.762,
72,0.835,1.434,
73,0.129,-0.822,
74,-0.191,0.577,
75,-1.674,0.443,
76,0.415,0.386,
77,0.702,2.213,
78,0.501,1.056,
79,-1.472,-1.035,
80,0.525,0.308,
81,-0.268,1.202,
82,0.167,0.38,
83,0.555,0.915,
84,-0.561,-0.993,
85,0.409,0.765,
86,-0.011,0.492,
87,0.785,0.645,
88,0.417,-0.127,
89,1.498,-0.055,
90,-0.324,0.89,
91,0.377,0.934,
92,-0.049,-0.095,
93,-0.627,0.364,
94,-0.464,0.916,
95,0.372,-1.105,
96,-0.299,-0.02,
97,-0.963,-0.492,
98,-0.283,-0.868,
99,0.439,-1.725,
100,0.29,0.493,
101,-0.034,1.159,
102,-1.056,-0.542,
103,-1.162,1.971,
104,0.723,-0.091,
105,-0.818,-0.171,
106,-0.384,-0.262,
107,-1.37,0.347,
108,0.796,-0.722,
109,-0.639,-0.147,
110,0.986,0.275,
111,0.222,0.249,
112,0.34,-0.059,
113,1.608,-0.154,
114,0.036,-0.463,
115,0.651,-0.88,
116,1.527,0.704,
117,0.943,0.757,
118,1.215,-0.363,
119,0.709,-0.134,
120,-0.062,-0.375,
121,-0.191,-0.106,
122,1.314,0.087,
123,-0.557,-1.234,
124,0.495,0.406,
125,-0.946,-0.814,
126,0.113,-0.027,
127,-0.934,0.53,
128,-0.331,0.408,
129,-0.222,-0.234,
130,0.459,-1.745,
131,2.012,0.3,
132,0.067,0.212,
133,0.295,0.302,
134,-0.238,-0.937,
135,2.481,-0.648,
136,2.221,0.784,
137,1.291,0.277,
138,0.579,0.218,
139,-0.225,-0.271,
140,-1.004,1.58,
141,-0.27,-0.137,
142,-1.481,-0.154,
143,0.09,-0.621,
144,-0.335,1.071,
145,-0.565,0.249,
146,-0.506,1.083,
147,-0.994,0.887,
148,-1.869,-0.314,
149,-0.769,-0.202,
150,-1.427,0.024,
151,0.734,0.003,
152,-1.413,0.522,
153,-0.929,0.409,
154,-0.165,-0.126,
155,0.269,0.796,
156,-0.708,1.495,
157,-0.466,-1.838,
158,1.628,-0.376,
159,0.517,-0.102,
160,-0.191,0.237,
161,-0.123,0.571,
162,0.33,1.68,
163,1.454,1.489,
