1,0.009,0.034,
2,-0.029,0.228,
3,0.645,-0.059,
4,-0.578,-0.656,
5,-0.532,0.385,
6,-0.11,-0.587,
7,1.176,-0.045,
8,-0.099,-0.807,
9,-0.121,-1.374,
10,-0.064,-1.05,
11,-0.432,0.008,
12,-0.19,0.084,
13,0.286,-0.55,
14,-0.275,-1.444,
15,-0.39,0.335,
16,0.207,0.83,
17,-0.731,0.091,
18,0.202,0.104,
19,-0.517,0.086,
20,-0.225,0.347,
21,0.011,-0.044,
22,-0.403,0.091,
23,0.075,-0.009,
24,-0.253,0.201,
25,1.469,-0.096,
26,0.226,-0.12,
27,-0.088,0.371,
28,-0.255,0.359,
29,-0.106,0.323,
30,-0.34,-0.386,
31,0.134,-0.129,
32,-0.069,0.501,
33,-0.449,-1.207,
34,-0.895,0.414,
35,-0.016,0.464,
36,0.578,0.714,
37,-0.197,0.099,
38,0.75,0.087,
39,0.192,0.002,
40,0.275,-0.863,
41,0.156,0.041,
42,0.116,-0.005,
43,0.066,-0.261,
44,0.439,-0.026,
45,-0.429,0.336,
46,0.114,-0.162,
47,-0.3,0.037,
48,0.132,-0.099,
49,0.096,0.268,
50,-0.005,0.361,
51,-0.245,0.318,
52,-0.211,0.03,
53,0.179,0.749,
54,0.172,-0.086,
55,0.449,-0.273,
56,-0.4,0.316,
57,0.052,-0.087,
58,0.269,0.872,
59,0.81,0.639,
60,-0.167,0.476,
61,-0.587,-0.535,
62,0.596,0.047,
63,-0.27,-0.163,
64,0.028,-0.654,
65,0.182,0.164,
66,-0.24,0.165,
67,-0.132,-0.024,
68,0.382,0.017,
69,0.059,0.431,
70,0.016,-0.068,
71,0.854,-0.09,
72,-0.004,0.301,
73,0.177,-0.419,
74,0.186,0.271,
75,-0.354,0.619,
76,0.919,-0.317,
77,0.262,1.31,
78,0.36,0.512,
79,-0.943,-0.221,
80,-0.226,-0.02,
81,-0.107,0.513,
82,0.205,0.211,
83,0.128,0.313,
84,-0.323,-0.907,
85,-0.221,0.044,
86,0.194,-0.069,
87,0,-0.197,
88,0.284,0.12,
89,0.287,0.361,
90,-0.556,0.521,
91,0.653,0.37,
92,-0.024,0.071,
93,-0.112,0.253,
94,-0.185,0.178,
95,-0.118,-0.409,
96,-0.015,-0.178,
97,-0.716,-0.967,
98,0.144,-0.28,
99,-0.054,-0.47,
100,0.27,0.015,
101,-0.178,0.269,
102,-0.353,0.239,
103,-0.255,0.379,
104,0.551,-0.204,
105,-0.189,0.585,
106,-0.688,-1.642,
107,-1.257,-0.392,
108,0.592,-0.561,
109,-0.725,-0.665,
110,0.304,-0.323,
111,0.133,0.265,
112,0.12,-0.016,
113,0.672,0.45,
114,-0.338,-0.303,
115,-0.133,0.046,
116,-0.218,0.664,
117,0.085,0.527,
118,0.129,-0.53,
119,0.651,-0.095,
120,0.068,-0.336,
121,-0.201,-0.372,
122,0.225,-0.172,
123,-0.298,-0.017,
124,0.049,0.461,
125,-0.227,-0.043,
126,-0.12,-0.228,
127,-0.533,0.353,
128,-0.34,0.392,
129,0.306,-0.25,
130,0.134,-0.396,
131,0.508,-0.204,
132,0.075,-0.069,
133,0.159,-0.077,
134,-0.414,-0.271,
135,0.907,0.057,
136,0.206,0.191,
137,1.136,-0.092,
138,0.24,0.233,
139,0.157,-0.531,
140,-0.841,0.96,
141,-0.722,0.449,
142,-0.101,-0.349,
143,0.463,-0.841,
144,0.792,-0.52,
145,-0.747,-0.114,
146,-0.862,0.186,
147,-0.608,0.549,
148,-0.466,-0.573,
149,-0.238,0.453,
150,-0.148,-0.182,
151,0.43,-0.367,
152,-0.63,-0.606,
153,-0.495,0.125,
154,0.012,0.024,
155,0.161,0.298,
156,-0.474,0.765,
157,-0.141,-0.747,
158,0.019,0,
159,-0.16,0.042,
160,-0.463,-0.122,
161,-0.155,0.415,
162,0.344,1.032,
163,0.312,0.743,
