1,0.191,0.225,
2,0.092,0.463,
3,0.667,-0.181,
4,-0.827,-1.118,
5,-0.857,0.832,
6,-0.023,-0.568,
7,1.768,0.26,
8,-0.05,-1.225,
9,-0.259,-1.689,
10,-0.093,-1.48,
11,-0.553,0.247,
12,-0.436,0.061,
13,0.546,-0.589,
14,-0.492,-1.698,
15,-0.7,0.618,
16,0.209,1.175,
17,-0.863,0.083,
18,0.449,0.039,
19,-0.68,-0.135,
20,-0.333,0.176,
21,-0.07,-0.092,
22,-0.607,0.016,
23,0.147,0.117,
24,-0.223,0.283,
25,1.983,-0.302,
26,0.085,-0.069,
27,-0.115,0.434,
28,-0.563,0.445,
29,0.063,0.374,
30,-0.89,-0.602,
31,0.158,0.066,
32,-0.04,0.741,
33,-0.713,-1.765,
34,-1.402,0.699,
35,0.085,0.564,
36,0.755,0.739,
37,-0.407,0.112,
38,0.774,0.022,
39,0.259,0.155,
40,0.517,-1.115,
41,0.339,-0.115,
42,0.294,0.419,
43,-0.236,-0.358,
44,0.557,0.074,
45,-0.726,0.577,
46,0.178,-0.271,
47,-0.574,0.101,
48,0.242,-0.08,
49,0.348,0.369,
50,-0.008,0.477,
51,0.074,0.691,
52,-0.369,-0.002,
53,0.356,0.758,
54,0.26,-0.181,
55,0.735,-0.431,
56,-0.276,0.278,
57,0.386,-0.096,
58,0.556,1.377,
59,1.063,0.729,
60,-0.219,0.764,
61,-0.662,-0.673,
62,1.1,0.043,
63,-0.341,-0.1,
64,0.105,-1.06,
65,0.268,0.309,
66,-0.303,0.257,
67,-0.13,-0.021,
68,0.46,0.176,
69,-0.236,0.746,
70,0.066,-0.004,
71,1.063,0.111,
72,0.11,0.604,
73,0.277,-0.749,
74,0.003,0.312,
75,-0.981,0.827,
76,1.294,-0.206,
77,0.457,1.905,
78,0.558,0.684,
79,-1.037,-0.62,
80,-0.048,-0.072,
81,-0.217,0.884,
82,0.271,0.264,
83,0.108,0.504,
84,-0.566,-1.347,
85,0.026,0.412,
86,0.211,0.086,
87,0.067,0.05,
88,0.356,0.107,
89,0.656,0.417,
90,-0.706,0.776,
91,0.888,0.348,
92,0.026,-0.04,
93,-0.233,0.075,
94,-0.345,0.333,
95,-0.044,-0.878,
96,-0.087,-0.234,
97,-1.05,-1.059,
98,0.198,-0.513,
99,-0.027,-0.869,
100,0.35,0.121,
101,-0.183,0.473,
102,-0.862,-0.192,
103,-0.471,1.102,
104,0.811,-0.339,
105,-0.384,0.825,
106,-0.716,-1.885,
107,-1.921,-0.473,
108,0.86,-0.762,
109,-0.944,-0.752,
110,0.522,-0.359,
111,0.176,0.283,
112,0.258,-0.044,
113,1.24,0.552,
114,-0.378,-0.529,
115,-0.011,-0.029,
116,-0.079,0.907,
117,0.248,0.799,
118,0.3,-0.606,
119,0.865,-0.191,
120,0.058,-0.602,
121,-0.257,-0.446,
122,0.5,-0.294,
123,-0.515,-0.247,
124,0.218,0.688,
125,-0.472,-0.208,
126,-0.16,-0.208,
127,-0.94,0.667,
128,-0.468,0.451,
129,0.306,-0.449,
130,0.226,-0.824,
131,1.159,-0.234,
132,0.117,-0.039,
133,0.291,-0.098,
134,-0.409,-0.612,
135,1.628,-0.052,
136,0.81,0.552,
137,1.611,-0.146,
138,0.369,0.302,
139,0.152,-0.748,
140,-1.126,1.384,
141,-0.766,0.388,
142,-0.309,-0.447,
143,0.509,-1.056,
144,0.685,-0.269,
145,-1.04,0.005,
146,-1.151,0.313,
147,-0.887,0.752,
148,-0.866,-0.733,
149,-0.309,0.504,
150,-0.373,-0.165,
151,0.599,-0.66,
152,-0.962,-0.701,
153,-0.886,0.369,
154,-0.003,-0.006,
155,0.204,0.482,
156,-0.583,0.854,
157,-0.224,-1.351,
158,0.28,-0.234,
159,0.067,-0.156,
160,-0.528,-0.168,
161,-0.251,0.712,
162,0.369,1.38,
163,0.5,0.987,
