1,0.31,0.292,
2,0.241,0.636,
3,0.629,-0.419,
4,-0.876,-1.585,
5,-1.19,1.308,
6,0.205,-0.45,
7,2.116,0.532,
8,0.05,-1.573,
9,-0.326,-1.766,
10,0.018,-1.663,
11,-0.638,0.479,
12,-0.567,-0.024,
13,0.778,-0.711,
14,-0.629,-1.629,
15,-0.956,0.92,
16,0.109,1.466,
17,-0.983,0.082,
18,0.603,0.011,
19,-0.756,-0.326,
20,-0.398,-0.094,
21,-0.119,-0.144,
22,-0.717,-0.088,
23,0.206,0.219,
24,-0.07,0.217,
25,2.278,-0.404,
26,-0.12,-0.138,
27,-0.149,0.418,
28,-0.754,0.511,
29,0.214,0.418,
30,-1.252,-0.684,
31,0.196,0.325,
32,0.019,0.897,
33,-0.898,-2.097,
34,-1.759,0.896,
35,0.249,0.577,
36,0.95,0.615,
37,-0.728,0.099,
38,0.693,-0.08,
39,0.346,0.255,
40,0.688,-1.229,
41,0.524,-0.297,
42,0.491,0.849,
43,-0.428,-0.447,
44,0.597,0.195,
45,-0.942,0.763,
46,0.258,-0.333,
47,-0.77,0.154,
48,0.493,-0.065,
49,0.636,0.419,
50,-0.068,0.526,
51,0.363,1.001,
52,-0.45,-0.034,
53,0.523,0.681,
54,0.366,-0.254,
55,0.948,-0.538,
56,-0.027,0.29,
57,0.721,-0.088,
58,0.803,1.751,
59,1.197,0.785,
60,-0.209,0.915,
61,-0.768,-0.776,
62,1.474,0.008,
63,-0.453,-0.031,
64,0.184,-1.321,
65,0.327,0.417,
66,-0.293,0.352,
67,-0.135,0.002,
68,0.537,0.362,
69,-0.486,1.029,
70,0.092,0.054,
71,1.097,0.31,
72,0.248,0.877,
73,0.369,-0.965,
74,0.007,0.343,
75,-1.553,0.932,
76,1.535,0.016,
77,0.602,2.298,
78,0.716,0.84,
79,-0.947,-0.91,
80,0.112,-0.069,
81,-0.305,1.182,
82,0.34,0.275,
83,0.09,0.656,
84,-0.716,-1.63,
85,0.198,0.704,
86,0.191,0.193,
87,0.171,0.289,
88,0.328,0.028,
89,0.998,0.395,
90,-0.868,0.978,
91,0.987,0.36,
92,0.064,-0.146,
93,-0.338,-0.061,
94,-0.448,0.475,
95,0.03,-1.182,
96,-0.147,-0.291,
97,-1.251,-1.007,
98,0.15,-0.677,
99,0.04,-1.199,
100,0.409,0.198,
101,-0.02,0.672,
102,-1.354,-0.579,
103,-0.443,1.619,
104,0.894,-0.38,
105,-0.533,0.895,
106,-0.711,-1.958,
107,-2.299,-0.531,
108,1.027,-0.874,
109,-1.026,-0.77,
110,0.701,-0.335,
111,0.168,0.256,
112,0.359,-0.08,
113,1.677,0.558,
114,-0.305,-0.639,
115,-0.016,-0.152,
116,-0.061,1.071,
117,0.434,0.938,
118,0.499,-0.625,
119,1.013,-0.181,
120,0.039,-0.777,
121,-0.282,-0.488,
122,0.755,-0.349,
123,-0.657,-0.489,
124,0.346,0.791,
125,-0.7,-0.438,
126,-0.186,-0.204,
127,-1.048,0.848,
128,-0.648,0.618,
129,0.164,-0.497,
130,0.246,-1.144,
131,1.723,-0.209,
132,0.148,-0.004,
133,0.387,-0.134,
134,-0.371,-0.885,
135,2.193,-0.198,
136,1.38,0.8,
137,1.838,-0.201,
138,0.573,0.484,
139,0.174,-0.948,
140,-1.399,1.786,
141,-0.748,0.307,
142,-0.552,-0.488,
143,0.499,-1.178,
144,0.547,-0.047,
145,-1.166,0.121,
146,-1.287,0.446,
147,-1.038,0.863,
148,-1.212,-0.818,
149,-0.382,0.435,
150,-0.599,-0.073,
151,0.64,-0.618,
152,-1.221,-0.61,
153,-1.226,0.632,
154,0.008,0.024,
155,0.286,0.771,
156,-0.711,0.949,
157,-0.263,-1.835,
158,0.603,-0.498,
159,0.368,-0.456,
160,-0.616,-0.036,
161,-0.233,1.033,
162,0.321,1.462,
163,0.763,1.003,
