1,0.987,0.578,
2,-0.589,0.633,
3,0.561,-0.025,
4,-0.591,-1.406,
5,-1.111,1.202,
6,1.522,-0.992,
7,2.188,1.002,
8,0.539,-1.846,
9,-0.601,-0.971,
10,-0.022,-1.425,
11,-0.682,0.959,
12,-0.703,-0.449,
13,1.043,-0.039,
14,-0.942,-0.409,
15,-0.967,0.712,
16,-0.37,1.382,
17,-0.87,0.469,
18,0.627,0.127,
19,-0.345,-0.887,
20,-0.185,-1.225,
21,-0.265,-0.369,
22,-0.465,-0.579,
23,0.353,0.369,
24,-0.015,0.646,
25,2.108,-1.312,
26,-0.116,1.068,
27,0.091,0.602,
28,-0.392,0.95,
29,0.682,0.588,
30,-1.316,-0.409,
31,0.405,1.303,
32,0.2,0.947,
33,-1.068,-1.859,
34,-2.029,0.678,
35,0.515,0.884,
36,0.423,0.832,
37,-0.447,0.009,
38,0.43,-0.342,
39,0.493,0.339,
40,0.673,-0.663,
41,0.902,-0.948,
42,1.113,1.954,
43,-0.472,-0.475,
44,0.316,0.805,
45,-1.052,1.123,
46,0.244,-0.145,
47,-1.203,0.594,
48,0.421,0.285,
49,0.386,0.417,
50,-0.125,0.546,
51,0.614,1.27,
52,-0.308,-0.013,
53,0.822,0.182,
54,0.768,-0.133,
55,1.204,-0.568,
56,0.227,0.731,
57,1.728,0.258,
58,1.26,2.021,
59,1.058,0.963,
60,-0.317,0.935,
61,-0.497,-0.204,
62,1.266,-0.386,
63,-0.639,0.439,
64,0.167,-1.192,
65,0.286,0.253,
66,0.05,0.724,
67,-0.092,0.269,
68,0.657,1.038,
69,-0.729,1.656,
70,-0.095,0.239,
71,0.449,0.772,
72,0.791,1.492,
73,0.271,-0.996,
74,-0.351,0.555,
75,-1.777,0.599,
76,1.059,0.372,
77,0.798,2.626,
78,0.68,1.091,
79,-1.33,-1.285,
80,0.522,0.345,
81,-0.411,1.419,
82,0.237,0.271,
83,0.46,0.899,
84,-0.744,-1.388,
85,0.521,0.772,
86,0.032,0.443,
87,0.727,0.854,
88,0.268,-0.256,
89,1.25,0.138,
90,-0.423,1.026,
91,0.64,0.809,
92,-0.062,-0.124,
93,-0.646,0.138,
94,-0.542,0.87,
95,0.357,-1.344,
96,-0.292,-0.133,
97,-1.191,-0.618,
98,-0.232,-0.992,
99,0.481,-1.674,
100,0.317,0.424,
101,-0.114,1.155,
102,-1.09,-0.538,
103,-1.154,2.103,
104,0.941,-0.255,
105,-0.931,0.187,
106,-0.503,-0.639,
107,-1.93,0.03,
108,1.027,-0.885,
109,-0.798,-0.361,
110,1.082,0.089,
111,0.259,0.212,
112,0.555,-0.061,
113,1.939,0.04,
114,-0.011,-0.65,
115,0.611,-0.673,
116,1.567,0.875,
117,0.939,0.972,
118,1.24,-0.498,
119,0.728,-0.223,
120,-0.091,-0.586,
121,-0.221,-0.288,
122,1.375,-0.104,
123,-0.742,-1.167,
124,0.599,0.474,
125,-1.092,-0.836,
126,-0.046,-0.118,
127,-1.319,0.63,
128,-0.349,0.316,
129,-0.187,-0.44,
130,0.409,-1.976,
131,2.243,0.045,
132,0.167,0.215,
133,0.371,0.22,
134,-0.327,-1.137,
135,2.9,-0.593,
136,2.631,0.999,
137,1.557,-0.085,
138,0.587,0.128,
139,-0.121,-0.581,
140,-1.209,1.778,
141,-0.42,-0.054,
142,-1.435,-0.303,
143,0.151,-0.958,
144,-0.229,0.984,
145,-0.862,0.369,
146,-0.916,1.042,
147,-1.234,0.924,
148,-1.911,-0.555,
149,-1.088,0.222,
150,-1.407,-0.153,
151,0.683,-0.37,
152,-1.458,0.166,
153,-1.292,0.606,
154,-0.174,-0.188,
155,0.308,0.807,
156,-0.823,1.137,
157,-0.261,-2.07,
158,1.537,-0.24,
159,0.608,-0.301,
160,-0.262,-0.007,
161,-0.282,0.659,
162,0.421,2.164,
163,1.545,1.857,
