1,1.202,0.942,
2,-0.788,0.31,
3,0.219,0.1,
4,-0.103,-0.708,
5,-0.895,0.932,
6,1.594,-0.479,
7,1.488,1.42,
8,0.855,-0.948,
9,-0.543,-0.479,
10,-0.215,-0.32,
11,-0.279,0.949,
12,-0.24,-0.701,
13,0.91,0.311,
14,-0.473,0.248,
15,-0.953,0.542,
16,-0.532,1.021,
17,-0.732,0.537,
18,0.189,0.35,
19,0.191,-0.577,
20,-0.105,-1.009,
21,-0.074,-0.244,
22,0.088,-0.597,
23,0.304,0.316,
24,0.117,0.596,
25,1.224,-1.07,
26,-0.026,1.314,
27,0.265,0.552,
28,0.298,1.03,
29,0.66,0.606,
30,-0.464,0.412,
31,0.48,1.59,
32,0.361,0.642,
33,-0.648,-0.794,
34,-1.145,0.272,
35,0.575,0.937,
36,0.148,0.648,
37,-0.264,0.046,
38,0.304,-0.105,
39,0.351,0.155,
40,0.499,0.019,
41,1.078,-0.596,
42,0.905,1.626,
43,-0.23,-0.152,
44,0.16,0.995,
45,-0.787,1.056,
46,0.181,0.202,
47,-1.07,0.693,
48,0.601,0.43,
49,0.123,0.272,
50,-0.225,0.344,
51,0.419,0.945,
52,0.078,0.185,
53,0.668,-0.023,
54,0.686,0.203,
55,0.66,-0.467,
56,0.117,0.561,
57,1.307,0.309,
58,0.815,1.342,
59,0.526,0.788,
60,-0.22,0.808,
61,-0.081,0.216,
62,1.122,-0.287,
63,-0.742,0.686,
64,-0.034,-0.58,
65,0.406,0.348,
66,0.511,1.024,
67,-0.114,0.389,
68,0.598,1.09,
69,-0.306,1.487,
70,-0.142,0.355,
71,-0.056,0.707,
72,0.837,1.268,
73,-0.04,-0.555,
74,-0.077,0.598,
75,-1.379,0.2,
76,0,0.466,
77,0.579,1.763,
78,0.263,0.983,
79,-1.507,-0.647,
80,0.514,0.26,
81,-0.112,0.906,
82,0.132,0.463,
83,0.591,0.84,
84,-0.381,-0.581,
85,0.344,0.864,
86,-0.069,0.594,
87,0.784,0.382,
88,0.372,-0.132,
89,1.546,-0.089,
90,-0.16,0.74,
91,0.149,1.019,
92,-0.044,-0.021,
93,-0.565,0.609,
94,-0.394,0.959,
95,0.384,-0.759,
96,-0.315,0.15,
97,-0.676,-0.261,
98,-0.328,-0.642,
99,0.371,-1.64,
100,0.243,0.548,
101,0,1.134,
102,-0.791,-0.359,
103,-0.889,1.714,
104,0.501,0.081,
105,-0.691,-0.498,
106,-0.262,0.125,
107,-0.803,0.715,
108,0.497,-0.546,
109,-0.439,0.077,
110,0.851,0.465,
111,0.211,0.329,
112,0.103,-0.032,
113,1.205,-0.3,
114,0.107,-0.284,
115,0.472,-1.083,
116,1.501,0.503,
117,0.86,0.569,
118,1.066,-0.182,
119,0.729,-0.031,
120,0.028,-0.157,
121,-0.179,0.056,
122,1.19,0.333,
123,-0.36,-1.233,
124,0.42,0.303,
125,-0.668,-0.683,
126,0.29,0.074,
127,-0.625,0.406,
128,-0.238,0.447,
129,-0.221,-0.042,
130,0.509,-1.381,
131,1.755,0.63,
132,-0.023,0.232,
133,0.164,0.447,
134,-0.125,-0.665,
135,1.952,-0.626,
136,1.585,0.508,
137,0.924,0.511,
138,0.476,0.232,
139,-0.239,-0.156,
140,-0.723,1.309,
141,-0.136,-0.218,
142,-1.332,-0.068,
143,0.044,-0.235,
144,-0.42,1.196,
145,-0.363,0.115,
146,-0.095,1.096,
147,-0.717,0.937,
148,-1.645,-0.166,
149,-0.596,-0.626,
150,-1.261,0.113,
151,0.834,0.337,
152,-1.304,0.845,
153,-0.565,0.304,
154,-0.176,-0.091,
155,0.235,0.731,
156,-0.714,1.598,
157,-0.445,-1.394,
158,1.477,-0.242,
159,0.485,0.023,
160,-0.092,0.41,
161,0.006,0.398,
162,0.204,1.177,
163,1.183,1.112,
