1,0.738,0.938,
2,-0.227,0.296,
3,-0.069,0.307,
4,0.24,0.153,
5,-0.215,0.687,
6,-0.053,0.157,
7,0.46,1.42,
8,0.69,0.281,
9,-0.326,-0.141,
10,-0.348,0.847,
11,0.346,0.928,
12,-0.061,-0.561,
13,0.785,0.584,
14,-0.335,0.748,
15,-0.528,0.142,
16,-0.067,0.581,
17,-0.542,0.61,
18,-0.175,0.519,
19,0.383,0.253,
20,0.052,-0.266,
21,-0.051,0.159,
22,0.15,-0.136,
23,0.231,0.269,
24,0.12,0.574,
25,0.181,0.005,
26,0.209,1.474,
27,0.426,0.558,
28,0.464,0.931,
29,0.429,0.63,
30,0.214,0.976,
31,0.371,1.462,
32,0.329,0.347,
33,-0.256,0.14,
34,-0.495,0,
35,0.373,1.068,
36,-0.188,0.607,
37,0.055,0.186,
38,0.029,0.283,
39,0.155,0.298,
40,0.199,0.509,
41,0.807,0.302,
42,0.599,1.078,
43,0.153,0.44,
44,0.214,1.131,
45,-0.388,0.915,
46,-0.002,0.452,
47,-0.931,0.487,
48,0.689,0.557,
49,0.15,0.25,
50,-0.269,0.182,
51,0.176,0.627,
52,0.257,0.455,
53,0.415,-0.102,
54,0.427,0.46,
55,0.04,-0.324,
56,0.147,0.549,
57,0.311,0.449,
58,0.286,0.822,
59,-0.095,0.501,
60,-0.119,0.638,
61,-0.036,0.526,
62,0.691,0.206,
63,-0.424,0.804,
64,-0.254,0.007,
65,0.39,0.358,
66,0.609,1.219,
67,-0.166,0.423,
68,0.356,0.747,
69,0.058,1.281,
70,-0.156,0.434,
71,-0.155,0.51,
72,0.651,0.804,
73,-0.286,0.065,
74,0.128,0.64,
75,-0.72,0.103,
76,-0.191,0.693,
77,0.236,0.913,
78,-0.207,0.756,
79,-1.202,0.087,
80,0.309,0.183,
81,0.24,0.475,
82,0.182,0.499,
83,0.481,0.623,
84,-0.124,0.138,
85,0.322,0.913,
86,-0.127,0.839,
87,0.438,-0.017,
88,0.098,-0.043,
89,1.028,0.437,
90,0.159,0.454,
91,0.035,0.994,
92,-0.056,0.183,
93,-0.352,0.948,
94,-0.265,1.006,
95,0.296,-0.052,
96,-0.199,0.341,
97,0.011,0.277,
98,-0.441,-0.276,
99,0.257,-0.578,
100,0.02,0.535,
101,0.013,0.995,
102,-0.181,0.015,
103,-0.365,1.099,
104,0.141,0.391,
105,-0.418,-0.444,
106,-0.029,0.74,
107,0.103,1.406,
108,0.03,-0.083,
109,-0.07,0.433,
110,0.634,0.737,
111,0.175,0.483,
112,-0.356,0.111,
113,0.523,-0.064,
114,0.143,0.019,
115,0.131,-1.136,
116,1.015,0.22,
117,0.551,0.477,
118,0.376,0.254,
119,0.48,0.219,
120,0.204,0.218,
121,-0.193,0.267,
122,0.906,0.675,
123,-0.232,-0.826,
124,0.393,0.142,
125,-0.079,-0.084,
126,0.531,0.314,
127,-0.015,0.167,
128,-0.054,0.577,
129,-0.143,0.278,
130,0.377,-0.329,
131,1.074,1.298,
132,-0.263,0.355,
133,-0.103,0.716,
134,0.073,0.146,
135,0.663,-0.26,
136,0.438,0.219,
137,0.204,0.782,
138,0.162,0.313,
139,-0.285,-0.111,
140,-0.141,0.726,
141,-0.017,-0.225,
142,-0.577,-0.012,
143,0.032,0.472,
144,-0.466,1.232,
145,-0.258,0.067,
146,0.491,1.059,
147,-0.252,0.892,
148,-0.884,0.254,
149,-0.299,-1.192,
150,-1.137,0.432,
151,0.935,0.835,
152,-0.743,1.108,
153,0.077,0.255,
154,-0.164,0.07,
155,0.105,0.563,
156,-0.575,1.103,
157,-0.198,-0.303,
158,0.781,0.453,
159,0.367,0.355,
160,-0.009,0.654,
161,0.196,0.268,
162,-0.082,0.568,
163,0.722,0.227,
