1,0.513,0.328,
2,0.046,0.614,
3,0.81,-0.124,
4,-1.037,-1.533,
5,-1.088,1.214,
6,0.515,-0.884,
7,2.366,0.609,
8,0.252,-1.783,
9,-0.396,-1.589,
10,0.079,-1.854,
11,-0.728,0.692,
12,-0.775,-0.106,
13,0.911,-0.434,
14,-0.9,-1.324,
15,-0.966,0.813,
16,-0.072,1.245,
17,-0.956,0.224,
18,0.754,-0.013,
19,-0.818,-0.577,
20,-0.413,-0.445,
21,-0.215,-0.226,
22,-0.873,-0.233,
23,0.284,0.316,
24,-0.176,0.496,
25,2.504,-0.793,
26,-0.022,0.442,
27,-0.101,0.522,
28,-0.896,0.633,
29,0.388,0.473,
30,-1.519,-0.811,
31,0.238,0.577,
32,0.042,1.026,
33,-1.108,-2.42,
34,-2.151,1.017,
35,0.282,0.72,
36,0.72,0.928,
37,-0.457,0.083,
38,0.623,-0.202,
39,0.421,0.371,
40,0.781,-1.297,
41,0.678,-0.542,
42,0.718,1.288,
43,-0.508,-0.521,
44,0.6,0.342,
45,-1.119,0.944,
46,0.284,-0.386,
47,-0.992,0.239,
48,0.217,0.032,
49,0.513,0.496,
50,-0.034,0.619,
51,0.605,1.243,
52,-0.544,-0.066,
53,0.663,0.598,
54,0.49,-0.312,
55,1.187,-0.6,
56,0.225,0.359,
57,1.101,0.001,
58,1.103,2.114,
59,1.289,0.877,
60,-0.295,0.956,
61,-0.865,-0.635,
62,1.502,-0.152,
63,-0.441,0.102,
64,0.193,-1.441,
65,0.318,0.391,
66,-0.302,0.442,
67,-0.121,0.052,
68,0.577,0.546,
69,-0.707,1.306,
70,0.037,0.078,
71,1.101,0.499,
72,0.415,1.143,
73,0.424,-1.068,
74,-0.337,0.422,
75,-1.722,0.953,
76,1.867,0.24,
77,0.749,2.727,
78,0.833,0.963,
79,-0.983,-1.213,
80,0.292,0.019,
81,-0.473,1.417,
82,0.366,0.208,
83,0.135,0.722,
84,-0.85,-1.835,
85,0.399,0.863,
86,0.171,0.298,
87,0.316,0.59,
88,0.423,-0.216,
89,1.007,0.455,
90,-0.727,1.099,
91,1.054,0.416,
92,0.043,-0.175,
93,-0.465,-0.158,
94,-0.569,0.616,
95,0.119,-1.354,
96,-0.222,-0.304,
97,-1.377,-0.848,
98,0.044,-0.785,
99,0.186,-1.43,
100,0.426,0.267,
101,-0.217,0.841,
102,-1.335,-0.62,
103,-0.782,1.927,
104,1.102,-0.458,
105,-0.744,0.917,
106,-0.726,-1.857,
107,-2.622,-0.552,
108,1.12,-1.001,
109,-0.998,-0.757,
110,0.896,-0.298,
111,0.214,0.255,
112,0.532,-0.084,
113,1.951,0.512,
114,-0.166,-0.799,
115,0.4,-0.212,
116,0.725,1.121,
117,0.611,1.109,
118,0.753,-0.657,
119,1.073,-0.192,
120,-0.003,-0.901,
121,-0.295,-0.537,
122,1.002,-0.338,
123,-0.807,-0.718,
124,0.529,0.74,
125,-0.925,-0.642,
126,-0.211,-0.199,
127,-1.647,0.845,
128,-0.469,0.303,
129,0.076,-0.653,
130,0.252,-1.505,
131,2.196,-0.224,
132,0.232,0.081,
133,0.441,-0.073,
134,-0.372,-1.13,
135,2.777,-0.314,
136,1.997,0.984,
137,1.976,-0.354,
138,0.48,0.14,
139,0.035,-0.87,
140,-1.408,1.85,
141,-0.732,0.217,
142,-0.853,-0.537,
143,0.439,-1.302,
144,0.348,0.28,
145,-1.31,0.268,
146,-1.432,0.627,
147,-1.297,0.936,
148,-1.498,-0.797,
149,-0.716,0.647,
150,-0.797,-0.272,
151,0.735,-0.899,
152,-1.362,-0.592,
153,-1.549,0.876,
154,-0.073,-0.112,
155,0.285,0.704,
156,-0.793,0.855,
157,-0.21,-2.084,
158,0.86,-0.315,
159,0.411,-0.338,
160,-0.45,-0.322,
161,-0.445,0.824,
162,0.469,2.161,
163,1.12,1.472,
