1,0.002,0.039,
2,-0.002,0.269,
3,0.598,-0.145,
4,-0.534,-0.731,
5,-0.576,0.458,
6,-0.125,-0.509,
7,1.157,-0.014,
8,-0.094,-0.805,
9,-0.125,-1.399,
10,-0.058,-1.033,
11,-0.426,0.01,
12,-0.169,0.07,
13,0.301,-0.62,
14,-0.266,-1.434,
15,-0.41,0.387,
16,0.237,0.887,
17,-0.761,0.051,
18,0.19,0.11,
19,-0.508,0.093,
20,-0.224,0.344,
21,0.015,-0.039,
22,-0.391,0.093,
23,0.07,-0.011,
24,-0.202,0.137,
25,1.44,-0.047,
26,0.179,-0.213,
27,-0.096,0.35,
28,-0.247,0.354,
29,-0.109,0.322,
30,-0.332,-0.371,
31,0.134,-0.122,
32,-0.064,0.494,
33,-0.439,-1.178,
34,-0.874,0.405,
35,0.005,0.439,
36,0.633,0.63,
37,-0.297,0.095,
38,0.737,0.088,
39,0.195,-0.004,
40,0.271,-0.849,
41,0.155,0.046,
42,0.118,-0.005,
43,0.069,-0.257,
44,0.431,-0.022,
45,-0.422,0.332,
46,0.115,-0.156,
47,-0.292,0.034,
48,0.235,-0.107,
49,0.153,0.262,
50,-0.021,0.348,
51,-0.25,0.311,
52,-0.202,0.032,
53,0.18,0.739,
54,0.175,-0.082,
55,0.438,-0.269,
56,-0.4,0.325,
57,0.049,-0.09,
58,0.258,0.855,
59,0.797,0.633,
60,-0.148,0.471,
61,-0.598,-0.541,
62,0.628,0.058,
63,-0.318,-0.172,
64,0.034,-0.647,
65,0.183,0.171,
66,-0.233,0.165,
67,-0.132,-0.021,
68,0.386,0.024,
69,0.061,0.431,
70,0.019,-0.065,
71,0.838,-0.089,
72,-0.007,0.301,
73,0.179,-0.414,
74,0.263,0.264,
75,-0.397,0.608,
76,0.906,-0.317,
77,0.256,1.284,
78,0.355,0.513,
79,-0.926,-0.21,
80,-0.23,-0.016,
81,-0.092,0.508,
82,0.209,0.214,
83,0.119,0.312,
84,-0.315,-0.895,
85,-0.231,0.041,
86,0.19,-0.073,
87,0,-0.202,
88,0.232,0.144,
89,0.326,0.346,
90,-0.615,0.524,
91,0.644,0.37,
92,-0.023,0.066,
93,-0.109,0.256,
94,-0.176,0.175,
95,-0.114,-0.405,
96,-0.014,-0.183,
97,-0.708,-0.96,
98,0.138,-0.279,
99,-0.055,-0.464,
100,0.27,0.013,
101,-0.101,0.274,
102,-0.405,0.218,
103,-0.193,0.373,
104,0.516,-0.191,
105,-0.18,0.571,
106,-0.678,-1.624,
107,-1.227,-0.386,
108,0.587,-0.549,
109,-0.719,-0.66,
110,0.299,-0.318,
111,0.125,0.257,
112,0.112,-0.018,
113,0.665,0.448,
114,-0.322,-0.285,
115,-0.2,0.044,
116,-0.326,0.667,
117,0.088,0.513,
118,0.127,-0.522,
119,0.639,-0.087,
120,0.068,-0.328,
121,-0.199,-0.369,
122,0.225,-0.172,
123,-0.294,-0.016,
124,0.04,0.459,
125,-0.227,-0.045,
126,-0.117,-0.227,
127,-0.42,0.357,
128,-0.395,0.475,
129,0.29,-0.219,
130,0.133,-0.383,
131,0.498,-0.196,
132,0.066,-0.072,
133,0.155,-0.084,
134,-0.411,-0.263,
135,0.884,0.054,
136,0.198,0.183,
137,1.119,-0.074,
138,0.292,0.319,
139,0.183,-0.57,
140,-0.878,1.011,
141,-0.714,0.449,
142,-0.097,-0.34,
143,0.461,-0.831,
144,0.791,-0.526,
145,-0.727,-0.115,
146,-0.845,0.184,
147,-0.569,0.564,
148,-0.48,-0.592,
149,-0.209,0.4,
150,-0.152,-0.158,
151,0.398,-0.277,
152,-0.631,-0.573,
153,-0.481,0.117,
154,0.023,0.046,
155,0.182,0.365,
156,-0.484,0.753,
157,-0.156,-0.764,
158,0.04,-0.047,
159,-0.125,-0.013,
160,-0.508,-0.03,
161,-0.105,0.495,
162,0.293,0.937,
163,0.294,0.668,
