1,1.201,0.854,
2,-0.754,0.447,
3,0.221,0.14,
4,-0.095,-0.68,
5,-0.842,0.85,
6,1.652,-0.667,
7,1.415,1.314,
8,0.848,-0.92,
9,-0.576,-0.516,
10,-0.216,-0.306,
11,-0.272,0.954,
12,-0.279,-0.736,
13,0.92,0.369,
14,-0.546,0.357,
15,-0.824,0.396,
16,-0.434,1.097,
17,-0.731,0.538,
18,0.194,0.354,
19,0.179,-0.625,
20,-0.1,-1.047,
21,-0.11,-0.254,
22,0.075,-0.624,
23,0.311,0.324,
24,0.086,0.65,
25,1.163,-1.006,
26,-0.001,1.398,
27,0.283,0.574,
28,0.313,1.06,
29,0.672,0.602,
30,-0.455,0.381,
31,0.478,1.587,
32,0.345,0.632,
33,-0.666,-0.799,
34,-1.173,0.255,
35,0.561,0.953,
36,0.092,0.673,
37,-0.225,0.04,
38,0.284,-0.113,
39,0.35,0.167,
40,0.471,0.04,
41,1.078,-0.626,
42,0.93,1.641,
43,-0.221,-0.124,
44,0.139,1.024,
45,-0.796,1.084,
46,0.15,0.197,
47,-1.12,0.736,
48,0.562,0.46,
49,0.251,0.284,
50,-0.209,0.353,
51,0.397,0.96,
52,0.062,0.192,
53,0.661,-0.034,
54,0.703,0.215,
55,0.683,-0.461,
56,0.134,0.596,
57,1.339,0.337,
58,0.845,1.333,
59,0.521,0.791,
60,-0.247,0.817,
61,-0.181,0.259,
62,0.966,-0.31,
63,-0.744,0.707,
64,-0.041,-0.551,
65,0.387,0.319,
66,0.494,1.027,
67,-0.103,0.41,
68,0.587,1.107,
69,-0.318,1.515,
70,-0.177,0.351,
71,-0.062,0.714,
72,0.846,1.286,
73,-0.057,-0.573,
74,-0.131,0.6,
75,-1.281,0.165,
76,0.115,0.481,
77,0.588,1.807,
78,0.236,0.976,
79,-1.565,-0.696,
80,0.543,0.298,
81,-0.119,0.913,
82,0.115,0.448,
83,0.608,0.845,
84,-0.4,-0.584,
85,0.37,0.864,
86,-0.061,0.592,
87,0.808,0.419,
88,0.217,-0.218,
89,1.378,-0.077,
90,-0.117,0.748,
91,0.153,1.021,
92,-0.077,0.009,
93,-0.577,0.616,
94,-0.407,0.965,
95,0.391,-0.768,
96,-0.339,0.156,
97,-0.699,-0.255,
98,-0.333,-0.651,
99,0.39,-1.633,
100,0.234,0.556,
101,-0.029,1.15,
102,-0.626,-0.295,
103,-0.811,1.725,
104,0.527,0.07,
105,-0.735,-0.52,
106,-0.254,0.208,
107,-0.828,0.745,
108,0.501,-0.559,
109,-0.436,0.078,
110,0.867,0.468,
111,0.24,0.317,
112,0.151,-0.014,
113,1.247,-0.306,
114,0.113,-0.308,
115,0.372,-1.086,
116,1.612,0.485,
117,0.875,0.595,
118,1.093,-0.173,
119,0.685,-0.057,
120,0.015,-0.148,
121,-0.182,0.031,
122,1.223,0.341,
123,-0.384,-1.222,
124,0.458,0.288,
125,-0.669,-0.671,
126,0.31,0.11,
127,-0.69,0.389,
128,-0.197,0.413,
129,-0.216,-0.072,
130,0.527,-1.427,
131,1.759,0.606,
132,-0.025,0.263,
133,0.129,0.507,
134,-0.152,-0.675,
135,1.999,-0.616,
136,1.648,0.539,
137,0.901,0.445,
138,0.456,0.185,
139,-0.191,-0.283,
140,-0.711,1.297,
141,-0.14,-0.225,
142,-1.357,-0.077,
143,0.018,-0.247,
144,-0.445,1.276,
145,-0.376,0.137,
146,-0.121,1.122,
147,-0.728,1.006,
148,-1.685,-0.246,
149,-0.82,-0.564,
150,-1.247,0.045,
151,0.84,0.296,
152,-1.312,0.842,
153,-0.59,0.324,
154,-0.204,-0.138,
155,0.255,0.708,
156,-0.794,1.435,
157,-0.261,-1.353,
158,1.429,-0.072,
159,0.553,-0.063,
160,-0.078,0.373,
161,-0.01,0.356,
162,0.184,1.26,
163,1.131,1.379,
