1,-0.143,-0.029,
2,-0.016,0.098,
3,0.6,-0.02,
4,-0.251,-0.308,
5,-0.32,0.14,
6,-0.11,-0.353,
7,0.647,-0.148,
8,-0.031,-0.505,
9,0.073,-0.856,
10,-0.006,-0.535,
11,-0.293,-0.067,
12,0.051,0.036,
13,0.06,-0.419,
14,-0.06,-0.823,
15,-0.209,0.166,
16,0.157,0.396,
17,-0.571,0.162,
18,-0.055,0.191,
19,-0.357,0.233,
20,-0.15,0.288,
21,0.078,0.011,
22,-0.18,0.102,
23,0.015,-0.094,
24,-0.246,0.145,
25,0.969,-0.009,
26,0.292,-0.174,
27,-0.046,0.278,
28,-0.067,0.243,
29,-0.212,0.263,
30,0.172,-0.102,
31,0.128,-0.167,
32,-0.048,0.267,
33,-0.224,-0.651,
34,-0.459,0.178,
35,-0.076,0.348,
36,0.429,0.556,
37,-0.101,0.07,
38,0.497,0.061,
39,0.224,-0.135,
40,0.071,-0.574,
41,0.06,0.111,
42,0.069,-0.237,
43,0.258,-0.19,
44,0.27,-0.035,
45,-0.22,0.156,
46,0.099,-0.086,
47,-0.12,-0.017,
48,0.127,-0.095,
49,-0.043,0.209,
50,-0.016,0.233,
51,-0.388,0.061,
52,-0.044,0.046,
53,0.065,0.579,
54,0.157,-0.025,
55,0.206,-0.142,
56,-0.315,0.426,
57,-0.136,-0.045,
58,0.085,0.444,
59,0.51,0.444,
60,-0.122,0.235,
61,-0.452,-0.369,
62,0.367,0.065,
63,-0.218,-0.126,
64,0.025,-0.297,
65,0.098,0.049,
66,-0.14,0.094,
67,-0.14,0.001,
68,0.302,-0.065,
69,0.247,0.204,
70,-0.051,-0.125,
71,0.542,-0.169,
72,-0.059,0.132,
73,0.129,-0.089,
74,0.342,0.222,
75,-0.064,0.422,
76,0.56,-0.231,
77,0.101,0.768,
78,0.209,0.427,
79,-0.539,0.058,
80,-0.32,0.075,
81,-0.027,0.231,
82,0.136,0.156,
83,0.123,0.16,
84,-0.039,-0.468,
85,-0.44,-0.155,
86,0.142,-0.24,
87,-0.008,-0.306,
88,0.159,0.083,
89,0.124,0.223,
90,-0.378,0.296,
91,0.422,0.348,
92,-0.075,0.12,
93,-0.039,0.35,
94,-0.061,0.073,
95,-0.151,-0.048,
96,0.091,-0.173,
97,-0.395,-0.716,
98,0.05,-0.149,
99,-0.037,-0.183,
100,0.206,-0.079,
101,-0.141,0.11,
102,-0.13,0.413,
103,-0.048,-0.119,
104,0.26,-0.041,
105,-0.061,0.3,
106,-0.599,-1.336,
107,-0.663,-0.302,
108,0.324,-0.321,
109,-0.463,-0.527,
110,0.145,-0.238,
111,0.043,0.127,
112,0.036,-0.011,
113,0.265,0.331,
114,-0.185,-0.078,
115,-0.241,0.148,
116,-0.267,0.385,
117,0.06,0.241,
118,0.052,-0.371,
119,0.426,0.043,
120,0.066,-0.139,
121,-0.154,-0.34,
122,0.124,-0.065,
123,-0.14,0.109,
124,-0.071,0.28,
125,-0.092,-0.016,
126,-0.046,-0.216,
127,-0.109,0.087,
128,-0.271,0.408,
129,0.279,-0.041,
130,0.069,-0.075,
131,0.097,-0.141,
132,0.03,-0.077,
133,0.018,-0.087,
134,-0.38,-0.052,
135,0.391,0.106,
136,-0.076,-0.03,
137,0.633,-0.038,
138,0.208,0.218,
139,0.128,-0.302,
140,-0.537,0.537,
141,-0.617,0.457,
142,0.037,-0.232,
143,0.374,-0.622,
144,0.815,-0.67,
145,-0.395,-0.131,
146,-0.567,0.11,
147,-0.363,0.326,
148,-0.175,-0.36,
149,-0.129,0.24,
150,-0.091,-0.17,
151,0.219,-0.022,
152,-0.302,-0.397,
153,-0.229,0.009,
154,0.012,0.03,
155,0.166,0.151,
156,-0.369,0.665,
157,-0.102,-0.331,
158,-0.077,0.124,
159,-0.256,0.099,
160,-0.393,0.068,
161,0.02,0.171,
162,0.154,0.622,
163,0.255,0.287,
