1,0.723,0.611,
2,-0.366,0.576,
3,0.629,-0.172,
4,-0.742,-1.623,
5,-1.208,1.453,
6,1.214,-0.738,
7,2.444,0.964,
8,0.433,-2.003,
9,-0.509,-1.139,
10,0.048,-1.682,
11,-0.735,0.913,
12,-0.749,-0.295,
13,1.026,-0.255,
14,-0.894,-0.909,
15,-1.186,0.948,
16,-0.395,1.322,
17,-0.892,0.434,
18,0.705,0.061,
19,-0.538,-0.795,
20,-0.263,-1.015,
21,-0.242,-0.323,
22,-0.681,-0.453,
23,0.332,0.364,
24,-0.038,0.558,
25,2.405,-1.297,
26,-0.16,0.722,
27,0.002,0.564,
28,-0.653,0.821,
29,0.613,0.564,
30,-1.522,-0.595,
31,0.345,1.093,
32,0.159,1.031,
33,-1.129,-2.148,
34,-2.161,0.839,
35,0.46,0.823,
36,0.63,0.791,
37,-0.592,0.028,
38,0.496,-0.322,
39,0.5,0.373,
40,0.762,-0.948,
41,0.822,-0.825,
42,1.021,1.831,
43,-0.514,-0.547,
44,0.437,0.644,
45,-1.115,1.07,
46,0.297,-0.255,
47,-1.101,0.392,
48,0.46,0.171,
49,0.311,0.451,
50,-0.103,0.581,
51,0.669,1.296,
52,-0.412,-0.053,
53,0.811,0.318,
54,0.691,-0.239,
55,1.242,-0.618,
56,0.287,0.625,
57,1.564,0.156,
58,1.249,2.16,
59,1.174,0.955,
60,-0.305,0.955,
61,-0.517,-0.425,
62,1.573,-0.234,
63,-0.546,0.303,
64,0.214,-1.371,
65,0.304,0.332,
66,-0.086,0.62,
67,-0.111,0.176,
68,0.652,0.896,
69,-0.791,1.578,
70,-0.011,0.196,
71,0.707,0.713,
72,0.67,1.426,
73,0.394,-1.057,
74,-0.333,0.515,
75,-1.967,0.816,
76,1.265,0.357,
77,0.81,2.729,
78,0.809,1.088,
79,-1.127,-1.3,
80,0.425,0.256,
81,-0.46,1.493,
82,0.325,0.214,
83,0.323,0.839,
84,-0.825,-1.654,
85,0.508,0.803,
86,0.061,0.401,
87,0.583,0.817,
88,0.524,-0.125,
89,1.386,0.192,
90,-0.58,1.079,
91,0.825,0.674,
92,-0.001,-0.193,
93,-0.598,-0.028,
94,-0.554,0.793,
95,0.299,-1.409,
96,-0.244,-0.236,
97,-1.274,-0.695,
98,-0.172,-0.958,
99,0.412,-1.602,
100,0.352,0.347,
101,-0.122,1.06,
102,-1.441,-0.733,
103,-1.207,2.074,
104,1.022,-0.342,
105,-0.872,0.498,
106,-0.585,-1.11,
107,-2.228,-0.247,
108,1.138,-0.942,
109,-0.907,-0.519,
110,1.054,-0.062,
111,0.22,0.226,
112,0.562,-0.089,
113,2.018,0.241,
114,-0.081,-0.712,
115,0.692,-0.49,
116,1.163,1.01,
117,0.821,1.045,
118,1.096,-0.58,
119,0.863,-0.199,
120,-0.06,-0.74,
121,-0.248,-0.387,
122,1.281,-0.223,
123,-0.804,-1.053,
124,0.566,0.568,
125,-1.094,-0.798,
126,-0.166,-0.219,
127,-1.362,0.731,
128,-0.471,0.388,
129,-0.124,-0.517,
130,0.331,-1.878,
131,2.338,-0.035,
132,0.207,0.145,
133,0.445,0.045,
134,-0.318,-1.173,
135,2.927,-0.53,
136,2.527,1.004,
137,1.78,-0.136,
138,0.63,0.226,
139,-0.143,-0.553,
140,-1.338,1.883,
141,-0.53,0.043,
142,-1.249,-0.4,
143,0.26,-1.137,
144,-0.042,0.715,
145,-1.057,0.366,
146,-1.14,0.899,
147,-1.349,0.782,
148,-1.798,-0.537,
149,-0.792,0.363,
150,-1.282,-0.094,
151,0.681,-0.55,
152,-1.452,-0.111,
153,-1.465,0.755,
154,-0.119,-0.136,
155,0.289,0.823,
156,-0.708,1.244,
157,-0.423,-2.209,
158,1.389,-0.502,
159,0.524,-0.265,
160,-0.385,-0.044,
161,-0.311,0.846,
162,0.432,2.103,
163,1.609,1.409,
