1,0.4,0.188,
2,0.116,0.582,
3,0.816,-0.108,
4,-1.068,-1.36,
5,-1.012,1.071,
6,0.212,-0.923,
7,2.138,0.366,
8,0.06,-1.508,
9,-0.367,-1.806,
10,0.022,-1.744,
11,-0.67,0.512,
12,-0.686,-0.02,
13,0.772,-0.513,
14,-0.789,-1.485,
15,-0.759,0.643,
16,0.148,1.296,
17,-0.941,0.136,
18,0.672,-0.014,
19,-0.824,-0.395,
20,-0.408,-0.085,
21,-0.166,-0.167,
22,-0.804,-0.097,
23,0.236,0.24,
24,-0.223,0.427,
25,2.313,-0.497,
26,0.052,0.271,
27,-0.119,0.505,
28,-0.833,0.552,
29,0.236,0.421,
30,-1.3,-0.784,
31,0.196,0.305,
32,-0.014,0.935,
33,-0.977,-2.276,
34,-1.92,0.955,
35,0.176,0.664,
36,0.737,0.929,
37,-0.385,0.096,
38,0.738,-0.088,
39,0.344,0.303,
40,0.702,-1.304,
41,0.536,-0.352,
42,0.513,0.892,
43,-0.46,-0.46,
44,0.623,0.201,
45,-0.996,0.802,
46,0.219,-0.362,
47,-0.877,0.197,
48,0.147,-0.031,
49,0.576,0.474,
50,-0.007,0.592,
51,0.439,1.066,
52,-0.516,-0.047,
53,0.53,0.708,
54,0.373,-0.278,
55,1.035,-0.547,
56,0.023,0.276,
57,0.773,-0.044,
58,0.902,1.87,
59,1.246,0.793,
60,-0.266,0.94,
61,-0.926,-0.68,
62,1.262,-0.11,
63,-0.394,0.001,
64,0.16,-1.334,
65,0.299,0.357,
66,-0.344,0.353,
67,-0.123,0.004,
68,0.52,0.357,
69,-0.541,1.074,
70,0.045,0.026,
71,1.176,0.33,
72,0.271,0.912,
73,0.366,-0.973,
74,-0.239,0.363,
75,-1.347,0.9,
76,1.834,0.042,
77,0.647,2.487,
78,0.74,0.847,
79,-0.996,-1.012,
80,0.164,-0.059,
81,-0.392,1.226,
82,0.327,0.255,
83,0.106,0.641,
84,-0.764,-1.703,
85,0.265,0.738,
86,0.212,0.216,
87,0.187,0.368,
88,0.313,-0.129,
89,0.737,0.529,
90,-0.747,1.005,
91,1.057,0.345,
92,0.043,-0.116,
93,-0.366,-0.098,
94,-0.512,0.495,
95,0.038,-1.224,
96,-0.174,-0.266,
97,-1.309,-0.98,
98,0.168,-0.708,
99,0.07,-1.225,
100,0.411,0.214,
101,-0.232,0.687,
102,-1.049,-0.404,
103,-0.576,1.668,
104,1.037,-0.448,
105,-0.615,0.973,
106,-0.754,-2.023,
107,-2.505,-0.56,
108,1.042,-0.946,
109,-1.033,-0.799,
110,0.746,-0.364,
111,0.22,0.275,
112,0.443,-0.064,
113,1.718,0.561,
114,-0.295,-0.746,
115,0.134,-0.109,
116,0.425,1.085,
117,0.475,1.037,
118,0.56,-0.68,
119,1.052,-0.233,
120,0.027,-0.843,
121,-0.296,-0.534,
122,0.782,-0.362,
123,-0.699,-0.502,
124,0.43,0.793,
125,-0.731,-0.446,
126,-0.21,-0.207,
127,-1.511,0.857,
128,-0.454,0.306,
129,0.208,-0.627,
130,0.262,-1.253,
131,1.811,-0.273,
132,0.209,0.029,
133,0.389,-0.082,
134,-0.402,-0.963,
135,2.392,-0.171,
136,1.506,0.863,
137,1.927,-0.351,
138,0.406,0.157,
139,0.15,-0.955,
140,-1.342,1.707,
141,-0.788,0.306,
142,-0.599,-0.536,
143,0.498,-1.253,
144,0.526,0.01,
145,-1.287,0.158,
146,-1.405,0.481,
147,-1.15,0.968,
148,-1.268,-0.863,
149,-0.65,0.687,
150,-0.563,-0.307,
151,0.719,-0.934,
152,-1.22,-0.732,
153,-1.337,0.694,
154,-0.048,-0.084,
155,0.261,0.615,
156,-0.775,0.736,
157,-0.071,-1.764,
158,0.545,-0.162,
159,0.298,-0.345,
160,-0.464,-0.354,
161,-0.426,0.77,
162,0.423,1.889,
163,0.779,1.5,
