1,0.9,0.847,
2,-0.489,0.487,
3,0.052,0.281,
4,0.15,-0.155,
5,-0.595,0.856,
6,1.052,-0.407,
7,0.765,1.227,
8,0.822,-0.155,
9,-0.476,-0.283,
10,-0.282,0.483,
11,0.116,0.952,
12,-0.169,-0.767,
13,0.822,0.626,
14,-0.415,0.737,
15,-0.573,-0.041,
16,-0.181,0.909,
17,-0.595,0.624,
18,-0.058,0.487,
19,0.357,-0.207,
20,-0.003,-0.701,
21,-0.103,-0.041,
22,0.197,-0.451,
23,0.275,0.306,
24,0.079,0.692,
25,0.486,-0.433,
26,0.133,1.604,
27,0.412,0.59,
28,0.522,1.059,
29,0.587,0.605,
30,0.035,0.766,
31,0.448,1.573,
32,0.355,0.432,
33,-0.439,-0.191,
34,-0.725,0.044,
35,0.442,1.027,
36,-0.148,0.641,
37,-0.009,0.076,
38,0.107,0.099,
39,0.243,0.208,
40,0.288,0.401,
41,1.003,-0.155,
42,0.736,1.316,
43,0.015,0.239,
44,0.108,1.15,
45,-0.616,1.041,
46,0.019,0.366,
47,-1.108,0.708,
48,0.581,0.563,
49,0.353,0.271,
50,-0.216,0.257,
51,0.232,0.778,
52,0.192,0.351,
53,0.495,-0.133,
54,0.554,0.357,
55,0.34,-0.384,
56,0.17,0.555,
57,0.765,0.444,
58,0.56,0.954,
59,0.117,0.638,
60,-0.224,0.749,
61,-0.172,0.471,
62,0.627,-0.059,
63,-0.62,0.845,
64,-0.162,-0.132,
65,0.386,0.319,
66,0.621,1.179,
67,-0.115,0.469,
68,0.446,0.958,
69,-0.105,1.417,
70,-0.237,0.399,
71,-0.205,0.63,
72,0.777,1.042,
73,-0.24,-0.255,
74,-0.063,0.616,
75,-0.855,0.102,
76,-0.093,0.625,
77,0.408,1.317,
78,-0.083,0.851,
79,-1.5,-0.28,
80,0.491,0.286,
81,0.096,0.624,
82,0.097,0.467,
83,0.589,0.722,
84,-0.24,-0.145,
85,0.364,0.987,
86,-0.116,0.729,
87,0.671,0.176,
88,0.028,-0.2,
89,1.07,0.073,
90,0.132,0.581,
91,0.031,1.029,
92,-0.12,0.144,
93,-0.446,0.843,
94,-0.341,1,
95,0.386,-0.348,
96,-0.315,0.305,
97,-0.358,0.046,
98,-0.396,-0.418,
99,0.314,-1.208,
100,0.111,0.578,
101,-0.042,1.085,
102,-0.225,-0.172,
103,-0.489,1.376,
104,0.321,0.254,
105,-0.606,-0.698,
106,-0.108,0.664,
107,-0.245,1.211,
108,0.187,-0.31,
109,-0.214,0.318,
110,0.722,0.656,
111,0.242,0.383,
112,-0.078,0.068,
113,0.857,-0.279,
114,0.15,-0.135,
115,0.091,-1.195,
116,1.526,0.276,
117,0.733,0.495,
118,0.735,0.097,
119,0.572,0.052,
120,0.131,0.095,
121,-0.199,0.126,
122,1.088,0.577,
123,-0.253,-1.042,
124,0.44,0.173,
125,-0.282,-0.347,
126,0.507,0.273,
127,-0.384,0.239,
128,-0.065,0.433,
129,-0.168,0.101,
130,0.518,-0.889,
131,1.43,1.03,
132,-0.172,0.34,
133,-0.073,0.726,
134,-0.038,-0.27,
135,1.309,-0.444,
136,0.955,0.272,
137,0.469,0.649,
138,0.305,0.184,
139,-0.199,-0.285,
140,-0.341,0.93,
141,-0.036,-0.269,
142,-0.998,-0.062,
143,-0.037,0.165,
144,-0.527,1.477,
145,-0.283,0.076,
146,0.249,1.13,
147,-0.473,1.009,
148,-1.354,-0.013,
149,-0.697,-0.833,
150,-1.142,0.191,
151,0.935,0.587,
152,-1.064,1.071,
153,-0.211,0.274,
154,-0.236,-0.133,
155,0.213,0.59,
156,-0.764,1.213,
157,-0.09,-0.565,
158,0.998,0.328,
159,0.537,0.083,
160,0.028,0.529,
161,0.109,0.208,
162,-0.14,0.627,
163,0.993,0.937,
