1,0.962,0.9,
2,-0.502,0.431,
3,0.046,0.265,
4,0.139,-0.168,
5,-0.566,0.798,
6,0.947,-0.293,
7,0.815,1.35,
8,0.828,-0.161,
9,-0.476,-0.301,
10,-0.3,0.426,
11,0.096,0.949,
12,-0.144,-0.755,
13,0.833,0.575,
14,-0.404,0.702,
15,-0.63,0.106,
16,-0.214,0.882,
17,-0.619,0.591,
18,-0.056,0.482,
19,0.357,-0.185,
20,-0.007,-0.678,
21,-0.076,-0.049,
22,0.207,-0.423,
23,0.27,0.301,
24,0.105,0.646,
25,0.507,-0.438,
26,0.125,1.553,
27,0.389,0.566,
28,0.51,1.04,
29,0.579,0.61,
30,0.025,0.781,
31,0.449,1.578,
32,0.364,0.444,
33,-0.43,-0.199,
34,-0.71,0.051,
35,0.462,1.01,
36,-0.119,0.63,
37,-0.032,0.09,
38,0.125,0.098,
39,0.239,0.198,
40,0.31,0.381,
41,1.004,-0.143,
42,0.728,1.306,
43,0,0.205,
44,0.124,1.127,
45,-0.606,1.018,
46,0.041,0.364,
47,-1.074,0.674,
48,0.597,0.546,
49,0.302,0.266,
50,-0.239,0.249,
51,0.256,0.77,
52,0.202,0.345,
53,0.492,-0.121,
54,0.543,0.346,
55,0.33,-0.386,
56,0.16,0.53,
57,0.754,0.431,
58,0.542,0.968,
59,0.132,0.628,
60,-0.197,0.74,
61,-0.14,0.452,
62,0.721,-0.097,
63,-0.64,0.823,
64,-0.167,-0.159,
65,0.398,0.335,
66,0.628,1.172,
67,-0.124,0.453,
68,0.458,0.938,
69,-0.093,1.398,
70,-0.217,0.401,
71,-0.198,0.62,
72,0.77,1.031,
73,-0.233,-0.234,
74,-0.016,0.616,
75,-0.907,0.069,
76,-0.116,0.614,
77,0.405,1.295,
78,-0.059,0.857,
79,-1.458,-0.252,
80,0.472,0.259,
81,0.093,0.618,
82,0.114,0.481,
83,0.579,0.721,
84,-0.228,-0.147,
85,0.345,0.978,
86,-0.118,0.725,
87,0.656,0.155,
88,0.074,-0.186,
89,1.209,0.115,
90,0.079,0.58,
91,0.031,1.026,
92,-0.092,0.123,
93,-0.447,0.842,
94,-0.334,0.998,
95,0.369,-0.347,
96,-0.304,0.303,
97,-0.34,0.048,
98,-0.39,-0.403,
99,0.305,-1.204,
100,0.127,0.569,
101,-0.01,1.083,
102,-0.272,-0.138,
103,-0.495,1.371,
104,0.298,0.262,
105,-0.587,-0.666,
106,-0.113,0.604,
107,-0.251,1.18,
108,0.189,-0.305,
109,-0.215,0.314,
110,0.716,0.652,
111,0.232,0.392,
112,-0.109,0.053,
113,0.828,-0.28,
114,0.159,-0.118,
115,0.127,-1.19,
116,1.457,0.289,
117,0.723,0.485,
118,0.724,0.086,
119,0.604,0.07,
120,0.138,0.085,
121,-0.19,0.152,
122,1.071,0.577,
123,-0.25,-1.054,
124,0.415,0.182,
125,-0.285,-0.362,
126,0.488,0.249,
127,-0.355,0.254,
128,-0.083,0.458,
129,-0.182,0.127,
130,0.502,-0.859,
131,1.431,1.038,
132,-0.165,0.32,
133,-0.047,0.683,
134,-0.024,-0.269,
135,1.288,-0.456,
136,0.926,0.281,
137,0.481,0.66,
138,0.307,0.206,
139,-0.205,-0.24,
140,-0.364,0.949,
141,-0.035,-0.263,
142,-0.983,-0.065,
143,-0.013,0.178,
144,-0.507,1.413,
145,-0.267,0.067,
146,0.263,1.11,
147,-0.445,1.003,
148,-1.303,-0.015,
149,-0.626,-0.947,
150,-1.139,0.207,
151,0.925,0.626,
152,-1.064,1.081,
153,-0.197,0.263,
154,-0.215,-0.088,
155,0.206,0.619,
156,-0.741,1.26,
157,-0.163,-0.687,
158,1.037,0.271,
159,0.512,0.105,
160,0.013,0.539,
161,0.116,0.224,
162,-0.08,0.672,
163,0.896,0.811,
