1,0.49,0.171,
2,0.087,0.75,
3,0.854,-0.103,
4,-1.093,-1.585,
5,-1.204,1.445,
6,0.616,-1.222,
7,2.304,0.385,
8,0.187,-1.786,
9,-0.46,-1.718,
10,0.205,-1.766,
11,-0.748,0.748,
12,-0.873,-0.112,
13,0.922,-0.412,
14,-0.973,-1.25,
15,-0.764,0.583,
16,0.066,1.462,
17,-0.955,0.249,
18,0.814,-0.036,
19,-0.849,-0.604,
20,-0.416,-0.374,
21,-0.257,-0.199,
22,-0.958,-0.253,
23,0.31,0.334,
24,-0.218,0.571,
25,2.465,-0.667,
26,-0.017,0.533,
27,-0.088,0.578,
28,-0.981,0.672,
29,0.388,0.472,
30,-1.545,-0.898,
31,0.239,0.567,
32,0.016,1.059,
33,-1.179,-2.573,
34,-2.322,1.109,
35,0.256,0.76,
36,0.692,0.984,
37,-0.434,0.063,
38,0.696,-0.177,
39,0.464,0.43,
40,0.792,-1.359,
41,0.693,-0.607,
42,0.711,1.37,
43,-0.504,-0.499,
44,0.619,0.353,
45,-1.168,0.976,
46,0.216,-0.377,
47,-1.135,0.299,
48,0.177,0.046,
49,0.789,0.529,
50,0.003,0.671,
51,0.727,1.31,
52,-0.601,-0.078,
53,0.724,0.606,
54,0.508,-0.334,
55,1.274,-0.602,
56,0.278,0.362,
57,1.119,0.043,
58,1.201,2.222,
59,1.29,0.897,
60,-0.306,0.96,
61,-1.082,-0.629,
62,1.253,-0.196,
63,-0.421,0.109,
64,0.215,-1.43,
65,0.284,0.326,
66,-0.334,0.479,
67,-0.113,0.057,
68,0.55,0.592,
69,-0.817,1.353,
70,-0.005,0.037,
71,1.152,0.563,
72,0.441,1.185,
73,0.436,-1.06,
74,-0.433,0.428,
75,-1.529,0.89,
76,2.082,0.261,
77,0.79,2.899,
78,0.857,0.973,
79,-1.009,-1.303,
80,0.342,0.038,
81,-0.538,1.492,
82,0.365,0.19,
83,0.126,0.688,
84,-0.891,-1.894,
85,0.449,0.876,
86,0.192,0.312,
87,0.342,0.672,
88,0.277,-0.305,
89,0.743,0.494,
90,-0.701,1.151,
91,1.11,0.406,
92,0.02,-0.152,
93,-0.472,-0.236,
94,-0.622,0.635,
95,0.193,-1.377,
96,-0.224,-0.311,
97,-1.452,-0.842,
98,0.035,-0.864,
99,0.227,-1.444,
100,0.386,0.283,
101,-0.267,0.872,
102,-1.098,-0.55,
103,-0.619,1.97,
104,1.185,-0.506,
105,-0.778,0.939,
106,-0.763,-1.905,
107,-2.747,-0.569,
108,1.126,-1.068,
109,-0.992,-0.786,
110,0.938,-0.323,
111,0.216,0.267,
112,0.614,-0.07,
113,1.968,0.494,
114,-0.15,-0.88,
115,0.179,-0.219,
116,0.856,1.166,
117,0.702,1.176,
118,0.859,-0.749,
119,1.098,-0.239,
120,-0.019,-0.963,
121,-0.348,-0.617,
122,1.022,-0.386,
123,-0.808,-0.736,
124,0.61,0.728,
125,-0.996,-0.683,
126,-0.269,-0.238,
127,-1.781,0.862,
128,-0.446,0.252,
129,0.087,-0.733,
130,0.287,-1.645,
131,2.276,-0.287,
132,0.294,0.108,
133,0.445,-0.033,
134,-0.399,-1.204,
135,2.962,-0.285,
136,2.115,0.993,
137,2.012,-0.549,
138,0.486,0.1,
139,0.149,-1.115,
140,-1.46,1.919,
141,-0.766,0.215,
142,-0.913,-0.555,
143,0.425,-1.417,
144,0.311,0.286,
145,-1.442,0.264,
146,-1.534,0.666,
147,-1.368,1.038,
148,-1.639,-0.892,
149,-1.032,0.824,
150,-0.774,-0.366,
151,0.744,-1.051,
152,-1.374,-0.675,
153,-1.653,0.885,
154,-0.103,-0.182,
155,0.303,0.706,
156,-0.897,0.705,
157,0.101,-1.985,
158,0.757,-0.088,
159,0.542,-0.554,
160,-0.441,-0.387,
161,-0.497,0.836,
162,0.351,2.049,
163,1.163,1.889,
