1,0.646,0.835,
2,-0.196,0.388,
3,-0.064,0.336,
4,0.257,0.192,
5,-0.252,0.768,
6,0.061,0.008,
7,0.374,1.259,
8,0.671,0.307,
9,-0.33,-0.129,
10,-0.334,0.928,
11,0.377,0.945,
12,-0.089,-0.589,
13,0.777,0.643,
14,-0.361,0.804,
15,-0.434,-0.056,
16,-0.009,0.615,
17,-0.52,0.64,
18,-0.185,0.532,
19,0.377,0.227,
20,0.061,-0.286,
21,-0.088,0.174,
22,0.142,-0.153,
23,0.232,0.276,
24,0.095,0.621,
25,0.136,0.024,
26,0.225,1.553,
27,0.453,0.581,
28,0.481,0.954,
29,0.443,0.624,
30,0.23,0.962,
31,0.366,1.452,
32,0.313,0.326,
33,-0.263,0.173,
34,-0.501,-0.025,
35,0.345,1.086,
36,-0.235,0.624,
37,0.096,0.169,
38,-0.001,0.297,
39,0.156,0.315,
40,0.16,0.546,
41,0.796,0.306,
42,0.615,1.082,
43,0.181,0.496,
44,0.188,1.168,
45,-0.401,0.954,
46,-0.047,0.455,
47,-0.986,0.531,
48,0.658,0.581,
49,0.226,0.259,
50,-0.248,0.187,
51,0.137,0.633,
52,0.243,0.466,
53,0.405,-0.127,
54,0.44,0.483,
55,0.042,-0.325,
56,0.16,0.598,
57,0.313,0.466,
58,0.3,0.794,
59,-0.12,0.51,
60,-0.146,0.653,
61,-0.079,0.562,
62,0.529,0.254,
63,-0.409,0.834,
64,-0.253,0.058,
65,0.376,0.346,
66,0.593,1.227,
67,-0.156,0.443,
68,0.331,0.766,
69,0.047,1.305,
70,-0.19,0.437,
71,-0.169,0.52,
72,0.652,0.816,
73,-0.306,0.044,
74,0.083,0.639,
75,-0.628,0.138,
76,-0.157,0.712,
77,0.232,0.927,
78,-0.249,0.744,
79,-1.263,0.049,
80,0.331,0.223,
81,0.25,0.483,
82,0.156,0.481,
83,0.503,0.631,
84,-0.137,0.152,
85,0.355,0.939,
86,-0.132,0.854,
87,0.452,0.008,
88,0.021,-0.072,
89,0.827,0.395,
90,0.216,0.453,
91,0.033,0.992,
92,-0.096,0.216,
93,-0.352,0.955,
94,-0.271,1.009,
95,0.305,-0.044,
96,-0.214,0.341,
97,-0.003,0.285,
98,-0.454,-0.289,
99,0.265,-0.581,
100,-0.003,0.544,
101,-0.015,0.999,
102,-0.054,-0.014,
103,-0.353,1.097,
104,0.16,0.389,
105,-0.45,-0.476,
106,-0.012,0.834,
107,0.12,1.459,
108,0.026,-0.076,
109,-0.064,0.448,
110,0.639,0.747,
111,0.195,0.465,
112,-0.317,0.133,
113,0.555,-0.058,
114,0.135,0.007,
115,0.073,-1.135,
116,1.113,0.2,
117,0.568,0.497,
118,0.381,0.278,
119,0.416,0.197,
120,0.196,0.239,
121,-0.201,0.235,
122,0.934,0.682,
123,-0.246,-0.794,
124,0.423,0.132,
125,-0.066,-0.052,
126,0.562,0.356,
127,-0.055,0.148,
128,-0.022,0.538,
129,-0.133,0.258,
130,0.395,-0.348,
131,1.066,1.305,
132,-0.285,0.386,
133,-0.145,0.776,
134,0.052,0.158,
135,0.665,-0.234,
136,0.478,0.225,
137,0.182,0.776,
138,0.155,0.277,
139,-0.274,-0.179,
140,-0.112,0.699,
141,-0.015,-0.229,
142,-0.593,-0.016,
143,-0.007,0.469,
144,-0.496,1.317,
145,-0.272,0.088,
146,0.478,1.084,
147,-0.271,0.908,
148,-0.937,0.251,
149,-0.429,-1.062,
150,-1.148,0.413,
151,0.955,0.81,
152,-0.748,1.108,
153,0.072,0.261,
154,-0.192,0.019,
155,0.118,0.538,
156,-0.605,1.015,
157,-0.09,-0.136,
158,0.703,0.586,
159,0.405,0.326,
160,0.017,0.639,
161,0.187,0.234,
162,-0.178,0.503,
163,0.829,0.402,
