1,1.098,0.578,
2,-0.683,0.709,
3,0.421,0.074,
4,-0.36,-1.094,
5,-1.125,1.203,
6,1.88,-1.098,
7,1.795,0.984,
8,0.67,-1.545,
9,-0.662,-0.797,
10,-0.078,-0.913,
11,-0.54,0.98,
12,-0.544,-0.641,
13,1.009,0.173,
14,-0.831,0.03,
15,-0.793,0.383,
16,-0.367,1.407,
17,-0.822,0.507,
18,0.459,0.226,
19,-0.104,-0.893,
20,-0.142,-1.248,
21,-0.24,-0.367,
22,-0.195,-0.67,
23,0.349,0.356,
24,0.028,0.689,
25,1.681,-1.226,
26,-0.069,1.332,
27,0.195,0.62,
28,-0.039,1.063,
29,0.719,0.596,
30,-0.943,-0.102,
31,0.454,1.469,
32,0.251,0.804,
33,-0.923,-1.409,
34,-1.717,0.472,
35,0.547,0.937,
36,0.226,0.791,
37,-0.325,-0.001,
38,0.378,-0.271,
39,0.442,0.263,
40,0.555,-0.318,
41,1.009,-0.954,
42,1.116,1.916,
43,-0.372,-0.325,
44,0.191,0.949,
45,-0.956,1.161,
46,0.162,0.016,
47,-1.257,0.759,
48,0.452,0.394,
49,0.458,0.362,
50,-0.152,0.479,
51,0.516,1.167,
52,-0.161,0.067,
53,0.781,0.052,
54,0.799,0.038,
55,1.034,-0.513,
56,0.173,0.75,
57,1.744,0.322,
58,1.153,1.735,
59,0.856,0.92,
60,-0.308,0.903,
61,-0.407,0.06,
62,0.913,-0.358,
63,-0.724,0.59,
64,0.082,-0.889,
65,0.31,0.241,
66,0.242,0.861,
67,-0.081,0.357,
68,0.638,1.141,
69,-0.586,1.657,
70,-0.18,0.293,
71,0.171,0.784,
72,0.866,1.482,
73,0.111,-0.856,
74,-0.295,0.584,
75,-1.431,0.403,
76,0.659,0.411,
77,0.735,2.352,
78,0.472,1.048,
79,-1.574,-1.143,
80,0.591,0.383,
81,-0.313,1.235,
82,0.141,0.348,
83,0.583,0.915,
84,-0.611,-1.025,
85,0.471,0.76,
86,0.015,0.483,
87,0.846,0.74,
88,0.137,-0.304,
89,1.113,-0.051,
90,-0.269,0.926,
91,0.398,0.941,
92,-0.112,-0.036,
93,-0.655,0.36,
94,-0.504,0.934,
95,0.4,-1.14,
96,-0.352,-0.001,
97,-1.026,-0.475,
98,-0.295,-0.901,
99,0.485,-1.722,
100,0.277,0.511,
101,-0.081,1.202,
102,-0.673,-0.446,
103,-0.991,2,
104,0.795,-0.124,
105,-0.918,-0.191,
106,-0.389,-0.145,
107,-1.477,0.375,
108,0.819,-0.774,
109,-0.643,-0.158,
110,1.031,0.267,
111,0.286,0.232,
112,0.455,-0.027,
113,1.694,-0.176,
114,0.05,-0.523,
115,0.412,-0.889,
116,1.785,0.701,
117,0.998,0.832,
118,1.306,-0.386,
119,0.642,-0.203,
120,-0.097,-0.381,
121,-0.194,-0.161,
122,1.362,0.091,
123,-0.586,-1.233,
124,0.587,0.376,
125,-0.973,-0.818,
126,0.118,0.007,
127,-1.108,0.51,
128,-0.245,0.31,
129,-0.227,-0.302,
130,0.495,-1.878,
131,2.047,0.222,
132,0.093,0.269,
133,0.248,0.412,
134,-0.294,-0.988,
135,2.64,-0.632,
136,2.392,0.84,
137,1.274,0.094,
138,0.547,0.109,
139,-0.103,-0.561,
140,-1.025,1.606,
141,-0.29,-0.144,
142,-1.554,-0.175,
143,0.051,-0.677,
144,-0.391,1.204,
145,-0.615,0.296,
146,-0.586,1.145,
147,-1.03,1.035,
148,-1.983,-0.473,
149,-1.228,-0.003,
150,-1.41,-0.11,
151,0.72,-0.095,
152,-1.426,0.494,
153,-1.007,0.447,
154,-0.222,-0.22,
155,0.311,0.783,
156,-0.862,1.203,
157,-0.112,-1.689,
158,1.49,-0.009,
159,0.675,-0.32,
160,-0.151,0.136,
161,-0.181,0.488,
162,0.211,1.688,
163,1.472,2.06,
