1,0.691,0.876,
2,-0.208,0.351,
3,-0.067,0.323,
4,0.247,0.178,
5,-0.238,0.735,
6,-0.002,0.083,
7,0.415,1.344,
8,0.678,0.297,
9,-0.334,-0.145,
10,-0.343,0.884,
11,0.36,0.938,
12,-0.074,-0.581,
13,0.785,0.606,
14,-0.353,0.779,
15,-0.477,0.048,
16,-0.033,0.604,
17,-0.538,0.617,
18,-0.181,0.526,
19,0.377,0.237,
20,0.057,-0.274,
21,-0.069,0.164,
22,0.149,-0.14,
23,0.23,0.272,
24,0.113,0.59,
25,0.154,0.019,
26,0.219,1.518,
27,0.437,0.566,
28,0.473,0.944,
29,0.437,0.627,
30,0.223,0.969,
31,0.368,1.458,
32,0.32,0.337,
33,-0.26,0.158,
34,-0.496,-0.016,
35,0.36,1.075,
36,-0.213,0.618,
37,0.079,0.178,
38,0.015,0.291,
39,0.153,0.306,
40,0.178,0.528,
41,0.801,0.306,
42,0.609,1.078,
43,0.167,0.467,
44,0.201,1.151,
45,-0.394,0.936,
46,-0.027,0.453,
47,-0.961,0.509,
48,0.669,0.569,
49,0.195,0.256,
50,-0.263,0.184,
51,0.157,0.629,
52,0.249,0.46,
53,0.405,-0.117,
54,0.433,0.473,
55,0.041,-0.325,
56,0.154,0.576,
57,0.313,0.459,
58,0.292,0.807,
59,-0.106,0.504,
60,-0.128,0.647,
61,-0.062,0.546,
62,0.596,0.227,
63,-0.425,0.818,
64,-0.256,0.035,
65,0.383,0.353,
66,0.6,1.222,
67,-0.161,0.431,
68,0.344,0.755,
69,0.054,1.294,
70,-0.176,0.438,
71,-0.163,0.513,
72,0.65,0.811,
73,-0.299,0.057,
74,0.113,0.639,
75,-0.659,0.117,
76,-0.171,0.703,
77,0.233,0.92,
78,-0.229,0.749,
79,-1.235,0.067,
80,0.32,0.204,
81,0.244,0.479,
82,0.169,0.491,
83,0.494,0.629,
84,-0.13,0.146,
85,0.339,0.928,
86,-0.13,0.847,
87,0.446,-0.005,
88,0.055,-0.063,
89,0.93,0.42,
90,0.178,0.454,
91,0.033,0.992,
92,-0.076,0.2,
93,-0.354,0.953,
94,-0.268,1.008,
95,0.296,-0.048,
96,-0.208,0.342,
97,0.005,0.284,
98,-0.449,-0.28,
99,0.261,-0.58,
100,0.011,0.539,
101,0.006,1,
102,-0.086,0.007,
103,-0.354,1.097,
104,0.147,0.392,
105,-0.438,-0.458,
106,-0.018,0.791,
107,0.109,1.432,
108,0.029,-0.078,
109,-0.067,0.442,
110,0.637,0.742,
111,0.188,0.473,
112,-0.336,0.122,
113,0.539,-0.062,
114,0.143,0.016,
115,0.094,-1.134,
116,1.069,0.212,
117,0.561,0.489,
118,0.379,0.266,
119,0.446,0.208,
120,0.2,0.228,
121,-0.194,0.253,
122,0.92,0.681,
123,-0.24,-0.809,
124,0.408,0.138,
125,-0.071,-0.068,
126,0.547,0.335,
127,-0.038,0.159,
128,-0.035,0.555,
129,-0.143,0.273,
130,0.385,-0.336,
131,1.07,1.302,
132,-0.275,0.371,
133,-0.126,0.747,
134,0.062,0.152,
135,0.663,-0.247,
136,0.461,0.226,
137,0.194,0.778,
138,0.158,0.293,
139,-0.275,-0.152,
140,-0.133,0.717,
141,-0.016,-0.225,
142,-0.585,-0.015,
143,0.013,0.474,
144,-0.482,1.274,
145,-0.262,0.08,
146,0.485,1.072,
147,-0.255,0.907,
148,-0.907,0.246,
149,-0.38,-1.14,
150,-1.143,0.422,
151,0.943,0.833,
152,-0.748,1.113,
153,0.076,0.257,
154,-0.178,0.048,
155,0.114,0.559,
156,-0.592,1.054,
157,-0.142,-0.226,
158,0.731,0.542,
159,0.391,0.334,
160,0.006,0.643,
161,0.19,0.246,
162,-0.135,0.529,
163,0.765,0.317,
