1,0.012,-0.013,
2,-0.032,0.244,
3,0.658,-0.05,
4,-0.602,-0.669,
5,-0.545,0.418,
6,-0.096,-0.682,
7,1.153,-0.1,
8,-0.107,-0.798,
9,-0.139,-1.42,
10,-0.042,-1.048,
11,-0.442,0.02,
12,-0.213,0.087,
13,0.291,-0.555,
14,-0.294,-1.437,
15,-0.339,0.282,
16,0.242,0.881,
17,-0.735,0.091,
18,0.219,0.096,
19,-0.525,0.087,
20,-0.229,0.377,
21,0.009,-0.034,
22,-0.425,0.086,
23,0.082,-0.006,
24,-0.263,0.216,
25,1.462,-0.062,
26,0.23,-0.102,
27,-0.089,0.385,
28,-0.274,0.368,
29,-0.106,0.324,
30,-0.351,-0.408,
31,0.134,-0.137,
32,-0.076,0.513,
33,-0.463,-1.247,
34,-0.936,0.439,
35,-0.019,0.474,
36,0.574,0.734,
37,-0.187,0.097,
38,0.784,0.099,
39,0.202,0.016,
40,0.282,-0.886,
41,0.158,0.034,
42,0.102,0.012,
43,0.069,-0.254,
44,0.451,-0.03,
45,-0.442,0.343,
46,0.1,-0.16,
47,-0.333,0.05,
48,0.121,-0.099,
49,0.149,0.277,
50,0.001,0.375,
51,-0.22,0.333,
52,-0.225,0.026,
53,0.197,0.758,
54,0.17,-0.091,
55,0.469,-0.275,
56,-0.401,0.305,
57,0.042,-0.087,
58,0.286,0.9,
59,0.818,0.656,
60,-0.167,0.484,
61,-0.645,-0.537,
62,0.537,0.025,
63,-0.266,-0.17,
64,0.033,-0.661,
65,0.179,0.154,
66,-0.244,0.18,
67,-0.13,-0.026,
68,0.377,0.027,
69,0.034,0.439,
70,0.012,-0.075,
71,0.871,-0.073,
72,0,0.304,
73,0.182,-0.424,
74,0.167,0.273,
75,-0.291,0.593,
76,0.976,-0.321,
77,0.269,1.349,
78,0.368,0.513,
79,-0.968,-0.237,
80,-0.218,-0.025,
81,-0.117,0.532,
82,0.205,0.211,
83,0.125,0.305,
84,-0.336,-0.928,
85,-0.209,0.048,
86,0.2,-0.062,
87,0,-0.189,
88,0.249,0.11,
89,0.226,0.387,
90,-0.557,0.535,
91,0.668,0.372,
92,-0.025,0.076,
93,-0.109,0.232,
94,-0.197,0.18,
95,-0.1,-0.417,
96,-0.015,-0.18,
97,-0.737,-0.984,
98,0.145,-0.301,
99,-0.051,-0.477,
100,0.261,0.018,
101,-0.189,0.275,
102,-0.294,0.268,
103,-0.219,0.387,
104,0.567,-0.218,
105,-0.186,0.596,
106,-0.701,-1.669,
107,-1.286,-0.399,
108,0.6,-0.58,
109,-0.735,-0.676,
110,0.311,-0.332,
111,0.128,0.276,
112,0.132,-0.014,
113,0.673,0.447,
114,-0.343,-0.324,
115,-0.176,0.041,
116,-0.198,0.681,
117,0.1,0.54,
118,0.147,-0.556,
119,0.667,-0.108,
120,0.068,-0.351,
121,-0.216,-0.393,
122,0.226,-0.191,
123,-0.297,-0.02,
124,0.062,0.464,
125,-0.245,-0.045,
126,-0.142,-0.243,
127,-0.569,0.362,
128,-0.336,0.38,
129,0.312,-0.266,
130,0.142,-0.424,
131,0.523,-0.217,
132,0.089,-0.066,
133,0.164,-0.071,
134,-0.42,-0.285,
135,0.944,0.065,
136,0.216,0.191,
137,1.163,-0.123,
138,0.237,0.224,
139,0.186,-0.582,
140,-0.86,0.983,
141,-0.734,0.451,
142,-0.111,-0.355,
143,0.461,-0.87,
144,0.789,-0.527,
145,-0.783,-0.125,
146,-0.887,0.191,
147,-0.626,0.572,
148,-0.504,-0.598,
149,-0.31,0.505,
150,-0.131,-0.211,
151,0.444,-0.409,
152,-0.64,-0.633,
153,-0.516,0.118,
154,0.01,0.015,
155,0.162,0.301,
156,-0.502,0.731,
157,-0.061,-0.721,
158,0.003,0.054,
159,-0.141,0.002,
160,-0.464,-0.145,
161,-0.172,0.422,
162,0.336,1.024,
163,0.317,0.853,
