1,1.059,0.742,
2,-0.696,0.697,
3,0.26,0.224,
4,-0.092,-0.639,
5,-1.001,1.127,
6,2.022,-1.036,
7,1.284,0.907,
8,0.826,-0.936,
9,-0.63,-0.548,
10,-0.135,-0.188,
11,-0.256,0.919,
12,-0.392,-0.819,
13,0.906,0.48,
14,-0.61,0.477,
15,-0.604,-0.135,
16,-0.307,1.274,
17,-0.706,0.603,
18,0.219,0.355,
19,0.163,-0.768,
20,-0.096,-1.153,
21,-0.205,-0.281,
22,0.03,-0.725,
23,0.333,0.343,
24,0.019,0.774,
25,1.108,-0.985,
26,0.04,1.615,
27,0.328,0.642,
28,0.333,1.152,
29,0.71,0.592,
30,-0.432,0.293,
31,0.481,1.579,
32,0.309,0.613,
33,-0.716,-0.836,
34,-1.266,0.233,
35,0.52,0.997,
36,-0.026,0.746,
37,-0.121,0.002,
38,0.242,-0.155,
39,0.35,0.189,
40,0.411,0.072,
41,1.089,-0.741,
42,0.989,1.704,
43,-0.204,-0.071,
44,0.095,1.088,
45,-0.828,1.156,
46,0.103,0.163,
47,-1.238,0.849,
48,0.462,0.523,
49,0.491,0.308,
50,-0.163,0.391,
51,0.333,0.992,
52,0.004,0.199,
53,0.66,-0.059,
54,0.757,0.239,
55,0.771,-0.431,
56,0.178,0.679,
57,1.448,0.417,
58,0.945,1.33,
59,0.526,0.815,
60,-0.303,0.848,
61,-0.347,0.317,
62,0.72,-0.195,
63,-0.734,0.764,
64,-0.057,-0.488,
65,0.327,0.221,
66,0.467,1.032,
67,-0.073,0.458,
68,0.584,1.176,
69,-0.361,1.615,
70,-0.266,0.339,
71,-0.089,0.75,
72,0.888,1.345,
73,-0.07,-0.634,
74,-0.268,0.608,
75,-1.123,0.282,
76,0.242,0.513,
77,0.614,1.944,
78,0.182,0.962,
79,-1.713,-0.822,
80,0.632,0.398,
81,-0.146,0.932,
82,0.061,0.402,
83,0.633,0.862,
84,-0.457,-0.608,
85,0.434,0.857,
86,-0.03,0.577,
87,0.895,0.522,
88,0.05,-0.307,
89,1.014,-0.215,
90,-0.009,0.781,
91,0.174,1.047,
92,-0.168,0.08,
93,-0.598,0.614,
94,-0.453,0.984,
95,0.441,-0.808,
96,-0.419,0.169,
97,-0.785,-0.256,
98,-0.363,-0.689,
99,0.446,-1.637,
100,0.224,0.583,
101,-0.099,1.189,
102,-0.445,-0.406,
103,-0.76,1.753,
104,0.583,0.035,
105,-0.83,-0.597,
106,-0.249,0.395,
107,-0.907,0.813,
108,0.521,-0.615,
109,-0.442,0.074,
110,0.912,0.469,
111,0.308,0.283,
112,0.288,0.03,
113,1.381,-0.311,
114,0.143,-0.371,
115,0.181,-1.114,
116,1.911,0.465,
117,0.897,0.669,
118,1.174,-0.167,
119,0.595,-0.142,
120,-0.024,-0.141,
121,-0.186,-0.048,
122,1.269,0.341,
123,-0.39,-1.218,
124,0.567,0.249,
125,-0.689,-0.661,
126,0.369,0.185,
127,-0.864,0.352,
128,-0.11,0.294,
129,-0.211,-0.138,
130,0.564,-1.583,
131,1.793,0.531,
132,-0.009,0.334,
133,0.053,0.656,
134,-0.214,-0.725,
135,2.174,-0.593,
136,1.818,0.523,
137,0.92,0.345,
138,0.439,0.074,
139,-0.119,-0.509,
140,-0.706,1.306,
141,-0.158,-0.233,
142,-1.45,-0.077,
143,-0.054,-0.301,
144,-0.517,1.515,
145,-0.437,0.194,
146,-0.201,1.205,
147,-0.814,1.097,
148,-1.891,-0.274,
149,-1.15,-0.152,
150,-1.256,-0.035,
151,0.828,0.162,
152,-1.327,0.819,
153,-0.673,0.397,
154,-0.274,-0.27,
155,0.293,0.676,
156,-0.894,1.273,
157,0.03,-0.936,
158,1.327,0.085,
159,0.684,-0.207,
160,-0.022,0.281,
161,-0.067,0.271,
162,-0.048,1.066,
163,1.473,1.893,
