1,0.017,-0.003,
2,-0.038,0.231,
3,0.654,-0.054,
4,-0.594,-0.665,
5,-0.534,0.4,
6,-0.105,-0.657,
7,1.159,-0.084,
8,-0.107,-0.798,
9,-0.134,-1.407,
10,-0.049,-1.047,
11,-0.439,0.017,
12,-0.205,0.088,
13,0.29,-0.553,
14,-0.291,-1.434,
15,-0.35,0.298,
16,0.233,0.863,
17,-0.733,0.091,
18,0.213,0.099,
19,-0.522,0.087,
20,-0.226,0.372,
21,0.008,-0.038,
22,-0.417,0.093,
23,0.08,-0.007,
24,-0.26,0.212,
25,1.462,-0.072,
26,0.229,-0.108,
27,-0.087,0.382,
28,-0.267,0.365,
29,-0.106,0.323,
30,-0.347,-0.401,
31,0.134,-0.135,
32,-0.074,0.509,
33,-0.459,-1.235,
34,-0.921,0.43,
35,-0.02,0.472,
36,0.576,0.728,
37,-0.192,0.097,
38,0.775,0.097,
39,0.196,0.012,
40,0.28,-0.878,
41,0.157,0.036,
42,0.108,0.002,
43,0.067,-0.259,
44,0.446,-0.029,
45,-0.437,0.34,
46,0.101,-0.159,
47,-0.322,0.045,
48,0.125,-0.099,
49,0.13,0.275,
50,0.001,0.371,
51,-0.225,0.33,
52,-0.22,0.028,
53,0.189,0.756,
54,0.171,-0.089,
55,0.462,-0.275,
56,-0.401,0.308,
57,0.047,-0.085,
58,0.28,0.89,
59,0.814,0.649,
60,-0.168,0.482,
61,-0.63,-0.534,
62,0.55,0.025,
63,-0.267,-0.167,
64,0.03,-0.657,
65,0.179,0.157,
66,-0.245,0.173,
67,-0.131,-0.025,
68,0.377,0.022,
69,0.043,0.435,
70,0.013,-0.072,
71,0.868,-0.081,
72,-0.001,0.303,
73,0.178,-0.422,
74,0.173,0.272,
75,-0.306,0.598,
76,0.963,-0.32,
77,0.268,1.337,
78,0.365,0.513,
79,-0.96,-0.231,
80,-0.221,-0.023,
81,-0.116,0.527,
82,0.206,0.211,
83,0.129,0.308,
84,-0.331,-0.921,
85,-0.213,0.047,
86,0.198,-0.064,
87,0,-0.192,
88,0.253,0.111,
89,0.241,0.385,
90,-0.556,0.53,
91,0.663,0.369,
92,-0.024,0.075,
93,-0.111,0.242,
94,-0.193,0.179,
95,-0.109,-0.413,
96,-0.014,-0.176,
97,-0.729,-0.977,
98,0.146,-0.292,
99,-0.053,-0.475,
100,0.264,0.018,
101,-0.186,0.273,
102,-0.307,0.266,
103,-0.227,0.383,
104,0.566,-0.214,
105,-0.19,0.594,
106,-0.697,-1.66,
107,-1.278,-0.396,
108,0.597,-0.574,
109,-0.732,-0.672,
110,0.308,-0.329,
111,0.133,0.273,
112,0.128,-0.015,
113,0.67,0.446,
114,-0.346,-0.318,
115,-0.158,0.044,
116,-0.204,0.676,
117,0.098,0.539,
118,0.144,-0.55,
119,0.662,-0.104,
120,0.068,-0.346,
121,-0.211,-0.382,
122,0.224,-0.181,
123,-0.297,-0.019,
124,0.058,0.463,
125,-0.236,-0.046,
126,-0.133,-0.239,
127,-0.556,0.359,
128,-0.337,0.384,
129,0.31,-0.264,
130,0.139,-0.415,
131,0.518,-0.213,
132,0.084,-0.067,
133,0.162,-0.073,
134,-0.418,-0.28,
135,0.931,0.062,
136,0.211,0.191,
137,1.151,-0.116,
138,0.239,0.228,
139,0.175,-0.564,
140,-0.853,0.975,
141,-0.73,0.45,
142,-0.109,-0.354,
143,0.464,-0.86,
144,0.79,-0.528,
145,-0.772,-0.121,
146,-0.879,0.19,
147,-0.619,0.565,
148,-0.491,-0.592,
149,-0.289,0.492,
150,-0.136,-0.205,
151,0.44,-0.395,
152,-0.637,-0.626,
153,-0.508,0.12,
154,0.01,0.016,
155,0.161,0.299,
156,-0.496,0.735,
157,-0.082,-0.729,
158,0.008,0.047,
159,-0.149,0.015,
160,-0.463,-0.137,
161,-0.166,0.42,
162,0.343,1.037,
163,0.311,0.823,
