1,-0.14,-0.038,
2,-0.025,0.081,
3,0.611,-0.003,
4,-0.262,-0.295,
5,-0.31,0.122,
6,-0.101,-0.388,
7,0.65,-0.164,
8,-0.037,-0.507,
9,0.071,-0.857,
10,-0.004,-0.537,
11,-0.296,-0.067,
12,0.045,0.043,
13,0.056,-0.405,
14,-0.059,-0.828,
15,-0.197,0.145,
16,0.148,0.39,
17,-0.563,0.172,
18,-0.051,0.188,
19,-0.358,0.234,
20,-0.149,0.295,
21,0.079,0.011,
22,-0.184,0.103,
23,0.018,-0.094,
24,-0.259,0.161,
25,0.977,-0.016,
26,0.301,-0.157,
27,-0.044,0.285,
28,-0.069,0.245,
29,-0.212,0.263,
30,0.171,-0.106,
31,0.129,-0.17,
32,-0.049,0.269,
33,-0.226,-0.661,
34,-0.465,0.183,
35,-0.081,0.356,
36,0.419,0.575,
37,-0.081,0.072,
38,0.506,0.062,
39,0.223,-0.134,
40,0.073,-0.58,
41,0.06,0.109,
42,0.065,-0.237,
43,0.258,-0.192,
44,0.274,-0.038,
45,-0.221,0.155,
46,0.098,-0.085,
47,-0.123,-0.016,
48,0.106,-0.093,
49,-0.053,0.21,
50,-0.011,0.237,
51,-0.383,0.064,
52,-0.046,0.044,
53,0.067,0.583,
54,0.155,-0.027,
55,0.21,-0.143,
56,-0.316,0.42,
57,-0.138,-0.045,
58,0.088,0.449,
59,0.514,0.448,
60,-0.128,0.237,
61,-0.454,-0.372,
62,0.349,0.057,
63,-0.203,-0.126,
64,0.024,-0.3,
65,0.098,0.047,
66,-0.14,0.096,
67,-0.14,-0.001,
68,0.301,-0.066,
69,0.245,0.203,
70,-0.051,-0.127,
71,0.547,-0.168,
72,-0.057,0.129,
73,0.128,-0.091,
74,0.322,0.224,
75,-0.04,0.419,
76,0.563,-0.233,
77,0.103,0.775,
78,0.212,0.426,
79,-0.543,0.057,
80,-0.319,0.072,
81,-0.031,0.234,
82,0.136,0.156,
83,0.126,0.161,
84,-0.041,-0.473,
85,-0.437,-0.155,
86,0.144,-0.238,
87,-0.008,-0.307,
88,0.175,0.076,
89,0.107,0.232,
90,-0.363,0.296,
91,0.425,0.349,
92,-0.074,0.121,
93,-0.038,0.349,
94,-0.064,0.074,
95,-0.151,-0.049,
96,0.091,-0.17,
97,-0.398,-0.722,
98,0.052,-0.149,
99,-0.037,-0.185,
100,0.206,-0.078,
101,-0.162,0.108,
102,-0.108,0.424,
103,-0.056,-0.119,
104,0.271,-0.045,
105,-0.06,0.303,
106,-0.604,-1.345,
107,-0.67,-0.305,
108,0.326,-0.326,
109,-0.466,-0.529,
110,0.145,-0.241,
111,0.043,0.131,
112,0.037,-0.011,
113,0.264,0.328,
114,-0.194,-0.083,
115,-0.229,0.146,
116,-0.248,0.386,
117,0.061,0.243,
118,0.055,-0.378,
119,0.433,0.041,
120,0.066,-0.141,
121,-0.156,-0.34,
122,0.12,-0.066,
123,-0.138,0.108,
124,-0.07,0.28,
125,-0.092,-0.017,
126,-0.051,-0.221,
127,-0.132,0.085,
128,-0.26,0.392,
129,0.284,-0.05,
130,0.069,-0.08,
131,0.1,-0.143,
132,0.034,-0.077,
133,0.021,-0.087,
134,-0.38,-0.054,
135,0.397,0.105,
136,-0.078,-0.031,
137,0.636,-0.046,
138,0.197,0.202,
139,0.125,-0.296,
140,-0.53,0.527,
141,-0.62,0.457,
142,0.035,-0.235,
143,0.376,-0.627,
144,0.816,-0.675,
145,-0.402,-0.134,
146,-0.571,0.11,
147,-0.373,0.321,
148,-0.173,-0.358,
149,-0.146,0.262,
150,-0.086,-0.174,
151,0.229,-0.047,
152,-0.303,-0.409,
153,-0.233,0.008,
154,0.01,0.024,
155,0.159,0.134,
156,-0.368,0.674,
157,-0.085,-0.321,
158,-0.085,0.142,
159,-0.263,0.109,
160,-0.386,0.047,
161,0.009,0.157,
162,0.171,0.643,
163,0.26,0.321,
