1,0.213,0.073,
2,0.064,0.498,
3,0.762,-0.074,
4,-0.948,-1.089,
5,-0.862,0.87,
6,0.026,-0.908,
7,1.728,0.076,
8,-0.073,-1.18,
9,-0.308,-1.821,
10,-0.028,-1.487,
11,-0.58,0.283,
12,-0.527,0.057,
13,0.561,-0.568,
14,-0.589,-1.62,
15,-0.531,0.419,
16,0.317,1.282,
17,-0.871,0.095,
18,0.512,0.013,
19,-0.723,-0.158,
20,-0.349,0.241,
21,-0.092,-0.069,
22,-0.69,-0.01,
23,0.172,0.133,
24,-0.269,0.352,
25,1.975,-0.221,
26,0.14,0.094,
27,-0.117,0.479,
28,-0.644,0.475,
29,0.064,0.377,
30,-0.929,-0.683,
31,0.156,0.045,
32,-0.065,0.781,
33,-0.774,-1.918,
34,-1.558,0.783,
35,0.074,0.594,
36,0.693,0.885,
37,-0.285,0.1,
38,0.852,0.042,
39,0.295,0.205,
40,0.539,-1.189,
41,0.352,-0.153,
42,0.274,0.487,
43,-0.241,-0.336,
44,0.59,0.071,
45,-0.779,0.611,
46,0.138,-0.281,
47,-0.692,0.149,
48,0.11,-0.074,
49,0.495,0.403,
50,0.012,0.527,
51,0.165,0.747,
52,-0.423,-0.015,
53,0.407,0.78,
54,0.262,-0.202,
55,0.812,-0.438,
56,-0.254,0.257,
57,0.378,-0.079,
58,0.633,1.484,
59,1.09,0.764,
60,-0.221,0.792,
61,-0.865,-0.661,
62,0.899,-0.028,
63,-0.326,-0.109,
64,0.115,-1.082,
65,0.251,0.268,
66,-0.328,0.296,
67,-0.123,-0.022,
68,0.441,0.206,
69,-0.322,0.79,
70,0.039,-0.033,
71,1.122,0.167,
72,0.127,0.63,
73,0.29,-0.762,
74,-0.09,0.32,
75,-0.805,0.776,
76,1.545,-0.2,
77,0.49,2.062,
78,0.585,0.694,
79,-1.095,-0.704,
80,-0.008,-0.078,
81,-0.264,0.946,
82,0.27,0.259,
83,0.094,0.476,
84,-0.61,-1.417,
85,0.077,0.438,
86,0.231,0.106,
87,0.074,0.106,
88,0.247,0.022,
89,0.432,0.5,
90,-0.687,0.827,
91,0.947,0.344,
92,0.016,-0.022,
93,-0.232,0.004,
94,-0.394,0.348,
95,0.01,-0.916,
96,-0.095,-0.24,
97,-1.125,-1.081,
98,0.204,-0.584,
99,-0.008,-0.896,
100,0.327,0.133,
101,-0.241,0.502,
102,-0.656,-0.091,
103,-0.392,1.148,
104,0.87,-0.386,
105,-0.402,0.87,
106,-0.755,-1.966,
107,-2.055,-0.496,
108,0.88,-0.827,
109,-0.964,-0.787,
110,0.557,-0.387,
111,0.176,0.305,
112,0.318,-0.034,
113,1.274,0.552,
114,-0.366,-0.61,
115,-0.105,-0.036,
116,0.109,0.959,
117,0.299,0.862,
118,0.361,-0.678,
119,0.911,-0.239,
120,0.052,-0.665,
121,-0.3,-0.52,
122,0.52,-0.35,
123,-0.531,-0.259,
124,0.279,0.697,
125,-0.535,-0.22,
126,-0.213,-0.237,
127,-1.172,0.7,
128,-0.407,0.325,
129,0.324,-0.51,
130,0.254,-0.936,
131,1.233,-0.286,
132,0.168,-0.017,
133,0.302,-0.066,
134,-0.434,-0.677,
135,1.792,-0.025,
136,0.888,0.578,
137,1.697,-0.285,
138,0.318,0.183,
139,0.226,-0.909,
140,-1.178,1.444,
141,-0.804,0.388,
142,-0.343,-0.476,
143,0.497,-1.152,
144,0.669,-0.26,
145,-1.168,-0.004,
146,-1.251,0.339,
147,-0.954,0.858,
148,-0.972,-0.808,
149,-0.554,0.684,
150,-0.318,-0.298,
151,0.642,-0.828,
152,-0.988,-0.785,
153,-0.978,0.382,
154,-0.02,-0.049,
155,0.211,0.478,
156,-0.691,0.693,
157,0.023,-1.27,
158,0.222,-0.03,
159,0.119,-0.249,
160,-0.48,-0.324,
161,-0.357,0.654,
162,0.361,1.454,
163,0.525,1.376,
