1,0.351,0.115,
2,0.157,0.69,
3,0.85,-0.086,
4,-1.12,-1.402,
5,-1.111,1.253,
6,0.321,-1.127,
7,2.11,0.199,
8,0.044,-1.525,
9,-0.4,-1.889,
10,0.113,-1.695,
11,-0.689,0.548,
12,-0.766,-0.022,
13,0.771,-0.493,
14,-0.82,-1.467,
15,-0.662,0.469,
16,0.231,1.433,
17,-0.939,0.163,
18,0.722,-0.034,
19,-0.845,-0.404,
20,-0.42,-0.046,
21,-0.181,-0.121,
22,-0.884,-0.147,
23,0.256,0.254,
24,-0.262,0.49,
25,2.315,-0.431,
26,0.059,0.334,
27,-0.117,0.542,
28,-0.916,0.574,
29,0.234,0.421,
30,-1.328,-0.849,
31,0.194,0.296,
32,-0.031,0.966,
33,-1.024,-2.39,
34,-2.064,1.042,
35,0.168,0.687,
36,0.719,0.973,
37,-0.356,0.086,
38,0.789,-0.073,
39,0.407,0.35,
40,0.719,-1.36,
41,0.551,-0.396,
42,0.488,0.987,
43,-0.446,-0.418,
44,0.645,0.204,
45,-1.042,0.831,
46,0.194,-0.371,
47,-0.985,0.244,
48,0.112,-0.021,
49,0.749,0.496,
50,0.014,0.633,
51,0.522,1.103,
52,-0.56,-0.057,
53,0.604,0.711,
54,0.382,-0.297,
55,1.104,-0.548,
56,0.056,0.269,
57,0.751,-0.03,
58,0.974,1.96,
59,1.247,0.828,
60,-0.267,0.948,
61,-1.061,-0.69,
62,1.135,-0.095,
63,-0.374,0.001,
64,0.187,-1.345,
65,0.281,0.317,
66,-0.351,0.407,
67,-0.118,0.009,
68,0.501,0.411,
69,-0.636,1.118,
70,0.023,-0.006,
71,1.204,0.41,
72,0.289,0.943,
73,0.391,-0.97,
74,-0.318,0.37,
75,-1.218,0.883,
76,1.973,0.057,
77,0.672,2.612,
78,0.764,0.858,
79,-1.017,-1.087,
80,0.202,-0.055,
81,-0.421,1.29,
82,0.322,0.242,
83,0.079,0.603,
84,-0.795,-1.754,
85,0.302,0.754,
86,0.228,0.227,
87,0.2,0.427,
88,0.25,-0.149,
89,0.578,0.516,
90,-0.724,1.047,
91,1.102,0.348,
92,0.028,-0.107,
93,-0.355,-0.188,
94,-0.555,0.51,
95,0.117,-1.25,
96,-0.17,-0.3,
97,-1.377,-0.994,
98,0.154,-0.794,
99,0.097,-1.242,
100,0.374,0.22,
101,-0.277,0.709,
102,-0.928,-0.417,
103,-0.505,1.712,
104,1.072,-0.487,
105,-0.604,0.98,
106,-0.783,-2.079,
107,-2.583,-0.576,
108,1.053,-0.998,
109,-1.037,-0.827,
110,0.778,-0.385,
111,0.19,0.283,
112,0.499,-0.057,
113,1.751,0.566,
114,-0.265,-0.811,
115,-0.008,-0.121,
116,0.514,1.119,
117,0.524,1.075,
118,0.619,-0.738,
119,1.082,-0.269,
120,0.02,-0.9,
121,-0.349,-0.628,
122,0.81,-0.433,
123,-0.707,-0.517,
124,0.489,0.794,
125,-0.817,-0.47,
126,-0.256,-0.23,
127,-1.63,0.875,
128,-0.439,0.266,
129,0.225,-0.672,
130,0.291,-1.366,
131,1.879,-0.319,
132,0.255,0.05,
133,0.397,-0.057,
134,-0.421,-1.023,
135,2.54,-0.146,
136,1.584,0.86,
137,1.994,-0.461,
138,0.403,0.121,
139,0.222,-1.116,
140,-1.38,1.759,
141,-0.816,0.304,
142,-0.634,-0.546,
143,0.468,-1.357,
144,0.506,0.032,
145,-1.401,0.138,
146,-1.488,0.507,
147,-1.22,1.033,
148,-1.385,-0.9,
149,-0.835,0.831,
150,-0.543,-0.368,
151,0.736,-1.074,
152,-1.234,-0.8,
153,-1.42,0.703,
154,-0.064,-0.128,
155,0.27,0.613,
156,-0.838,0.669,
157,0.12,-1.671,
158,0.474,-0.068,
159,0.377,-0.471,
160,-0.461,-0.417,
161,-0.474,0.781,
162,0.335,1.778,
163,0.868,1.763,
