1,0.521,0.199,
2,-0.051,0.908,
3,0.846,-0.052,
4,-1.037,-1.679,
5,-1.327,1.728,
6,1.166,-1.484,
7,2.366,0.317,
8,0.281,-1.983,
9,-0.567,-1.576,
10,0.294,-1.747,
11,-0.789,0.846,
12,-1.005,-0.239,
13,1.008,-0.298,
14,-1.089,-0.971,
15,-0.75,0.374,
16,-0.012,1.641,
17,-0.943,0.38,
18,0.882,-0.032,
19,-0.789,-0.825,
20,-0.376,-0.75,
21,-0.331,-0.26,
22,-1.045,-0.437,
23,0.366,0.39,
24,-0.203,0.696,
25,2.458,-0.858,
26,-0.056,0.834,
27,-0.043,0.647,
28,-0.988,0.816,
29,0.51,0.525,
30,-1.618,-0.935,
31,0.287,0.832,
32,0.045,1.122,
33,-1.295,-2.651,
34,-2.563,1.102,
35,0.341,0.843,
36,0.587,1.025,
37,-0.426,0.023,
38,0.615,-0.307,
39,0.552,0.484,
40,0.801,-1.282,
41,0.792,-0.865,
42,0.919,1.799,
43,-0.525,-0.516,
44,0.559,0.523,
45,-1.233,1.087,
46,0.244,-0.392,
47,-1.274,0.39,
48,0.192,0.144,
49,0.912,0.547,
50,-0.009,0.713,
51,0.828,1.383,
52,-0.625,-0.095,
53,0.855,0.472,
54,0.648,-0.343,
55,1.448,-0.599,
56,0.425,0.526,
57,1.444,0.179,
58,1.432,2.421,
59,1.272,0.949,
60,-0.319,0.948,
61,-1.126,-0.522,
62,1.142,-0.214,
63,-0.459,0.211,
64,0.218,-1.423,
65,0.227,0.211,
66,-0.266,0.584,
67,-0.094,0.132,
68,0.608,0.831,
69,-0.972,1.616,
70,-0.09,0.039,
71,1.003,0.751,
72,0.61,1.408,
73,0.478,-1.044,
74,-0.56,0.493,
75,-1.584,0.908,
76,2.082,0.382,
77,0.876,3.134,
78,0.897,1.061,
79,-1.079,-1.489,
80,0.48,0.213,
81,-0.621,1.576,
82,0.358,0.124,
83,0.179,0.736,
84,-0.952,-1.916,
85,0.586,0.832,
86,0.159,0.371,
87,0.523,0.932,
88,0.203,-0.393,
89,0.7,0.348,
90,-0.604,1.218,
91,1.096,0.55,
92,-0.036,-0.147,
93,-0.561,-0.274,
94,-0.679,0.754,
95,0.374,-1.447,
96,-0.292,-0.321,
97,-1.508,-0.743,
98,-0.123,-1.008,
99,0.427,-1.529,
100,0.353,0.326,
101,-0.279,1.038,
102,-1.039,-0.653,
103,-0.761,2.115,
104,1.209,-0.513,
105,-0.903,0.787,
106,-0.736,-1.553,
107,-2.759,-0.482,
108,1.183,-1.134,
109,-0.945,-0.722,
110,1.094,-0.241,
111,0.234,0.246,
112,0.759,-0.063,
113,2.13,0.406,
114,0.006,-0.938,
115,0.203,-0.359,
116,1.315,1.163,
117,0.803,1.247,
118,1.104,-0.757,
119,1.007,-0.289,
120,-0.075,-0.967,
121,-0.34,-0.65,
122,1.196,-0.386,
123,-0.852,-0.942,
124,0.747,0.592,
125,-1.198,-0.814,
126,-0.282,-0.253,
127,-1.888,0.814,
128,-0.39,0.184,
129,-0.021,-0.733,
130,0.318,-2.011,
131,2.5,-0.285,
132,0.373,0.185,
133,0.459,0.069,
134,-0.405,-1.333,
135,3.321,-0.377,
136,2.607,1.033,
137,1.996,-0.665,
138,0.538,0.027,
139,0.149,-1.195,
140,-1.501,2.033,
141,-0.71,0.127,
142,-1.186,-0.535,
143,0.298,-1.47,
144,0.077,0.648,
145,-1.464,0.376,
146,-1.545,0.859,
147,-1.509,1.074,
148,-1.958,-0.833,
149,-1.346,0.977,
150,-0.98,-0.39,
151,0.686,-1.064,
152,-1.437,-0.519,
153,-1.798,0.988,
154,-0.162,-0.269,
155,0.332,0.778,
156,-0.974,0.716,
157,0.195,-1.954,
158,0.976,-0.043,
159,0.728,-0.675,
160,-0.387,-0.396,
161,-0.534,0.814,
162,0.261,2.075,
163,1.652,2.228,
