1,-0.141,-0.041,
2,-0.025,0.082,
3,0.611,-0.002,
4,-0.263,-0.295,
5,-0.311,0.124,
6,-0.099,-0.394,
7,0.648,-0.168,
8,-0.037,-0.507,
9,0.07,-0.86,
10,-0.003,-0.537,
11,-0.297,-0.067,
12,0.044,0.043,
13,0.056,-0.406,
14,-0.059,-0.828,
15,-0.194,0.141,
16,0.149,0.393,
17,-0.564,0.172,
18,-0.05,0.187,
19,-0.358,0.234,
20,-0.15,0.297,
21,0.08,0.011,
22,-0.185,0.101,
23,0.018,-0.094,
24,-0.259,0.161,
25,0.977,-0.014,
26,0.301,-0.157,
27,-0.044,0.286,
28,-0.069,0.245,
29,-0.212,0.263,
30,0.171,-0.107,
31,0.129,-0.171,
32,-0.049,0.27,
33,-0.227,-0.663,
34,-0.468,0.184,
35,-0.081,0.356,
36,0.418,0.576,
37,-0.08,0.072,
38,0.509,0.063,
39,0.224,-0.133,
40,0.073,-0.581,
41,0.06,0.109,
42,0.063,-0.235,
43,0.258,-0.191,
44,0.275,-0.039,
45,-0.222,0.155,
46,0.098,-0.085,
47,-0.124,-0.015,
48,0.105,-0.093,
49,-0.05,0.21,
50,-0.011,0.237,
51,-0.382,0.065,
52,-0.047,0.044,
53,0.069,0.584,
54,0.154,-0.027,
55,0.211,-0.143,
56,-0.316,0.419,
57,-0.139,-0.046,
58,0.088,0.45,
59,0.515,0.449,
60,-0.127,0.237,
61,-0.457,-0.373,
62,0.346,0.056,
63,-0.203,-0.127,
64,0.025,-0.301,
65,0.098,0.046,
66,-0.139,0.097,
67,-0.14,-0.001,
68,0.302,-0.066,
69,0.243,0.204,
70,-0.051,-0.127,
71,0.547,-0.166,
72,-0.057,0.129,
73,0.129,-0.091,
74,0.321,0.224,
75,-0.035,0.417,
76,0.565,-0.233,
77,0.103,0.777,
78,0.213,0.426,
79,-0.543,0.057,
80,-0.319,0.072,
81,-0.031,0.234,
82,0.136,0.156,
83,0.125,0.161,
84,-0.042,-0.474,
85,-0.437,-0.155,
86,0.144,-0.238,
87,-0.008,-0.307,
88,0.175,0.076,
89,0.103,0.233,
90,-0.364,0.296,
91,0.425,0.349,
92,-0.074,0.121,
93,-0.037,0.347,
94,-0.064,0.074,
95,-0.149,-0.049,
96,0.091,-0.17,
97,-0.399,-0.724,
98,0.052,-0.151,
99,-0.037,-0.186,
100,0.205,-0.078,
101,-0.162,0.108,
102,-0.104,0.425,
103,-0.054,-0.119,
104,0.271,-0.046,
105,-0.059,0.303,
106,-0.605,-1.347,
107,-0.671,-0.306,
108,0.327,-0.327,
109,-0.467,-0.53,
110,0.145,-0.241,
111,0.042,0.132,
112,0.037,-0.011,
113,0.263,0.328,
114,-0.194,-0.084,
115,-0.231,0.145,
116,-0.248,0.387,
117,0.062,0.242,
118,0.055,-0.379,
119,0.435,0.041,
120,0.066,-0.142,
121,-0.157,-0.342,
122,0.12,-0.068,
123,-0.137,0.107,
124,-0.07,0.28,
125,-0.094,-0.017,
126,-0.053,-0.223,
127,-0.134,0.086,
128,-0.259,0.391,
129,0.284,-0.05,
130,0.069,-0.081,
131,0.1,-0.143,
132,0.035,-0.077,
133,0.021,-0.087,
134,-0.38,-0.054,
135,0.399,0.105,
136,-0.078,-0.032,
137,0.638,-0.047,
138,0.197,0.202,
139,0.127,-0.298,
140,-0.531,0.528,
141,-0.621,0.458,
142,0.035,-0.236,
143,0.376,-0.628,
144,0.816,-0.675,
145,-0.403,-0.136,
146,-0.572,0.11,
147,-0.374,0.322,
148,-0.175,-0.359,
149,-0.15,0.266,
150,-0.085,-0.176,
151,0.229,-0.049,
152,-0.303,-0.41,
153,-0.234,0.008,
154,0.01,0.024,
155,0.159,0.134,
156,-0.369,0.674,
157,-0.08,-0.319,
158,-0.086,0.144,
159,-0.262,0.107,
160,-0.386,0.045,
161,0.008,0.157,
162,0.171,0.641,
163,0.261,0.328,
