1,0.805,0.396,
2,-0.495,0.959,
3,0.631,0.051,
4,-0.643,-1.441,
5,-1.352,1.629,
6,1.969,-1.518,
7,2.075,0.488,
8,0.494,-1.911,
9,-0.696,-1.095,
10,0.135,-1.348,
11,-0.693,0.908,
12,-0.882,-0.505,
13,1.033,0.037,
14,-1.031,-0.293,
15,-0.705,0.116,
16,-0.199,1.681,
17,-0.862,0.535,
18,0.712,0.097,
19,-0.387,-1.035,
20,-0.2,-1.28,
21,-0.37,-0.384,
22,-0.59,-0.688,
23,0.393,0.396,
24,-0.094,0.789,
25,2.079,-1.236,
26,-0.086,1.29,
27,0.12,0.693,
28,-0.473,1.053,
29,0.693,0.586,
30,-1.32,-0.566,
31,0.414,1.296,
32,0.15,0.971,
33,-1.171,-2.042,
34,-2.266,0.745,
35,0.477,0.942,
36,0.321,0.934,
37,-0.36,-0.03,
38,0.439,-0.402,
39,0.535,0.393,
40,0.646,-0.708,
41,0.915,-1.127,
42,1.161,2.088,
43,-0.475,-0.448,
44,0.305,0.852,
45,-1.089,1.164,
46,0.204,-0.197,
47,-1.368,0.71,
48,0.315,0.34,
49,0.761,0.458,
50,-0.069,0.623,
51,0.646,1.341,
52,-0.404,-0.029,
53,0.878,0.18,
54,0.832,-0.15,
55,1.379,-0.51,
56,0.305,0.806,
57,1.85,0.389,
58,1.442,2.147,
59,1.084,0.993,
60,-0.36,0.952,
61,-0.772,-0.177,
62,0.914,-0.274,
63,-0.618,0.476,
64,0.174,-1.176,
65,0.193,0.086,
66,0.009,0.743,
67,-0.063,0.307,
68,0.664,1.136,
69,-0.848,1.795,
70,-0.192,0.193,
71,0.463,0.857,
72,0.854,1.578,
73,0.305,-1.028,
74,-0.526,0.572,
75,-1.492,0.713,
76,1.314,0.406,
77,0.857,2.888,
78,0.683,1.095,
79,-1.419,-1.45,
80,0.628,0.447,
81,-0.487,1.479,
82,0.202,0.215,
83,0.432,0.867,
84,-0.825,-1.468,
85,0.619,0.756,
86,0.077,0.43,
87,0.824,1.023,
88,0.07,-0.379,
89,0.788,0.001,
90,-0.339,1.101,
91,0.718,0.839,
92,-0.144,-0.062,
93,-0.671,0.061,
94,-0.623,0.902,
95,0.468,-1.416,
96,-0.367,-0.144,
97,-1.311,-0.599,
98,-0.272,-1.096,
99,0.571,-1.682,
100,0.295,0.45,
101,-0.2,1.218,
102,-0.795,-0.647,
103,-1.03,2.165,
104,1.028,-0.326,
105,-1.017,0.164,
106,-0.548,-0.564,
107,-2.12,0.039,
108,1.073,-0.999,
109,-0.808,-0.404,
110,1.163,0.062,
111,0.31,0.19,
112,0.736,-0.025,
113,2.086,0.045,
114,0.059,-0.766,
115,0.312,-0.703,
116,1.894,0.905,
117,0.991,1.09,
118,1.381,-0.569,
119,0.678,-0.333,
120,-0.143,-0.643,
121,-0.25,-0.416,
122,1.403,-0.166,
123,-0.736,-1.196,
124,0.757,0.422,
125,-1.198,-0.872,
126,-0.061,-0.103,
127,-1.565,0.615,
128,-0.27,0.186,
129,-0.184,-0.54,
130,0.446,-2.236,
131,2.338,-0.095,
132,0.255,0.288,
133,0.343,0.346,
134,-0.401,-1.252,
135,3.226,-0.561,
136,2.894,0.976,
137,1.623,-0.342,
138,0.58,0.011,
139,0.023,-0.931,
140,-1.268,1.863,
141,-0.467,-0.056,
142,-1.553,-0.315,
143,0.086,-1.105,
144,-0.305,1.192,
145,-1.018,0.428,
146,-1.072,1.14,
147,-1.363,1.081,
148,-2.193,-0.608,
149,-1.538,0.707,
150,-1.412,-0.278,
151,0.656,-0.604,
152,-1.483,0.076,
153,-1.459,0.7,
154,-0.245,-0.332,
155,0.349,0.8,
156,-0.964,0.939,
157,0.153,-1.685,
158,1.381,-0.007,
159,0.803,-0.569,
160,-0.224,-0.141,
161,-0.376,0.614,
162,0.153,1.903,
163,1.933,2.548,
