1,0.659,0.283,
2,-0.292,0.905,
3,0.735,-0.044,
4,-0.84,-1.614,
5,-1.294,1.652,
6,1.462,-1.421,
7,2.298,0.532,
8,0.368,-1.991,
9,-0.623,-1.323,
10,0.17,-1.662,
11,-0.753,0.94,
12,-0.931,-0.336,
13,1.046,-0.165,
14,-1.088,-0.665,
15,-0.792,0.446,
16,-0.137,1.629,
17,-0.903,0.456,
18,0.8,0.031,
19,-0.597,-0.907,
20,-0.263,-1.012,
21,-0.35,-0.326,
22,-0.812,-0.529,
23,0.377,0.394,
24,-0.125,0.713,
25,2.305,-1.092,
26,-0.098,0.998,
27,0.033,0.662,
28,-0.748,0.912,
29,0.607,0.562,
30,-1.527,-0.758,
31,0.351,1.082,
32,0.105,1.067,
33,-1.251,-2.373,
34,-2.431,0.932,
35,0.413,0.891,
36,0.5,0.958,
37,-0.453,-0.005,
38,0.548,-0.341,
39,0.546,0.455,
40,0.743,-1.01,
41,0.835,-0.977,
42,1.054,1.958,
43,-0.514,-0.514,
44,0.439,0.686,
45,-1.162,1.109,
46,0.205,-0.264,
47,-1.308,0.507,
48,0.292,0.224,
49,0.772,0.503,
50,-0.04,0.662,
51,0.772,1.401,
52,-0.51,-0.069,
53,0.878,0.322,
54,0.743,-0.265,
55,1.408,-0.589,
56,0.381,0.683,
57,1.66,0.28,
58,1.434,2.311,
59,1.18,0.968,
60,-0.351,0.962,
61,-0.919,-0.367,
62,1.061,-0.302,
63,-0.533,0.331,
64,0.234,-1.344,
65,0.218,0.173,
66,-0.153,0.654,
67,-0.084,0.206,
68,0.627,0.971,
69,-0.94,1.686,
70,-0.112,0.135,
71,0.77,0.792,
72,0.725,1.505,
73,0.413,-1.057,
74,-0.522,0.53,
75,-1.62,0.775,
76,1.701,0.398,
77,0.881,3.019,
78,0.822,1.095,
79,-1.198,-1.466,
80,0.522,0.342,
81,-0.571,1.575,
82,0.31,0.163,
83,0.321,0.797,
84,-0.907,-1.742,
85,0.612,0.796,
86,0.099,0.408,
87,0.658,0.986,
88,0.164,-0.383,
89,0.826,0.237,
90,-0.498,1.159,
91,0.904,0.676,
92,-0.071,-0.128,
93,-0.627,-0.114,
94,-0.637,0.824,
95,0.409,-1.453,
96,-0.285,-0.228,
97,-1.393,-0.672,
98,-0.191,-1.066,
99,0.503,-1.602,
100,0.3,0.376,
101,-0.221,1.124,
102,-0.94,-0.593,
103,-0.94,2.141,
104,1.161,-0.419,
105,-0.977,0.509,
106,-0.64,-1.079,
107,-2.444,-0.255,
108,1.169,-1.056,
109,-0.905,-0.566,
110,1.136,-0.096,
111,0.267,0.227,
112,0.738,-0.053,
113,2.11,0.223,
114,-0.03,-0.845,
115,0.357,-0.501,
116,1.541,1.052,
117,0.932,1.172,
118,1.262,-0.681,
119,0.835,-0.299,
120,-0.104,-0.809,
121,-0.302,-0.509,
122,1.32,-0.273,
123,-0.816,-1.078,
124,0.726,0.516,
125,-1.192,-0.842,
126,-0.225,-0.238,
127,-1.681,0.727,
128,-0.363,0.22,
129,-0.118,-0.656,
130,0.39,-2.136,
131,2.442,-0.17,
132,0.308,0.218,
133,0.425,0.163,
134,-0.387,-1.29,
135,3.249,-0.489,
136,2.79,1.046,
137,1.796,-0.497,
138,0.584,0.057,
139,0.048,-0.995,
140,-1.398,1.963,
141,-0.583,0.034,
142,-1.353,-0.441,
143,0.222,-1.305,
144,-0.116,0.84,
145,-1.236,0.405,
146,-1.309,0.986,
147,-1.443,1.023,
148,-2.014,-0.759,
149,-1.418,0.725,
150,-1.237,-0.314,
151,0.666,-0.793,
152,-1.465,-0.223,
153,-1.646,0.82,
154,-0.191,-0.28,
155,0.335,0.802,
156,-0.945,0.841,
157,0.091,-2.005,
158,1.203,-0.009,
159,0.747,-0.594,
160,-0.324,-0.233,
161,-0.438,0.757,
162,0.281,2.109,
163,1.709,2.242,
