1,0.621,0.28,
2,-0.276,0.973,
3,0.762,-0.009,
4,-0.87,-1.627,
5,-1.358,1.758,
6,1.604,-1.551,
7,2.29,0.379,
8,0.367,-2.025,
9,-0.646,-1.358,
10,0.234,-1.644,
11,-0.769,0.896,
12,-0.997,-0.359,
13,1.035,-0.149,
14,-1.1,-0.651,
15,-0.739,0.256,
16,-0.101,1.706,
17,-0.907,0.477,
18,0.834,0.016,
19,-0.618,-0.967,
20,-0.278,-1.065,
21,-0.371,-0.332,
22,-0.877,-0.571,
23,0.391,0.404,
24,-0.152,0.757,
25,2.318,-1.087,
26,-0.083,1.072,
27,0.03,0.683,
28,-0.795,0.942,
29,0.603,0.564,
30,-1.53,-0.813,
31,0.352,1.081,
32,0.091,1.083,
33,-1.283,-2.443,
34,-2.515,0.957,
35,0.415,0.901,
36,0.467,0.997,
37,-0.414,-0.011,
38,0.53,-0.384,
39,0.565,0.465,
40,0.744,-1.04,
41,0.84,-1.037,
42,1.078,2.024,
43,-0.521,-0.512,
44,0.444,0.695,
45,-1.18,1.124,
46,0.233,-0.32,
47,-1.336,0.528,
48,0.249,0.241,
49,0.865,0.517,
50,-0.034,0.689,
51,0.771,1.402,
52,-0.545,-0.078,
53,0.893,0.326,
54,0.761,-0.278,
55,1.471,-0.567,
56,0.413,0.699,
57,1.692,0.319,
58,1.498,2.37,
59,1.198,0.972,
60,-0.349,0.961,
61,-0.993,-0.369,
62,1.033,-0.255,
63,-0.529,0.336,
64,0.218,-1.356,
65,0.191,0.123,
66,-0.153,0.658,
67,-0.076,0.217,
68,0.647,1.006,
69,-0.967,1.75,
70,-0.141,0.112,
71,0.764,0.83,
72,0.746,1.534,
73,0.437,-1.048,
74,-0.577,0.539,
75,-1.578,0.842,
76,1.781,0.413,
77,0.895,3.106,
78,0.833,1.1,
79,-1.214,-1.526,
80,0.558,0.371,
81,-0.588,1.574,
82,0.297,0.144,
83,0.29,0.794,
84,-0.931,-1.772,
85,0.644,0.791,
86,0.113,0.406,
87,0.686,1.045,
88,0.133,-0.404,
89,0.734,0.189,
90,-0.48,1.189,
91,0.949,0.694,
92,-0.092,-0.115,
93,-0.631,-0.15,
94,-0.668,0.837,
95,0.448,-1.483,
96,-0.325,-0.249,
97,-1.438,-0.668,
98,-0.214,-1.095,
99,0.538,-1.606,
100,0.316,0.375,
101,-0.247,1.148,
102,-0.933,-0.662,
103,-0.937,2.166,
104,1.15,-0.444,
105,-0.984,0.517,
106,-0.658,-1.077,
107,-2.523,-0.262,
108,1.184,-1.098,
109,-0.904,-0.586,
110,1.167,-0.107,
111,0.28,0.216,
112,0.794,-0.047,
113,2.174,0.247,
114,0.039,-0.885,
115,0.278,-0.515,
116,1.646,1.065,
117,0.902,1.211,
118,1.28,-0.69,
119,0.833,-0.332,
120,-0.118,-0.841,
121,-0.3,-0.56,
122,1.319,-0.307,
123,-0.816,-1.093,
124,0.782,0.496,
125,-1.242,-0.848,
126,-0.214,-0.219,
127,-1.782,0.726,
128,-0.336,0.172,
129,-0.116,-0.665,
130,0.38,-2.217,
131,2.482,-0.217,
132,0.349,0.24,
133,0.424,0.195,
134,-0.409,-1.334,
135,3.37,-0.473,
136,2.867,1.025,
137,1.848,-0.571,
138,0.574,0.009,
139,0.092,-1.096,
140,-1.426,2,
141,-0.602,0.036,
142,-1.381,-0.448,
143,0.19,-1.349,
144,-0.13,0.94,
145,-1.295,0.436,
146,-1.369,1.016,
147,-1.49,1.078,
148,-2.113,-0.742,
149,-1.5,0.907,
150,-1.237,-0.348,
151,0.656,-0.883,
152,-1.475,-0.252,
153,-1.708,0.886,
154,-0.208,-0.313,
155,0.346,0.808,
156,-0.981,0.803,
157,0.186,-1.87,
158,1.2,-0.022,
159,0.797,-0.653,
160,-0.314,-0.296,
161,-0.479,0.739,
162,0.22,2.053,
163,1.884,2.42,
