1,0.232,0.093,
2,0.048,0.463,
3,0.751,-0.084,
4,-0.927,-1.079,
5,-0.831,0.818,
6,-0.008,-0.848,
7,1.734,0.123,
8,-0.072,-1.176,
9,-0.298,-1.792,
10,-0.05,-1.491,
11,-0.574,0.275,
12,-0.503,0.061,
13,0.559,-0.569,
14,-0.58,-1.617,
15,-0.554,0.468,
16,0.294,1.239,
17,-0.868,0.091,
18,0.495,0.021,
19,-0.711,-0.153,
20,-0.341,0.233,
21,-0.092,-0.08,
22,-0.665,0.011,
23,0.166,0.129,
24,-0.258,0.336,
25,1.972,-0.24,
26,0.136,0.074,
27,-0.114,0.471,
28,-0.619,0.468,
29,0.064,0.375,
30,-0.919,-0.664,
31,0.157,0.05,
32,-0.059,0.77,
33,-0.762,-1.884,
34,-1.513,0.758,
35,0.072,0.59,
36,0.698,0.868,
37,-0.297,0.101,
38,0.835,0.04,
39,0.276,0.194,
40,0.532,-1.169,
41,0.349,-0.143,
42,0.283,0.454,
43,-0.243,-0.35,
44,0.581,0.073,
45,-0.764,0.601,
46,0.139,-0.274,
47,-0.661,0.135,
48,0.124,-0.075,
49,0.444,0.396,
50,0.01,0.515,
51,0.148,0.739,
52,-0.409,-0.011,
53,0.385,0.778,
54,0.261,-0.196,
55,0.791,-0.438,
56,-0.26,0.262,
57,0.389,-0.078,
58,0.614,1.455,
59,1.083,0.75,
60,-0.225,0.785,
61,-0.827,-0.655,
62,0.93,-0.039,
63,-0.329,-0.106,
64,0.108,-1.073,
65,0.255,0.277,
66,-0.329,0.278,
67,-0.125,-0.022,
68,0.442,0.19,
69,-0.297,0.772,
70,0.044,-0.025,
71,1.114,0.142,
72,0.123,0.622,
73,0.279,-0.758,
74,-0.07,0.318,
75,-0.84,0.781,
76,1.505,-0.202,
77,0.484,2.026,
78,0.577,0.69,
79,-1.081,-0.681,
80,-0.019,-0.077,
81,-0.258,0.933,
82,0.272,0.261,
83,0.105,0.486,
84,-0.6,-1.4,
85,0.066,0.433,
86,0.226,0.102,
87,0.072,0.092,
88,0.259,0.025,
89,0.473,0.506,
90,-0.687,0.813,
91,0.931,0.337,
92,0.019,-0.024,
93,-0.238,0.034,
94,-0.381,0.344,
95,-0.014,-0.904,
96,-0.092,-0.227,
97,-1.103,-1.072,
98,0.208,-0.557,
99,-0.015,-0.891,
100,0.333,0.132,
101,-0.23,0.494,
102,-0.687,-0.084,
103,-0.406,1.134,
104,0.868,-0.374,
105,-0.41,0.865,
106,-0.746,-1.946,
107,-2.028,-0.488,
108,0.874,-0.81,
109,-0.959,-0.778,
110,0.547,-0.38,
111,0.187,0.303,
112,0.303,-0.035,
113,1.259,0.546,
114,-0.378,-0.591,
115,-0.06,-0.03,
116,0.083,0.947,
117,0.292,0.855,
118,0.353,-0.664,
119,0.899,-0.227,
120,0.053,-0.647,
121,-0.289,-0.487,
122,0.511,-0.322,
123,-0.527,-0.255,
124,0.264,0.695,
125,-0.507,-0.221,
126,-0.194,-0.229,
127,-1.131,0.692,
128,-0.412,0.339,
129,0.319,-0.504,
130,0.247,-0.906,
131,1.214,-0.273,
132,0.155,-0.023,
133,0.298,-0.073,
134,-0.428,-0.66,
135,1.748,-0.033,
136,0.867,0.577,
137,1.666,-0.259,
138,0.321,0.196,
139,0.201,-0.86,
140,-1.162,1.424,
141,-0.794,0.387,
142,-0.337,-0.471,
143,0.51,-1.123,
144,0.672,-0.269,
145,-1.136,0.001,
146,-1.225,0.332,
147,-0.934,0.838,
148,-0.937,-0.799,
149,-0.502,0.645,
150,-0.325,-0.281,
151,0.634,-0.786,
152,-0.982,-0.766,
153,-0.953,0.379,
154,-0.018,-0.041,
155,0.209,0.474,
156,-0.674,0.708,
157,-0.028,-1.296,
158,0.24,-0.048,
159,0.097,-0.214,
160,-0.481,-0.299,
161,-0.34,0.652,
162,0.385,1.489,
163,0.495,1.299,
