1,0.568,0.219,
2,-0.069,0.849,
3,0.82,-0.082,
4,-1.003,-1.662,
5,-1.263,1.621,
6,1.038,-1.357,
7,2.37,0.457,
8,0.282,-1.955,
9,-0.545,-1.535,
10,0.224,-1.775,
11,-0.773,0.871,
12,-0.943,-0.221,
13,1.013,-0.31,
14,-1.074,-0.981,
15,-0.794,0.54,
16,-0.05,1.564,
17,-0.938,0.362,
18,0.847,-0.017,
19,-0.766,-0.782,
20,-0.36,-0.712,
21,-0.317,-0.265,
22,-0.977,-0.395,
23,0.354,0.38,
24,-0.177,0.655,
25,2.446,-0.871,
26,-0.068,0.769,
27,-0.039,0.627,
28,-0.935,0.792,
29,0.514,0.523,
30,-1.61,-0.883,
31,0.287,0.834,
32,0.058,1.103,
33,-1.264,-2.58,
34,-2.471,1.065,
35,0.339,0.833,
36,0.613,0.988,
37,-0.461,0.028,
38,0.622,-0.274,
39,0.523,0.471,
40,0.795,-1.248,
41,0.784,-0.816,
42,0.906,1.725,
43,-0.523,-0.528,
44,0.55,0.518,
45,-1.21,1.069,
46,0.221,-0.344,
47,-1.239,0.37,
48,0.231,0.131,
49,0.815,0.533,
50,-0.014,0.687,
51,0.814,1.383,
52,-0.592,-0.086,
53,0.828,0.471,
54,0.635,-0.328,
55,1.39,-0.613,
56,0.392,0.519,
57,1.429,0.154,
58,1.372,2.357,
59,1.257,0.937,
60,-0.326,0.952,
61,-1.052,-0.516,
62,1.189,-0.259,
63,-0.465,0.21,
64,0.225,-1.412,
65,0.25,0.255,
66,-0.268,0.568,
67,-0.1,0.125,
68,0.594,0.795,
69,-0.934,1.558,
70,-0.063,0.067,
71,1.003,0.705,
72,0.593,1.381,
73,0.456,-1.055,
74,-0.508,0.485,
75,-1.637,0.851,
76,1.997,0.366,
77,0.864,3.051,
78,0.882,1.054,
79,-1.071,-1.434,
80,0.447,0.193,
81,-0.604,1.569,
82,0.367,0.141,
83,0.21,0.743,
84,-0.931,-1.888,
85,0.557,0.833,
86,0.147,0.369,
87,0.502,0.878,
88,0.231,-0.374,
89,0.794,0.391,
90,-0.617,1.188,
91,1.05,0.533,
92,-0.019,-0.156,
93,-0.562,-0.226,
94,-0.648,0.741,
95,0.329,-1.421,
96,-0.263,-0.296,
97,-1.461,-0.743,
98,-0.101,-0.971,
99,0.395,-1.526,
100,0.346,0.329,
101,-0.254,1.016,
102,-1.073,-0.588,
103,-0.771,2.089,
104,1.214,-0.488,
105,-0.902,0.778,
106,-0.718,-1.539,
107,-2.687,-0.468,
108,1.175,-1.094,
109,-0.951,-0.701,
110,1.066,-0.229,
111,0.235,0.253,
112,0.71,-0.067,
113,2.071,0.383,
114,-0.055,-0.897,
115,0.285,-0.346,
116,1.225,1.146,
117,0.824,1.216,
118,1.087,-0.743,
119,0.999,-0.261,
120,-0.065,-0.931,
121,-0.335,-0.591,
122,1.192,-0.343,
123,-0.848,-0.928,
124,0.696,0.609,
125,-1.141,-0.806,
126,-0.279,-0.262,
127,-1.791,0.81,
128,-0.412,0.226,
129,-0.027,-0.725,
130,0.322,-1.934,
131,2.459,-0.245,
132,0.33,0.166,
133,0.457,0.044,
134,-0.387,-1.289,
135,3.205,-0.395,
136,2.537,1.047,
137,1.944,-0.589,
138,0.546,0.069,
139,0.104,-1.094,
140,-1.472,1.994,
141,-0.691,0.125,
142,-1.162,-0.525,
143,0.33,-1.418,
144,0.089,0.569,
145,-1.4,0.358,
146,-1.485,0.834,
147,-1.461,1.024,
148,-1.869,-0.842,
149,-1.264,0.822,
150,-0.985,-0.356,
151,0.694,-0.974,
152,-1.431,-0.487,
153,-1.737,0.933,
154,-0.149,-0.24,
155,0.322,0.771,
156,-0.938,0.752,
157,0.109,-2.07,
158,0.996,-0.055,
159,0.679,-0.612,
160,-0.394,-0.337,
161,-0.494,0.825,
162,0.318,2.135,
163,1.499,2.065,
