1,0.344,0.718,
2,0.059,0.296,
3,-0.14,0.368,
4,0.289,0.459,
5,0.068,0.734,
6,-0.821,0.242,
7,0.083,1.139,
8,0.536,0.651,
9,-0.184,-0.032,
10,-0.341,1.245,
11,0.556,0.907,
12,-0.052,-0.297,
13,0.76,0.557,
14,-0.326,0.765,
15,-0.261,-0.018,
16,0.084,0.336,
17,-0.465,0.643,
18,-0.225,0.522,
19,0.312,0.588,
20,0.093,0.139,
21,-0.062,0.351,
22,0,0.146,
23,0.197,0.242,
24,0.102,0.528,
25,-0.042,0.399,
26,0.309,1.417,
27,0.467,0.597,
28,0.372,0.833,
29,0.272,0.652,
30,0.267,1.029,
31,0.253,1.29,
32,0.237,0.274,
33,-0.129,0.373,
34,-0.451,-0.008,
35,0.241,1.173,
36,-0.277,0.649,
37,0.176,0.291,
38,-0.018,0.49,
39,0.068,0.456,
40,0.052,0.573,
41,0.542,0.692,
42,0.533,0.93,
43,0.296,0.684,
44,0.324,1.136,
45,-0.165,0.848,
46,-0.074,0.501,
47,-0.805,0.32,
48,0.747,0.57,
49,0.03,0.228,
50,-0.274,0.148,
51,0.074,0.515,
52,0.238,0.566,
53,0.379,-0.056,
54,0.388,0.643,
55,-0.206,-0.264,
56,0.128,0.691,
57,0.007,0.454,
58,0.076,0.733,
59,-0.253,0.41,
60,-0.058,0.549,
61,-0.016,0.619,
62,0.365,0.62,
63,-0.141,0.747,
64,-0.345,0.143,
65,0.341,0.349,
66,0.489,1.231,
67,-0.204,0.376,
68,0.254,0.606,
69,0.16,1.206,
70,-0.106,0.471,
71,-0.036,0.403,
72,0.521,0.623,
73,-0.298,0.305,
74,0.233,0.676,
75,-0.326,0.238,
76,-0.151,0.767,
77,0.075,0.643,
78,-0.332,0.647,
79,-0.986,0.316,
80,0.143,0.145,
81,0.322,0.425,
82,0.248,0.493,
83,0.416,0.573,
84,-0.085,0.362,
85,0.358,0.775,
86,-0.106,0.967,
87,0.238,-0.096,
88,0.127,0.083,
89,0.358,0.559,
90,0.248,0.356,
91,0.042,0.983,
92,-0.051,0.27,
93,-0.299,1.012,
94,-0.214,1.01,
95,0.202,0.185,
96,-0.106,0.337,
97,0.351,0.492,
98,-0.528,-0.235,
99,0.248,0.135,
100,-0.116,0.492,
101,0.004,0.911,
102,0.165,0.134,
103,-0.256,0.869,
104,0.062,0.482,
105,-0.307,-0.115,
106,0.084,0.968,
107,0.358,1.578,
108,-0.043,0.117,
109,0.042,0.514,
110,0.611,0.782,
111,0.132,0.575,
112,-0.52,0.213,
113,0.321,0.232,
114,0.078,0.109,
115,0.124,-1.005,
116,0.592,0.196,
117,0.418,0.549,
118,0.112,0.375,
119,0.231,0.343,
120,0.215,0.328,
121,-0.188,0.354,
122,0.757,0.719,
123,-0.275,-0.543,
124,0.433,0.12,
125,0.026,0.175,
126,0.538,0.376,
127,0.251,0.072,
128,0,0.665,
129,-0.101,0.378,
130,0.295,0.276,
131,0.677,1.443,
132,-0.362,0.428,
133,-0.185,0.789,
134,0.107,0.581,
135,0.117,-0.021,
136,0.168,0.284,
137,-0.04,0.811,
138,-0.007,0.403,
139,-0.358,-0.088,
140,0.035,0.554,
141,-0.044,-0.15,
142,-0.247,0.107,
143,0.037,0.689,
144,-0.42,1.003,
145,-0.313,0.122,
146,0.615,1.032,
147,-0.123,0.773,
148,-0.557,0.498,
149,-0.238,-1.087,
150,-1.141,0.631,
151,0.931,0.956,
152,-0.38,1.017,
153,0.271,0.289,
154,-0.127,0.208,
155,-0.003,0.508,
156,-0.432,0.899,
157,-0.08,0.264,
158,0.417,0.846,
159,0.252,0.538,
160,-0.049,0.698,
161,0.225,0.336,
162,-0.092,0.564,
163,0.808,0.082,
