1,0.927,0.454,
2,-0.534,0.79,
3,0.584,0,
4,-0.61,-1.407,
5,-1.21,1.382,
6,1.649,-1.21,
7,2.124,0.834,
8,0.51,-1.85,
9,-0.652,-1.047,
10,0.023,-1.403,
11,-0.691,0.968,
12,-0.757,-0.475,
13,1.058,-0.029,
14,-1,-0.348,
15,-0.839,0.528,
16,-0.286,1.519,
17,-0.88,0.473,
18,0.653,0.12,
19,-0.37,-0.937,
20,-0.183,-1.214,
21,-0.303,-0.388,
22,-0.489,-0.587,
23,0.365,0.377,
24,-0.029,0.68,
25,2.071,-1.251,
26,-0.105,1.15,
27,0.1,0.63,
28,-0.407,0.986,
29,0.689,0.588,
30,-1.314,-0.461,
31,0.408,1.299,
32,0.179,0.954,
33,-1.105,-1.919,
34,-2.104,0.691,
35,0.497,0.904,
36,0.386,0.872,
37,-0.418,-0.004,
38,0.454,-0.348,
39,0.493,0.357,
40,0.66,-0.676,
41,0.903,-1.002,
42,1.134,1.984,
43,-0.477,-0.475,
44,0.311,0.823,
45,-1.062,1.136,
46,0.203,-0.144,
47,-1.278,0.636,
48,0.38,0.301,
49,0.56,0.434,
50,-0.11,0.57,
51,0.638,1.303,
52,-0.341,-0.018,
53,0.827,0.179,
54,0.788,-0.136,
55,1.257,-0.555,
56,0.254,0.759,
57,1.776,0.305,
58,1.318,2.059,
59,1.072,0.968,
60,-0.33,0.949,
61,-0.616,-0.186,
62,1.066,-0.375,
63,-0.647,0.451,
64,0.169,-1.177,
65,0.253,0.197,
66,0.027,0.724,
67,-0.083,0.277,
68,0.655,1.059,
69,-0.77,1.696,
70,-0.134,0.229,
71,0.462,0.787,
72,0.81,1.52,
73,0.27,-1.004,
74,-0.394,0.559,
75,-1.643,0.594,
76,1.168,0.383,
77,0.82,2.715,
78,0.678,1.09,
79,-1.365,-1.336,
80,0.556,0.379,
81,-0.448,1.443,
82,0.229,0.256,
83,0.468,0.892,
84,-0.771,-1.413,
85,0.554,0.768,
86,0.046,0.442,
87,0.76,0.907,
88,0.167,-0.334,
89,1.053,0.12,
90,-0.415,1.053,
91,0.66,0.812,
92,-0.088,-0.099,
93,-0.662,0.125,
94,-0.569,0.882,
95,0.379,-1.364,
96,-0.316,-0.123,
97,-1.226,-0.602,
98,-0.24,-1.016,
99,0.511,-1.674,
100,0.311,0.434,
101,-0.129,1.178,
102,-0.892,-0.52,
103,-1.066,2.117,
104,0.985,-0.275,
105,-0.981,0.191,
106,-0.514,-0.606,
107,-2.006,0.03,
108,1.043,-0.92,
109,-0.801,-0.371,
110,1.108,0.08,
111,0.291,0.207,
112,0.616,-0.047,
113,1.969,0.024,
114,-0.008,-0.684,
115,0.468,-0.679,
116,1.683,0.891,
117,0.983,1.017,
118,1.302,-0.536,
119,0.707,-0.261,
120,-0.11,-0.601,
121,-0.223,-0.318,
122,1.384,-0.11,
123,-0.741,-1.174,
124,0.649,0.459,
125,-1.114,-0.848,
126,-0.068,-0.128,
127,-1.402,0.63,
128,-0.317,0.27,
129,-0.195,-0.474,
130,0.428,-2.053,
131,2.271,-0.003,
132,0.193,0.239,
133,0.357,0.265,
134,-0.353,-1.174,
135,3,-0.583,
136,2.728,1.015,
137,1.562,-0.195,
138,0.587,0.087,
139,-0.049,-0.735,
140,-1.241,1.816,
141,-0.434,-0.052,
142,-1.477,-0.311,
143,0.139,-0.998,
144,-0.26,1.024,
145,-0.901,0.392,
146,-0.966,1.074,
147,-1.259,0.991,
148,-1.986,-0.617,
149,-1.316,0.339,
150,-1.407,-0.203,
151,0.672,-0.424,
152,-1.467,0.141,
153,-1.341,0.616,
154,-0.2,-0.233,
155,0.327,0.82,
156,-0.883,1.035,
157,-0.078,-1.976,
158,1.444,-0.066,
159,0.697,-0.434,
160,-0.246,-0.05,
161,-0.312,0.638,
162,0.305,2.047,
163,1.6,2.141,
