1,0.652,0.866,
2,-0.189,0.416,
3,-0.06,0.36,
4,0.263,0.218,
5,-0.26,0.788,
6,0.078,0.003,
7,0.349,1.207,
8,0.669,0.316,
9,-0.329,-0.118,
10,-0.328,0.957,
11,0.386,0.941,
12,-0.106,-0.607,
13,0.772,0.668,
14,-0.369,0.824,
15,-0.389,-0.163,
16,0.011,0.622,
17,-0.512,0.654,
18,-0.189,0.536,
19,0.376,0.208,
20,0.065,-0.305,
21,-0.102,0.176,
22,0.135,-0.162,
23,0.233,0.279,
24,0.082,0.642,
25,0.122,0.022,
26,0.241,1.598,
27,0.461,0.588,
28,0.489,0.966,
29,0.451,0.622,
30,0.237,0.954,
31,0.363,1.447,
32,0.307,0.318,
33,-0.264,0.188,
34,-0.5,-0.039,
35,0.339,1.089,
36,-0.263,0.637,
37,0.127,0.165,
38,-0.018,0.295,
39,0.153,0.32,
40,0.145,0.559,
41,0.79,0.306,
42,0.625,1.086,
43,0.192,0.517,
44,0.179,1.182,
45,-0.405,0.972,
46,-0.058,0.446,
47,-1.004,0.547,
48,0.635,0.594,
49,0.245,0.263,
50,-0.246,0.188,
51,0.115,0.631,
52,0.235,0.469,
53,0.396,-0.135,
54,0.444,0.493,
55,0.044,-0.323,
56,0.166,0.617,
57,0.312,0.476,
58,0.306,0.783,
59,-0.127,0.512,
60,-0.152,0.66,
61,-0.092,0.577,
62,0.555,0.276,
63,-0.405,0.844,
64,-0.262,0.076,
65,0.369,0.34,
66,0.59,1.228,
67,-0.151,0.453,
68,0.324,0.773,
69,0.05,1.32,
70,-0.204,0.439,
71,-0.181,0.524,
72,0.653,0.82,
73,-0.314,0.038,
74,0.063,0.64,
75,-0.667,0.16,
76,-0.146,0.721,
77,0.227,0.932,
78,-0.269,0.738,
79,-1.288,0.033,
80,0.342,0.241,
81,0.258,0.481,
82,0.142,0.472,
83,0.508,0.637,
84,-0.143,0.157,
85,0.37,0.951,
86,-0.133,0.861,
87,0.459,0.018,
88,-0.004,-0.079,
89,0.809,0.378,
90,0.24,0.452,
91,0.037,0.994,
92,-0.113,0.231,
93,-0.352,0.959,
94,-0.276,1.01,
95,0.306,-0.043,
96,-0.228,0.34,
97,-0.008,0.288,
98,-0.463,-0.29,
99,0.27,-0.582,
100,-0.004,0.546,
101,-0.027,1.002,
102,-0.085,-0.031,
103,-0.363,1.096,
104,0.156,0.388,
105,-0.463,-0.489,
106,-0.006,0.875,
107,0.123,1.483,
108,0.025,-0.073,
109,-0.063,0.454,
110,0.642,0.751,
111,0.207,0.456,
112,-0.3,0.141,
113,0.574,-0.052,
114,0.145,0.002,
115,0.057,-1.137,
116,1.165,0.188,
117,0.562,0.507,
118,0.378,0.292,
119,0.39,0.188,
120,0.194,0.247,
121,-0.2,0.222,
122,0.946,0.685,
123,-0.254,-0.781,
124,0.438,0.125,
125,-0.06,-0.036,
126,0.583,0.381,
127,-0.085,0.138,
128,-0.001,0.514,
129,-0.132,0.257,
130,0.395,-0.354,
131,1.062,1.308,
132,-0.293,0.401,
133,-0.164,0.803,
134,0.043,0.163,
135,0.67,-0.222,
136,0.491,0.224,
137,0.183,0.781,
138,0.145,0.252,
139,-0.273,-0.202,
140,-0.1,0.687,
141,-0.016,-0.228,
142,-0.597,-0.017,
143,-0.026,0.474,
144,-0.508,1.366,
145,-0.279,0.102,
146,0.471,1.096,
147,-0.281,0.915,
148,-0.962,0.26,
149,-0.473,-0.974,
150,-1.151,0.407,
151,0.964,0.796,
152,-0.752,1.113,
153,0.069,0.273,
154,-0.203,0.003,
155,0.122,0.529,
156,-0.616,0.984,
157,-0.04,-0.036,
158,0.717,0.563,
159,0.417,0.326,
160,0.03,0.619,
161,0.178,0.208,
162,-0.212,0.491,
163,0.886,0.466,
