1,1.004,0.504,
2,-0.662,0.801,
3,0.439,0.089,
4,-0.363,-1.111,
5,-1.195,1.329,
6,2.061,-1.281,
7,1.751,0.795,
8,0.658,-1.567,
9,-0.679,-0.804,
10,-0.032,-0.868,
11,-0.528,0.972,
12,-0.596,-0.649,
13,0.996,0.224,
14,-0.848,0.069,
15,-0.72,0.177,
16,-0.321,1.482,
17,-0.8,0.547,
18,0.48,0.221,
19,-0.105,-0.929,
20,-0.143,-1.274,
21,-0.28,-0.357,
22,-0.228,-0.729,
23,0.363,0.365,
24,-0.009,0.752,
25,1.674,-1.215,
26,-0.065,1.394,
27,0.218,0.659,
28,-0.052,1.096,
29,0.726,0.592,
30,-0.943,-0.145,
31,0.458,1.466,
32,0.238,0.804,
33,-0.952,-1.453,
34,-1.788,0.497,
35,0.526,0.964,
36,0.197,0.812,
37,-0.307,-0.021,
38,0.375,-0.281,
39,0.464,0.285,
40,0.54,-0.318,
41,1.016,-1.01,
42,1.122,1.957,
43,-0.362,-0.295,
44,0.18,0.969,
45,-0.97,1.18,
46,0.14,0.016,
47,-1.313,0.808,
48,0.432,0.413,
49,0.558,0.371,
50,-0.118,0.502,
51,0.515,1.194,
52,-0.185,0.066,
53,0.814,0.047,
54,0.823,0.039,
55,1.081,-0.498,
56,0.192,0.778,
57,1.783,0.352,
58,1.206,1.757,
59,0.849,0.941,
60,-0.339,0.907,
61,-0.48,0.072,
62,0.771,-0.303,
63,-0.7,0.611,
64,0.101,-0.874,
65,0.282,0.19,
66,0.228,0.875,
67,-0.07,0.375,
68,0.631,1.182,
69,-0.631,1.691,
70,-0.208,0.28,
71,0.175,0.814,
72,0.886,1.508,
73,0.12,-0.886,
74,-0.367,0.588,
75,-1.31,0.456,
76,0.718,0.421,
77,0.754,2.427,
78,0.464,1.047,
79,-1.615,-1.194,
80,0.624,0.419,
81,-0.331,1.262,
82,0.126,0.329,
83,0.581,0.901,
84,-0.637,-1.045,
85,0.5,0.754,
86,0.031,0.476,
87,0.879,0.79,
88,0.077,-0.327,
89,0.926,-0.12,
90,-0.211,0.942,
91,0.411,0.952,
92,-0.144,-0.013,
93,-0.657,0.336,
94,-0.524,0.94,
95,0.448,-1.159,
96,-0.362,-0.002,
97,-1.068,-0.484,
98,-0.304,-0.947,
99,0.508,-1.725,
100,0.249,0.525,
101,-0.125,1.215,
102,-0.572,-0.506,
103,-0.963,2.02,
104,0.841,-0.147,
105,-0.939,-0.227,
106,-0.402,-0.103,
107,-1.506,0.392,
108,0.83,-0.805,
109,-0.647,-0.169,
110,1.052,0.263,
111,0.29,0.225,
112,0.512,-0.011,
113,1.743,-0.175,
114,0.05,-0.562,
115,0.34,-0.899,
116,1.882,0.701,
117,1.027,0.856,
118,1.354,-0.402,
119,0.618,-0.237,
120,-0.115,-0.388,
121,-0.217,-0.208,
122,1.38,0.07,
123,-0.582,-1.238,
124,0.635,0.361,
125,-1.003,-0.827,
126,0.116,0.014,
127,-1.165,0.497,
128,-0.226,0.276,
129,-0.214,-0.352,
130,0.523,-1.966,
131,2.071,0.184,
132,0.111,0.294,
133,0.233,0.46,
134,-0.318,-1.017,
135,2.73,-0.623,
136,2.468,0.821,
137,1.282,0.035,
138,0.551,0.083,
139,-0.077,-0.649,
140,-1.021,1.611,
141,-0.302,-0.15,
142,-1.595,-0.175,
143,0.027,-0.733,
144,-0.418,1.276,
145,-0.665,0.299,
146,-0.627,1.178,
147,-1.083,1.065,
148,-2.083,-0.48,
149,-1.348,0.171,
150,-1.413,-0.146,
151,0.715,-0.179,
152,-1.428,0.461,
153,-1.056,0.467,
154,-0.249,-0.283,
155,0.321,0.755,
156,-0.902,1.149,
157,0.005,-1.539,
158,1.422,0.077,
159,0.726,-0.386,
160,-0.139,0.111,
161,-0.201,0.482,
162,0.125,1.605,
163,1.628,2.271,
