1,0.91,0.893,
2,-0.483,0.526,
3,0.06,0.316,
4,0.155,-0.125,
5,-0.614,0.89,
6,1.097,-0.426,
7,0.739,1.152,
8,0.822,-0.15,
9,-0.479,-0.274,
10,-0.269,0.518,
11,0.122,0.936,
12,-0.196,-0.796,
13,0.815,0.659,
14,-0.424,0.764,
15,-0.517,-0.189,
16,-0.156,0.929,
17,-0.587,0.642,
18,-0.059,0.49,
19,0.356,-0.244,
20,-0.001,-0.736,
21,-0.124,-0.047,
22,0.186,-0.471,
23,0.278,0.31,
24,0.06,0.723,
25,0.472,-0.44,
26,0.153,1.67,
27,0.421,0.601,
28,0.534,1.081,
29,0.599,0.602,
30,0.045,0.751,
31,0.446,1.568,
32,0.348,0.423,
33,-0.443,-0.181,
34,-0.728,0.025,
35,0.436,1.032,
36,-0.188,0.661,
37,0.034,0.07,
38,0.083,0.086,
39,0.237,0.21,
40,0.27,0.415,
41,1.002,-0.171,
42,0.754,1.324,
43,0.024,0.256,
44,0.095,1.167,
45,-0.623,1.064,
46,0.013,0.347,
47,-1.13,0.731,
48,0.546,0.583,
49,0.385,0.276,
50,-0.212,0.26,
51,0.201,0.776,
52,0.179,0.355,
53,0.483,-0.14,
54,0.563,0.367,
55,0.352,-0.377,
56,0.18,0.576,
57,0.778,0.463,
58,0.575,0.941,
59,0.115,0.64,
60,-0.232,0.757,
61,-0.196,0.489,
62,0.665,-0.029,
63,-0.617,0.859,
64,-0.178,-0.111,
65,0.373,0.302,
66,0.618,1.177,
67,-0.108,0.485,
68,0.445,0.969,
69,-0.101,1.443,
70,-0.258,0.399,
71,-0.222,0.636,
72,0.784,1.051,
73,-0.248,-0.266,
74,-0.094,0.619,
75,-0.905,0.135,
76,-0.076,0.636,
77,0.406,1.334,
78,-0.105,0.845,
79,-1.537,-0.306,
80,0.512,0.312,
81,0.1,0.618,
82,0.079,0.455,
83,0.594,0.733,
84,-0.251,-0.144,
85,0.383,0.996,
86,-0.114,0.732,
87,0.688,0.194,
88,-0.003,-0.213,
89,1.049,0.044,
90,0.163,0.584,
91,0.039,1.035,
92,-0.144,0.164,
93,-0.45,0.849,
94,-0.35,1.004,
95,0.389,-0.352,
96,-0.342,0.306,
97,-0.373,0.048,
98,-0.407,-0.417,
99,0.326,-1.214,
100,0.116,0.582,
101,-0.059,1.093,
102,-0.272,-0.202,
103,-0.501,1.378,
104,0.316,0.25,
105,-0.627,-0.718,
106,-0.102,0.72,
107,-0.254,1.239,
108,0.189,-0.315,
109,-0.214,0.322,
110,0.729,0.66,
111,0.263,0.371,
112,-0.05,0.079,
113,0.891,-0.274,
114,0.17,-0.145,
115,0.064,-1.203,
116,1.606,0.261,
117,0.72,0.513,
118,0.737,0.114,
119,0.544,0.035,
120,0.126,0.103,
121,-0.195,0.11,
122,1.101,0.583,
123,-0.259,-1.033,
124,0.463,0.162,
125,-0.276,-0.333,
126,0.539,0.308,
127,-0.433,0.225,
128,-0.035,0.396,
129,-0.169,0.098,
130,0.518,-0.91,
131,1.43,1.022,
132,-0.175,0.36,
133,-0.098,0.766,
134,-0.052,-0.272,
135,1.334,-0.434,
136,0.981,0.266,
137,0.477,0.649,
138,0.291,0.146,
139,-0.193,-0.322,
140,-0.33,0.92,
141,-0.038,-0.269,
142,-1.011,-0.06,
143,-0.061,0.17,
144,-0.544,1.554,
145,-0.293,0.097,
146,0.236,1.149,
147,-0.491,1.025,
148,-1.398,-0.003,
149,-0.757,-0.709,
150,-1.144,0.178,
151,0.942,0.559,
152,-1.072,1.076,
153,-0.223,0.3,
154,-0.252,-0.159,
155,0.22,0.58,
156,-0.783,1.177,
157,-0.022,-0.431,
158,1.022,0.288,
159,0.556,0.077,
160,0.046,0.497,
161,0.093,0.172,
162,-0.186,0.606,
163,1.081,1.034,
