1,0.365,0.738,
2,0.053,0.28,
3,-0.142,0.362,
4,0.284,0.452,
5,0.073,0.72,
6,-0.848,0.277,
7,0.105,1.18,
8,0.54,0.645,
9,-0.187,-0.04,
10,-0.344,1.224,
11,0.547,0.903,
12,-0.045,-0.294,
13,0.764,0.541,
14,-0.322,0.753,
15,-0.283,0.031,
16,0.072,0.333,
17,-0.473,0.633,
18,-0.222,0.519,
19,0.313,0.592,
20,0.09,0.142,
21,-0.053,0.345,
22,0.004,0.15,
23,0.196,0.241,
24,0.11,0.514,
25,-0.033,0.396,
26,0.306,1.401,
27,0.459,0.589,
28,0.369,0.83,
29,0.27,0.653,
30,0.264,1.032,
31,0.255,1.294,
32,0.24,0.28,
33,-0.128,0.365,
34,-0.449,-0.004,
35,0.249,1.168,
36,-0.267,0.646,
37,0.167,0.295,
38,-0.011,0.486,
39,0.067,0.451,
40,0.061,0.564,
41,0.546,0.689,
42,0.53,0.928,
43,0.288,0.669,
44,0.33,1.128,
45,-0.162,0.839,
46,-0.063,0.5,
47,-0.793,0.31,
48,0.753,0.565,
49,0.017,0.227,
50,-0.28,0.147,
51,0.083,0.514,
52,0.241,0.563,
53,0.38,-0.051,
54,0.385,0.637,
55,-0.205,-0.263,
56,0.125,0.68,
57,0.009,0.451,
58,0.074,0.739,
59,-0.245,0.408,
60,-0.05,0.546,
61,-0.009,0.611,
62,0.397,0.607,
63,-0.149,0.74,
64,-0.347,0.132,
65,0.344,0.351,
66,0.493,1.229,
67,-0.206,0.371,
68,0.261,0.601,
69,0.163,1.201,
70,-0.1,0.471,
71,-0.033,0.401,
72,0.521,0.621,
73,-0.294,0.311,
74,0.246,0.676,
75,-0.339,0.228,
76,-0.157,0.762,
77,0.077,0.641,
78,-0.322,0.649,
79,-0.973,0.324,
80,0.139,0.136,
81,0.319,0.422,
82,0.254,0.498,
83,0.412,0.572,
84,-0.082,0.359,
85,0.35,0.769,
86,-0.105,0.962,
87,0.237,-0.101,
88,0.143,0.087,
89,0.409,0.57,
90,0.23,0.357,
91,0.042,0.984,
92,-0.042,0.262,
93,-0.3,1.011,
94,-0.213,1.01,
95,0.199,0.183,
96,-0.104,0.339,
97,0.354,0.491,
98,-0.525,-0.231,
99,0.247,0.134,
100,-0.109,0.49,
101,0.014,0.912,
102,0.15,0.143,
103,-0.255,0.869,
104,0.056,0.483,
105,-0.302,-0.108,
106,0.081,0.948,
107,0.352,1.564,
108,-0.042,0.114,
109,0.041,0.511,
110,0.611,0.78,
111,0.13,0.579,
112,-0.529,0.207,
113,0.315,0.229,
114,0.082,0.113,
115,0.132,-1.006,
116,0.573,0.201,
117,0.414,0.545,
118,0.112,0.369,
119,0.247,0.347,
120,0.217,0.323,
121,-0.185,0.362,
122,0.75,0.719,
123,-0.271,-0.553,
124,0.426,0.122,
125,0.024,0.166,
126,0.531,0.366,
127,0.259,0.077,
128,-0.006,0.673,
129,-0.106,0.385,
130,0.291,0.278,
131,0.68,1.439,
132,-0.356,0.421,
133,-0.176,0.776,
134,0.112,0.577,
135,0.119,-0.028,
136,0.16,0.283,
137,-0.034,0.81,
138,-0.005,0.41,
139,-0.358,-0.076,
140,0.025,0.563,
141,-0.044,-0.148,
142,-0.245,0.109,
143,0.047,0.69,
144,-0.414,0.985,
145,-0.309,0.117,
146,0.618,1.027,
147,-0.116,0.774,
148,-0.545,0.495,
149,-0.215,-1.124,
150,-1.138,0.633,
151,0.925,0.966,
152,-0.381,1.019,
153,0.272,0.288,
154,-0.121,0.221,
155,-0.005,0.519,
156,-0.426,0.918,
157,-0.105,0.22,
158,0.431,0.824,
159,0.247,0.539,
160,-0.055,0.7,
161,0.227,0.341,
162,-0.073,0.574,
163,0.778,0.043,
