1,-0.63,-0.719,
2,-0.4685,-0.366,
3,0.366,-1.0695,
4,-0.7715,0.356,
5,-0.044,-0.015,
6,-0.236,0.3255,
7,0.3415,-0.212,
8,-0.1985,-1.0455,
9,1.3615,0.4585,
10,-0.641,0.0215,
11,-0.0855,-0.782,
12,0.4505,-0.4095,
13,0.2475,0.403,
14,-0.385,0.0445,
15,-1.0355,0.2005,
16,0.4005,0.092,
17,-0.363,-1.032,
18,0.0675,-0.234,
19,0.3995,0.0175,
20,-0.079,-0.115,
21,0.025,-0.396,
22,-0.0545,0.006,
23,-0.299,-1.041,
24,0.1515,-1.031,
25,0.1205,-0.678,
26,-1.1925,-1.243,
27,-0.7055,-0.54,
28,0.943,-0.5035,
29,0.175,0.418,
30,1.243,-0.2245,
31,-0.3765,-0.7435,
32,0.815,-0.6225,
33,-1.2165,-0.9385,
34,0.0225,-1.345,
35,-0.2255,-0.357,
36,0.2975,0.0825,
37,0.76,0.543,
38,0.7615,-0.649,
39,-0.2845,-0.2975,
40,0.5965,-0.787,
41,0.595,0.3495,
42,0.148,0.718,
43,0.2495,0.419,
44,-0.342,-0.6205,
45,-0.3415,-0.166,
46,-0.8175,-0.065,
47,-0.187,0.1565,
48,-0.381,-0.357,
49,0.2585,-0.837,
50,0.2745,-0.148,
51,-0.453,-0.985,
52,-0.661,0.1825,
53,-0.4185,0.8635,
54,-0.9735,-0.1785,
55,-0.864,-0.556,
56,-0.502,0.0485,
57,-0.4685,-0.2165,
58,-1.0125,-0.102,
59,0.039,-0.8235,
60,0.027,-0.241,
61,-0.9285,-0.1305,
62,0.5705,-0.4365,
63,0.7615,0.607,
64,-0.504,-0.189,
65,0.339,-0.0975,
66,0.853,-0.0915,
67,0.129,0.6015,
68,0.1185,-0.4595,
69,0.1045,-0.2515,
70,0.8205,-0.5515,
71,0.5435,-0.669,
72,0.1715,-0.8325,
73,0.8985,0.042,
74,1.1045,-0.1315,
75,0.5065,0.261,
76,0.16,-1.036,
77,0.024,1.265,
78,0.1475,0.6275,
79,0.3835,0.2365,
80,0.603,0.258,
81,-1.4665,-0.808,
82,-0.24,0.5055,
83,0.1245,-0.095,
84,-0.0535,-0.225,
85,0.4685,-0.4255,
86,0.6975,-0.312,
87,-0.085,-0.565,
88,0.315,0.23,
89,-1.1285,-0.688,
90,-0.3885,0.405,
91,-0.6825,-0.526,
92,-0.492,0.0155,
93,0.9735,0.969,
94,-0.8325,1.646,
95,0.919,-0.574,
96,-0.049,-0.6095,
97,-0.8345,-0.377,
98,-0.46,-1.442,
99,0.4505,-0.711,
100,0.4125,-1.3935,
101,-0.0015,-0.402,
102,-0.582,-0.925,
103,0.302,-1.561,
104,0.096,-0.702,
105,-1.6285,0.1625,
106,0.4895,-0.5935,
107,-0.2175,-0.164,
108,0.2,-0.4905,
109,0.3695,-1.446,
110,-0.6715,-1.759,
111,-0.0325,0.1825,
112,0.633,-0.2665,
113,0.2675,-0.4505,
114,-0.018,-0.3215,
115,-0.452,-1.11,
116,0.2055,-0.618,
117,1.2445,-0.487,
118,0.4145,-0.166,
119,0.4755,-0.6295,
120,0.0095,0.076,
121,-0.1325,-0.127,
122,0.2075,-0.128,
123,-0.1555,-0.7905,
124,-0.9585,-0.919,
125,-0.057,-0.1205,
126,0.2725,-0.3145,
127,0.671,-0.869,
128,-0.072,0.104,
129,-0.02,-0.173,
130,-0.453,0.046,
131,0.5065,0.0765,
132,-0.1765,0.8575,
133,-0.1515,-0.8455,
134,0.073,0.1815,
135,-1.0745,-0.6635,
136,0.0005,-0.4045,
137,1.1785,0.2805,
138,-0.362,-0.2735,
139,-0.254,-0.364,
140,-0.85,-0.6385,
141,-0.5755,0.035,
142,0.934,-0.983,
143,-0.0455,0.003,
144,0.198,-0.8475,
145,-0.542,0.066,
146,0.116,0.127,
147,-0.1795,-0.154,
148,-1.219,-0.255,
149,-0.1465,-1.249,
150,0.014,-2.038,
151,-0.249,0.0835,
152,-0.6055,-0.6565,
153,0.2215,-0.2025,
154,-0.842,0.23,
155,-0.593,-0.731,
156,0.367,0.221,
157,0.1335,-0.3175,
158,0.1155,-0.32,
159,-0.093,0.056,
160,-1.015,-0.2805,
161,-0.1065,-0.1905,
162,0.4645,0.113,
163,0.357,-0.975,
