1,-0.6592,-1.118,
2,-0.577943,-0.550657,
3,0.357143,-1.58669,
4,-1.23109,0.476371,
5,0.2174,-0.448171,
6,-0.151371,0.358514,
7,0.520914,-0.484914,
8,-0.3202,-1.23171,
9,2.20514,0.389686,
10,0.0480286,-0.242314,
11,-0.0370286,-1.19906,
12,0.690514,0.276457,
13,0.0308857,0.613257,
14,-0.670743,-0.0807429,
15,-1.00931,0.214143,
16,0.865629,-0.101457,
17,-0.663171,-1.96217,
18,0.657086,-0.193571,
19,-0.0882857,0.439629,
20,0.0483429,0.150743,
21,-0.0549143,-0.687286,
22,0.153514,0.0488286,
23,-0.0993143,-1.75394,
24,0.577914,-1.24143,
25,0.140571,-0.8762,
26,-2.45623,-1.55771,
27,-1.54914,-0.950343,
28,1.43574,-0.429057,
29,0.879314,0.958429,
30,1.4686,-0.1282,
31,-0.481571,-1.22694,
32,0.500486,-0.6478,
33,-1.61534,-1.12997,
34,0.263171,-2.41914,
35,-0.219657,-0.503143,
36,0.705686,0.133771,
37,1.40077,0.535086,
38,1.20123,-0.643971,
39,-0.139943,-0.395171,
40,1.29231,-1.02706,
41,0.671114,1.15951,
42,-0.116486,1.37843,
43,0.309371,1.6974,
44,-0.494314,-1.39,
45,-0.362514,-0.4846,
46,-0.970543,0.0972571,
47,0.0508,0.887771,
48,-0.733714,-0.704486,
49,0.6102,-1.14651,
50,0.9852,0.203143,
51,-0.521514,-1.58249,
52,-1.052,0.668543,
53,-0.998971,1.43809,
54,-1.4414,-0.0704286,
55,-1.15869,-0.185114,
56,-0.705029,-0.115429,
57,0.352314,-0.321971,
58,-1.80677,-0.0754286,
59,-0.0779143,-1.20263,
60,0.141343,-0.404229,
61,-1.41657,0.00905714,
62,0.305486,-0.637514,
63,1.7714,1.32574,
64,-0.325143,0.6036,
65,0.6932,0.0275143,
66,1.21066,0.226543,
67,0.1644,0.881229,
68,0.124086,-0.562771,
69,-0.124343,-0.116971,
70,1.5572,-0.717657,
71,1.09494,-0.788514,
72,0.0978857,-1.76063,
73,1.9052,-0.464543,
74,1.58397,-0.495257,
75,0.915514,0.688629,
76,-0.112143,-1.94023,
77,0.401114,1.67314,
78,0.469286,1.07894,
79,1.01997,0.772029,
80,0.970486,0.532771,
81,-0.9776,-0.899457,
82,-0.133257,0.919943,
83,0.152371,0.0743143,
84,-0.0894,0.0441429,
85,1.04594,-0.298457,
86,1.40617,0.0355429,
87,-0.109229,-0.4786,
88,0.363886,0.591543,
89,-1.88414,-0.108057,
90,-0.792629,0.540029,
91,-0.764029,-0.115657,
92,-0.345314,-0.0986857,
93,1.27789,1.47477,
94,-0.8452,2.2578,
95,1.7558,-0.436943,
96,-0.321571,-1.19623,
97,-0.9538,-0.253743,
98,-0.341686,-2.23034,
99,0.621,-0.396057,
100,0.339771,-1.65003,
101,-0.137514,-0.432943,
102,-0.604543,-1.28023,
103,-0.0503143,-1.49429,
104,0.530229,-0.865771,
105,-1.46426,0.325657,
106,1.05083,-0.456657,
107,-0.464629,0.0910286,
108,0.687457,-1.07783,
109,0.620486,-2.18709,
110,-1.46254,-2.94614,
111,0.324371,0.274257,
112,1.75066,-0.635057,
113,0.441886,-0.498286,
114,-0.0865143,-0.4574,
115,-0.208086,-0.864,
116,0.0294857,-0.825629,
117,2.16254,-0.0335714,
118,0.417171,-0.172514,
119,0.525457,-0.7248,
120,-0.219257,0.0120857,
121,0.117457,-0.0957429,
122,0.323286,0.0561143,
123,0.1466,-1.13197,
124,-1.25351,-1.18457,
125,0.332257,0.0573429,
126,0.378343,-0.387,
127,0.626629,-1.09854,
128,-0.320514,-0.00471429,
129,-0.1026,-0.219457,
130,-0.560143,-0.115229,
131,0.7418,-0.526743,
132,0.429143,1.16154,
133,0.0263714,-1.19969,
134,-0.299457,0.352714,
135,-1.57783,-0.905829,
136,0.0458,-0.630686,
137,1.42823,0.0908571,
138,-0.4274,-0.141857,
139,-0.689857,0.168629,
140,-1.0268,-0.901514,
141,-0.555171,-0.621857,
142,1.02394,-0.949114,
143,-0.261829,0.123886,
144,-0.0162571,-1.04609,
145,-1.04889,0.3348,
146,-0.0884286,0.256,
147,-0.105429,-0.326114,
148,-2.05646,-0.380543,
149,-0.0272,-0.909057,
150,0.0463429,-2.74154,
151,-0.275771,0.0202,
152,-0.2238,-1.01766,
153,0.377743,-0.1496,
154,-1.76197,0.452657,
155,-0.792686,-1.15286,
156,1.13151,0.3544,
157,0.323743,-0.387629,
158,-0.0288,-0.601371,
159,0.332629,0.642886,
160,-1.16109,-0.414457,
161,-0.676829,-0.0953429,
162,1.24146,0.697714,
163,0.529086,-0.798257,
